2010 07 23 22 51 12.0 6.490 123.470
591. 3.429E+20 7.623 235 17 -33 357 81 -105
  -1.12500000       0.00000000    
  -1.05468750       5.66925590E+16
 -0.984375000       5.31621045E+16
 -0.914062500       4.97452003E+16
 -0.843750000       4.69555933E+16
 -0.773437500       4.52967996E+16
 -0.703125000       4.52577326E+16
 -0.632812500       4.66751362E+16
 -0.562500000       5.06572967E+16
 -0.492187500       6.12392071E+16
 -0.421875000       8.06894132E+16
 -0.351562500       1.09225992E+17
 -0.281250000       1.45276238E+17
 -0.210937500       1.87321305E+17
 -0.140625000       2.32731547E+17
  -7.03125000E-02   2.81264352E+17
   0.00000000       3.33119485E+17
   7.03125000E-02   3.89606516E+17
  0.140625000       4.48385618E+17
  0.210937500       5.12190071E+17
  0.281250000       5.82607984E+17
  0.351562500       6.59273769E+17
  0.421875000       7.37109846E+17
  0.492187500       8.12032424E+17
  0.562500000       8.86015401E+17
  0.632812500       9.62657821E+17
  0.703125000       1.04456037E+18
  0.773437500       1.12929561E+18
  0.843750000       1.21374951E+18
  0.914062500       1.29599353E+18
  0.984375000       1.37649015E+18
   1.05468750       1.45473250E+18
   1.12500000       1.52881636E+18
   1.19531250       1.59449637E+18
   1.26562500       1.64948707E+18
   1.33593750       1.69818499E+18
   1.40625000       1.74469708E+18
   1.47656250       1.79187492E+18
   1.54687500       1.83714677E+18
   1.61718750       1.87812488E+18
   1.68750000       1.91217565E+18
   1.75781250       1.93676967E+18
   1.82812500       1.95052346E+18
   1.89843750       1.95414264E+18
   1.96875000       1.95083269E+18
   2.03906250       1.94565743E+18
   2.10937500       1.94416333E+18
   2.17968750       1.95065457E+18
   2.25000000       1.96702795E+18
   2.32031250       1.99775765E+18
   2.39062500       2.04194263E+18
   2.46093750       2.09561432E+18
   2.53125000       2.14894476E+18
   2.60156250       2.19650015E+18
   2.67187500       2.23695558E+18
   2.74218750       2.27473150E+18
   2.81250000       2.31468143E+18
   2.88281250       2.35951182E+18
   2.95312500       2.40709731E+18
   3.02343750       2.45504206E+18
   3.09375000       2.50265751E+18
   3.16406250       2.55027077E+18
   3.23437500       2.59844999E+18
   3.30468750       2.64733620E+18
   3.37500000       2.69676420E+18
   3.44531250       2.74687966E+18
   3.51562500       2.79905314E+18
   3.58593750       2.85627172E+18
   3.65625000       2.92305743E+18
   3.72656250       3.00816458E+18
   3.79687500       3.12266195E+18
   3.86718750       3.27250175E+18
   3.93750000       3.45668864E+18
   4.00781250       3.66992627E+18
   4.07812500       3.91064812E+18
   4.14843750       4.17985640E+18
   4.21875000       4.47981224E+18
   4.28906250       4.81249532E+18
   4.35937500       5.17840015E+18
   4.42968750       5.57566635E+18
   4.50000000       5.99998492E+18
   4.57031250       6.44506009E+18
   4.64062500       6.90373950E+18
   4.71093750       7.36919906E+18
   4.78125000       7.83594669E+18
   4.85156250       8.29988562E+18
   4.92187500       8.75761506E+18
   4.99218750       9.20511904E+18
   5.06250000       9.63696103E+18
   5.13281250       1.00462850E+19
   5.20312500       1.04260014E+19
   5.27343750       1.07703959E+19
   5.34375000       1.10766033E+19
   5.41406250       1.13449413E+19
   5.48437500       1.15779894E+19
   5.55468750       1.17785876E+19
   5.62500000       1.19480982E+19
   5.69531250       1.20856779E+19
   5.76562500       1.21892508E+19
   5.83593750       1.22572314E+19
   5.90625000       1.22900221E+19
   5.97656250       1.22898110E+19
   6.04687500       1.22586091E+19
   6.11718750       1.21952541E+19
   6.18750000       1.20935053E+19
   6.25781250       1.19426369E+19
   6.32812500       1.17310359E+19
   6.39843750       1.14512069E+19
   6.46875000       1.11041351E+19
   6.53906250       1.07008716E+19
   6.60937500       1.02608954E+19
   6.67968750       9.80765142E+18
   6.75000000       9.36313646E+18
   6.82031250       8.94320548E+18
   6.89062500       8.55536979E+18
   6.96093750       8.19935013E+18
   7.03125000       7.87009313E+18
   7.10156250       7.56168726E+18
   7.17187500       7.27118419E+18
   7.24218750       7.00124309E+18
   7.31250000       6.76150998E+18
   7.38281250       6.56826696E+18
   7.45312500       6.44257409E+18
   7.52343750       6.40699279E+18
   7.59375000       6.48178817E+18
   7.66406250       6.68123958E+18
   7.73437500       7.01112935E+18
   7.80468750       7.46769331E+18
   7.87500000       8.03850312E+18
   7.94531250       8.70467743E+18
   8.01562500       9.44396046E+18
   8.08593750       1.02335022E+19
   8.15625000       1.10518500E+19
   8.22656250       1.18796107E+19
   8.29687500       1.26990569E+19
   8.36718750       1.34927933E+19
   8.43750000       1.42424656E+19
   8.50781250       1.49279462E+19
   8.57812500       1.55278859E+19
   8.64843750       1.60214765E+19
   8.71875000       1.63912544E+19
   8.78906250       1.66260683E+19
   8.85937500       1.67237214E+19
   8.92968750       1.66926217E+19
   9.00000000       1.65522207E+19
   9.07031250       1.63318906E+19
   9.14062500       1.60683641E+19
   9.21093750       1.58018381E+19
   9.28125000       1.55716839E+19
   9.35156250       1.54124306E+19
   9.42187500       1.53513649E+19
   9.49218750       1.54082272E+19
   9.56250000       1.55972113E+19
   9.63281250       1.59300180E+19
   9.70312500       1.64182133E+19
   9.77343750       1.70729010E+19
   9.84375000       1.79017502E+19
   9.91406250       1.89048226E+19
   9.98437500       2.00717673E+19
   10.0546875       2.13819717E+19
   10.1250000       2.28076777E+19
   10.1953125       2.43182505E+19
   10.2656250       2.58836670E+19
   10.3359375       2.74755223E+19
   10.4062500       2.90660649E+19
   10.4765625       3.06263950E+19
   10.5468750       3.21260431E+19
   10.6171875       3.35348320E+19
   10.6875000       3.48268879E+19
   10.7578125       3.59848715E+19
   10.8281250       3.70027400E+19
   10.8984375       3.78857138E+19
   10.9687500       3.86482207E+19
   11.0390625       3.93107952E+19
   11.1093750       3.98970680E+19
   11.1796875       4.04311272E+19
   11.2500000       4.09356667E+19
   11.3203125       4.14308208E+19
   11.3906250       4.19339837E+19
   11.4609375       4.24603067E+19
   11.5312500       4.30234062E+19
   11.6015625       4.36350337E+19
   11.6718750       4.43039634E+19
   11.7421875       4.50337489E+19
   11.8125000       4.58208848E+19
   11.8828125       4.66540596E+19
   11.9531250       4.75154390E+19
   12.0234375       4.83830196E+19
   12.0937500       4.92336414E+19
   12.1640625       5.00454768E+19
   12.2343750       5.07996758E+19
   12.3046875       5.14807749E+19
   12.3750000       5.20763671E+19
   12.4453125       5.25763195E+19
   12.5156250       5.29724339E+19
   12.5859375       5.32588523E+19
   12.6562500       5.34336967E+19
   12.7265625       5.35016509E+19
   12.7968750       5.34767667E+19
   12.8671875       5.33832379E+19
   12.9375000       5.32524532E+19
   13.0078125       5.31161533E+19
   13.0781250       5.29978458E+19
   13.1484375       5.29057771E+19
   13.2187500       5.28310059E+19
   13.2890625       5.27512782E+19
   13.3593750       5.26393039E+19
   13.4296875       5.24714305E+19
   13.5000000       5.22333642E+19
   13.5703125       5.19203069E+19
   13.6406250       5.15328258E+19
   13.7109375       5.10707186E+19
   13.7812500       5.05289233E+19
   13.8515625       4.98971483E+19
   13.9218750       4.91633298E+19
   13.9921875       4.83188125E+19
   14.0625000       4.73627784E+19
   14.1328125       4.63043313E+19
   14.2031250       4.51615429E+19
   14.2734375       4.39575205E+19
   14.3437500       4.27149316E+19
   14.4140625       4.14507000E+19
   14.4843750       4.01733137E+19
   14.5546875       3.88836614E+19
   14.6250000       3.75793327E+19
   14.6953125       3.62601936E+19
   14.7656250       3.49330347E+19
   14.8359375       3.36126510E+19
   14.9062500       3.23193768E+19
   14.9765625       3.10741140E+19
   15.0468750       2.98933110E+19
   15.1171875       2.87854079E+19
   15.1875000       2.77497032E+19
   15.2578125       2.67772577E+19
   15.3281250       2.58535338E+19
   15.3984375       2.49618496E+19
   15.4687500       2.40871794E+19
   15.5390625       2.32192117E+19
   15.6093750       2.23542721E+19
   15.6796875       2.14956678E+19
   15.7500000       2.06530703E+19
   15.8203125       1.98410172E+19
   15.8906250       1.90767862E+19
   15.9609375       1.83771494E+19
   16.0312500       1.77545366E+19
   16.1015625       1.69910479E+19
   16.1718750       1.65824067E+19
   16.2421875       1.62038910E+19
   16.3125000       1.58290290E+19
   16.3828125       1.54330586E+19
   16.4531250       1.49998818E+19
   16.5234375       1.45268158E+19
   16.5937500       1.40255111E+19
   16.6640625       1.35179666E+19
   16.7343750       1.30292524E+19
   16.8046875       1.25791519E+19
   16.8750000       1.21762875E+19
   16.9453125       1.18163844E+19
   17.0156250       1.14852577E+19
   17.0859375       1.11643047E+19
   17.1562500       1.08365128E+19
   17.2265625       1.04906526E+19
   17.2968750       1.01235774E+19
   17.3671875       9.74025795E+18
   17.4375000       9.35229747E+18
   17.5078125       8.71958955E+18
   17.5781250       8.43727180E+18
   17.6484375       7.90956889E+18
   17.7187500       7.69249836E+18
   17.7890625       7.48290945E+18
   17.8593750       7.27158222E+18
   17.9296875       7.05033134E+18
   18.0000000       6.81473459E+18
   18.0703125       6.56478701E+18
   18.1406250       6.30398450E+18
   18.2109375       6.03754699E+18
   18.2812500       5.77087199E+18
   18.3515625       5.26431819E+18
   18.4218750       5.03552136E+18
   18.4921875       4.37303729E+18
   18.5625000       4.00951401E+18
   18.6328125       3.90471763E+18
   18.7031250       3.79415239E+18
   18.7734375       3.29023604E+18
   18.8437500       3.29519044E+18
   18.9140625       3.29878640E+18
   18.9843750       3.30366933E+18
   19.0546875       3.06950606E+18
   19.1250000       3.08769858E+18
   19.1953125       3.10898375E+18
   19.2656250       3.13145337E+18
   19.3359375       3.15188092E+18
   19.4062500       3.16674275E+18
   19.4765625       3.17349732E+18
   19.5468750       3.17183651E+18
   19.6171875       3.16394174E+18
   19.6875000       3.15368715E+18
   19.7578125       3.14478825E+18
   19.8281250       3.13906337E+18
   19.8984375       3.13551689E+18
   19.9687500       3.13100587E+18
   20.0390625       3.12185436E+18
   20.1093750       3.10582293E+18
   20.1796875       3.08321257E+18
   20.2500000       3.05693809E+18
   20.3203125       3.03135713E+18
   20.3906250       3.01067422E+18
   20.4609375       2.99726760E+18
   20.5312500       2.99079092E+18
   20.6015625       2.98802675E+18
   20.6718750       2.98376257E+18
   20.7421875       2.97210253E+18
   20.8125000       2.94812740E+18
   20.8828125       2.90919369E+18
   20.9531250       2.85578739E+18
   21.0234375       2.79136096E+18
   21.0937500       2.72142185E+18
   21.1640625       2.65184502E+18
   21.2343750       2.58725421E+18
   21.3046875       2.52977285E+18
   21.3750000       2.47889514E+18
   21.4453125       2.43220603E+18
   21.5156250       2.38684156E+18
   21.5859375       2.34071677E+18
   21.6562500       2.29325731E+18
   21.7265625       2.24516550E+18
   21.7968750       2.19773559E+18
   21.8671875       2.15191386E+18
   21.9375000       2.10787896E+18
   22.0078125       2.06512555E+18
   22.0781250       2.02325052E+18
   22.1484375       1.98267538E+18
   22.2187500       1.94501174E+18
   22.2890625       1.91244448E+18
   22.3593750       1.88664664E+18
   22.4296875       1.86756530E+18
   22.5000000       1.85307773E+18
   22.5703125       1.83951608E+18
   22.6406250       1.59892905E+18
   22.7109375       1.59766722E+18
   22.7812500       1.58955049E+18
   22.8515625       1.57486926E+18
   22.9218750       1.55494020E+18
   22.9921875       1.53117330E+18
   23.0625000       1.50462133E+18
   23.1328125       1.47593823E+18
   23.2031250       1.44573932E+18
   23.2734375       1.41472691E+18
   23.3437500       1.38360688E+18
   23.4140625       1.35268339E+18
   23.4843750       1.32166603E+18
   23.5546875       1.04555914E+18
   23.6250000       1.04184973E+18
   23.6953125       8.00266069E+17
   23.7656250       7.93007849E+17
   23.8359375       7.78047619E+17
   23.9062500       7.55281750E+17
   23.9765625       7.25424718E+17
   24.0468750       6.89611563E+17
   24.1171875       6.49315011E+17
   24.1875000       6.06329467E+17
   24.2578125       5.62521213E+17
   24.3281250       5.19227186E+17
   24.3984375       2.72218669E+17
   24.4687500       0.00000000    
   24.5390625       0.00000000    
   24.6093750       0.00000000    
   24.6796875       0.00000000    
   24.7500000       0.00000000    
   24.8203125       0.00000000    
