2008 05 12 06 28 01.0 31.000 103.320
15. 1.244E+21 7.997 224 31 137 353 70 67
  -1.12500000       0.00000000    
  -1.05468750       1.14906133E+18
 -0.984375000       1.18979033E+18
 -0.914062500       1.22795589E+18
 -0.843750000       1.26358034E+18
 -0.773437500       1.29732820E+18
 -0.703125000       1.33054610E+18
 -0.632812500       1.36542164E+18
 -0.562500000       1.40512776E+18
 -0.492187500       1.45031177E+18
 -0.421875000       1.49950447E+18
 -0.351562500       1.55082391E+18
 -0.281250000       1.60429535E+18
 -0.210937500       1.72638499E+18
 -0.140625000       1.78441694E+18
  -7.03125000E-02   1.84316948E+18
   0.00000000       1.90215553E+18
   7.03125000E-02   1.97058556E+18
  0.140625000       2.05970826E+18
  0.210937500       2.17514777E+18
  0.281250000       2.30947497E+18
  0.351562500       2.45101208E+18
  0.421875000       2.59229602E+18
  0.492187500       2.72907335E+18
  0.562500000       2.85936328E+18
  0.632812500       2.98278621E+18
  0.703125000       3.10007496E+18
  0.773437500       3.21277023E+18
  0.843750000       3.32292975E+18
  0.914062500       3.43285342E+18
  0.984375000       3.54471774E+18
   1.05468750       3.66809586E+18
   1.12500000       3.82880460E+18
   1.19531250       4.03890011E+18
   1.26562500       4.29276470E+18
   1.33593750       4.56384572E+18
   1.40625000       4.83924094E+18
   1.47656250       5.11134478E+18
   1.54687500       5.37417149E+18
   1.61718750       5.62032576E+18
   1.68750000       5.84657557E+18
   1.75781250       6.05254378E+18
   1.82812500       6.23958720E+18
   1.89843750       6.41004559E+18
   1.96875000       6.56661494E+18
   2.03906250       6.71204075E+18
   2.10937500       6.84883044E+18
   2.17968750       6.97916160E+18
   2.25000000       7.10475112E+18
   2.32031250       7.22688432E+18
   2.39062500       7.34640288E+18
   2.46093750       7.46387031E+18
   2.53125000       7.57974674E+18
   2.60156250       7.69468584E+18
   2.67187500       7.80969475E+18
   2.74218750       7.92625233E+18
   2.81250000       8.04612439E+18
   2.88281250       8.17106739E+18
   2.95312500       8.30228531E+18
   3.02343750       8.43997385E+18
   3.09375000       8.58294005E+18
   3.16406250       8.72861764E+18
   3.23437500       8.87329468E+18
   3.30468750       9.01268802E+18
   3.37500000       9.14250131E+18
   3.44531250       9.25897642E+18
   3.51562500       9.35918041E+18
   3.58593750       9.44118089E+18
   3.65625000       9.50399159E+18
   3.72656250       9.54754545E+18
   3.79687500       9.57256374E+18
   3.86718750       9.58051540E+18
   3.93750000       9.57345544E+18
   4.00781250       9.55391602E+18
   4.07812500       9.52465472E+18
   4.14843750       9.48846539E+18
   4.21875000       9.44795059E+18
   4.28906250       9.40546326E+18
   4.35937500       9.36305180E+18
   4.42968750       9.32250950E+18
   4.50000000       9.28539769E+18
   4.57031250       9.25306875E+18
   4.64062500       9.22658371E+18
   4.71093750       9.20661878E+18
   4.78125000       9.19333888E+18
   4.85156250       9.18637897E+18
   4.92187500       9.18486329E+18
   4.99218750       9.18754170E+18
   5.06250000       9.19288918E+18
   5.13281250       9.19922951E+18
   5.20312500       9.20475181E+18
   5.27343750       9.20760559E+18
   5.34375000       9.20592719E+18
   5.41406250       9.19799036E+18
   5.48437500       9.18230803E+18
   5.55468750       9.15780431E+18
   5.62500000       9.12390912E+18
   5.69531250       9.08070655E+18
   5.76562500       9.02891461E+18
   5.83593750       8.96986754E+18
   5.90625000       8.90533115E+18
   5.97656250       8.83737639E+18
   6.04687500       8.76815938E+18
   6.11718750       8.69980109E+18
   6.18750000       8.63420918E+18
   6.25781250       8.57301751E+18
   6.32812500       8.51740696E+18
   6.39843750       8.46807572E+18
   6.46875000       8.42516343E+18
   6.53906250       8.38834518E+18
   6.60937500       8.35691399E+18
   6.67968750       8.33003313E+18
   6.75000000       8.30693679E+18
   6.82031250       8.28718956E+18
   6.89062500       8.27081728E+18
   6.96093750       8.25837686E+18
   7.03125000       8.25084576E+18
   7.10156250       8.24946807E+18
   7.17187500       8.25540983E+18
   7.24218750       8.26949237E+18
   7.31250000       8.29188228E+18
   7.38281250       8.32201275E+18
   7.45312500       8.35861989E+18
   7.52343750       8.40002859E+18
   7.59375000       8.44447690E+18
   7.66406250       8.49051950E+18
   7.73437500       8.53724050E+18
   7.80468750       8.58369596E+18
   7.87500000       8.62777154E+18
   7.94531250       8.66738144E+18
   8.01562500       8.70091160E+18
   8.08593750       8.72816080E+18
   8.15625000       8.74887669E+18
   8.22656250       8.76276078E+18
   8.29687500       8.76943261E+18
   8.36718750       8.76848374E+18
   8.43750000       8.75947489E+18
   8.50781250       8.74356935E+18
   8.57812500       8.72257583E+18
   8.64843750       8.69824253E+18
   8.71875000       8.67086085E+18
   8.78906250       8.64057810E+18
   8.85937500       8.60843827E+18
   8.92968750       8.57649966E+18
   9.00000000       8.54764243E+18
   9.07031250       8.52532454E+18
   9.14062500       8.51311226E+18
   9.21093750       8.51430688E+18
   9.28125000       8.53154338E+18
   9.35156250       8.56659086E+18
   9.42187500       8.62015962E+18
   9.49218750       8.69185932E+18
   9.56250000       8.78009293E+18
   9.63281250       8.88207593E+18
   9.70312500       8.99386053E+18
   9.77343750       9.11060008E+18
   9.84375000       9.22694655E+18
   9.91406250       9.33766627E+18
   9.98437500       9.43825179E+18
   10.0546875       9.52552113E+18
   10.1250000       9.59790638E+18
   10.1953125       9.65554938E+18
   10.2656250       9.69995645E+18
   10.3359375       9.73350365E+18
   10.4062500       9.75876383E+18
   10.4765625       9.77799319E+18
   10.5468750       9.79276513E+18
   10.6171875       9.80394166E+18
   10.6875000       9.81175369E+18
   10.7578125       9.81610116E+18
   10.8281250       9.81674658E+18
   10.8984375       9.81356789E+18
   10.9687500       9.80661897E+18
   11.0390625       9.79624068E+18
   11.1093750       9.78296078E+18
   11.1796875       9.76742578E+18
   11.2500000       9.75018764E+18
   11.3203125       9.73158940E+18
   11.3906250       9.71159368E+18
   11.4609375       9.68977717E+18
   11.5312500       9.66532623E+18
   11.6015625       9.63718643E+18
   11.6718750       9.60416150E+18
   11.7421875       9.56511235E+18
   11.8125000       9.51906590E+18
   11.8828125       9.46537894E+18
   11.9531250       9.40381179E+18
   12.0234375       9.33469429E+18
   12.0937500       9.25900831E+18
   12.1640625       9.17852076E+18
   12.2343750       9.09577316E+18
   12.3046875       9.01400798E+18
   12.3750000       8.93688659E+18
   12.4453125       8.86819680E+18
   12.5156250       8.81141527E+18
   12.5859375       8.76938643E+18
   12.6562500       8.74401575E+18
   12.7265625       8.73622242E+18
   12.7968750       8.74592341E+18
   12.8671875       8.77223692E+18
   12.9375000       8.81363298E+18
   13.0078125       8.86817041E+18
   13.0781250       8.93363588E+18
   13.1484375       9.00770283E+18
   13.2187500       9.08794354E+18
   13.2890625       9.17190994E+18
   13.3593750       9.25705448E+18
   13.4296875       9.34078009E+18
   13.5000000       9.42039572E+18
   13.5703125       9.49326036E+18
   13.6406250       9.55686381E+18
   13.7109375       9.60904883E+18
   13.7812500       9.64814966E+18
   13.8515625       9.67321083E+18
   13.9218750       9.68402893E+18
   13.9921875       9.68120648E+18
   14.0625000       9.66603432E+18
   14.1328125       9.64038601E+18
   14.2031250       9.60649576E+18
   14.2734375       9.56683418E+18
   14.3437500       9.52393893E+18
   14.4140625       9.48040707E+18
   14.4843750       9.43887522E+18
   14.5546875       9.40209985E+18
   14.6250000       9.37295730E+18
   14.6953125       9.35452178E+18
   14.7656250       9.34993022E+18
   14.8359375       9.36228104E+18
   14.9062500       9.39433730E+18
   14.9765625       9.44831562E+18
   15.0468750       9.52559480E+18
   15.1171875       9.62653766E+18
   15.1875000       9.75030859E+18
   15.2578125       9.89486028E+18
   15.3281250       1.00569338E+19
   15.3984375       1.02323301E+19
   15.4687500       1.04161783E+19
   15.5390625       1.06034438E+19
   15.6093750       1.07893317E+19
   15.6796875       1.09697209E+19
   15.7500000       1.11414272E+19
   15.8203125       1.13023693E+19
   15.8906250       1.14515422E+19
   15.9609375       1.15889009E+19
   16.0312500       1.17151095E+19
   16.1015625       1.18313114E+19
   16.1718750       1.19388117E+19
   16.2421875       1.20388970E+19
   16.3125000       1.21326171E+19
   16.3828125       1.22207463E+19
   16.4531250       1.23038023E+19
   16.5234375       1.23822228E+19
   16.5937500       1.24566377E+19
   16.6640625       1.25282566E+19
   16.7343750       1.25991960E+19
   16.8046875       1.26726983E+19
   16.8750000       1.27530605E+19
   16.9453125       1.28453338E+19
   17.0156250       1.29546571E+19
   17.0859375       1.30854781E+19
   17.1562500       1.32407335E+19
   17.2265625       1.34213118E+19
   17.2968750       1.36258430E+19
   17.3671875       1.38509944E+19
   17.4375000       1.40920546E+19
   17.5078125       1.43437350E+19
   17.5781250       1.46008426E+19
   17.6484375       1.48588078E+19
   17.7187500       1.51138747E+19
   17.7890625       1.53631714E+19
   17.8593750       1.56045483E+19
   17.9296875       1.58364848E+19
   18.0000000       1.60580034E+19
   18.0703125       1.62687061E+19
   18.1406250       1.64688150E+19
   18.2109375       1.66592845E+19
   18.2812500       1.68418243E+19
   18.3515625       1.70189073E+19
   18.4218750       1.71937098E+19
   18.4921875       1.73699714E+19
   18.5625000       1.75517790E+19
   18.6328125       1.77433062E+19
   18.7031250       1.79484487E+19
   18.7734375       1.81705544E+19
   18.8437500       1.84121512E+19
   18.9140625       1.86748202E+19
   18.9843750       1.89591077E+19
   19.0546875       1.92645124E+19
   19.1250000       1.95894335E+19
   19.1953125       1.99312211E+19
   19.2656250       2.02862138E+19
   19.3359375       2.06498971E+19
   19.4062500       2.10171912E+19
   19.4765625       2.13828074E+19
   19.5468750       2.17417143E+19
   19.6171875       2.20895580E+19
   19.6875000       2.24230267E+19
   19.7578125       2.27401808E+19
   19.8281250       2.30405762E+19
   19.8984375       2.33253321E+19
   19.9687500       2.35968631E+19
   20.0390625       2.38585337E+19
   20.1093750       2.41140426E+19
   20.1796875       2.43668159E+19
   20.2500000       2.46194463E+19
   20.3203125       2.48734555E+19
   20.3906250       2.51293339E+19
   20.4609375       2.53868879E+19
   20.5312500       2.56457723E+19
   20.6015625       2.59060069E+19
   20.6718750       2.61682734E+19
   20.7421875       2.64340100E+19
   20.8125000       2.67050967E+19
   20.8828125       2.69835393E+19
   20.9531250       2.72710198E+19
   21.0234375       2.75686884E+19
   21.0937500       2.78770992E+19
   21.1640625       2.81963952E+19
   21.2343750       2.85265279E+19
   21.3046875       2.88674469E+19
   21.3750000       2.92190927E+19
   21.4453125       2.95814082E+19
   21.5156250       2.99541316E+19
   21.5859375       3.03367463E+19
   21.6562500       3.07285682E+19
   21.7265625       3.11289180E+19
   21.7968750       3.15373734E+19
   21.8671875       3.19539102E+19
   21.9375000       3.23789176E+19
   22.0078125       3.28130510E+19
   22.0781250       3.32569502E+19
   22.1484375       3.37109298E+19
   22.2187500       3.41747587E+19
   22.2890625       3.46475355E+19
   22.3593750       3.51277099E+19
   22.4296875       3.56132234E+19
   22.5000000       3.61016573E+19
   22.5703125       3.65904715E+19
   22.6406250       3.70771022E+19
   22.7109375       3.75590533E+19
   22.7812500       3.80338532E+19
   22.8515625       3.84990126E+19
   22.9218750       3.89519718E+19
   22.9921875       3.93901140E+19
   23.0625000       3.98108267E+19
   23.1328125       4.02118318E+19
   23.2031250       4.05914272E+19
   23.2734375       4.09487377E+19
   23.3437500       4.12837017E+19
   23.4140625       4.15968954E+19
   23.4843750       4.18889829E+19
   23.5546875       4.21602324E+19
   23.6250000       4.24100810E+19
   23.6953125       4.26369763E+19
   23.7656250       4.28385475E+19
   23.8359375       4.30120153E+19
   23.9062500       4.31546791E+19
   23.9765625       4.32643488E+19
   24.0468750       4.33395422E+19
   24.1171875       4.33795732E+19
   24.1875000       4.33845034E+19
   24.2578125       4.33552256E+19
   24.3281250       4.32932967E+19
   24.3984375       4.32010521E+19
   24.4687500       4.30815088E+19
   24.5390625       4.29381677E+19
   24.6093750       4.27749782E+19
   24.6796875       4.25960788E+19
   24.7500000       4.24056566E+19
   24.8203125       4.22078764E+19
   24.8906250       4.20066658E+19
   24.9609375       4.18055300E+19
   25.0312500       4.16072748E+19
   25.1015625       4.14138707E+19
   25.1718750       4.12263820E+19
   25.2421875       4.10451957E+19
   25.3125000       4.08702590E+19
   25.3828125       4.07014751E+19
   25.4531250       4.05388926E+19
   25.5234375       4.03828587E+19
   25.5937500       4.02339496E+19
   25.6640625       4.00927767E+19
   25.7343750       3.99597930E+19
   25.8046875       3.98350248E+19
   25.8750000       3.97178784E+19
   25.9453125       3.96069861E+19
   26.0156250       3.94999992E+19
   26.0859375       3.93936588E+19
   26.1562500       3.92838088E+19
   26.2265625       3.91657829E+19
   26.2968750       3.90348354E+19
   26.3671875       3.88868412E+19
   26.4375000       3.87187918E+19
   26.5078125       3.85293679E+19
   26.5781250       3.83191633E+19
   26.6484375       3.80907464E+19
   26.7187500       3.78484140E+19
   26.7890625       3.75979365E+19
   26.8593750       3.73460119E+19
   26.9296875       3.70998709E+19
   27.0000000       3.68666601E+19
   27.0703125       3.66528908E+19
   27.1406250       3.64639199E+19
   27.2109375       3.63034770E+19
   27.2812500       3.61734466E+19
   27.3515625       3.60738418E+19
   27.4218750       3.60029123E+19
   27.4921875       3.59574739E+19
   27.5625000       3.59330340E+19
   27.6328125       3.59240443E+19
   27.7031250       3.59239564E+19
   27.7734375       3.59254231E+19
   27.8437500       3.59205413E+19
   27.9140625       3.59013218E+19
   27.9843750       3.58603562E+19
   28.0546875       3.57915598E+19
   28.1250000       3.56908225E+19
   28.1953125       3.55566030E+19
   28.2656250       3.53900687E+19
   28.3359375       3.51949428E+19
   28.4062500       3.49769074E+19
   28.4765625       3.47428698E+19
   28.5468750       3.45000866E+19
   28.6171875       3.42554717E+19
   28.6875000       3.40149403E+19
   28.7578125       3.37831105E+19
   28.8281250       3.35630586E+19
   28.8984375       3.33563526E+19
   28.9687500       3.31631443E+19
   29.0390625       3.29825165E+19
   29.1093750       3.28127695E+19
   29.1796875       3.26518010E+19
   29.2500000       3.24973900E+19
   29.3203125       3.23474298E+19
   29.3906250       3.22001106E+19
   29.4609375       3.20541197E+19
   29.5312500       3.19086191E+19
   29.6015625       3.17633956E+19
   29.6718750       3.16186427E+19
   29.7421875       3.14748178E+19
   29.8125000       3.13322287E+19
   29.8828125       3.11907765E+19
   29.9531250       3.10496542E+19
   30.0234375       3.09074126E+19
   30.0937500       3.07621253E+19
   30.1640625       3.06117627E+19
   30.2343750       3.04544754E+19
   30.3046875       3.02888779E+19
   30.3750000       3.01141018E+19
   30.4453125       2.99298148E+19
   30.5156250       2.97360963E+19
   30.5859375       2.95333815E+19
   30.6562500       2.93222819E+19
   30.7265625       2.91035406E+19
   30.7968750       2.88777933E+19
   30.8671875       2.86454819E+19
   30.9375000       2.84066592E+19
   31.0078125       2.81610261E+19
   31.0781250       2.79080174E+19
   31.1484375       2.76471297E+19
   31.2187500       2.73782398E+19
   31.2890625       2.71019677E+19
   31.3593750       2.68197978E+19
   31.4296875       2.65340633E+19
   31.5000000       2.62476339E+19
   31.5703125       2.59636785E+19
   31.6406250       2.56853459E+19
   31.7109375       2.54157171E+19
   31.7812500       2.51577254E+19
   31.8515625       2.49142342E+19
   31.9218750       2.46879503E+19
   31.9921875       2.44813917E+19
   32.0625000       2.42965462E+19
   32.1328125       2.41346805E+19
   32.2031250       2.39959397E+19
   32.2734375       2.38792485E+19
   32.3437500       2.37822650E+19
   32.4140625       2.37016510E+19
   32.4843750       2.36334703E+19
   32.5546875       2.35736678E+19
   32.6250000       2.35184328E+19
   32.6953125       2.34645787E+19
   32.7656250       2.34095569E+19
   32.8359375       2.33514829E+19
   32.9062500       2.32888262E+19
   32.9765625       2.32202540E+19
   33.0468750       2.31444493E+19
   33.1171875       2.30602927E+19
   33.1875000       2.29670277E+19
   33.2578125       2.28646566E+19
   33.3281250       2.27540787E+19
   33.3984375       2.26372578E+19
   33.4687500       2.25169536E+19
   33.5390625       2.23965813E+19
   33.6093750       2.22798175E+19
   33.6796875       2.21703985E+19
   33.7500000       2.20718075E+19
   33.8203125       2.19871561E+19
   33.8906250       2.19189182E+19
   33.9609375       2.18688311E+19
   34.0312500       2.18375896E+19
   34.1015625       2.18248748E+19
   34.1718750       2.18293476E+19
   34.2421875       2.18490311E+19
   34.3125000       2.18815722E+19
   34.3828125       2.19246687E+19
   34.4531250       2.19761984E+19
   34.5234375       2.20343428E+19
   34.5937500       2.20974459E+19
   34.6640625       2.21640104E+19
   34.7343750       2.22326287E+19
   34.8046875       2.23020760E+19
   34.8750000       2.23712441E+19
   34.9453125       2.24392313E+19
   35.0156250       2.25052042E+19
   35.0859375       2.25684327E+19
   35.1562500       2.26282088E+19
   35.2265625       2.26838705E+19
   35.2968750       2.27346899E+19
   35.3671875       2.27798886E+19
   35.4375000       2.28184815E+19
   35.5078125       2.28493646E+19
   35.5781250       2.28714054E+19
   35.6484375       2.28836099E+19
   35.7187500       2.28852592E+19
   35.7890625       2.28759112E+19
   35.8593750       2.28551964E+19
   35.9296875       2.28226288E+19
   36.0000000       2.27773707E+19
   36.0703125       2.27183204E+19
   36.1406250       2.26442133E+19
   36.2109375       2.25539698E+19
   36.2812500       2.24468993E+19
   36.3515625       2.23229822E+19
   36.4218750       2.21829791E+19
   36.4921875       2.20285945E+19
   36.5625000       2.18623352E+19
   36.6328125       2.16873853E+19
   36.7031250       2.15071929E+19
   36.7734375       2.13251424E+19
   36.8437500       2.11441408E+19
   36.9140625       2.09664751E+19
   36.9843750       2.07937528E+19
   37.0546875       2.06271086E+19
   37.1250000       2.04673782E+19
   37.1953125       2.03153443E+19
   37.2656250       2.01716293E+19
   37.3359375       2.00365741E+19
   37.4062500       1.99098026E+19
   37.4765625       1.97900834E+19
   37.5468750       1.96751778E+19
   37.6171875       1.95619853E+19
   37.6875000       1.94467433E+19
   37.7578125       1.93254298E+19
   37.8281250       1.91940667E+19
   37.8984375       1.90492391E+19
   37.9687500       1.88884025E+19
   38.0390625       1.87102948E+19
   38.1093750       1.85150325E+19
   38.1796875       1.83041066E+19
   38.2500000       1.80800064E+19
   38.3203125       1.78457466E+19
   38.3906250       1.76042763E+19
   38.4609375       1.73580868E+19
   38.5312500       1.71090189E+19
   38.6015625       1.68584588E+19
   38.6718750       1.66076547E+19
   38.7421875       1.63582063E+19
   38.8125000       1.61121983E+19
   38.8828125       1.58722750E+19
   38.9531250       1.56413083E+19
   39.0234375       1.54221085E+19
   39.0937500       1.52170991E+19
   39.1640625       1.50282690E+19
   39.2343750       1.48571531E+19
   39.3046875       1.47050411E+19
   39.3750000       1.45729535E+19
   39.4453125       1.44616807E+19
   39.5156250       1.43715845E+19
   39.5859375       1.43025242E+19
   39.6562500       1.42537642E+19
   39.7265625       1.42241016E+19
   39.7968750       1.42120245E+19
   39.8671875       1.42159773E+19
   39.9375000       1.42344743E+19
   40.0078125       1.42662667E+19
   40.0781250       1.43102648E+19
   40.1484375       1.43655559E+19
   40.2187500       1.44311528E+19
   40.2890625       1.45058800E+19
   40.3593750       1.45881729E+19
   40.4296875       1.46761295E+19
   40.5000000       1.47676011E+19
   40.5703125       1.48604648E+19
   40.6406250       1.49527721E+19
   40.7109375       1.50428749E+19
   40.7812500       1.51293504E+19
   40.8515625       1.52109924E+19
   40.9218750       1.52867235E+19
   40.9921875       1.53557189E+19
   41.0625000       1.54174400E+19
   41.1328125       1.54718164E+19
   41.2031250       1.55192636E+19
   41.2734375       1.55606987E+19
   41.3437500       1.55973058E+19
   41.4140625       1.56303110E+19
   41.4843750       1.56605959E+19
   41.5546875       1.56884817E+19
   41.6250000       1.57134967E+19
   41.6953125       1.57344798E+19
   41.7656250       1.57496706E+19
   41.8359375       1.57570572E+19
   41.9062500       1.57545756E+19
   41.9765625       1.57404534E+19
   42.0468750       1.57133230E+19
   42.1171875       1.56724058E+19
   42.1875000       1.56174906E+19
   42.2578125       1.55490439E+19
   42.3281250       1.54681055E+19
   42.3984375       1.53763414E+19
   42.4687500       1.52758933E+19
   42.5390625       1.51693682E+19
   42.6093750       1.50596611E+19
   42.6796875       1.49498859E+19
   42.7500000       1.48430914E+19
   42.8203125       1.47421167E+19
   42.8906250       1.46492629E+19
   42.9609375       1.45661640E+19
   43.0312500       1.44935765E+19
   43.1015625       1.44313727E+19
   43.1718750       1.43784950E+19
   43.2421875       1.43331709E+19
   43.3125000       1.42930838E+19
   43.3828125       1.42558093E+19
   43.4531250       1.42191164E+19
   43.5234375       1.41813767E+19
   43.5937500       1.41416525E+19
   43.6640625       1.40997391E+19
   43.7343750       1.40559104E+19
   43.8046875       1.40107281E+19
   43.8750000       1.39647312E+19
   43.9453125       1.39184329E+19
   44.0156250       1.38723315E+19
   44.0859375       1.38271559E+19
   44.1562500       1.37840451E+19
   44.2265625       1.37447233E+19
   44.2968750       1.37114609E+19
   44.3671875       1.36869703E+19
   44.4375000       1.36740214E+19
   44.5078125       1.36750879E+19
   44.5781250       1.36917807E+19
   44.6484375       1.37245253E+19
   44.7187500       1.37722880E+19
   44.7890625       1.38326974E+19
   44.8593750       1.39023053E+19
   44.9296875       1.39771699E+19
   45.0000000       1.40532770E+19
   45.0703125       1.41269707E+19
   45.1406250       1.41950514E+19
   45.2109375       1.42547845E+19
   45.2812500       1.43037931E+19
   45.3515625       1.43400670E+19
   45.4218750       1.43620111E+19
   45.4921875       1.43686675E+19
   45.5625000       1.43598517E+19
   45.6328125       1.43363639E+19
   45.7031250       1.42999547E+19
   45.7734375       1.42532848E+19
   45.8437500       1.41995879E+19
   45.9140625       1.41423485E+19
   45.9843750       1.40847912E+19
   46.0546875       1.40295705E+19
   46.1250000       1.39784553E+19
   46.1953125       1.39324286E+19
   46.2656250       1.38918643E+19
   46.3359375       1.38570021E+19
   46.4062500       1.38283818E+19
   46.4765625       1.38072426E+19
   46.5468750       1.37956856E+19
   46.6171875       1.37966235E+19
   46.6875000       1.38133867E+19
   46.7578125       1.38492538E+19
   46.8281250       1.39068320E+19
   46.8984375       1.39876582E+19
   46.9687500       1.40918864E+19
   47.0390625       1.42183478E+19
   47.1093750       1.43646840E+19
   47.1796875       1.45277350E+19
   47.2500000       1.47038075E+19
   47.3203125       1.48890378E+19
   47.3906250       1.50795634E+19
   47.4609375       1.52717382E+19
   47.5312500       1.54621428E+19
   47.6015625       1.56476645E+19
   47.6718750       1.58253863E+19
   47.7421875       1.59926462E+19
   47.8125000       1.61469473E+19
   47.8828125       1.62861048E+19
   47.9531250       1.64083001E+19
   48.0234375       1.65123073E+19
   48.0937500       1.65975557E+19
   48.1640625       1.66642455E+19
   48.2343750       1.67132397E+19
   48.3046875       1.67459216E+19
   48.3750000       1.67639415E+19
   48.4453125       1.67691191E+19
   48.5156250       1.67633753E+19
   48.5859375       1.67489200E+19
   48.6562500       1.67283679E+19
   48.7265625       1.67049494E+19
   48.7968750       1.66824204E+19
   48.8671875       1.66648491E+19
   48.9375000       1.66560893E+19
   49.0078125       1.66592746E+19
   49.0781250       1.66762907E+19
   49.1484375       1.67076212E+19
   49.2187500       1.67523021E+19
   49.2890625       1.68082947E+19
   49.3593750       1.68727624E+19
   49.4296875       1.69425220E+19
   49.5000000       1.70142322E+19
   49.5703125       1.70846944E+19
   49.6406250       1.71509729E+19
   49.7109375       1.72106742E+19
   49.7812500       1.72619664E+19
   49.8515625       1.73037160E+19
   49.9218750       1.73353247E+19
   49.9921875       1.73566926E+19
   50.0625000       1.73680407E+19
   50.1328125       1.73699835E+19
   50.2031250       1.72110172E+19
   50.2734375       1.71664650E+19
   50.3437500       1.71145010E+19
   50.4140625       1.70582588E+19
   50.4843750       1.70008852E+19
   50.5546875       1.69449508E+19
   50.6250000       1.68917158E+19
   50.6953125       1.68408854E+19
   50.7656250       1.67906410E+19
   50.8359375       1.67382009E+19
   50.9062500       1.66804611E+19
   50.9765625       1.66147620E+19
   51.0468750       1.65393124E+19
   51.1171875       1.64534230E+19
   51.1875000       1.63573278E+19
   51.2578125       1.62519902E+19
   51.3281250       1.61387108E+19
   51.3984375       1.60189289E+19
   51.4687500       1.58940354E+19
   51.5390625       1.57654673E+19
   51.6093750       1.56348146E+19
   51.6796875       1.55040826E+19
   51.7500000       1.53757641E+19
   51.8203125       1.52528717E+19
   51.8906250       1.51386280E+19
   51.9609375       1.50360865E+19
   52.0312500       1.49475758E+19
   52.1015625       1.48743670E+19
   52.1718750       1.48164810E+19
   52.2421875       1.47728601E+19
   52.3125000       1.47415955E+19
   52.3828125       1.47203815E+19
   52.4531250       1.47067762E+19
   52.5234375       1.46985045E+19
   52.5937500       1.46935139E+19
   52.6640625       1.46901087E+19
   52.7343750       1.46868915E+19
   52.8046875       1.46828211E+19
   52.8750000       1.46771069E+19
   52.9453125       1.46692542E+19
   53.0156250       1.46590046E+19
   53.0859375       1.46464064E+19
   53.1562500       1.46317895E+19
   53.2265625       1.46158169E+19
   53.2968750       1.45993913E+19
   53.3671875       1.45835792E+19
   53.4375000       1.45693471E+19
   53.5078125       1.45574537E+19
   53.5781250       1.45482497E+19
   53.6484375       1.45417505E+19
   53.7187500       1.45376306E+19
   53.7890625       1.45354206E+19
   53.8593750       1.45345212E+19
   53.9296875       1.45342903E+19
   54.0000000       1.45340407E+19
   54.0703125       1.45331798E+19
   54.1406250       1.45313447E+19
   54.2109375       1.45286410E+19
   54.2812500       1.45256767E+19
   54.3515625       1.45235612E+19
   54.4218750       1.45236052E+19
   54.4921875       1.45270577E+19
   54.5625000       1.45347202E+19
   54.6328125       1.45468049E+19
   54.7031250       1.45628248E+19
   54.7734375       1.45817386E+19
   54.8437500       1.46020917E+19
   54.9140625       1.46222864E+19
   54.9843750       1.46406933E+19
   55.0546875       1.46558490E+19
   55.1250000       1.46664560E+19
   55.1953125       1.46715027E+19
   55.2656250       1.46702680E+19
   55.3359375       1.46624999E+19
   55.4062500       1.46484295E+19
   55.4765625       1.46289307E+19
   55.5468750       1.46054430E+19
   55.6171875       1.45798870E+19
   55.6875000       1.45543124E+19
   55.7578125       1.45305838E+19
   55.8281250       1.45099174E+19
   55.8984375       1.44926551E+19
   55.9687500       1.44780558E+19
   56.0390625       1.44644647E+19
   56.1093750       1.44495443E+19
   56.1796875       1.44307427E+19
   56.2500000       1.44056639E+19
   56.3203125       1.43724993E+19
   56.3906250       1.43302231E+19
   56.4609375       1.42787781E+19
   56.5312500       1.42189822E+19
   56.6015625       1.41525102E+19
   56.6718750       1.40815697E+19
   56.7421875       1.40086786E+19
   56.8125000       1.39362483E+19
   56.8828125       1.38663612E+19
   56.9531250       1.38005587E+19
   57.0234375       1.37398898E+19
   57.0937500       1.36849098E+19
   57.1640625       1.36358485E+19
   57.2343750       1.35925674E+19
   57.3046875       1.35545089E+19
   57.3750000       1.35204592E+19
   57.4453125       1.34885250E+19
   57.5156250       1.34561246E+19
   57.5859375       1.34203520E+19
   57.6562500       1.33783858E+19
   57.7265625       1.33280359E+19
   57.7968750       1.32680333E+19
   57.8671875       1.31982385E+19
   57.9375000       1.31195267E+19
   58.0078125       1.30336526E+19
   58.0781250       1.29429176E+19
   58.1484375       1.28499473E+19
   58.2187500       1.27572959E+19
   58.2890625       1.26672382E+19
   58.3593750       1.25814455E+19
   58.4296875       1.25009227E+19
   58.5000000       1.24259679E+19
   58.5703125       1.23563765E+19
   58.6406250       1.22915823E+19
   58.7109375       1.22308574E+19
   58.7812500       1.21732309E+19
   58.8515625       1.21174054E+19
   58.9218750       1.20615744E+19
   58.9921875       1.20035202E+19
   59.0625000       1.19408073E+19
   59.1328125       1.18712984E+19
   59.2031250       1.17936003E+19
   59.2734375       1.17074525E+19
   59.3437500       1.16137356E+19
   59.4140625       1.15142991E+19
   59.4843750       1.11907315E+19
   59.5546875       1.10997799E+19
   59.6250000       1.10061829E+19
   59.6953125       1.09119954E+19
   59.7656250       1.08191966E+19
   59.8359375       1.07297030E+19
   59.9062500       1.06452737E+19
   59.9765625       1.05675602E+19
   60.0468750       1.04980689E+19
   60.1171875       1.04382081E+19
   60.1875000       1.03891655E+19
   60.2578125       1.03518437E+19
   60.3281250       1.03266132E+19
   60.3984375       1.03131706E+19
   60.4687500       1.03103448E+19
   60.5390625       1.03161393E+19
   60.6093750       1.03277853E+19
   60.6796875       1.03420558E+19
   60.7500000       1.03554798E+19
   60.8203125       1.03647256E+19
   60.8906250       1.03667916E+19
   60.9609375       1.03592973E+19
   61.0312500       1.03405132E+19
   61.1015625       1.03095268E+19
   61.1718750       1.02661500E+19
   61.2421875       1.02109699E+19
   61.3125000       1.01452125E+19
   61.3828125       1.00707294E+19
   61.4531250       9.98982510E+18
   61.5234375       9.90516710E+18
   61.5937500       9.81951405E+18
   61.6640625       9.73553335E+18
   61.7343750       9.65549000E+18
   61.8046875       9.58106186E+18
   61.8750000       9.51307246E+18
   61.9453125       9.45148112E+18
   62.0156250       9.19026794E+18
   62.0859375       9.15806874E+18
   62.1562500       9.12750342E+18
   62.2265625       9.09703155E+18
   62.2968750       9.06556353E+18
   62.3671875       8.83654460E+18
   62.4375000       8.81656813E+18
   62.5078125       8.79822333E+18
   62.5781250       8.78342720E+18
   62.6484375       8.77448652E+18
   62.7187500       8.77372786E+18
   62.7890625       8.78322324E+18
   62.8593750       8.80437070E+18
   62.9296875       8.83764192E+18
   63.0000000       8.88232002E+18
   63.0703125       8.93651825E+18
   63.1406250       8.99724098E+18
   63.2109375       9.06071908E+18
   63.2812500       9.12270570E+18
   63.3515625       9.17895836E+18
   63.4218750       9.22557326E+18
   63.4921875       9.25940633E+18
   63.5625000       9.27825306E+18
   63.6328125       9.28107551E+18
   63.7031250       9.26797812E+18
   63.7734375       9.24024624E+18
   63.8437500       9.20016574E+18
   63.9140625       9.15088398E+18
   63.9843750       9.09605684E+18
   64.0546875       9.03957382E+18
   64.1250000       8.98510182E+18
   64.1953125       8.93576618E+18
   64.2656250       8.89371811E+18
   64.3359375       8.85991308E+18
   64.4062500       8.83390688E+18
   64.4765625       8.81395184E+18
   64.5468750       8.79715735E+18
   64.6171875       8.77989502E+18
   64.6875000       8.75818186E+18
   64.7578125       8.72821412E+18
   64.8281250       8.68675704E+18
   64.8984375       8.63161763E+18
   64.9687500       8.56185691E+18
   65.0390625       8.47796473E+18
   65.1093750       8.38171293E+18
   65.1796875       8.27592012E+18
   65.2500000       8.16392881E+18
   65.3203125       8.04918103E+18
   65.3906250       7.93471802E+18
   65.4609375       7.82299005E+18
   65.5312500       7.71573654E+18
   65.6015625       7.61420488E+18
   65.6718750       7.51935276E+18
   65.7421875       7.43218843E+18
   65.8125000       7.35389496E+18
   65.8828125       7.28588302E+18
   65.9531250       7.22955888E+18
   66.0234375       7.18607815E+18
   66.0937500       7.15597297E+18
   66.1640625       7.13898386E+18
   66.2343750       7.13390907E+18
   66.3046875       7.13872383E+18
   66.3750000       7.15069476E+18
   66.4453125       6.98991428E+18
   66.5156250       7.01343613E+18
   66.5859375       7.03456764E+18
   66.6562500       7.05044789E+18
   66.7265625       7.05861176E+18
   66.7968750       7.05695590E+18
   66.8671875       7.04382718E+18
   66.9375000       7.01795017E+18
   67.0078125       6.97851399E+18
   67.0781250       6.92513765E+18
   67.1484375       6.85800587E+18
   67.2187500       6.77783113E+18
   67.2890625       6.68593669E+18
   67.3593750       6.58416975E+18
   67.4296875       6.47492832E+18
   67.5000000       6.36103871E+18
   67.5703125       6.24582088E+18
   67.6406250       6.13314018E+18
   67.7109375       6.02775969E+18
   67.7812500       5.93575310E+18
   67.8515625       5.75791974E+18
   67.9218750       5.78225853E+18
   67.9921875       5.81667270E+18
   68.0625000       5.85919466E+18
   68.1328125       5.90743573E+18
   68.2031250       5.95866363E+18
   68.2734375       6.01002182E+18
   68.3437500       6.05870874E+18
   68.4140625       6.10230383E+18
   68.4843750       6.13898628E+18
   68.5546875       6.16779404E+18
   68.6250000       6.18867541E+18
   68.6953125       6.20247099E+18
   68.7656250       6.21069918E+18
   68.8359375       6.21530284E+18
   68.9062500       6.21828361E+18
   68.9765625       6.22141777E+18
   69.0468750       6.22595216E+18
   69.1171875       6.23250250E+18
   69.1875000       6.24098743E+18
   69.2578125       6.25078078E+18
   69.3281250       6.26091498E+18
   69.3984375       6.27041916E+18
   69.4687500       6.27859128E+18
   69.5390625       6.28526916E+18
   69.6093750       6.29087502E+18
   69.6796875       6.29636708E+18
   69.7500000       6.30294601E+18
   69.8203125       6.31175969E+18
   69.8906250       6.32353491E+18
   69.9609375       6.33838932E+18
   70.0312500       6.35571322E+18
   70.1015625       6.37428562E+18
   70.1718750       6.39243471E+18
   70.2421875       6.40836498E+18
   70.3125000       6.42038265E+18
   70.3828125       6.42718203E+18
   70.4531250       6.42794839E+18
   70.5234375       6.42248051E+18
   70.5937500       6.41111101E+18
   70.6640625       6.39467496E+18
   70.7343750       6.37433345E+18
   70.8046875       6.35145701E+18
   70.8750000       6.32737276E+18
   70.9453125       6.30316206E+18
   71.0156250       6.27936588E+18
   71.0859375       6.25582644E+18
   71.1562500       6.23159375E+18
   71.2265625       6.20512246E+18
   71.2968750       6.17468688E+18
   71.3671875       5.99464735E+18
   71.4375000       5.99734995E+18
   71.5078125       5.99634224E+18
   71.5781250       5.99081720E+18
   71.6484375       5.98041197E+18
   71.7187500       5.96507873E+18
   71.7890625       5.94500714E+18
   71.8593750       5.92046440E+18
   71.9296875       5.89178528E+18
   72.0000000       5.85931781E+18
   72.0703125       5.82350616E+18
   72.1406250       5.78488692E+18
   72.2109375       5.74417420E+18
   72.2812500       5.70222563E+18
   72.3515625       5.66005441E+18
   72.4218750       5.61871278E+18
   72.4921875       5.57919633E+18
   72.5625000       5.54226483E+18
   72.6328125       5.50835754E+18
   72.7031250       5.47749095E+18
   72.7734375       5.44934510E+18
   72.8437500       5.42334770E+18
   72.9140625       5.39891930E+18
   72.9843750       5.37562285E+18
   73.0546875       5.35333190E+18
   73.1250000       5.33219764E+18
   73.1953125       5.31258345E+18
   73.2656250       5.29484228E+18
   73.3359375       5.27915555E+18
   73.4062500       5.26533414E+18
   73.4765625       5.25281675E+18
   73.5468750       5.24068913E+18
   73.6171875       5.22788917E+18
   73.6875000       5.21331734E+18
   73.7578125       5.19601213E+18
   73.8281250       5.17516594E+18
   73.8984375       5.15019383E+18
   73.9687500       5.12070768E+18
   74.0390625       5.08660027E+18
   74.1093750       5.04803545E+18
   74.1796875       5.00552009E+18
   74.2500000       4.95983923E+18
   74.3203125       4.91205665E+18
   74.3906250       4.86338842E+18
   74.4609375       4.81511656E+18
   74.5312500       4.76838677E+18
   74.6015625       4.72410504E+18
   74.6718750       4.68278814E+18
   74.7421875       4.51594824E+18
   74.8125000       4.50305399E+18
   74.8828125       4.49160011E+18
   74.9531250       4.48138207E+18
   75.0234375       4.47225035E+18
   75.0937500       4.46415052E+18
   75.1640625       4.45719172E+18
   75.2343750       4.45159850E+18
   75.3046875       4.44773234E+18
   75.3750000       4.44603442E+18
   75.4453125       4.44702233E+18
   75.5156250       4.45117024E+18
   75.5859375       4.45881734E+18
   75.6562500       4.46997244E+18
   75.7265625       4.48424437E+18
   75.7968750       4.50077746E+18
   75.8671875       4.51840208E+18
   75.9375000       4.53582521E+18
   76.0078125       4.55196137E+18
   76.0781250       4.56614507E+18
   76.1484375       4.57831117E+18
   76.2187500       4.58893355E+18
   76.2890625       4.41157270E+18
   76.3593750       4.42560192E+18
   76.4296875       4.43963609E+18
   76.5000000       4.45419610E+18
   76.5703125       4.46942131E+18
   76.6406250       4.48508083E+18
   76.7109375       4.50071973E+18
   76.7812500       4.51582482E+18
   76.8515625       4.53001649E+18
   76.9218750       4.54315346E+18
   76.9921875       4.55539790E+18
   77.0625000       4.56713930E+18
   77.1328125       4.57892057E+18
   77.2031250       4.59125242E+18
   77.2734375       4.60448202E+18
   77.3437500       4.61863218E+18
   77.4140625       4.63338488E+18
   77.4843750       4.64813153E+18
   77.5546875       4.66216405E+18
   77.6250000       4.67484362E+18
   77.6953125       4.68577221E+18
   77.7656250       4.69480800E+18
   77.8359375       4.70202079E+18
   77.9062500       4.70753704E+18
   77.9765625       4.71144911E+18
   78.0468750       4.71374874E+18
   78.1171875       4.71438535E+18
   78.1875000       4.71333037E+18
   78.2578125       4.71067615E+18
   78.3281250       4.70665359E+18
   78.3984375       4.70162882E+18
   78.4687500       4.69601966E+18
   78.5390625       4.69022908E+18
   78.6093750       4.68455670E+18
   78.6796875       4.67918064E+18
   78.7500000       4.67413003E+18
   78.8203125       4.66935760E+18
   78.8906250       4.66480727E+18
   78.9609375       4.66053567E+18
   79.0312500       4.65677149E+18
   79.1015625       4.65397049E+18
   79.1718750       4.65276432E+18
   79.2421875       4.65388747E+18
   79.3125000       4.65800789E+18
   79.3828125       4.66559068E+18
   79.4531250       4.67676666E+18
   79.5234375       4.69132529E+18
   79.5937500       4.70877344E+18
   79.6640625       4.72850803E+18
   79.7343750       4.74995675E+18
   79.8046875       4.77268201E+18
   79.8750000       4.79634075E+18
   79.9453125       4.82056849E+18
   80.0156250       4.84480008E+18
   80.0859375       4.86817789E+18
   80.1562500       4.88954415E+18
   80.2265625       4.90757889E+18
   80.2968750       4.92099843E+18
   80.3671875       4.92880551E+18
   80.4375000       4.93043939E+18
   80.5078125       4.92584508E+18
   80.5781250       4.91541181E+18
   80.6484375       4.89985922E+18
   80.7187500       4.88005482E+18
   80.7890625       4.85687931E+18
   80.8593750       4.83112050E+18
   80.9296875       4.80343425E+18
   81.0000000       4.77434557E+18
   81.0703125       4.74431296E+18
   81.1406250       4.71377787E+18
   81.2109375       4.68323179E+18
   81.2812500       4.65320578E+18
   81.3515625       4.62424244E+18
   81.4218750       4.59680083E+18
   81.4921875       4.57119101E+18
   81.5625000       4.54749213E+18
   81.6328125       4.52554643E+18
   81.7031250       4.50494570E+18
   81.7734375       4.48510144E+18
   81.8437500       4.46530529E+18
   81.9140625       4.44484667E+18
   81.9843750       4.42310081E+18
   82.0546875       4.39960644E+18
   82.1250000       4.37405132E+18
   82.1953125       4.34626226E+18
   82.2656250       4.31615104E+18
   82.3359375       4.28372919E+18
   82.4062500       4.24910859E+18
   82.4765625       4.21252949E+18
   82.5468750       4.17432751E+18
   82.6171875       4.13492651E+18
   82.6875000       4.09477289E+18
   82.7578125       4.05433643E+18
   82.8281250       4.01407671E+18
   82.8984375       3.97446845E+18
   82.9687500       3.93597015E+18
   83.0390625       3.89902299E+18
   83.1093750       3.86400849E+18
   83.1796875       3.83122600E+18
   83.2500000       3.80082835E+18
   83.3203125       3.77280235E+18
   83.3906250       3.74694926E+18
   83.4609375       3.72294335E+18
   83.5312500       3.70036625E+18
   83.6015625       3.67876442E+18
   83.6718750       3.65761971E+18
   83.7421875       3.63633619E+18
   83.8125000       3.61416701E+18
   83.8828125       3.59020041E+18
   83.9531250       3.56335528E+18
   84.0234375       3.53251151E+18
   84.0937500       3.49671966E+18
   84.1640625       3.45561881E+18
   84.2343750       3.28185172E+18
   84.3046875       3.27704163E+18
   84.3750000       3.27172851E+18
   84.4453125       3.26549291E+18
   84.5156250       3.25786780E+18
   84.5859375       3.24838341E+18
   84.6562500       3.23660352E+18
   84.7265625       3.22220981E+18
   84.7968750       3.20505495E+18
   84.8671875       3.18524203E+18
   84.9375000       3.16313387E+18
   85.0078125       3.13934731E+18
   85.0781250       3.11468444E+18
   85.1484375       3.09005923E+18
   85.2187500       3.06638097E+18
   85.2890625       3.04449162E+18
   85.3593750       3.02512070E+18
   85.4296875       3.00890648E+18
   85.5000000       2.99641493E+18
   85.5703125       2.98816502E+18
   85.6406250       2.98461057E+18
   85.7109375       2.98609821E+18
   85.7812500       2.99276977E+18
   85.8515625       3.00449441E+18
   85.9218750       3.02080567E+18
   85.9921875       3.04092261E+18
   86.0625000       3.06380454E+18
   86.1328125       3.08827747E+18
   86.2031250       3.11316052E+18
   86.2734375       3.13740970E+18
   86.3437500       3.16019873E+18
   86.4140625       3.18097895E+18
   86.4843750       3.19947136E+18
   86.5546875       3.21564435E+18
   86.6250000       3.22963756E+18
   86.6953125       3.24169041E+18
   86.7656250       3.25206320E+18
   86.8359375       3.26098656E+18
   86.9062500       3.26862130E+18
   86.9765625       3.27506553E+18
   87.0468750       3.28038030E+18
   87.1171875       3.28464640E+18
   87.1875000       3.28799634E+18
   87.2578125       3.29065716E+18
   87.3281250       3.29293287E+18
   87.3984375       3.29518934E+18
   87.4687500       3.29777897E+18
   87.5390625       3.30098020E+18
   87.6093750       3.30491755E+18
   87.6796875       3.30951818E+18
   87.7500000       3.31446681E+18
   87.8203125       3.31922164E+18
   87.8906250       3.32305729E+18
   87.9609375       3.32517935E+18
   88.0312500       3.32484785E+18
   88.1015625       3.32153887E+18
   88.1718750       3.31505395E+18
   88.2421875       3.30557313E+18
   88.3125000       3.29359753E+18
   88.3828125       3.27982312E+18
   88.4531250       3.26495717E+18
   88.5234375       3.24955714E+18
   88.5937500       3.23389762E+18
   88.6640625       3.21794453E+18
   88.7343750       3.20139441E+18
   88.8046875       3.18378957E+18
   88.8750000       3.16461272E+18
   88.9453125       3.14338720E+18
   89.0156250       3.11971004E+18
   89.0859375       3.09327585E+18
   89.1562500       3.06386007E+18
   89.2265625       3.03133459E+18
   89.2968750       2.99567331E+18
   89.3671875       2.95700376E+18
   89.4375000       2.91561979E+18
   89.5078125       2.87201096E+18
   89.5781250       2.82682598E+18
   89.6484375       2.78082461E+18
   89.7187500       2.56012322E+18
   89.7890625       2.53015767E+18
   89.8593750       2.50124877E+18
   89.9296875       2.47347813E+18
   90.0000000       2.44680617E+18
   90.0703125       2.42109987E+18
   90.1406250       2.39614452E+18
   90.2109375       2.37169166E+18
   90.2812500       2.34747107E+18
   90.3515625       2.32323866E+18
   90.4218750       2.29878030E+18
   90.4921875       2.27394604E+18
   90.5625000       2.24863556E+18
   90.6328125       2.22281531E+18
   90.7031250       2.19649410E+18
   90.7734375       2.16972100E+18
   90.8437500       2.14254643E+18
   90.9140625       1.93337905E+18
   90.9843750       1.91681490E+18
   91.0546875       1.89962486E+18
   91.1250000       1.88188205E+18
   91.1953125       1.86370066E+18
   91.2656250       1.84523725E+18
   91.3359375       1.82670415E+18
   91.4062500       1.80835592E+18
   91.4765625       1.79048968E+18
   91.5468750       1.77343034E+18
   91.6171875       1.75753209E+18
   91.6875000       1.74316230E+18
   91.7578125       1.73069260E+18
   91.8281250       1.54447697E+18
   91.8984375       1.54294412E+18
   91.9687500       1.54283664E+18
   92.0390625       1.54391774E+18
   92.1093750       1.54585851E+18
   92.1796875       1.54828307E+18
   92.2500000       1.55084287E+18
   92.3203125       1.55326042E+18
   92.3906250       1.55537094E+18
   92.4609375       1.55711765E+18
   92.5312500       1.55853148E+18
   92.6015625       1.55967222E+18
   92.6718750       1.56058468E+18
   92.7421875       1.56125758E+18
   92.8125000       1.56162702E+18
   92.8828125       1.56158689E+18
   92.9531250       1.56102737E+18
   93.0234375       1.55985708E+18
   93.0937500       1.55802832E+18
   93.1640625       1.55552734E+18
   93.2343750       1.55236844E+18
   93.3046875       1.54856702E+18
   93.3750000       1.54413077E+18
   93.4453125       1.53903769E+18
   93.5156250       1.53324065E+18
   93.5859375       1.52666983E+18
   93.6562500       1.51925528E+18
   93.7265625       1.51093376E+18
   93.7968750       1.50166666E+18
   93.8671875       1.49143969E+18
   93.9375000       1.48027250E+18
   94.0078125       1.46821416E+18
   94.0781250       1.45535056E+18
   94.1484375       1.44180142E+18
   94.2187500       1.42772863E+18
   94.2890625       1.41332654E+18
   94.3593750       1.39882316E+18
   94.4296875       1.38446381E+18
   94.5000000       1.37049259E+18
   94.5703125       1.35711827E+18
   94.6406250       1.34449313E+18
   94.7109375       1.33269372E+18
   94.7812500       1.32173447E+18
   94.8515625       1.31158090E+18
   94.9218750       1.30218296E+18
   94.9921875       1.29349943E+18
   95.0625000       1.28552357E+18
   95.1328125       1.27828452E+18
   95.2031250       1.27184688E+18
   95.2734375       1.26628610E+18
   95.3437500       1.09774780E+18
   95.4140625       1.10333669E+18
   95.4843750       1.10935872E+18
   95.5546875       1.11568874E+18
   95.6250000       1.12210934E+18
   95.6953125       1.12832990E+18
   95.7656250       1.13405285E+18
   95.8359375       1.13901626E+18
   95.9062500       1.14304432E+18
   95.9765625       1.14604935E+18
   96.0468750       1.14803040E+18
   96.1171875       1.14903020E+18
   96.1875000       1.14911431E+18
   96.2578125       1.14833482E+18
   96.3281250       1.14673936E+18
   96.3984375       1.14437562E+18
   96.4687500       1.14132544E+18
   96.5390625       1.13771100E+18
   96.6093750       1.13371365E+18
   96.6796875       1.12955248E+18
   96.7500000       1.12547240E+18
   96.8203125       1.12169943E+18
   96.8906250       1.11842364E+18
   96.9609375       1.11576275E+18
   97.0312500       1.11376309E+18
   97.1015625       1.11238340E+18
   97.1718750       1.11151781E+18
   97.2421875       1.11099678E+18
   97.3125000       1.11061587E+18
   97.3828125       1.11014013E+18
   97.4531250       1.10933652E+18
   97.5234375       1.10798927E+18
   97.5937500       1.10594274E+18
   97.6640625       1.10311095E+18
   97.7343750       1.09949775E+18
   97.8046875       1.09516931E+18
   97.8750000       1.09023292E+18
   97.9453125       1.08478278E+18
   98.0156250       1.07888032E+18
   98.0859375       1.07252947E+18
   98.1562500       1.06569546E+18
   98.2265625       1.05831176E+18
   98.2968750       1.05031542E+18
   98.3671875       1.04165347E+18
   98.4375000       1.03230762E+18
   98.5078125       1.02228894E+18
   98.5781250       1.01165646E+18
   98.6484375       1.00050933E+18
   98.7187500       9.88998065E+17
   98.7890625       9.77300498E+17
   98.8593750       9.65614614E+17
   98.9296875       9.54122930E+17
   99.0000000       9.42983641E+17
   99.0703125       9.32300579E+17
   99.1406250       7.51138928E+17
   99.2109375       7.48466840E+17
   99.2812500       7.45556295E+17
   99.3515625       7.42469966E+17
   99.4218750       7.39248190E+17
   99.4921875       7.35887533E+17
   99.5625000       7.32348274E+17
   99.6328125       7.28545201E+17
   99.7031250       7.24370561E+17
   99.7734375       7.19704509E+17
   99.8437500       7.14451042E+17
   99.9140625       7.08546115E+17
   99.9843750       7.01971997E+17
   100.054688       6.94733775E+17
   100.125000       6.86850620E+17
   100.195312       6.78328099E+17
   100.265625       6.69166075E+17
   100.335938       6.59362074E+17
   100.406250       6.48947912E+17
   100.476562       6.38004885E+17
   100.546875       6.26693590E+17
   100.617188       6.15242864E+17
   100.687500       6.03943114E+17
   100.757812       5.93098219E+17
   100.828125       5.82986491E+17
   100.898438       5.73800243E+17
   100.968750       5.65618743E+17
   101.039062       5.58386293E+17
   101.109375       5.51936214E+17
   101.179688       5.46014622E+17
   101.250000       5.40334167E+17
   101.320312       5.34604956E+17
   101.390625       5.28581900E+17
   101.460938       5.22084164E+17
   101.531250       5.15031656E+17
   101.601562       5.07451108E+17
   101.671875       4.99493117E+17
   101.742188       4.91408821E+17
   101.812500       4.83528552E+17
   101.882812       4.76208588E+17
   101.953125       3.05341732E+17
   102.023438       3.03524892E+17
   102.093750       3.02637861E+17
   102.164062       3.02651674E+17
   102.234375       3.03447273E+17
   102.304688       3.04826817E+17
   102.375000       3.06543945E+17
   102.445312       3.08329483E+17
   102.515625       3.09932227E+17
   102.585938       3.11148322E+17
   102.656250       3.11851081E+17
   102.726562       3.11997832E+17
   102.796875       3.11629908E+17
   102.867188       3.10849632E+17
   102.937500       3.09795476E+17
   103.007812       3.08605254E+17
   103.078125       3.07392596E+17
   103.148438       3.06223197E+17
   103.218750       3.05108017E+17
   103.289062       3.03998232E+17
   103.359375       3.02798252E+17
   103.429688       3.01377408E+17
   103.500000       2.99592592E+17
   103.570312       2.97300282E+17
   103.640625       2.94376612E+17
   103.710938       2.90722625E+17
   103.781250       2.86273503E+17
   103.851562       2.80994696E+17
   103.921875       2.74888215E+17
   103.992188       2.67990772E+17
   104.062500       2.60380674E+17
   104.132812       2.52172717E+17
   104.203125       2.43520076E+17
   104.273438       2.34603741E+17
   104.343750       2.25625473E+17
   104.414062       2.16788784E+17
   104.484375       2.08287755E+17
   104.554688       2.00287193E+17
   104.625000       1.92914555E+17
   104.695312       1.86246292E+17
   104.765625       1.80312880E+17
   104.835938       1.75100663E+17
   104.906250       1.70568544E+17
   104.976562       1.66655125E+17
   105.046875       1.63297783E+17
   105.117188       1.60440616E+17
   105.187500       1.58050398E+17
   105.257812       1.56119312E+17
   105.328125       1.54674520E+17
   105.398438       1.53773041E+17
   105.468750       1.53497235E+17
   105.539062       1.53932178E+17
   105.609375       1.55146743E+17
   105.679688       1.57164364E+17
   105.750000       1.59949770E+17
   105.820312       1.63397083E+17
   105.890625       1.67345807E+17
   105.960938       1.71599921E+17
   106.031250       1.75963075E+17
   106.101562       1.80261410E+17
   106.171875       1.84368549E+17
   106.242188       1.88209229E+17
   106.312500       1.91756821E+17
   106.382812       1.95010688E+17
   106.453125       1.97977273E+17
   106.523438       2.00646578E+17
   106.593750       2.02985171E+17
   106.664062       2.04932217E+17
   106.734375       2.06415149E+17
   106.804688       2.07360935E+17
   106.875000       2.07716490E+17
   106.945312       2.07453964E+17
   107.015625       2.06582343E+17
   107.085938       2.05142722E+17
   107.156250       2.03207358E+17
   107.226562       2.00863972E+17
   107.296875       1.98209700E+17
   107.367188       1.95337672E+17
   107.437500       1.92335885E+17
   107.507812       1.89280257E+17
   107.578125       1.86238784E+17
   107.648438       1.83266804E+17
   107.718750       1.80408211E+17
   107.789062       1.77686422E+17
   107.859375       1.75106298E+17
   107.929688       1.72650659E+17
   108.000000       1.70289835E+17
   108.070312       1.67983868E+17
   108.140625       1.65697124E+17
   108.210938       1.63401567E+17
   108.281250       1.61088005E+17
   108.351562       1.58764085E+17
   108.421875       1.56463013E+17
   108.492188       1.54240230E+17
   108.562500       1.52176343E+17
   108.632812       1.50363180E+17
   108.703125       1.48896535E+17
   108.773438       1.47856757E+17
   108.843750       1.47299906E+17
   108.914062       1.47241701E+17
   108.984375       1.47657316E+17
   109.054688       1.48477019E+17
   109.125000       1.49596460E+17
   109.195312       1.50880157E+17
   109.265625       1.52179487E+17
   109.335938       1.53342015E+17
   109.406250       1.54228307E+17
   109.476562       1.54714411E+17
   109.546875       1.54700238E+17
   109.617188       1.54104904E+17
   109.687500       1.52869912E+17
   109.757812       1.50952690E+17
   109.828125       1.48333327E+17
   109.898438       0.00000000    
   109.968750       0.00000000    
   110.039062       0.00000000    
   110.109375       0.00000000    
   110.179688       0.00000000    
   110.250000       0.00000000    
