2007 01 13 04 23 21.0 46.240 154.520
12. 1.785E+21 8.101 210 47 -128 79 55 -57
  -1.12500000       0.00000000    
  -1.05468750       1.31614548E+17
 -0.984375000       1.20743256E+17
 -0.914062500       1.94169029E+17
 -0.843750000       3.18231650E+17
 -0.773437500       4.67771382E+17
 -0.703125000       5.35577680E+17
 -0.632812500       6.40141786E+17
 -0.562500000       7.86189915E+17
 -0.492187500       9.55376442E+17
 -0.421875000       1.05156089E+18
 -0.351562500       1.08294659E+18
 -0.281250000       1.07839674E+18
 -0.210937500       1.05089672E+18
 -0.140625000       1.01561030E+18
  -7.03125000E-02   9.82487719E+17
   0.00000000       9.56494439E+17
   7.03125000E-02   1.04210338E+18
  0.140625000       1.20969451E+18
  0.210937500       1.41939639E+18
  0.281250000       1.54112869E+18
  0.351562500       1.58882907E+18
  0.421875000       1.59960181E+18
  0.492187500       1.59262253E+18
  0.562500000       1.69313466E+18
  0.632812500       1.84958389E+18
  0.703125000       2.03232960E+18
  0.773437500       2.10816607E+18
  0.843750000       2.11815156E+18
  0.914062500       2.19741508E+18
  0.984375000       2.32898223E+18
   1.05468750       2.49890488E+18
   1.12500000       2.59330208E+18
   1.19531250       2.64283398E+18
   1.26562500       2.75716257E+18
   1.33593750       2.91301422E+18
   1.40625000       3.09175853E+18
   1.47656250       3.19137236E+18
   1.54687500       3.23954444E+18
   1.61718750       3.25826472E+18
   1.68750000       3.26352918E+18
   1.75781250       3.26597312E+18
   1.82812500       3.27163368E+18
   1.89843750       3.28333029E+18
   1.96875000       3.30171275E+18
   2.03906250       3.32644434E+18
   2.10937500       3.35667761E+18
   2.17968750       3.39156126E+18
   2.25000000       3.43020690E+18
   2.32031250       3.47192127E+18
   2.39062500       3.51605044E+18
   2.46093750       3.56212136E+18
   2.53125000       3.60963015E+18
   2.60156250       3.65814528E+18
   2.67187500       3.70709361E+18
   2.74218750       3.75592677E+18
   2.81250000       3.80400484E+18
   2.88281250       3.85082864E+18
   2.95312500       3.89591604E+18
   3.02343750       3.93904136E+18
   3.09375000       3.98018069E+18
   3.16406250       4.01981176E+18
   3.23437500       4.05883123E+18
   3.30468750       4.09870255E+18
   3.37500000       4.14115112E+18
   3.44531250       4.18805298E+18
   3.51562500       4.24092383E+18
   3.58593750       4.30083017E+18
   3.65625000       4.36819312E+18
   3.72656250       4.44316415E+18
   3.79687500       4.52574874E+18
   3.86718750       4.61613904E+18
   3.93750000       4.71443978E+18
   4.00781250       4.82047668E+18
   4.07812500       4.93320851E+18
   4.14843750       5.05071331E+18
   4.21875000       5.17021429E+18
   4.28906250       5.28880376E+18
   4.35937500       5.40395781E+18
   4.42968750       5.51430590E+18
   4.50000000       5.61981449E+18
   4.57031250       5.72196681E+18
   4.64062500       5.82324173E+18
   4.71093750       5.92667994E+18
   4.78125000       6.03527210E+18
   4.85156250       6.15150752E+18
   4.92187500       6.27615696E+18
   4.99218750       6.40825668E+18
   5.06250000       6.54529047E+18
   5.13281250       6.68682950E+18
   5.20312500       6.83530315E+18
   5.27343750       6.99223699E+18
   5.34375000       7.15672503E+18
   5.41406250       7.32851658E+18
   5.48437500       7.50962923E+18
   5.55468750       7.70109764E+18
   5.62500000       7.89988769E+18
   5.69531250       8.10173714E+18
   5.76562500       8.30365750E+18
   5.83593750       8.50377356E+18
   5.90625000       8.70090830E+18
   5.97656250       8.89475165E+18
   6.04687500       9.08524644E+18
   6.11718750       9.27252351E+18
   6.18750000       9.45616724E+18
   6.25781250       9.63530407E+18
   6.32812500       9.80822536E+18
   6.39843750       9.97297948E+18
   6.46875000       1.01274543E+19
   6.53906250       1.02702006E+19
   6.60937500       1.04003981E+19
   6.67968750       1.05183449E+19
   6.75000000       1.06250712E+19
   6.82031250       1.07225111E+19
   6.89062500       1.08128381E+19
   6.96093750       1.08984252E+19
   7.03125000       1.09812064E+19
   7.10156250       1.10628440E+19
   7.17187500       1.11442958E+19
   7.24218750       1.12261600E+19
   7.31250000       1.13084573E+19
   7.38281250       1.13911142E+19
   7.45312500       1.14737524E+19
   7.52343750       1.15561003E+19
   7.59375000       1.16376973E+19
   7.66406250       1.17182420E+19
   7.73437500       1.17972551E+19
   7.80468750       1.18744386E+19
   7.87500000       1.19565457E+19
   7.94531250       1.20492346E+19
   8.01562500       1.21553144E+19
   8.08593750       1.22690555E+19
   8.15625000       1.23852662E+19
   8.22656250       1.25015121E+19
   8.29687500       1.26168728E+19
   8.36718750       1.27313375E+19
   8.43750000       1.28449632E+19
   8.50781250       1.29579644E+19
   8.57812500       1.30705115E+19
   8.64843750       1.31831961E+19
   8.71875000       1.32969208E+19
   8.78906250       1.34132227E+19
   8.85937500       1.35338743E+19
   8.92968750       1.36609174E+19
   9.00000000       1.37961782E+19
   9.07031250       1.39414259E+19
   9.14062500       1.40980425E+19
   9.21093750       1.42696796E+19
   9.28125000       1.44636533E+19
   9.35156250       1.46850883E+19
   9.42187500       1.49348479E+19
   9.49218750       1.52085394E+19
   9.56250000       1.55026719E+19
   9.63281250       1.58144583E+19
   9.70312500       1.61411386E+19
   9.77343750       1.64800179E+19
   9.84375000       1.68283069E+19
   9.91406250       1.71836548E+19
   9.98437500       1.75442484E+19
   10.0546875       1.79092962E+19
   10.1250000       1.82788530E+19
   10.1953125       1.86539031E+19
   10.2656250       1.90357041E+19
   10.3359375       1.94255249E+19
   10.4062500       1.98240473E+19
   10.4765625       2.02314186E+19
   10.5468750       2.06469812E+19
   10.6171875       2.10697126E+19
   10.6875000       2.14982385E+19
   10.7578125       2.19314549E+19
   10.8281250       2.23685019E+19
   10.8984375       2.28090828E+19
   10.9687500       2.32532482E+19
   11.0390625       2.37015476E+19
   11.1093750       2.41547158E+19
   11.1796875       2.46138872E+19
   11.2500000       2.50804056E+19
   11.3203125       2.55562214E+19
   11.3906250       2.60436437E+19
   11.4609375       2.65454850E+19
   11.5312500       2.70645315E+19
   11.6015625       2.76035253E+19
   11.6718750       2.81644367E+19
   11.7421875       2.87484621E+19
   11.8125000       2.93556213E+19
   11.8828125       2.99852346E+19
   11.9531250       3.06360883E+19
   12.0234375       3.13070895E+19
   12.0937500       3.19975256E+19
   12.1640625       3.27075550E+19
   12.2343750       3.34379738E+19
   12.3046875       3.41902289E+19
   12.3750000       3.49659101E+19
   12.4453125       3.57667988E+19
   12.5156250       3.65944320E+19
   12.5859375       3.74501489E+19
   12.6562500       3.83347060E+19
   12.7265625       3.92484397E+19
   12.7968750       4.01908180E+19
   12.8671875       4.11604861E+19
   12.9375000       4.21549108E+19
   13.0078125       4.31705868E+19
   13.0781250       4.42028875E+19
   13.1484375       4.52463944E+19
   13.2187500       4.62949063E+19
   13.2890625       4.73420988E+19
   13.3593750       4.83814495E+19
   13.4296875       4.94069288E+19
   13.5000000       5.04130040E+19
   13.5703125       5.13951273E+19
   13.6406250       5.23496705E+19
   13.7109375       5.32741399E+19
   13.7812500       5.41669522E+19
   13.8515625       5.50277906E+19
   13.9218750       5.58571830E+19
   13.9921875       5.66566511E+19
   14.0625000       5.74281784E+19
   14.1328125       5.81742146E+19
   14.2031250       5.88971523E+19
   14.2734375       5.95992829E+19
   14.3437500       6.02823787E+19
   14.4140625       6.09478427E+19
   14.4843750       6.15966337E+19
   14.5546875       6.22295698E+19
   14.6250000       6.28472666E+19
   14.6953125       6.34505115E+19
   14.7656250       6.40400344E+19
   14.8359375       6.46166799E+19
   14.9062500       6.51811296E+19
   14.9765625       6.57340256E+19
   15.0468750       6.62757858E+19
   15.1171875       6.68067575E+19
   15.1875000       6.73270420E+19
   15.2578125       6.78370659E+19
   15.3281250       6.83375328E+19
   15.3984375       6.88300304E+19
   15.4687500       6.93168326E+19
   15.5390625       6.98009872E+19
   15.6093750       7.02854716E+19
   15.6796875       7.07727399E+19
   15.7500000       7.12639709E+19
   15.8203125       7.17593053E+19
   15.8906250       7.22580834E+19
   15.9609375       7.27598037E+19
   16.0312500       7.32646687E+19
   16.1015625       7.37743627E+19
   16.1718750       7.42917753E+19
   16.2421875       7.48207547E+19
   16.3125000       7.53647667E+19
   16.3828125       7.59261333E+19
   16.4531250       7.65049339E+19
   16.5234375       7.70988900E+19
   16.5937500       7.77035159E+19
   16.6640625       7.83132523E+19
   16.7343750       7.89223465E+19
   16.8046875       7.95262159E+19
   16.8750000       8.01216322E+19
   16.9453125       8.07071442E+19
   17.0156250       8.12821975E+19
   17.0859375       8.18467484E+19
   17.1562500       8.24002513E+19
   17.2265625       8.29417476E+19
   17.2968750       8.34697331E+19
   17.3671875       8.39830203E+19
   17.4375000       8.44810727E+19
   17.5078125       8.49647962E+19
   17.5781250       8.54364163E+19
   17.6484375       8.58991524E+19
   17.7187500       8.63560655E+19
   17.7890625       8.68091610E+19
   17.8593750       8.72583423E+19
   17.9296875       8.77014543E+19
   18.0000000       8.81344332E+19
   18.0703125       8.85525554E+19
   18.1406250       8.89514846E+19
   18.2109375       8.93284500E+19
   18.2812500       8.96825807E+19
   18.3515625       9.00153105E+19
   18.4218750       9.03296477E+19
   18.4921875       9.06298320E+19
   18.5625000       9.09200151E+19
   18.6328125       9.12039618E+19
   18.7031250       9.14843372E+19
   18.7734375       9.17626720E+19
   18.8437500       9.20391860E+19
   18.9140625       9.23129116E+19
   18.9843750       9.25819841E+19
   19.0546875       9.28439317E+19
   19.1250000       9.30960453E+19
   19.1953125       9.33361083E+19
   19.2656250       9.35626253E+19
   19.3359375       9.37753236E+19
   19.4062500       9.39749334E+19
   19.4765625       9.41635128E+19
   19.5468750       9.43439822E+19
   19.6171875       9.45199569E+19
   19.6875000       9.46950255E+19
   19.7578125       9.48724691E+19
   19.8281250       9.50542668E+19
   19.8984375       9.52408319E+19
   19.9687500       9.54299215E+19
   20.0390625       9.56168473E+19
   20.1093750       9.57942117E+19
   20.1796875       9.59530164E+19
   20.2500000       9.60832953E+19
   20.3203125       9.61755575E+19
   20.3906250       9.62215523E+19
   20.4609375       9.62154918E+19
   20.5312500       9.61543589E+19
   20.6015625       9.60385936E+19
   20.6718750       9.58717317E+19
   20.7421875       9.56601241E+19
   20.8125000       9.54116344E+19
   20.8828125       9.51347510E+19
   20.9531250       9.48374783E+19
   21.0234375       9.45269850E+19
   21.0937500       9.42090766E+19
   21.1640625       9.38886173E+19
   21.2343750       9.35692488E+19
   21.3046875       9.32534338E+19
   21.3750000       9.29420082E+19
   21.4453125       9.26340745E+19
   21.5156250       9.23269238E+19
   21.5859375       9.20165448E+19
   21.6562500       9.16977480E+19
   21.7265625       9.13652557E+19
   21.7968750       9.10138166E+19
   21.8671875       9.06392174E+19
   21.9375000       9.02381156E+19
   22.0078125       8.98087255E+19
   22.0781250       8.93505194E+19
   22.1484375       8.88644737E+19
   22.2187500       8.83524267E+19
   22.2890625       8.78169470E+19
   22.3593750       8.72610251E+19
   22.4296875       8.66881444E+19
   22.5000000       8.61018496E+19
   22.5703125       8.55057999E+19
   22.6406250       8.49031180E+19
   22.7109375       8.42962844E+19
   22.7812500       8.36863721E+19
   22.8515625       8.30733459E+19
   22.9218750       8.24559482E+19
   22.9921875       8.18324283E+19
   23.0625000       8.12005962E+19
   23.1328125       8.05585781E+19
   23.2031250       7.99048525E+19
   23.2734375       7.92388035E+19
   23.3437500       7.85607655E+19
   23.4140625       7.78723481E+19
   23.4843750       7.71761813E+19
   23.5546875       7.64759155E+19
   23.6250000       7.57756234E+19
   23.6953125       7.50799492E+19
   23.7656250       7.43939683E+19
   23.8359375       7.37238028E+19
   23.9062500       7.30762036E+19
   23.9765625       7.24584760E+19
   24.0468750       7.18773841E+19
   24.1171875       7.13385750E+19
   24.1875000       7.08456595E+19
   24.2578125       7.04003002E+19
   24.3281250       7.00022462E+19
   24.3984375       6.96498395E+19
   24.4687500       6.93400279E+19
   24.5390625       6.90686728E+19
   24.6093750       6.88305362E+19
   24.6796875       6.86195619E+19
   24.7500000       6.84291309E+19
   24.8203125       6.82527912E+19
   24.8906250       6.80845703E+19
   24.9609375       6.79194897E+19
   25.0312500       6.77532039E+19
   25.1015625       6.75819264E+19
   25.1718750       6.74019276E+19
   25.2421875       6.72095614E+19
   25.3125000       6.70010412E+19
   25.3828125       6.67729277E+19
   25.4531250       6.65221863E+19
   25.5234375       6.62466663E+19
   25.5937500       6.59451362E+19
   25.6640625       6.56174598E+19
   25.7343750       6.52643626E+19
   25.8046875       6.48873708E+19
   25.8750000       6.44882481E+19
   25.9453125       6.40689648E+19
   26.0156250       6.36315439E+19
   26.0859375       6.31784263E+19
   26.1562500       6.27124577E+19
   26.2265625       6.22370333E+19
   26.2968750       6.17556099E+19
   26.3671875       6.12713278E+19
   26.4375000       6.07862672E+19
   26.5078125       6.03015322E+19
   26.5781250       5.98175139E+19
   26.6484375       5.93348019E+19
   26.7187500       5.88547684E+19
   26.7890625       5.83803775E+19
   26.8593750       5.79161065E+19
   26.9296875       5.74678532E+19
   27.0000000       5.70419112E+19
   27.0703125       5.66442134E+19
   27.1406250       5.62792547E+19
   27.2109375       5.59496695E+19
   27.2812500       5.56556909E+19
   27.3515625       5.53953134E+19
   27.4218750       5.51645742E+19
   27.4921875       5.49583454E+19
   27.5625000       5.47707908E+19
   27.6328125       5.45961487E+19
   27.7031250       5.44288734E+19
   27.7734375       5.42639819E+19
   27.8437500       5.40968693E+19
   27.9140625       5.39236654E+19
   27.9843750       5.37411465E+19
   28.0546875       5.35470607E+19
   28.1250000       5.33399787E+19
   28.1953125       5.31195354E+19
   28.2656250       5.28860739E+19
   28.3359375       5.26406937E+19
   28.4062500       5.23845383E+19
   28.4765625       5.21185532E+19
   28.5468750       5.18428573E+19
   28.6171875       5.15566060E+19
   28.6875000       5.12577324E+19
   28.7578125       5.09433116E+19
   28.8281250       5.06099177E+19
   28.8984375       5.02547534E+19
   28.9687500       4.98762048E+19
   29.0390625       4.94746631E+19
   29.1093750       4.90524595E+19
   29.1796875       4.86134333E+19
   29.2500000       4.81617363E+19
   29.3203125       4.77008870E+19
   29.3906250       4.72329261E+19
   29.4609375       4.67584780E+19
   29.5312500       4.62769139E+19
   29.6015625       4.57872442E+19
   29.6718750       4.52886157E+19
   29.7421875       4.47807952E+19
   29.8125000       4.42640951E+19
   29.8828125       4.37393994E+19
   29.9531250       4.32078471E+19
   30.0234375       4.26708852E+19
   30.0937500       4.21300222E+19
   30.1640625       4.15870350E+19
   30.2343750       4.10439686E+19
   30.3046875       4.05035850E+19
   30.3750000       3.99692576E+19
   30.4453125       3.94452479E+19
   30.5156250       3.89362664E+19
   30.5859375       3.84472476E+19
   30.6562500       3.79824401E+19
   30.7265625       3.75450763E+19
   30.7968750       3.71367441E+19
   30.8671875       3.67574896E+19
   30.9375000       3.64057272E+19
   31.0078125       3.60789150E+19
   31.0781250       3.57740732E+19
   31.1484375       3.54888401E+19
   31.2187500       3.52220084E+19
   31.2890625       3.49742532E+19
   31.3593750       3.47480045E+19
   31.4296875       3.45473590E+19
   31.5000000       3.43770271E+19
   31.5703125       3.42414243E+19
   31.6406250       3.41431961E+19
   31.7109375       3.40823954E+19
   31.7812500       3.40557542E+19
   31.8515625       3.40572275E+19
   31.9218750       3.40787868E+19
   31.9921875       3.41119524E+19
   32.0625000       3.41487135E+19
   32.1328125       3.41826136E+19
   32.2031250       3.42089557E+19
   32.2734375       3.42249866E+19
   32.3437500       3.42293253E+19
   32.4140625       3.42215605E+19
   32.4843750       3.42014131E+19
   32.5546875       3.41684387E+19
   32.6250000       3.41216347E+19
   32.6953125       3.40596882E+19
   32.7656250       3.39810798E+19
   32.8359375       3.38845294E+19
   32.9062500       3.37688520E+19
   32.9765625       3.36332449E+19
   33.0468750       3.34770966E+19
   33.1171875       3.33004843E+19
   33.1875000       3.31044040E+19
   33.2578125       3.28917694E+19
   33.3281250       3.26678539E+19
   33.3984375       3.24407959E+19
   33.4687500       3.22209508E+19
   33.5390625       3.20199314E+19
   33.6093750       3.18486561E+19
   33.6796875       3.17157867E+19
   33.7500000       3.16259830E+19
   33.8203125       3.15794165E+19
   33.8906250       3.15717045E+19
   33.9609375       3.15951703E+19
   34.0312500       3.16402239E+19
   34.1015625       3.16973083E+19
   34.1718750       3.17581201E+19
   34.2421875       3.18165592E+19
   34.3125000       3.18685111E+19
   34.3828125       3.19116405E+19
   34.4531250       3.19446677E+19
   34.5234375       3.19673484E+19
   34.5937500       3.19801929E+19
   34.6640625       3.19849120E+19
   34.7343750       3.19842831E+19
   34.8046875       3.19820621E+19
   34.8750000       3.19819081E+19
   34.9453125       3.19865943E+19
   35.0156250       3.19969648E+19
   35.0859375       3.20118500E+19
   35.1562500       3.20282657E+19
   35.2265625       3.20426320E+19
   35.2968750       3.20517315E+19
   35.3671875       3.20537194E+19
   35.4375000       3.20480745E+19
   35.5078125       3.20354346E+19
   35.5781250       3.20166659E+19
   35.6484375       3.19924832E+19
   35.7187500       3.19629174E+19
   35.7890625       3.19277440E+19
   35.8593750       3.18867388E+19
   35.9296875       3.18403966E+19
   36.0000000       3.17898454E+19
   36.0703125       3.17368446E+19
   36.1406250       3.16831071E+19
   36.2109375       3.16298731E+19
   36.2812500       3.15771493E+19
   36.3515625       3.15237614E+19
   36.4218750       3.14674422E+19
   36.4921875       3.14058036E+19
   36.5625000       3.13369654E+19
   36.6328125       3.12604856E+19
   36.7031250       3.11774065E+19
   36.7734375       3.10901140E+19
   36.8437500       3.10013527E+19
   36.9140625       3.09135347E+19
   36.9843750       3.08279333E+19
   37.0546875       3.07446013E+19
   37.1250000       3.06623007E+19
   37.1953125       3.05790874E+19
   37.2656250       3.04926042E+19
   37.3359375       3.04007159E+19
   37.4062500       3.03014344E+19
   37.4765625       3.01930753E+19
   37.5468750       3.00738926E+19
   37.6171875       2.99422305E+19
   37.6875000       2.97964485E+19
   37.7578125       2.96355063E+19
   37.8281250       2.94593030E+19
   37.8984375       2.92693492E+19
   37.9687500       2.90687059E+19
   38.0390625       2.88620175E+19
   38.1093750       2.86547552E+19
   38.1796875       2.84526319E+19
   38.2500000       2.82607584E+19
   38.3203125       2.80835809E+19
   38.3906250       2.79249587E+19
   38.4609375       2.77889381E+19
   38.5312500       2.76800073E+19
   38.6015625       2.76033472E+19
   38.6718750       2.75640330E+19
   38.7421875       2.75661507E+19
   38.8125000       2.76113098E+19
   38.8828125       2.76978458E+19
   38.9531250       2.78203204E+19
   39.0234375       2.79700387E+19
   39.0937500       2.81357483E+19
   39.1640625       2.83047828E+19
   39.2343750       2.84637436E+19
   39.3046875       2.85992166E+19
   39.3750000       2.86979440E+19
   39.4453125       2.87475122E+19
   39.5156250       2.87368777E+19
   39.5859375       2.86576447E+19
   39.6562500       2.85049643E+19
   39.7265625       2.82786364E+19
   39.7968750       2.79831976E+19
   39.8671875       2.76275738E+19
   39.9375000       2.72233845E+19
   40.0078125       2.67831225E+19
   40.0781250       2.58498834E+19
   40.1484375       2.54526584E+19
   40.2187500       2.50320755E+19
   40.2890625       2.45889283E+19
   40.3593750       2.36417672E+19
   40.4296875       2.27190109E+19
   40.5000000       2.23005191E+19
   40.5703125       2.18728861E+19
   40.6406250       2.14404657E+19
   40.7109375       2.10078739E+19
   40.7812500       2.05793062E+19
   40.8515625       1.97041434E+19
   40.9218750       1.89898940E+19
   40.9921875       1.86815382E+19
   41.0625000       1.83790438E+19
   41.1328125       1.80801977E+19
   41.2031250       1.74024455E+19
   41.2734375       1.71218853E+19
   41.3437500       1.68384818E+19
   41.4140625       1.65518765E+19
   41.4843750       1.62623410E+19
   41.5546875       1.59710485E+19
   41.6250000       1.56799825E+19
   41.6953125       1.53920952E+19
   41.7656250       1.51111194E+19
   41.8359375       1.48415752E+19
   41.9062500       1.45883093E+19
   41.9765625       1.43562035E+19
   42.0468750       1.41494821E+19
   42.1171875       1.39713711E+19
   42.1875000       1.38236055E+19
   42.2578125       1.37065317E+19
   42.3281250       1.31652444E+19
   42.3984375       1.32146322E+19
   42.4687500       1.32873089E+19
   42.5390625       1.33758910E+19
   42.6093750       1.34722456E+19
   42.6796875       1.35679878E+19
   42.7500000       1.36547887E+19
   42.8203125       1.37250981E+19
   42.8906250       1.37726036E+19
   42.9609375       1.37927653E+19
   43.0312500       1.34526171E+19
   43.1015625       1.34480970E+19
   43.1718750       1.34121958E+19
   43.2421875       1.33455973E+19
   43.3125000       1.32493196E+19
   43.3828125       1.31247219E+19
   43.4531250       1.29733521E+19
   43.5234375       1.27970036E+19
   43.5937500       1.25975060E+19
   43.6640625       1.20682946E+19
   43.7343750       1.18948104E+19
   43.8046875       1.13698100E+19
   43.8750000       1.12313200E+19
   43.9453125       1.10803152E+19
   44.0156250       1.09148288E+19
   44.0859375       1.02825800E+19
   44.1562500       1.01476853E+19
   44.2265625       9.98636384E+18
   44.2968750       9.79803179E+18
   44.3671875       9.58281888E+18
   44.4375000       9.34118251E+18
   44.5078125       9.07361965E+18
   44.5781250       8.78044092E+18
   44.6484375       8.46185028E+18
   44.7187500       8.11801925E+18
   44.7890625       7.74928758E+18
   44.8593750       7.35606649E+18
   44.9296875       6.93875180E+18
   45.0000000       6.49756726E+18
   45.0703125       6.03286417E+18
   45.1406250       5.54581351E+18
   45.2109375       4.61642216E+18
   45.2812500       3.84640668E+18
   45.3515625       3.56395452E+18
   45.4218750       3.27397564E+18
   45.4921875       2.59360142E+18
   45.5625000       2.44186249E+18
   45.6328125       2.27962144E+18
   45.7031250       2.10644328E+18
   45.7734375       1.92356233E+18
   45.8437500       1.73467764E+18
   45.9140625       1.54691253E+18
   45.9843750       1.15017314E+18
   46.0546875       1.12709191E+18
   46.1250000       1.10386727E+18
   46.1953125       1.08018551E+18
   46.2656250       1.05539331E+18
   46.3359375       1.02856159E+18
   46.4062500       9.98681532E+17
   46.4765625       9.64742426E+17
   46.5468750       9.25903690E+17
   46.6171875       8.81545267E+17
   46.6875000       8.31419219E+17
   46.7578125       7.75665459E+17
   46.8281250       7.14909676E+17
   46.8984375       6.50212831E+17
   46.9687500       5.83083180E+17
   47.0390625       5.15331995E+17
   47.1093750       4.48990865E+17
   47.1796875       3.86087873E+17
   47.2500000       0.00000000    
   47.3203125       0.00000000    
   47.3906250       0.00000000    
   47.4609375       0.00000000    
   47.5312500       0.00000000    
   47.6015625       0.00000000    
   47.6718750       0.00000000    
   47.7421875       0.00000000    
   47.8125000       0.00000000    
   47.8828125       0.00000000    
   47.9531250       0.00000000    
   48.0234375       0.00000000    
   48.0937500       0.00000000    
   48.1640625       0.00000000    
   48.2343750       0.00000000    
   48.3046875       0.00000000    
   48.3750000       0.00000000    
   48.4453125       0.00000000    
   48.5156250       0.00000000    
   48.5859375       0.00000000    
   48.6562500       0.00000000    
   48.7265625       0.00000000    
   48.7968750       0.00000000    
   48.8671875       0.00000000    
   48.9375000       0.00000000    
   49.0078125       0.00000000    
   49.0781250       0.00000000    
   49.1484375       0.00000000    
   49.2187500       0.00000000    
   49.2890625       0.00000000    
   49.3593750       0.00000000    
   49.4296875       0.00000000    
   49.5000000       0.00000000    
   49.5703125       0.00000000    
   49.6406250       0.00000000    
   49.7109375       0.00000000    
   49.7812500       0.00000000    
   49.8515625       0.00000000    
   49.9218750       0.00000000    
   49.9921875       0.00000000    
   50.0625000       0.00000000    
   50.1328125       0.00000000    
   50.2031250       0.00000000    
   50.2734375       0.00000000    
   50.3437500       0.00000000    
   50.4140625       0.00000000    
   50.4843750       0.00000000    
   50.5546875       0.00000000    
   50.6250000       0.00000000    
   50.6953125       0.00000000    
   50.7656250       0.00000000    
   50.8359375       0.00000000    
   50.9062500       0.00000000    
   50.9765625       0.00000000    
   51.0468750       0.00000000    
   51.1171875       0.00000000    
   51.1875000       0.00000000    
   51.2578125       0.00000000    
   51.3281250       0.00000000    
   51.3984375       0.00000000    
   51.4687500       0.00000000    
   51.5390625       0.00000000    
   51.6093750       0.00000000    
   51.6796875       0.00000000    
   51.7500000       0.00000000    
   51.8203125       0.00000000    
   51.8906250       0.00000000    
   51.9609375       0.00000000    
   52.0312500       0.00000000    
   52.1015625       0.00000000    
   52.1718750       0.00000000    
   52.2421875       0.00000000    
   52.3125000       0.00000000    
   52.3828125       0.00000000    
   52.4531250       0.00000000    
   52.5234375       0.00000000    
   52.5937500       0.00000000    
   52.6640625       0.00000000    
   52.7343750       0.00000000    
   52.8046875       0.00000000    
   52.8750000       0.00000000    
   52.9453125       0.00000000    
   53.0156250       0.00000000    
   53.0859375       0.00000000    
   53.1562500       0.00000000    
   53.2265625       0.00000000    
   53.2968750       0.00000000    
   53.3671875       0.00000000    
   53.4375000       0.00000000    
   53.5078125       0.00000000    
   53.5781250       0.00000000    
   53.6484375       0.00000000    
   53.7187500       0.00000000    
   53.7890625       0.00000000    
   53.8593750       0.00000000    
   53.9296875       0.00000000    
   54.0000000       0.00000000    
   54.0703125       0.00000000    
   54.1406250       0.00000000    
   54.2109375       0.00000000    
   54.2812500       0.00000000    
   54.3515625       0.00000000    
