2004 11 11 21 26 41.0 -8.150 124.870
17. 3.260E+20 7.609 78 23 99 248 67 86
  -1.12500000       0.00000000    
  -1.05468750       1.82219897E+17
 -0.984375000       1.75579620E+17
 -0.914062500       1.68692503E+17
 -0.843750000       1.61491131E+17
 -0.773437500       1.53802916E+17
 -0.703125000       1.45547611E+17
 -0.632812500       1.36873031E+17
 -0.562500000       1.27816784E+17
 -0.492187500       1.18234548E+17
 -0.421875000       1.07788037E+17
 -0.351562500       9.64249793E+16
 -0.281250000       8.43941660E+16
 -0.210937500       7.22788192E+16
 -0.140625000       6.07943773E+16
  -7.03125000E-02   5.06683777E+16
   0.00000000       4.21594076E+16
   7.03125000E-02   7.39391247E+16
  0.140625000       7.07011746E+16
  0.210937500       7.14963062E+16
  0.281250000       7.69334643E+16
  0.351562500       8.77865460E+16
  0.421875000       1.03877555E+17
  0.492187500       1.24590335E+17
  0.562500000       1.48806186E+17
  0.632812500       1.75276052E+17
  0.703125000       2.03109656E+17
  0.773437500       2.31766571E+17
  0.843750000       2.60848860E+17
  0.914062500       2.89727293E+17
  0.984375000       3.17741371E+17
   1.05468750       3.44184145E+17
   1.12500000       3.68588699E+17
   1.19531250       3.91774238E+17
   1.26562500       4.14905076E+17
   1.33593750       4.38937068E+17
   1.40625000       4.63574512E+17
   1.47656250       4.88197250E+17
   1.54687500       5.13029892E+17
   1.61718750       5.39773142E+17
   1.68750000       5.69383540E+17
   1.75781250       6.01713030E+17
   1.82812500       6.35040808E+17
   1.89843750       6.70274658E+17
   1.96875000       7.10785133E+17
   2.03906250       7.58561593E+17
   2.10937500       8.12827852E+17
   2.17968750       8.70535926E+17
   2.25000000       9.30421583E+17
   2.32031250       9.92616901E+17
   2.39062500       1.06382684E+18
   2.46093750       1.15008566E+18
   2.53125000       1.25799221E+18
   2.60156250       1.38980469E+18
   2.67187500       1.54441238E+18
   2.74218750       1.71720517E+18
   2.81250000       1.90015483E+18
   2.88281250       2.08832965E+18
   2.95312500       2.27875310E+18
   3.02343750       2.46950641E+18
   3.09375000       2.65894567E+18
   3.16406250       2.85067191E+18
   3.23437500       3.04842677E+18
   3.30468750       3.25312423E+18
   3.37500000       3.45848111E+18
   3.44531250       3.65687150E+18
   3.51562500       3.84299490E+18
   3.58593750       4.01349892E+18
   3.65625000       4.16638793E+18
   3.72656250       4.30073286E+18
   3.79687500       4.41639049E+18
   3.86718750       4.51407193E+18
   3.93750000       4.59533078E+18
   4.00781250       4.66270666E+18
   4.07812500       4.71959759E+18
   4.14843750       4.77015533E+18
   4.21875000       4.81885325E+18
   4.28906250       4.87011193E+18
   4.35937500       4.92770930E+18
   4.42968750       4.99444966E+18
   4.50000000       5.07180690E+18
   4.57031250       5.15993165E+18
   4.64062500       5.25766669E+18
   4.71093750       5.36288995E+18
   4.78125000       5.47283837E+18
   4.85156250       5.58468509E+18
   4.92187500       5.69599910E+18
   4.99218750       5.80525702E+18
   5.06250000       5.91194263E+18
   5.13281250       6.01646441E+18
   5.20312500       6.11960079E+18
   5.27343750       6.22199117E+18
   5.34375000       6.32354261E+18
   5.41406250       6.42326996E+18
   5.48437500       6.51928042E+18
   5.55468750       6.60919848E+18
   5.62500000       6.69049252E+18
   5.69531250       6.76092449E+18
   5.76562500       6.81871537E+18
   5.83593750       6.86275466E+18
   5.90625000       6.89255032E+18
   5.97656250       6.90824695E+18
   6.04687500       6.91041684E+18
   6.11718750       6.89997203E+18
   6.18750000       6.87790868E+18
   6.25781250       6.84526582E+18
   6.32812500       6.80298411E+18
   6.39843750       6.75201295E+18
   6.46875000       6.69328748E+18
   6.53906250       6.62787863E+18
   6.60937500       6.55693704E+18
   6.67968750       6.48179477E+18
   6.75000000       6.40388887E+18
   6.82031250       6.32487687E+18
   6.89062500       6.24657680E+18
   6.96093750       6.17104804E+18
   7.03125000       6.10038903E+18
   7.10156250       6.03660526E+18
   7.17187500       5.98124980E+18
   7.24218750       5.93530066E+18
   7.31250000       5.89901072E+18
   7.38281250       5.87211172E+18
   7.45312500       5.85394944E+18
   7.52343750       5.84386692E+18
   7.59375000       5.84135014E+18
   7.66406250       5.84626275E+18
   7.73437500       5.85875595E+18
   7.80468750       5.87921622E+18
   7.87500000       5.90794151E+18
   7.94531250       5.94493183E+18
   8.01562500       5.98957695E+18
   8.08593750       6.04063277E+18
   8.15625000       6.09619879E+18
   8.22656250       6.15402485E+18
   8.29687500       6.21178880E+18
   8.36718750       6.26759836E+18
   8.43750000       6.32026112E+18
   8.50781250       6.36956047E+18
   8.57812500       6.41613413E+18
   8.64843750       6.46131746E+18
   8.71875000       6.50668881E+18
   8.78906250       6.55378144E+18
   8.85937500       6.60372511E+18
   8.92968750       6.65721580E+18
   9.00000000       6.71445583E+18
   9.07031250       6.77538361E+18
   9.14062500       6.83978366E+18
   9.21093750       6.90761968E+18
   9.28125000       6.97914291E+18
   9.35156250       7.05511806E+18
   9.42187500       7.13677330E+18
   9.49218750       7.22581724E+18
   9.56250000       7.32417571E+18
   9.63281250       7.43380911E+18
   9.70312500       7.55627546E+18
   9.77343750       7.69249561E+18
   9.84375000       7.84233705E+18
   9.91406250       8.00450512E+18
   9.98437500       8.17639837E+18
   10.0546875       8.35435873E+18
   10.1250000       8.53395351E+18
   10.1953125       8.71058180E+18
   10.2656250       8.88001435E+18
   10.3359375       9.03907520E+18
   10.4062500       9.18598479E+18
   10.4765625       9.32053588E+18
   10.5468750       9.44371527E+18
   10.6171875       9.55721565E+18
   10.6875000       9.66270940E+18
   10.7578125       9.76145983E+18
   10.8281250       9.85411128E+18
   10.8984375       9.94094081E+18
   10.9687500       1.00221474E+19
   11.0390625       1.00982556E+19
   11.1093750       1.01702077E+19
   11.1796875       1.02393868E+19
   11.2500000       1.03072794E+19
   11.3203125       1.03751995E+19
   11.3906250       1.04438585E+19
   11.4609375       1.05132036E+19
   11.5312500       1.05822563E+19
   11.6015625       1.06492726E+19
   11.6718750       1.07118854E+19
   11.7421875       1.07675504E+19
   11.8125000       1.08138343E+19
   11.8828125       1.08489164E+19
   11.9531250       1.08717830E+19
   12.0234375       1.08824603E+19
   12.0937500       1.08819358E+19
   12.1640625       1.08720853E+19
   12.2343750       1.08553112E+19
   12.3046875       1.08342500E+19
   12.3750000       1.08112911E+19
   12.4453125       1.07882520E+19
   12.5156250       1.07660033E+19
   12.5859375       1.07444199E+19
   12.6562500       1.07224143E+19
   12.7265625       1.06983273E+19
   12.7968750       1.06702546E+19
   12.8671875       1.06365457E+19
   12.9375000       1.05960397E+19
   13.0078125       1.05483242E+19
   13.0781250       1.04936543E+19
   13.1484375       1.04328953E+19
   13.2187500       1.03671885E+19
   13.2890625       1.02977411E+19
   13.3593750       1.02254702E+19
   13.4296875       1.01509948E+19
   13.5000000       1.00746095E+19
   13.5703125       9.99660139E+18
   13.6406250       9.91753001E+18
   13.7109375       9.83864665E+18
   13.7812500       9.76201399E+18
   13.8515625       9.69049405E+18
   13.9218750       9.62723695E+18
   13.9921875       9.57514759E+18
   14.0625000       9.53620069E+18
   14.1328125       9.51113512E+18
   14.2031250       9.49930767E+18
   14.2734375       9.49902400E+18
   14.3437500       9.50787177E+18
   14.4140625       9.52325504E+18
   14.4843750       9.54262184E+18
   14.5546875       9.56374785E+18
   14.6250000       9.58468805E+18
   14.6953125       9.60380086E+18
   14.7656250       9.61955906E+18
   14.8359375       9.63056078E+18
   14.9062500       9.63545690E+18
   14.9765625       9.63311934E+18
   15.0468750       9.62267728E+18
   15.1171875       9.60374039E+18
   15.1875000       9.57645051E+18
   15.2578125       9.54168615E+18
   15.3281250       9.50097233E+18
   15.3984375       9.45644651E+18
   15.4687500       9.41053860E+18
   15.5390625       9.36574890E+18
   15.6093750       9.32432370E+18
   15.6796875       9.28821793E+18
   15.7500000       9.25904899E+18
   15.8203125       9.23829571E+18
   15.8906250       9.22728960E+18
   15.9609375       9.22722583E+18
   16.0312500       9.23879599E+18
   16.1015625       9.26182086E+18
   16.1718750       9.29479411E+18
   16.2421875       9.33483063E+18
   16.3125000       9.37795348E+18
   16.3828125       9.41998121E+18
   16.4531250       9.45745037E+18
   16.5234375       9.48859843E+18
   16.5937500       9.51364750E+18
   16.6640625       9.53462839E+18
   16.7343750       9.55447677E+18
   16.8046875       9.57605029E+18
   16.8750000       9.60110266E+18
   16.9453125       9.62985599E+18
   17.0156250       9.66096997E+18
   17.0859375       9.69217081E+18
   17.1562500       9.72102419E+18
   17.2265625       9.74581268E+18
   17.2968750       9.76595794E+18
   17.3671875       9.78214495E+18
   17.4375000       9.79588334E+18
   17.5078125       9.80899172E+18
   17.5781250       9.82293463E+18
   17.6484375       9.83854110E+18
   17.7187500       9.85585181E+18
   17.7890625       9.87438298E+18
   17.8593750       9.89329787E+18
   17.9296875       9.91172019E+18
   18.0000000       9.92874833E+18
   18.0703125       9.94353786E+18
   18.1406250       9.95520038E+18
   18.2109375       9.96285408E+18
   18.2812500       9.96560286E+18
   18.3515625       9.96268146E+18
   18.4218750       9.95345655E+18
   18.4921875       9.93757631E+18
   18.5625000       9.91494066E+18
   18.6328125       9.88582230E+18
   18.7031250       9.85073578E+18
   18.7734375       9.81047276E+18
   18.8437500       9.76586887E+18
   18.9140625       9.71777184E+18
   18.9843750       9.66689853E+18
   19.0546875       9.61394715E+18
   19.1250000       9.55964557E+18
   19.1953125       9.50495147E+18
   19.2656250       9.45098524E+18
   19.3359375       9.39901462E+18
   19.4062500       9.35018201E+18
   19.4765625       9.30533623E+18
   19.5468750       9.26470598E+18
   19.6171875       9.22776239E+18
   19.6875000       9.19299198E+18
   19.7578125       9.15798243E+18
   19.8281250       9.11954845E+18
   19.8984375       9.07432224E+18
   19.9687500       9.01937250E+18
   20.0390625       8.95299003E+18
   20.1093750       8.87506709E+18
   20.1796875       8.78721612E+18
   20.2500000       8.69220127E+18
   20.3203125       8.59313692E+18
   20.3906250       8.49237328E+18
   20.4609375       8.39077345E+18
   20.5312500       8.28734789E+18
   20.6015625       8.17967547E+18
   20.6718750       8.06465171E+18
   20.7421875       7.93959820E+18
   20.8125000       7.80312957E+18
   20.8828125       7.65583734E+18
   20.9531250       7.50034276E+18
   21.0234375       7.34099933E+18
   21.0937500       7.18301656E+18
   21.1640625       7.03148901E+18
   21.2343750       6.89033041E+18
   21.3046875       6.76169634E+18
   21.3750000       6.64579572E+18
   21.4453125       6.54132893E+18
   21.5156250       6.44612551E+18
   21.5859375       6.35803044E+18
   21.6562500       6.27556542E+18
   21.7265625       6.19849350E+18
   21.7968750       6.12792740E+18
   21.8671875       6.06619642E+18
   21.9375000       6.01625660E+18
   22.0078125       5.98104254E+18
   22.0781250       5.96264826E+18
   22.1484375       5.96182967E+18
   22.2187500       5.97766044E+18
   22.2890625       6.00769690E+18
   22.3593750       6.04825513E+18
   22.4296875       6.09500032E+18
   22.5000000       6.14340027E+18
   22.5703125       6.18922902E+18
   22.6406250       6.22881419E+18
   22.7109375       6.25937456E+18
   22.7812500       6.27919491E+18
   22.8515625       6.28796461E+18
   22.9218750       6.28691788E+18
   22.9921875       6.27892938E+18
   23.0625000       6.26814152E+18
   23.1328125       6.25940315E+18
   23.2031250       6.25732342E+18
   23.2734375       6.26548895E+18
   23.3437500       6.28579857E+18
   23.4140625       6.31835951E+18
   23.4843750       6.36165883E+18
   23.5546875       6.41322263E+18
   23.6250000       6.47023780E+18
   23.6953125       6.53021011E+18
   23.7656250       6.59122366E+18
   23.8359375       6.65208603E+18
   23.9062500       6.71214685E+18
   23.9765625       6.77121592E+18
   24.0468750       6.82936634E+18
   24.1171875       6.88690763E+18
   24.1875000       6.94424551E+18
   24.2578125       7.00186212E+18
   24.3281250       7.06014228E+18
   24.3984375       7.11934494E+18
   24.4687500       7.17948657E+18
   24.5390625       7.24039512E+18
   24.6093750       7.30160768E+18
   24.6796875       7.36239913E+18
   24.7500000       7.42164576E+18
   24.8203125       7.47787534E+18
   24.8906250       7.52928245E+18
   24.9609375       7.57401498E+18
   25.0312500       7.61042421E+18
   25.1015625       7.63750518E+18
   25.1718750       7.65512981E+18
   25.2421875       7.66429259E+18
   25.3125000       7.66691162E+18
   25.3828125       7.66548116E+18
   25.4531250       7.66231621E+18
   25.5234375       7.65888739E+18
   25.5937500       7.65523756E+18
   25.6640625       7.64991922E+18
   25.7343750       7.64029465E+18
   25.8046875       7.62343418E+18
   25.8750000       7.59709318E+18
   25.9453125       7.56071474E+18
   26.0156250       7.51580134E+18
   26.0859375       7.46576422E+18
   26.1562500       7.41503770E+18
   26.2265625       7.36805117E+18
   26.2968750       7.32815649E+18
   26.3671875       7.29711837E+18
   26.4375000       7.27498960E+18
   26.5078125       7.26056951E+18
   26.5781250       7.25193724E+18
   26.6484375       7.24711369E+18
   26.7187500       7.24438305E+18
   26.7890625       7.24245725E+18
   26.8593750       7.24021370E+18
   26.9296875       7.23646162E+18
   27.0000000       7.22962595E+18
   27.0703125       7.21783314E+18
   27.1406250       7.19912165E+18
   27.2109375       7.17200055E+18
   27.2812500       7.13586235E+18
   27.3515625       7.09135797E+18
   27.4218750       7.04027466E+18
   27.4921875       6.98520617E+18
   27.5625000       6.92880397E+18
   27.6328125       6.87311590E+18
   27.7031250       6.81895396E+18
   27.7734375       6.76575904E+18
   27.8437500       6.71171255E+18
   27.9140625       6.65432299E+18
   27.9843750       6.59098617E+18
   28.0546875       6.51972187E+18
   28.1250000       6.43965269E+18
   28.1953125       6.35142348E+18
   28.2656250       6.25715520E+18
   28.3359375       6.16017003E+18
   28.4062500       6.06421015E+18
   28.4765625       5.97263347E+18
   28.5468750       5.88754612E+18
   28.6171875       5.80940548E+18
   28.6875000       5.73695481E+18
   28.7578125       5.66775099E+18
   28.8281250       5.59885724E+18
   28.8984375       5.52779086E+18
   28.9687500       5.45323243E+18
   29.0390625       5.37555908E+18
   29.1093750       5.29679061E+18
   29.1796875       5.22016015E+18
   29.2500000       5.14914379E+18
   29.3203125       5.08650902E+18
   29.3906250       5.03343064E+18
   29.4609375       4.98926656E+18
   29.5312500       4.95179850E+18
   29.6015625       4.91808582E+18
   29.6718750       4.88532148E+18
   29.7421875       4.85163409E+18
   29.8125000       4.81630953E+18
   29.8828125       4.77970844E+18
   29.9531250       4.74274396E+18
   30.0234375       4.70646612E+18
   30.0937500       4.67169406E+18
   30.1640625       4.63906001E+18
   30.2343750       4.60911316E+18
   30.3046875       4.58262098E+18
   30.3750000       4.56061618E+18
   30.4453125       4.54437969E+18
   30.5156250       4.53508662E+18
   30.5859375       4.53352229E+18
   30.6562500       4.53974772E+18
   30.7265625       4.55306858E+18
   30.7968750       4.57207666E+18
   30.8671875       4.59497729E+18
   30.9375000       4.61983230E+18
   31.0078125       4.64493195E+18
   31.0781250       4.66893264E+18
   31.1484375       4.69097565E+18
   31.2187500       4.71051177E+18
   31.2890625       4.72715838E+18
   31.3593750       4.74041134E+18
   31.4296875       4.74963185E+18
   31.5000000       4.75406728E+18
   31.5703125       4.75315303E+18
   31.6406250       4.74668735E+18
   31.7109375       4.73504737E+18
   31.7812500       4.71906158E+18
   31.8515625       4.69985970E+18
   31.9218750       4.67846816E+18
   31.9921875       4.65558292E+18
   32.0625000       4.63131780E+18
   32.1328125       4.60525772E+18
   32.2031250       4.57651512E+18
   32.2734375       4.54403197E+18
   32.3437500       4.50677034E+18
   32.4140625       4.46403892E+18
   32.4843750       4.41561726E+18
   32.5546875       4.36195147E+18
   32.6250000       4.30411991E+18
   32.6953125       4.24380894E+18
   32.7656250       4.18303069E+18
   32.8359375       4.12393194E+18
   32.9062500       4.06847890E+18
   32.9765625       4.01837992E+18
   33.0468750       3.97497505E+18
   33.1171875       3.93934730E+18
   33.1875000       3.91231608E+18
   33.2578125       3.89454055E+18
   33.3281250       3.88642066E+18
   33.3984375       3.88811116E+18
   33.4687500       3.89935532E+18
   33.5390625       3.91946373E+18
   33.6093750       3.94718242E+18
   33.6796875       3.98080301E+18
   33.7500000       4.01823589E+18
   33.8203125       4.05731226E+18
   33.8906250       4.09595239E+18
   33.9609375       4.13245041E+18
   34.0312500       4.16554186E+18
   34.1015625       4.19455962E+18
   34.1718750       4.21938192E+18
   34.2421875       4.24048210E+18
   34.3125000       4.25873564E+18
   34.3828125       4.27527999E+18
   34.4531250       4.29114484E+18
   34.5234375       4.30706715E+18
   34.5937500       4.32325388E+18
   34.6640625       4.33944831E+18
   34.7343750       4.35493823E+18
   34.8046875       4.36877889E+18
   34.8750000       4.37987901E+18
   34.9453125       4.38725590E+18
   35.0156250       4.39016439E+18
   35.0859375       4.38837576E+18
   35.1562500       4.38224763E+18
   35.2265625       4.37282784E+18
   35.2968750       4.36164498E+18
   35.3671875       4.35055393E+18
   35.4375000       4.34137246E+18
   35.5078125       4.33572427E+18
   35.5781250       4.33480508E+18
   35.6484375       4.33941918E+18
   35.7187500       4.34996872E+18
   35.7890625       4.36664611E+18
   35.8593750       4.38948544E+18
   35.9296875       4.41854251E+18
   36.0000000       4.45386459E+18
   36.0703125       4.49554158E+18
   36.1406250       4.54351272E+18
   36.2109375       4.59747428E+18
   36.2812500       4.65664835E+18
   36.3515625       4.71981914E+18
   36.4218750       4.78540996E+18
   36.4921875       4.85188313E+18
   36.5625000       4.91802645E+18
   36.6328125       4.98328302E+18
   36.7031250       5.04765722E+18
   36.7734375       5.11153775E+18
   36.8437500       5.17523850E+18
   36.9140625       5.23871221E+18
   36.9843750       5.30131126E+18
   37.0546875       5.36189655E+18
   37.1250000       5.41900958E+18
   37.1953125       5.47126937E+18
   37.2656250       5.51761488E+18
   37.3359375       5.55756838E+18
   37.4062500       5.59120025E+18
   37.4765625       5.61906462E+18
   37.5468750       5.64191467E+18
   37.6171875       5.66054974E+18
   37.6875000       5.67555918E+18
   37.7578125       5.68730911E+18
   37.8281250       5.69585066E+18
   37.8984375       5.70106015E+18
   37.9687500       5.70269237E+18
   38.0390625       5.70060935E+18
   38.1093750       5.69480888E+18
   38.1796875       5.68551196E+18
   38.2500000       5.67301436E+18
   38.3203125       5.65762064E+18
   38.3906250       5.63941988E+18
   38.4609375       5.61825978E+18
   38.5312500       5.59363401E+18
   38.6015625       5.56477238E+18
   38.6718750       5.53062320E+18
   38.7421875       5.49001934E+18
   38.8125000       5.44173428E+18
   38.8828125       5.38467403E+18
   38.9531250       5.31786825E+18
   39.0234375       5.24055114E+18
   39.0937500       5.15205145E+18
   39.1640625       5.05184306E+18
   39.2343750       4.93948232E+18
   39.3046875       4.81475317E+18
   39.3750000       4.67772324E+18
   39.4453125       4.52891368E+18
   39.5156250       4.36929428E+18
   39.5859375       4.20034415E+18
   39.6562500       4.02395417E+18
   39.7265625       3.84244872E+18
   39.7968750       3.65841411E+18
   39.8671875       3.47461480E+18
   39.9375000       3.29369263E+18
   40.0078125       3.11797858E+18
   40.0781250       2.94921866E+18
   40.1484375       2.78861080E+18
   40.2187500       2.63698018E+18
   40.2890625       2.49542685E+18
   40.3593750       2.36615177E+18
   40.4296875       2.25076160E+18
   40.5000000       2.14977022E+18
   40.5703125       2.06432374E+18
   40.6406250       1.99242681E+18
   40.7109375       1.93296206E+18
   40.7812500       1.88382200E+18
   40.8515625       1.84459788E+18
   40.9218750       1.81343195E+18
   40.9921875       1.78735236E+18
   41.0625000       1.76408944E+18
   41.1328125       1.74208340E+18
   41.2031250       1.71980785E+18
   41.2734375       1.69705978E+18
   41.3437500       1.67346975E+18
   41.4140625       1.64830537E+18
   41.4843750       1.62016653E+18
   41.5546875       1.58781917E+18
   41.6250000       1.55029380E+18
   41.6953125       1.50710059E+18
   41.7656250       1.45842919E+18
   41.8359375       1.40555011E+18
   41.9062500       1.35124358E+18
   41.9765625       1.30038553E+18
   42.0468750       1.25963241E+18
   42.1171875       1.22966989E+18
   42.1875000       1.20972736E+18
   42.2578125       1.19776564E+18
   42.3281250       1.19379241E+18
   42.3984375       1.19664936E+18
   42.4687500       1.20363607E+18
   42.5390625       1.21425460E+18
   42.6093750       1.22795699E+18
   42.6796875       1.24414730E+18
   42.7500000       1.26220884E+18
   42.8203125       1.28162099E+18
   42.8906250       1.30197831E+18
   42.9609375       1.32306846E+18
   43.0312500       1.34482394E+18
   43.1015625       1.36732723E+18
   43.1718750       1.39070381E+18
   43.2421875       1.41510486E+18
   43.3125000       1.44060803E+18
   43.3828125       1.46720921E+18
   43.4531250       1.49472394E+18
   43.5234375       1.52278691E+18
   43.5937500       1.55079683E+18
   43.6640625       1.57800589E+18
   43.7343750       1.60357078E+18
   43.8046875       1.62672264E+18
   43.8750000       1.64683161E+18
   43.9453125       1.66349980E+18
   44.0156250       1.67649767E+18
   44.0859375       1.68574608E+18
   44.1562500       1.69120831E+18
   44.2265625       1.69289716E+18
   44.2968750       1.69082115E+18
   44.3671875       1.68503827E+18
   44.4375000       1.67563208E+18
   44.5078125       1.66277068E+18
   44.5781250       1.64667589E+18
   44.6484375       1.62769392E+18
   44.7187500       1.60629014E+18
   44.7890625       1.58313127E+18
   44.8593750       1.55905801E+18
   44.9296875       1.53509278E+18
   45.0000000       1.51228891E+18
   45.0703125       1.49161122E+18
   45.1406250       1.47371103E+18
   45.2109375       1.45883340E+18
   45.2812500       1.44672531E+18
   45.3515625       1.43671728E+18
   45.4218750       1.42778306E+18
   45.4921875       1.41871690E+18
   45.5625000       1.40823470E+18
   45.6328125       1.39515340E+18
   45.7031250       1.37846295E+18
   45.7734375       1.35745664E+18
   45.8437500       1.33174374E+18
   45.9140625       1.30131462E+18
   45.9843750       1.26648030E+18
   46.0546875       1.22787260E+18
   46.1250000       1.18632659E+18
   46.1953125       1.14282373E+18
   46.2656250       1.09832416E+18
   46.3359375       1.05368687E+18
   46.4062500       1.00952801E+18
   46.4765625       9.66221613E+17
   46.5468750       9.23885055E+17
   46.6171875       8.82532423E+17
   46.6875000       8.42203642E+17
   46.7578125       8.13568648E+17
   46.8281250       8.02150632E+17
   46.8984375       8.08949394E+17
   46.9687500       8.21975720E+17
   47.0390625       8.33313815E+17
   47.1093750       8.39385044E+17
   47.1796875       8.41053965E+17
   47.2500000       8.44874218E+17
   47.3203125       8.55006424E+17
   47.3906250       8.72539786E+17
   47.4609375       8.94102171E+17
   47.5312500       9.16944594E+17
   47.6015625       9.38400258E+17
   47.6718750       9.56322366E+17
   47.7421875       9.71782255E+17
   47.8125000       9.88088631E+17
   47.8828125       1.00735256E+18
   47.9531250       1.03102559E+18
   48.0234375       1.06152694E+18
   48.0937500       1.09971895E+18
   48.1640625       1.14444489E+18
   48.2343750       1.19149265E+18
   48.3046875       1.23840221E+18
   48.3750000       1.28397779E+18
   48.4453125       1.32789339E+18
   48.5156250       1.37025867E+18
   48.5859375       1.41141957E+18
   48.6562500       1.45174677E+18
   48.7265625       1.49377698E+18
   48.7968750       1.54315206E+18
   48.8671875       1.60378752E+18
   48.9375000       1.67499546E+18
   49.0078125       1.75111397E+18
   49.0781250       1.82705256E+18
   49.1484375       1.89966623E+18
   49.2187500       1.96766965E+18
   49.2890625       2.03143775E+18
   49.3593750       2.09260331E+18
   49.4296875       2.15367184E+18
   49.5000000       2.21862961E+18
   49.5703125       2.29280500E+18
   49.6406250       2.37964168E+18
   49.7109375       2.47947486E+18
   49.7812500       2.58924873E+18
   49.8515625       2.70560757E+18
   49.9218750       2.82508023E+18
   49.9921875       2.94443524E+18
   50.0625000       3.06085043E+18
   50.1328125       3.17212898E+18
   50.2031250       3.27665955E+18
   50.2734375       3.37344681E+18
   50.3437500       3.46196712E+18
   50.4140625       3.54220040E+18
   50.4843750       3.61453865E+18
   50.5546875       3.67984744E+18
   50.6250000       3.73933789E+18
   50.6953125       3.79450479E+18
   50.7656250       3.84681625E+18
   50.8359375       3.89749054E+18
   50.9062500       3.94715329E+18
   50.9765625       3.99575170E+18
   51.0468750       4.04251750E+18
   51.1171875       4.08627229E+18
   51.1875000       4.12571562E+18
   51.2578125       4.15983374E+18
   51.3281250       4.18804584E+18
   51.3984375       4.21033266E+18
   51.4687500       4.22708510E+18
   51.5390625       4.23904146E+18
   51.6093750       4.24705965E+18
   51.6796875       4.25204758E+18
   51.7500000       4.25479829E+18
   51.8203125       4.25600528E+18
   51.8906250       4.25618202E+18
   51.9609375       4.25576476E+18
   52.0312500       4.25507811E+18
   52.1015625       4.25443985E+18
   52.1718750       4.25408663E+18
   52.2421875       4.25422269E+18
   52.3125000       4.25492363E+18
   52.3828125       4.25621034E+18
   52.4531250       4.25800831E+18
   52.5234375       4.25886621E+18
   52.5937500       4.25627356E+18
   52.6640625       4.24772238E+18
   52.7343750       4.23232839E+18
   52.8046875       4.21079721E+18
   52.8750000       4.18458650E+18
   52.9453125       4.15574851E+18
   53.0156250       4.12655235E+18
   53.0859375       4.09912393E+18
   53.1562500       4.07502017E+18
   53.2265625       4.05497552E+18
   53.2968750       4.03873133E+18
   53.3671875       4.02514714E+18
   53.4375000       4.01243789E+18
   53.5078125       3.99862555E+18
   53.5781250       3.98191929E+18
   53.6484375       3.96109812E+18
   53.7187500       3.93563040E+18
   53.7890625       3.90570142E+18
   53.8593750       3.87197858E+18
   53.9296875       3.83537556E+18
   54.0000000       3.79672608E+18
   54.0703125       3.75661342E+18
   54.1406250       3.71525831E+18
   54.2109375       3.67262942E+18
   54.2812500       3.62862724E+18
   54.3515625       3.58344006E+18
   54.4218750       3.53783232E+18
   54.4921875       3.49346180E+18
   54.5625000       3.45300060E+18
   54.6328125       3.42023818E+18
   54.7031250       3.39594034E+18
   54.7734375       3.38136302E+18
   54.8437500       3.37539212E+18
   54.9140625       3.37842182E+18
   54.9843750       3.38852826E+18
   55.0546875       3.40402753E+18
   55.1250000       3.42335419E+18
   55.1953125       3.44509951E+18
   55.2656250       3.46795588E+18
   55.3359375       3.49084441E+18
   55.4062500       3.51290722E+18
   55.4765625       3.53359947E+18
   55.5468750       3.55259931E+18
   55.6171875       3.56981629E+18
   55.6875000       3.58526030E+18
   55.7578125       3.59906577E+18
   55.8281250       3.61138855E+18
   55.8984375       3.62243864E+18
   55.9687500       3.63239059E+18
   56.0390625       3.64144700E+18
   56.1093750       3.64980219E+18
   56.1796875       3.65774946E+18
   56.2500000       3.66566209E+18
   56.3203125       3.67407226E+18
   56.3906250       3.68356901E+18
   56.4609375       3.69478458E+18
   56.5312500       3.70823078E+18
   56.6015625       3.73217650E+18
   56.6718750       3.77158024E+18
   56.7421875       3.82860339E+18
   56.8125000       3.89544930E+18
   56.8828125       3.96612893E+18
   56.9531250       4.03652654E+18
   57.0234375       4.10413991E+18
   57.0937500       4.16763560E+18
   57.1640625       4.22658702E+18
   57.2343750       4.28111208E+18
   57.3046875       4.33168851E+18
   57.3750000       4.37885673E+18
   57.4453125       4.42304831E+18
   57.5156250       4.46430693E+18
   57.5859375       4.50218071E+18
   57.6562500       4.53555199E+18
   57.7265625       4.56274786E+18
   57.7968750       4.58167732E+18
   57.8671875       4.59034835E+18
   57.9375000       4.58746433E+18
   58.0078125       4.57336227E+18
   58.0781250       4.55089567E+18
   58.1484375       4.52640872E+18
   58.2187500       4.51034211E+18
   58.2890625       4.50780498E+18
   58.3593750       4.51593752E+18
   58.4296875       4.52735018E+18
   58.5000000       4.53819604E+18
   58.5703125       4.54914772E+18
   58.6406250       4.56021211E+18
   58.7109375       4.57080645E+18
   58.7812500       4.57985626E+18
   58.8515625       4.58605613E+18
   58.9218750       4.58805422E+18
   58.9921875       4.58471280E+18
   59.0625000       4.57521714E+18
   59.1328125       4.55921403E+18
   59.2031250       4.53677409E+18
   59.2734375       4.50837618E+18
   59.3437500       4.47474322E+18
   59.4140625       4.43676169E+18
   59.4843750       4.35835991E+18
   59.5546875       4.31104106E+18
   59.6250000       4.26064659E+18
   59.6953125       4.20784997E+18
   59.7656250       4.15309676E+18
   59.8359375       4.09663821E+18
   59.9062500       4.03857658E+18
   59.9765625       3.97898112E+18
   60.0468750       3.91796977E+18
   60.1171875       3.85580009E+18
   60.1875000       3.79285744E+18
   60.2578125       3.72963470E+18
   60.3281250       3.66661207E+18
   60.3984375       3.60417328E+18
   60.4687500       3.54252339E+18
   60.5390625       3.48170060E+18
   60.6093750       3.42160487E+18
   60.6796875       3.36209793E+18
   60.7500000       3.30305635E+18
   60.8203125       3.24441362E+18
   60.8906250       3.18609663E+18
   60.9609375       3.12795253E+18
   61.0312500       3.06962233E+18
   61.1015625       3.01049335E+18
   61.1718750       2.94966672E+18
   61.2421875       2.88606684E+18
   61.3125000       2.81861043E+18
   61.3828125       2.74650418E+18
   61.4531250       2.66953809E+18
   61.5234375       2.58836527E+18
   61.5937500       2.50458248E+18
   61.6640625       2.42060811E+18
   61.7343750       2.33926019E+18
   61.8046875       2.26322553E+18
   61.8750000       2.19452653E+18
   61.9453125       2.13422862E+18
   62.0156250       2.08237194E+18
   62.0859375       2.03816333E+18
   62.1562500       2.00024324E+18
   62.2265625       1.96701572E+18
   62.2968750       1.93688965E+18
   62.3671875       1.90851290E+18
   62.4375000       1.88089798E+18
   62.5078125       1.85352537E+18
   62.5781250       1.82630764E+18
   62.6484375       1.73386414E+18
   62.7187500       1.72074120E+18
   62.7890625       1.70740783E+18
   62.8593750       1.69416105E+18
   62.9296875       1.68095578E+18
   63.0000000       1.66727249E+18
   63.0703125       1.65215874E+18
   63.1406250       1.55685239E+18
   63.2109375       1.55830017E+18
   63.2812500       1.55486928E+18
   63.3515625       1.54518451E+18
   63.4218750       1.52894569E+18
   63.4921875       1.45289838E+18
   63.5625000       1.45589248E+18
   63.6328125       1.45665499E+18
   63.7031250       1.45606456E+18
   63.7734375       1.38646341E+18
   63.8437500       1.39845221E+18
   63.9140625       1.41171521E+18
   63.9843750       1.42653772E+18
   64.0546875       1.44302943E+18
   64.1250000       1.46109757E+18
   64.1953125       1.48042877E+18
   64.2656250       1.50050929E+18
   64.3359375       1.52064561E+18
   64.4062500       1.54002464E+18
   64.4765625       1.55777254E+18
   64.5468750       1.57305012E+18
   64.6171875       1.58513664E+18
   64.6875000       1.59351877E+18
   64.7578125       1.59794045E+18
   64.8281250       1.59843509E+18
   64.8984375       1.59530437E+18
   64.9687500       1.58908787E+18
   65.0390625       1.58049849E+18
   65.1093750       1.57035948E+18
   65.1796875       1.55951871E+18
   65.2500000       1.54878225E+18
   65.3203125       1.53883813E+18
   65.3906250       1.53021974E+18
   65.4609375       1.52327097E+18
   65.5312500       1.51816484E+18
   65.6015625       1.51491880E+18
   65.6718750       1.51342938E+18
   65.7421875       1.51346745E+18
   65.8125000       1.51467609E+18
   65.8828125       1.51653522E+18
   65.9531250       1.51835601E+18
   66.0234375       1.51927631E+18
   66.0937500       1.51831643E+18
   66.1640625       1.51443914E+18
   66.2343750       1.50665295E+18
   66.3046875       1.49408993E+18
   66.3750000       1.47610645E+18
   66.4453125       1.45234326E+18
   66.5156250       1.42278426E+18
   66.5859375       1.38775534E+18
   66.6562500       1.34791233E+18
   66.7265625       1.30416689E+18
   66.7968750       1.25759790E+18
   66.8671875       1.20932054E+18
   66.9375000       1.16036960E+18
   67.0078125       1.11157004E+18
   67.0781250       1.06346558E+18
   67.1484375       1.01628726E+18
   67.2187500       9.70045783E+17
   67.2890625       8.52811661E+17
   67.3593750       8.30260953E+17
   67.4296875       8.08700835E+17
   67.5000000       7.87281868E+17
   67.5703125       7.65212676E+17
   67.6406250       7.41838296E+17
   67.7109375       7.16648347E+17
   67.7812500       6.89275593E+17
   67.8515625       6.59461648E+17
   67.9218750       6.27058834E+17
   67.9921875       5.92053476E+17
   68.0625000       5.54684066E+17
   68.1328125       4.52867296E+17
   68.2031250       4.38580895E+17
   68.2734375       4.22608289E+17
   68.3437500       4.04349937E+17
   68.4140625       3.12571605E+17
   68.4843750       3.01233132E+17
   68.5546875       2.88053767E+17
   68.6250000       2.72953160E+17
   68.6953125       2.56180695E+17
   68.7656250       1.81743087E+17
   68.8359375       1.84841906E+17
   68.9062500       1.87304864E+17
   68.9765625       1.89138643E+17
   69.0468750       1.90373618E+17
   69.1171875       1.91057995E+17
   69.1875000       1.91256388E+17
   69.2578125       1.91042860E+17
   69.3281250       1.90495698E+17
   69.3984375       1.89687024E+17
   69.4687500       1.88678119E+17
   69.5390625       1.87514012E+17
   69.6093750       1.86228768E+17
   69.6796875       1.84849964E+17
   69.7500000       1.83408951E+17
   69.8203125       1.81938233E+17
   69.8906250       1.80460352E+17
   69.9609375       1.78963058E+17
   70.0312500       1.77382871E+17
   70.1015625       1.75599978E+17
   70.1718750       1.73458903E+17
   70.2421875       1.70803153E+17
   70.3125000       1.67518791E+17
   70.3828125       1.63561597E+17
   70.4531250       1.58965364E+17
   70.5234375       1.53824048E+17
   70.5937500       1.48267975E+17
   70.6640625       1.42435272E+17
   70.7343750       1.36454358E+17
   70.8046875       1.30428485E+17
   70.8750000       1.24430571E+17
   70.9453125       1.18494798E+17
   71.0156250       1.12613845E+17
   71.0859375       1.06734842E+17
   71.1562500       1.00768265E+17
   71.2265625       9.46013276E+16
   71.2968750       8.81208920E+16
   71.3671875       8.12313865E+16
   71.4375000       7.38708863E+16
   71.5078125       6.60138535E+16
   71.5781250       0.00000000    
   71.6484375       0.00000000    
   71.7187500       0.00000000    
   71.7890625       0.00000000    
   71.8593750       0.00000000    
   71.9296875       0.00000000    
   72.0000000       0.00000000    
   72.0703125       0.00000000    
   72.1406250       0.00000000    
   72.2109375       0.00000000    
   72.2812500       0.00000000    
   72.3515625       0.00000000    
   72.4218750       0.00000000    
   72.4921875       0.00000000    
   72.5625000       0.00000000    
   72.6328125       0.00000000    
   72.7031250       0.00000000    
   72.7734375       0.00000000    
   72.8437500       0.00000000    
   72.9140625       0.00000000    
   72.9843750       0.00000000    
   73.0546875       0.00000000    
   73.1250000       0.00000000    
   73.1953125       0.00000000    
   73.2656250       0.00000000    
   73.3359375       0.00000000    
   73.4062500       0.00000000    
   73.4765625       0.00000000    
   73.5468750       0.00000000    
   73.6171875       0.00000000    
   73.6875000       0.00000000    
   73.7578125       0.00000000    
   73.8281250       0.00000000    
   73.8984375       0.00000000    
   73.9687500       0.00000000    
   74.0390625       0.00000000    
   74.1093750       0.00000000    
   74.1796875       0.00000000    
   74.2500000       0.00000000    
   74.3203125       0.00000000    
   74.3906250       0.00000000    
   74.4609375       0.00000000    
   74.5312500       0.00000000    
   74.6015625       0.00000000    
   74.6718750       0.00000000    
   74.7421875       0.00000000    
   74.8125000       0.00000000    
   74.8828125       0.00000000    
   74.9531250       0.00000000    
   75.0234375       0.00000000    
   75.0937500       0.00000000    
   75.1640625       0.00000000    
   75.2343750       0.00000000    
   75.3046875       0.00000000    
   75.3750000       0.00000000    
   75.4453125       0.00000000    
   75.5156250       0.00000000    
   75.5859375       0.00000000    
   75.6562500       0.00000000    
   75.7265625       0.00000000    
   75.7968750       0.00000000    
   75.8671875       0.00000000    
   75.9375000       0.00000000    
   76.0078125       0.00000000    
   76.0781250       0.00000000    
   76.1484375       0.00000000    
   76.2187500       0.00000000    
   76.2890625       0.00000000    
   76.3593750       0.00000000    
   76.4296875       0.00000000    
   76.5000000       0.00000000    
   76.5703125       0.00000000    
   76.6406250       0.00000000    
   76.7109375       0.00000000    
   76.7812500       0.00000000    
   76.8515625       0.00000000    
   76.9218750       0.00000000    
   76.9921875       0.00000000    
   77.0625000       0.00000000    
   77.1328125       0.00000000    
   77.2031250       0.00000000    
   77.2734375       0.00000000    
   77.3437500       0.00000000    
   77.4140625       0.00000000    
   77.4843750       0.00000000    
   77.5546875       0.00000000    
   77.6250000       0.00000000    
   77.6953125       0.00000000    
   77.7656250       0.00000000    
   77.8359375       0.00000000    
   77.9062500       0.00000000    
   77.9765625       0.00000000    
   78.0468750       0.00000000    
   78.1171875       0.00000000    
   78.1875000       0.00000000    
   78.2578125       0.00000000    
   78.3281250       0.00000000    
   78.3984375       0.00000000    
   78.4687500       0.00000000    
   78.5390625       0.00000000    
   78.6093750       0.00000000    
   78.6796875       0.00000000    
   78.7500000       0.00000000    
   78.8203125       0.00000000    
   78.8906250       0.00000000    
   78.9609375       0.00000000    
   79.0312500       0.00000000    
   79.1015625       0.00000000    
   79.1718750       0.00000000    
   79.2421875       0.00000000    
   79.3125000       0.00000000    
   79.3828125       0.00000000    
   79.4531250       0.00000000    
   79.5234375       0.00000000    
   79.5937500       0.00000000    
   79.6640625       0.00000000    
   79.7343750       0.00000000    
   79.8046875       0.00000000    
   79.8750000       0.00000000    
   79.9453125       0.00000000    
   80.0156250       0.00000000    
   80.0859375       0.00000000    
   80.1562500       0.00000000    
   80.2265625       0.00000000    
   80.2968750       0.00000000    
   80.3671875       0.00000000    
   80.4375000       0.00000000    
   80.5078125       0.00000000    
   80.5781250       0.00000000    
   80.6484375       0.00000000    
   80.7187500       0.00000000    
   80.7890625       0.00000000    
   80.8593750       0.00000000    
   80.9296875       0.00000000    
   81.0000000       0.00000000    
   81.0703125       0.00000000    
   81.1406250       0.00000000    
   81.2109375       0.00000000    
   81.2812500       0.00000000    
   81.3515625       0.00000000    
   81.4218750       0.00000000    
   81.4921875       0.00000000    
   81.5625000       0.00000000    
   81.6328125       0.00000000    
   81.7031250       0.00000000    
   81.7734375       0.00000000    
   81.8437500       0.00000000    
   81.9140625       0.00000000    
   81.9843750       0.00000000    
   82.0546875       0.00000000    
   82.1250000       0.00000000    
   82.1953125       0.00000000    
   82.2656250       0.00000000    
   82.3359375       0.00000000    
   82.4062500       0.00000000    
   82.4765625       0.00000000    
   82.5468750       0.00000000    
