2004 11 11 21 26 41.0 -8.150 124.870
17. 3.260E+20 7.609 78 23 99 248 67 86
  -1.12500000       0.00000000    
  -1.05468750       0.00000000    
 -0.984375000       0.00000000    
 -0.914062500       0.00000000    
 -0.843750000       0.00000000    
 -0.773437500       0.00000000    
 -0.703125000       0.00000000    
 -0.632812500       0.00000000    
 -0.562500000       0.00000000    
 -0.492187500       0.00000000    
 -0.421875000       0.00000000    
 -0.351562500       0.00000000    
 -0.281250000       0.00000000    
 -0.210937500       0.00000000    
 -0.140625000       0.00000000    
  -7.03125000E-02   0.00000000    
   0.00000000       0.00000000    
   7.03125000E-02   4.19295323E+17
  0.140625000       4.28510021E+17
  0.210937500       4.45124054E+17
  0.281250000       4.69445148E+17
  0.351562500       5.01272471E+17
  0.421875000       5.39880963E+17
  0.492187500       5.84023468E+17
  0.562500000       6.32116931E+17
  0.632812500       6.82423024E+17
  0.703125000       7.33356526E+17
  0.773437500       7.83692993E+17
  0.843750000       8.32738290E+17
  0.914062500       8.80268322E+17
  0.984375000       9.26415512E+17
   1.05468750       9.71405535E+17
   1.12500000       1.01535975E+18
   1.19531250       1.05809495E+18
   1.26562500       1.09914728E+18
   1.33593750       1.13784851E+18
   1.40625000       1.17355961E+18
   1.47656250       1.20583303E+18
   1.54687500       1.23461357E+18
   1.61718750       1.26027205E+18
   1.68750000       1.28359338E+18
   1.75781250       1.30559845E+18
   1.82812500       1.32739723E+18
   1.89843750       1.34998491E+18
   1.96875000       1.37415754E+18
   2.03906250       1.40044315E+18
   2.10937500       1.42922424E+18
   2.17968750       1.46087973E+18
   2.25000000       1.49603139E+18
   2.32031250       1.53569339E+18
   2.39062500       1.58146716E+18
   2.46093750       1.63560120E+18
   2.53125000       1.70104276E+18
   2.60156250       1.78128223E+18
   2.67187500       1.88010688E+18
   2.74218750       2.00106031E+18
   2.81250000       2.14672925E+18
   2.88281250       2.31784995E+18
   2.95312500       2.51259765E+18
   3.02343750       2.72625667E+18
   3.09375000       2.95155595E+18
   3.16406250       3.17958642E+18
   3.23437500       3.40116797E+18
   3.30468750       3.60816533E+18
   3.37500000       3.79446356E+18
   3.44531250       3.95631936E+18
   3.51562500       4.09226683E+18
   3.58593750       4.20263993E+18
   3.65625000       4.28903213E+18
   3.72656250       4.35373537E+18
   3.79687500       4.39939809E+18
   3.86718750       4.42878226E+18
   3.93750000       4.44467460E+18
   4.00781250       4.44975874E+18
   4.07812500       4.44655477E+18
   4.14843750       4.43730430E+18
   4.21875000       4.42394523E+18
   4.28906250       4.40804629E+18
   4.35937500       4.39088127E+18
   4.42968750       4.37348095E+18
   4.50000000       4.35676067E+18
   4.57031250       4.34154728E+18
   4.64062500       4.32866953E+18
   4.71093750       4.31895974E+18
   4.78125000       4.31330688E+18
   4.85156250       4.31260071E+18
   4.92187500       4.31771757E+18
   4.99218750       4.32943176E+18
   5.06250000       4.34839559E+18
   5.13281250       4.37508623E+18
   5.20312500       4.40986571E+18
   5.27343750       4.45301989E+18
   5.34375000       4.50482311E+18
   5.41406250       4.56547574E+18
   5.48437500       4.63508088E+18
   5.55468750       4.71354862E+18
   5.62500000       4.80058322E+18
   5.69531250       4.89560466E+18
   5.76562500       4.99774654E+18
   5.83593750       5.10579390E+18
   5.90625000       5.21817388E+18
   5.97656250       5.33287933E+18
   6.04687500       5.44750232E+18
   6.11718750       5.55926383E+18
   6.18750000       5.66515999E+18
   6.25781250       5.76210174E+18
   6.32812500       5.84718140E+18
   6.39843750       5.91793002E+18
   6.46875000       5.97261973E+18
   6.53906250       6.01040005E+18
   6.60937500       6.03140017E+18
   6.67968750       6.03666133E+18
   6.75000000       6.02804006E+18
   6.82031250       6.00799652E+18
   6.89062500       5.97942791E+18
   6.96093750       5.94545465E+18
   7.03125000       5.90927027E+18
   7.10156250       5.87393581E+18
   7.17187500       5.84227263E+18
   7.24218750       5.81674526E+18
   7.31250000       5.79942686E+18
   7.38281250       5.79192214E+18
   7.45312500       5.79537736E+18
   7.52343750       5.81046485E+18
   7.59375000       5.83740894E+18
   7.66406250       5.87596331E+18
   7.73437500       5.92545453E+18
   7.80468750       5.98484080E+18
   7.87500000       6.05288408E+18
   7.94531250       6.12828419E+18
   8.01562500       6.20988169E+18
   8.08593750       6.29675686E+18
   8.15625000       6.38831099E+18
   8.22656250       6.48417631E+18
   8.29687500       6.58414996E+18
   8.36718750       6.68805765E+18
   8.43750000       6.79570149E+18
   8.50781250       6.90678845E+18
   8.57812500       7.02096613E+18
   8.64843750       7.13787666E+18
   8.71875000       7.25726108E+18
   8.78906250       7.37901275E+18
   8.85937500       7.50324767E+18
   8.92968750       7.63031328E+18
   9.00000000       7.76080112E+18
   9.07031250       7.89547150E+18
   9.14062500       8.03522328E+18
   9.21093750       8.18107734E+18
   9.28125000       8.33422227E+18
   9.35156250       8.49601211E+18
   9.42187500       8.66796034E+18
   9.49218750       8.85160352E+18
   9.56250000       9.04830835E+18
   9.63281250       9.25895663E+18
   9.70312500       9.48367482E+18
   9.77343750       9.72164102E+18
   9.84375000       9.97103555E+18
   9.91406250       1.02290810E+19
   9.98437500       1.04922502E+19
   10.0546875       1.07565486E+19
   10.1250000       1.10178685E+19
   10.1953125       1.12722185E+19
   10.2656250       1.15159274E+19
   10.3359375       1.17457199E+19
   10.4062500       1.19587700E+19
   10.4765625       1.21526227E+19
   10.5468750       1.23251735E+19
   10.6171875       1.24745762E+19
   10.6875000       1.25992499E+19
   10.7578125       1.26978772E+19
   10.8281250       1.27694763E+19
   10.8984375       1.28135315E+19
   10.9687500       1.28301913E+19
   11.0390625       1.28203551E+19
   11.1093750       1.27857083E+19
   11.1796875       1.27286371E+19
   11.2500000       1.26521023E+19
   11.3203125       1.25594102E+19
   11.3906250       1.24540473E+19
   11.4609375       1.23394968E+19
   11.5312500       1.22191652E+19
   11.6015625       1.20962750E+19
   11.6718750       1.19738422E+19
   11.7421875       1.18546496E+19
   11.8125000       1.17412899E+19
   11.8828125       1.16361469E+19
   11.9531250       1.15414108E+19
   12.0234375       1.14589958E+19
   12.0937500       1.13905205E+19
   12.1640625       1.13371787E+19
   12.2343750       1.12996447E+19
   12.3046875       1.12779481E+19
   12.3750000       1.12714400E+19
   12.4453125       1.12786726E+19
   12.5156250       1.12973808E+19
   12.5859375       1.13244783E+19
   12.6562500       1.13562377E+19
   12.7265625       1.13885039E+19
   12.7968750       1.14170792E+19
   12.8671875       1.14380303E+19
   12.9375000       1.14480458E+19
   13.0078125       1.14445614E+19
   13.0781250       1.14258478E+19
   13.1484375       1.13909207E+19
   13.2187500       1.13394756E+19
   13.2890625       1.12716654E+19
   13.3593750       1.11879332E+19
   13.4296875       1.10887925E+19
   13.5000000       1.09747621E+19
   13.5703125       1.08463106E+19
   13.6406250       1.07039535E+19
   13.7109375       1.05483715E+19
   13.7812500       1.03806399E+19
   13.8515625       1.02023343E+19
   13.9218750       1.00156394E+19
   13.9921875       9.82325898E+18
   14.0625000       9.62833097E+18
   14.1328125       9.43417041E+18
   14.2031250       9.24413961E+18
   14.2734375       9.06149094E+18
   14.3437500       8.88942397E+18
   14.4140625       8.73103437E+18
   14.4843750       8.58930512E+18
   14.5546875       8.46688385E+18
   14.6250000       8.36587886E+18
   14.6953125       8.28748093E+18
   14.7656250       8.23171370E+18
   14.8359375       8.19722642E+18
   14.9062500       8.18139455E+18
   14.9765625       8.18053584E+18
   15.0468750       8.19041330E+18
   15.1171875       8.20675369E+18
   15.1875000       8.22583626E+18
   15.2578125       8.24481768E+18
   15.3281250       8.26190409E+18
   15.3984375       8.27623623E+18
   15.4687500       8.28772118E+18
   15.5390625       8.29673167E+18
   15.6093750       8.30390544E+18
   15.6796875       8.30992416E+18
   15.7500000       8.31541952E+18
   15.8203125       8.32080933E+18
   15.8906250       8.32621508E+18
   15.9609375       8.33135969E+18
   16.0312500       8.33562690E+18
   16.1015625       8.33811564E+18
   16.1718750       8.33787815E+18
   16.2421875       8.33412936E+18
   16.3125000       8.32656417E+18
   16.3828125       8.31553497E+18
   16.4531250       8.30223308E+18
   16.5234375       8.28870799E+18
   16.5937500       8.27788824E+18
   16.6640625       8.27339454E+18
   16.7343750       8.27933410E+18
   16.8046875       8.29990212E+18
   16.8750000       8.33898151E+18
   16.9453125       8.39954041E+18
   17.0156250       8.48314178E+18
   17.0859375       8.58948104E+18
   17.1562500       8.71626793E+18
   17.2265625       8.85928415E+18
   17.2968750       9.01282051E+18
   17.3671875       9.17023869E+18
   17.4375000       9.32472832E+18
   17.5078125       9.46993092E+18
   17.5781250       9.60049353E+18
   17.6484375       9.71234245E+18
   17.7187500       9.80280367E+18
   17.7890625       9.87045332E+18
   17.8593750       9.91497035E+18
   17.9296875       9.93691220E+18
   18.0000000       9.93764338E+18
   18.0703125       9.91915289E+18
   18.1406250       9.88389045E+18
   18.2109375       9.83440473E+18
   18.2812500       9.77302010E+18
   18.3515625       9.70143529E+18
   18.4218750       9.62059260E+18
   18.4921875       9.53070863E+18
   18.5625000       9.43165362E+18
   18.6328125       9.32337372E+18
   18.7031250       9.20643406E+18
   18.7734375       9.08242234E+18
   18.8437500       8.95426767E+18
   18.9140625       8.82621359E+18
   18.9843750       8.70355977E+18
   19.0546875       8.59206655E+18
   19.1250000       8.49733812E+18
   19.1953125       8.42408921E+18
   19.2656250       8.37566067E+18
   19.3359375       8.35367263E+18
   19.4062500       8.35802725E+18
   19.4765625       8.38705326E+18
   19.5468750       8.43793536E+18
   19.6171875       8.50718480E+18
   19.6875000       8.59123751E+18
   19.7578125       8.68684335E+18
   19.8281250       8.79139151E+18
   19.8984375       8.90292322E+18
   19.9687500       9.02009048E+18
   20.0390625       9.14186799E+18
   20.1093750       9.26731952E+18
   20.1796875       9.39527078E+18
   20.2500000       9.52414894E+18
   20.3203125       9.65178795E+18
   20.3906250       9.77544892E+18
   20.4609375       9.89190040E+18
   20.5312500       9.99773719E+18
   20.6015625       1.00896729E+19
   20.6718750       1.01649036E+19
   20.7421875       1.02212822E+19
   20.8125000       1.02575056E+19
   20.8828125       1.02731022E+19
   20.9531250       1.02684842E+19
   21.0234375       1.02448711E+19
   21.0937500       1.02042837E+19
   21.1640625       1.01492862E+19
   21.2343750       1.00827305E+19
   21.3046875       1.00074030E+19
   21.3750000       9.92590059E+18
   21.4453125       9.84055100E+18
   21.5156250       9.75357414E+18
   21.5859375       9.66720200E+18
   21.6562500       9.58385792E+18
   21.7265625       9.50610705E+18
   21.7968750       9.43653546E+18
   21.8671875       9.37739712E+18
   21.9375000       9.33030064E+18
   22.0078125       9.29576938E+18
   22.0781250       9.27302818E+18
   22.1484375       9.25990991E+18
   22.2187500       9.25313582E+18
   22.2890625       9.24866080E+18
   22.3593750       9.24219348E+18
   22.4296875       9.22956009E+18
   22.5000000       9.20711081E+18
   22.5703125       9.17186596E+18
   22.6406250       9.12172988E+18
   22.7109375       9.05554148E+18
   22.7812500       8.97326008E+18
   22.8515625       8.87596649E+18
   22.9218750       8.76587679E+18
   22.9921875       8.64611249E+18
   23.0625000       8.52044601E+18
   23.1328125       8.39282129E+18
   23.2031250       8.26695525E+18
   23.2734375       8.14591331E+18
   23.3437500       8.03199566E+18
   23.4140625       7.92666190E+18
   23.4843750       7.83067453E+18
   23.5546875       7.74417485E+18
   23.6250000       7.66687919E+18
   23.6953125       7.59812782E+18
   23.7656250       7.53706315E+18
   23.8359375       7.48273078E+18
   23.9062500       7.43436931E+18
   23.9765625       7.39156587E+18
   24.0468750       7.35443811E+18
   24.1171875       7.32358032E+18
   24.1875000       7.29996061E+18
   24.2578125       7.28456635E+18
   24.3281250       7.27809792E+18
   24.3984375       7.28061361E+18
   24.4687500       7.29143830E+18
   24.5390625       7.30911075E+18
   24.6093750       7.33157322E+18
   24.6796875       7.35630399E+18
   24.7500000       7.38057790E+18
   24.8203125       7.40153020E+18
   24.8906250       7.41629059E+18
   24.9609375       7.42198551E+18
   25.0312500       7.41592390E+18
   25.1015625       7.39571158E+18
   25.1718750       7.35947993E+18
   25.2421875       7.30598429E+18
   25.3125000       7.23474363E+18
   25.3828125       7.14595807E+18
   25.4531250       7.04043793E+18
   25.5234375       6.91934157E+18
   25.5937500       6.78402688E+18
   25.6640625       6.63579951E+18
   25.7343750       6.47586565E+18
   25.8046875       6.30532535E+18
   25.8750000       6.12549033E+18
   25.9453125       5.93814069E+18
   26.0156250       5.74587404E+18
   26.0859375       5.55213185E+18
   26.1562500       5.36116207E+18
   26.2265625       5.17763214E+18
   26.2968750       5.00624412E+18
   26.3671875       4.85117724E+18
   26.4375000       4.71572181E+18
   26.5078125       4.60187288E+18
   26.5781250       4.51022364E+18
   26.6484375       4.43990574E+18
   26.7187500       4.38887356E+18
   26.7890625       4.35418507E+18
   26.8593750       4.33246312E+18
   26.9296875       4.32018514E+18
   27.0000000       4.31401853E+18
   27.0703125       4.31091929E+18
   27.1406250       4.30827963E+18
   27.2109375       4.30389231E+18
   27.2812500       4.29603575E+18
   27.3515625       4.28337899E+18
   27.4218750       4.26496630E+18
   27.4921875       4.24004064E+18
   27.5625000       4.20800912E+18
   27.6328125       4.16832032E+18
   27.7031250       4.12051521E+18
   27.7734375       4.06419327E+18
   27.8437500       3.99914507E+18
   27.9140625       3.92536481E+18
   27.9843750       3.84323624E+18
   28.0546875       3.75363402E+18
   28.1250000       3.65818761E+18
   28.1953125       3.55933244E+18
   28.2656250       3.46029998E+18
   28.3359375       3.36475270E+18
   28.4062500       3.27639429E+18
   28.4765625       3.19842655E+18
   28.5468750       3.13328433E+18
   28.6171875       3.08248030E+18
   28.6875000       3.04682561E+18
   28.7578125       3.02665067E+18
   28.8281250       3.02217071E+18
   28.8984375       3.03361690E+18
   28.9687500       3.06134356E+18
   29.0390625       3.10563189E+18
   29.1093750       3.16650965E+18
   29.1796875       3.24343038E+18
   29.2500000       3.33517996E+18
   29.3203125       3.43981855E+18
   29.3906250       3.55489701E+18
   29.4609375       3.67764952E+18
   29.5312500       3.80532783E+18
   29.6015625       3.93532391E+18
   29.6718750       4.06529389E+18
   29.7421875       4.19304971E+18
   29.8125000       4.31651717E+18
   29.8828125       4.43359894E+18
   29.9531250       4.54223454E+18
   30.0234375       4.64050257E+18
   30.0937500       4.72696981E+18
   30.1640625       4.80094990E+18
   30.2343750       4.86281118E+18
   30.3046875       4.91400279E+18
   30.3750000       4.95701183E+18
   30.4453125       4.99503734E+18
   30.5156250       5.03165878E+18
   30.5859375       5.07034070E+18
   30.6562500       5.11405123E+18
   30.7265625       5.16481513E+18
   30.7968750       5.22349112E+18
   30.8671875       5.28962675E+18
   30.9375000       5.36166510E+18
   31.0078125       5.43724168E+18
   31.0781250       5.51373745E+18
   31.1484375       5.58875383E+18
   31.2187500       5.66061351E+18
   31.2890625       5.72851276E+18
   31.3593750       5.79249883E+18
   31.4296875       5.85308687E+18
   31.5000000       5.91084147E+18
   31.5703125       5.96582035E+18
   31.6406250       6.01724231E+18
   31.7109375       6.06322334E+18
   31.7812500       6.10083983E+18
   31.8515625       6.12625119E+18
   31.9218750       6.13506378E+18
   31.9921875       6.12270966E+18
   32.0625000       6.08502390E+18
   32.1328125       6.01870411E+18
   32.2031250       5.92178821E+18
   32.2734375       5.79385673E+18
   32.3437500       5.63617742E+18
   32.4140625       5.45153093E+18
   32.4843750       5.24399701E+18
   32.5546875       5.01848113E+18
   32.6250000       4.78031317E+18
   32.6953125       4.53466550E+18
   32.7656250       4.28614509E+18
   32.8359375       4.03837839E+18
   32.9062500       3.79396658E+18
   32.9765625       3.55452895E+18
   33.0468750       3.32108862E+18
   33.1171875       3.09443117E+18
   33.1875000       2.87564759E+18
   33.2578125       2.66643637E+18
   33.3281250       2.46935413E+18
   33.3984375       2.28766918E+18
   33.4687500       2.12513772E+18
   33.5390625       1.98547295E+18
   33.6093750       1.87191374E+18
   33.6796875       1.78671918E+18
   33.7500000       1.73096047E+18
   33.8203125       1.70435833E+18
   33.8906250       1.70541235E+18
   33.9609375       1.73152974E+18
   34.0312500       1.77936413E+18
   34.1015625       1.84504923E+18
   34.1718750       1.92455286E+18
   34.2421875       2.01388488E+18
   34.3125000       2.10942240E+18
   34.3828125       2.20807567E+18
   34.4531250       2.30751757E+18
   34.5234375       2.40620561E+18
   34.5937500       2.50343927E+18
   34.6640625       2.59921800E+18
   34.7343750       2.69416220E+18
   34.8046875       2.78927106E+18
   34.8750000       2.88577519E+18
   34.9453125       2.98481975E+18
   35.0156250       3.08724146E+18
   35.0859375       3.19324867E+18
   35.1562500       3.30232023E+18
   35.2265625       3.41317024E+18
   35.2968750       3.52404499E+18
   35.3671875       3.63308823E+18
   35.4375000       3.73887417E+18
   35.5078125       3.84071974E+18
   35.5781250       3.93887864E+18
   35.6484375       4.03436655E+18
   35.7187500       4.12871784E+18
   35.7890625       4.22355704E+18
   35.8593750       4.32034155E+18
   35.9296875       4.42012553E+18
   36.0000000       4.52357995E+18
   36.0703125       4.63097090E+18
   36.1406250       4.74227007E+18
   36.2109375       4.85713989E+18
   36.2812500       4.97501634E+18
   36.3515625       5.09507201E+18
   36.4218750       5.21631571E+18
   36.4921875       5.33762208E+18
   36.5625000       5.45789820E+18
   36.6328125       5.57616772E+18
   36.7031250       5.69173684E+18
   36.7734375       5.80422678E+18
   36.8437500       5.91364907E+18
   36.9140625       6.02024178E+18
   36.9843750       6.12430121E+18
   37.0546875       6.22583726E+18
   37.1250000       6.32437384E+18
   37.1953125       6.41873778E+18
   37.2656250       6.50714841E+18
   37.3359375       6.58736548E+18
   37.4062500       6.65713224E+18
   37.4765625       6.71455423E+18
   37.5468750       6.75857758E+18
   37.6171875       6.78921712E+18
   37.6875000       6.80771256E+18
   37.7578125       6.81630634E+18
   37.8281250       6.81794626E+18
   37.8984375       6.81571920E+18
   37.9687500       6.81239867E+18
   38.0390625       6.80989069E+18
   38.1093750       6.80892642E+18
   38.1796875       6.80883955E+18
   38.2500000       6.80775709E+18
   38.3203125       6.80292088E+18
   38.3906250       6.79128255E+18
   38.4609375       6.76998886E+18
   38.5312500       6.73685123E+18
   38.6015625       6.69042105E+18
   38.6718750       6.62995836E+18
   38.7421875       6.55510910E+18
   38.8125000       6.46569737E+18
   38.8828125       6.36143838E+18
   38.9531250       6.24189013E+18
   39.0234375       6.10641160E+18
   39.0937500       5.95439477E+18
   39.1640625       5.78540808E+18
   39.2343750       5.59944548E+18
   39.3046875       5.39698251E+18
   39.3750000       5.17912913E+18
   39.4453125       4.94757198E+18
   39.5156250       4.70459255E+18
   39.5859375       4.45289977E+18
   39.6562500       4.19558711E+18
   39.7265625       3.93590171E+18
   39.7968750       3.67712395E+18
   39.8671875       3.42229371E+18
   39.9375000       3.17409985E+18
   40.0078125       2.93464051E+18
   40.0781250       2.70536980E+18
   40.1484375       2.48694055E+18
   40.2187500       2.27933571E+18
   40.2890625       2.08197667E+18
   40.3593750       1.89410958E+18
   40.4296875       1.71509108E+18
   40.5000000       1.54479982E+18
   40.5703125       1.38375559E+18
   40.6406250       1.23318723E+18
   40.7109375       1.09476366E+18
   40.7812500       9.70349454E+17
   40.8515625       8.61552985E+17
   40.9218750       7.69432602E+17
   40.9921875       6.94147941E+17
   41.0625000       6.34933743E+17
   41.1328125       5.90111739E+17
   41.2031250       5.57412916E+17
   41.2734375       5.34225350E+17
   41.3437500       5.18006694E+17
   41.4140625       5.06472989E+17
   41.4843750       4.97835535E+17
   41.5546875       4.90787116E+17
   41.6250000       4.84589272E+17
   41.6953125       4.78978498E+17
   41.7656250       4.74181672E+17
   41.8359375       4.70738724E+17
   41.9062500       4.69433947E+17
   41.9765625       4.71077717E+17
   42.0468750       4.76456218E+17
   42.1171875       4.86191741E+17
   42.1875000       5.00791915E+17
   42.2578125       5.20567697E+17
   42.3281250       5.45690335E+17
   42.3984375       5.76117395E+17
   42.4687500       6.11728550E+17
   42.5390625       6.52399554E+17
   42.6093750       6.98261833E+17
   42.6796875       7.49777389E+17
   42.7500000       8.07819920E+17
   42.8203125       8.73433689E+17
   42.8906250       9.47577125E+17
   42.9609375       1.03069161E+18
   43.0312500       1.12249685E+18
   43.1015625       1.22183175E+18
   43.1718750       1.32681009E+18
   43.2421875       1.43497950E+18
   43.3125000       1.54367337E+18
   43.3828125       1.65021934E+18
   43.4531250       1.75221554E+18
   43.5234375       1.84759584E+18
   43.5937500       1.93476471E+18
   43.6640625       2.01255653E+18
   43.7343750       2.08032355E+18
   43.8046875       2.13790525E+18
   43.8750000       2.18575133E+18
   43.9453125       2.22488652E+18
   44.0156250       2.25693550E+18
   44.0859375       2.28391710E+18
   44.1562500       2.30806347E+18
   44.2265625       2.33144899E+18
   44.2968750       2.35573033E+18
   44.3671875       2.38181706E+18
   44.4375000       2.40978809E+18
   44.5078125       2.43882427E+18
   44.5781250       2.46744620E+18
   44.6484375       2.49376961E+18
   44.7187500       2.51598937E+18
   44.7890625       2.53271294E+18
   44.8593750       2.54330234E+18
   44.9296875       2.54789967E+18
   45.0000000       2.54738840E+18
   45.0703125       2.54307144E+18
   45.1406250       2.53639163E+18
   45.2109375       2.52853232E+18
   45.2812500       2.52022606E+18
   45.3515625       2.51157538E+18
   45.4218750       2.50213332E+18
   45.4921875       2.49097878E+18
   45.5625000       2.47697815E+18
   45.6328125       2.45892142E+18
   45.7031250       2.43574371E+18
   45.7734375       2.40654645E+18
   45.8437500       2.37068011E+18
   45.9140625       2.32761471E+18
   45.9843750       2.27690070E+18
   46.0546875       2.21799794E+18
   46.1250000       2.15030541E+18
   46.1953125       2.07311625E+18
   46.2656250       1.98574246E+18
   46.3359375       1.88751938E+18
   46.4062500       1.77795098E+18
   46.4765625       1.65672076E+18
   46.5468750       1.52384189E+18
   46.6171875       1.37968629E+18
   46.6875000       1.22517605E+18
   46.7578125       1.06185700E+18
   46.8281250       8.92144697E+17
   46.8984375       7.19476223E+17
   46.9687500       5.48684202E+17
   47.0390625       3.86293173E+17
   47.1093750       2.40966357E+17
   47.1796875       1.23732442E+17
   47.2500000       4.81760597E+16
   47.3203125       1.31984120E+16
   47.3906250       5.19542061E+15
   47.4609375       5.17906645E+15
   47.5312500       5.16268544E+15
   47.6015625       5.14628028E+15
   47.6718750       5.12985096E+15
   47.7421875       5.11339694E+15
   47.8125000       5.09692091E+15
   47.8828125       5.08042179E+15
   47.9531250       5.06390066E+15
   48.0234375       5.04735859E+15
   48.0937500       5.03079451E+15
   48.1640625       5.01421057E+15
   48.2343750       4.99760730E+15
   48.3046875       4.98098417E+15
   48.3750000       4.96434224E+15
   48.4453125       4.94768207E+15
   48.5156250       4.93100578E+15
   48.5859375       4.91430963E+15
   48.6562500       4.89759899E+15
   48.7265625       8.90185874E+15
   48.7968750       3.64516365E+16
   48.8671875       1.01236056E+17
   48.9375000       2.08124563E+17
   49.0078125       3.42745846E+17
   49.0781250       4.93928867E+17
   49.1484375       6.53602900E+17
   49.2187500       8.16560969E+17
   49.2890625       9.79912388E+17
   49.3593750       1.14253298E+18
   49.4296875       1.30435532E+18
   49.5000000       1.46580059E+18
   49.5703125       1.62719667E+18
   49.6406250       1.78848389E+18
   49.7109375       1.94903568E+18
   49.7812500       2.10782069E+18
   49.8515625       2.26362726E+18
   49.9218750       2.41544838E+18
   49.9921875       2.56269525E+18
   50.0625000       2.70536595E+18
   50.1328125       2.84393218E+18
   50.2031250       2.97921472E+18
   50.2734375       3.11210334E+18
   50.3437500       3.24339987E+18
   50.4140625       3.37360596E+18
   50.4843750       3.50291210E+18
   50.5546875       3.63115392E+18
   50.6250000       3.75794548E+18
   50.6953125       3.88270843E+18
   50.7656250       4.00479546E+18
   50.8359375       4.12346877E+18
   50.9062500       4.23796312E+18
   50.9765625       4.34743682E+18
   51.0468750       4.45105067E+18
   51.1171875       4.54800230E+18
   51.1875000       4.63770816E+18
   51.2578125       4.71987796E+18
   51.3281250       4.79464036E+18
   51.3984375       4.86247637E+18
   51.4687500       4.92416282E+18
   51.5390625       4.98050125E+18
   51.6093750       5.03211453E+18
   51.6796875       5.07916978E+18
   51.7500000       5.12133000E+18
   51.8203125       5.15774692E+18
   51.8906250       5.18730674E+18
   51.9609375       5.20884123E+18
   52.0312500       5.22143229E+18
   52.1015625       5.22450542E+18
   52.1718750       5.21788581E+18
   52.2421875       5.20164657E+18
   52.3125000       5.17601256E+18
   52.3828125       5.14116409E+18
   52.4531250       5.09721331E+18
   52.5234375       5.04415088E+18
   52.5937500       4.98198339E+18
   52.6640625       4.91077847E+18
   52.7343750       4.83080494E+18
   52.8046875       4.74253505E+18
   52.8750000       4.64673625E+18
   52.9453125       4.54439151E+18
   53.0156250       4.43667428E+18
   53.0859375       4.32478028E+18
   53.1562500       4.20987554E+18
   53.2265625       4.09294578E+18
   53.2968750       3.97479253E+18
   53.3671875       3.85594935E+18
   53.4375000       3.73678840E+18
   53.5078125       3.61755323E+18
   53.5781250       3.49857783E+18
   53.6484375       3.38039132E+18
   53.7187500       3.26392830E+18
   53.7890625       3.15051258E+18
   53.8593750       3.04184015E+18
   53.9296875       2.93971724E+18
   54.0000000       2.84585303E+18
   54.0703125       2.76149712E+18
   54.1406250       2.68725122E+18
   54.2109375       2.62287317E+18
   54.2812500       2.56739703E+18
   54.3515625       2.51930165E+18
   54.4218750       2.47692867E+18
   54.4921875       2.43879156E+18
   54.5625000       2.40393539E+18
   54.6328125       2.37199293E+18
   54.7031250       2.34318242E+18
   54.7734375       2.31801818E+18
   54.8437500       2.29707963E+18
   54.9140625       2.28065663E+18
   54.9843750       2.26861932E+18
   55.0546875       2.26031402E+18
   55.1250000       2.25477619E+18
   55.1953125       2.25095896E+18
   55.2656250       2.24814188E+18
   55.3359375       2.24616097E+18
   55.4062500       2.24562303E+18
   55.4765625       2.24782054E+18
   55.5468750       2.25462240E+18
   55.6171875       2.26815477E+18
   55.6875000       2.29058522E+18
   55.7578125       2.32377549E+18
   55.8281250       2.36908994E+18
   55.8984375       2.42712629E+18
   55.9687500       2.49767260E+18
   56.0390625       2.57965879E+18
   56.1093750       2.67135064E+18
   56.1796875       2.77050844E+18
   56.2500000       2.87469954E+18
   56.3203125       2.98146817E+18
   56.3906250       3.08856335E+18
   56.4609375       3.19400761E+18
   56.5312500       3.29622508E+18
   56.6015625       3.39401922E+18
   56.6718750       3.48661239E+18
   56.7421875       3.57353951E+18
   56.8125000       3.65464773E+18
   56.8828125       3.72997940E+18
   56.9531250       3.79977859E+18
   57.0234375       3.86438700E+18
   57.0937500       3.92426695E+18
   57.1640625       3.97991598E+18
   57.2343750       4.03192481E+18
   57.3046875       4.08097045E+18
   57.3750000       4.12795313E+18
   57.4453125       4.17396687E+18
   57.5156250       4.22028929E+18
   57.5859375       4.26816175E+18
   57.6562500       4.31863291E+18
   57.7265625       4.37231079E+18
   57.7968750       4.42931992E+18
   57.8671875       4.48925815E+18
   57.9375000       4.55137423E+18
   58.0078125       4.61465360E+18
   58.0781250       4.67799482E+18
   58.1484375       4.74023102E+18
   58.2187500       4.80025281E+18
   58.2890625       4.85700136E+18
   58.3593750       4.90959485E+18
   58.4296875       4.95734169E+18
   58.5000000       4.99986915E+18
   58.5703125       5.03706288E+18
   58.6406250       5.06903393E+18
   58.7109375       5.09589390E+18
   58.7812500       5.11761860E+18
   58.8515625       5.13382815E+18
   58.9218750       5.14376553E+18
   58.9921875       5.14628506E+18
   59.0625000       5.14007282E+18
   59.1328125       5.12379400E+18
   59.2031250       5.09633480E+18
   59.2734375       5.05686618E+18
   59.3437500       5.00496923E+18
   59.4140625       4.94054830E+18
   59.4843750       4.86381393E+18
   59.5546875       4.77510368E+18
   59.6250000       4.67485901E+18
   59.6953125       4.56348755E+18
   59.7656250       4.44140493E+18
   59.8359375       4.30901081E+18
   59.9062500       4.16685990E+18
   59.9765625       4.01573945E+18
   60.0468750       3.85686414E+18
   60.1171875       3.69190881E+18
   60.1875000       3.52312058E+18
   60.2578125       3.35322129E+18
   60.3281250       3.18532559E+18
   60.3984375       3.02260337E+18
   60.4687500       2.86801726E+18
   60.5390625       2.72390647E+18
   60.6093750       2.59179025E+18
   60.6796875       2.47218757E+18
   60.7500000       2.36476391E+18
   60.8203125       2.26848325E+18
   60.8906250       2.18195004E+18
   60.9609375       2.10359279E+18
   61.0312500       2.03190532E+18
   61.1015625       1.96543806E+18
   61.1718750       1.90282238E+18
   61.2421875       1.84260034E+18
   61.3125000       1.78324362E+18
   61.3828125       1.72314885E+18
   61.4531250       1.66092584E+18
   61.5234375       1.59567092E+18
   61.5937500       1.52741214E+18
   61.6640625       1.45729079E+18
   61.7343750       1.38764319E+18
   61.8046875       1.32166342E+18
   61.8750000       1.26299829E+18
   61.9453125       1.21511126E+18
   62.0156250       1.18081955E+18
   62.0859375       1.16185792E+18
   62.1562500       1.15880664E+18
   62.2265625       1.17111128E+18
   62.2968750       1.19740074E+18
   62.3671875       1.23574455E+18
   62.4375000       1.28404074E+18
   62.5078125       1.34021287E+18
   62.5781250       1.40246996E+18
   62.6484375       1.46937360E+18
   62.7187500       1.53999674E+18
   62.7890625       1.61389024E+18
   62.8593750       1.69109204E+18
   62.9296875       1.77190738E+18
   63.0000000       1.85674529E+18
   63.0703125       1.94580339E+18
   63.1406250       2.03893024E+18
   63.2109375       2.13547959E+18
   63.2812500       2.23444966E+18
   63.3515625       2.33463784E+18
   63.4218750       2.43499192E+18
   63.4921875       2.53482345E+18
   63.5625000       2.63403816E+18
   63.6328125       2.73306705E+18
   63.7031250       2.83273915E+18
   63.7734375       2.93392281E+18
   63.8437500       3.03728955E+18
   63.9140625       3.14303095E+18
   63.9843750       3.25082707E+18
   64.0546875       3.35982056E+18
   64.1250000       3.46881103E+18
   64.1953125       3.57635343E+18
   64.2656250       3.68097884E+18
   64.3359375       3.78128893E+18
   64.4062500       3.87618118E+18
   64.4765625       3.96496647E+18
   64.5468750       4.04757718E+18
   64.6171875       4.12458560E+18
   64.6875000       4.19720202E+18
   64.7578125       4.26700644E+18
   64.8281250       4.33569101E+18
   64.8984375       4.40467767E+18
   64.9687500       4.47493234E+18
   65.0390625       4.54676893E+18
   65.1093750       4.61988178E+18
   65.1796875       4.69335060E+18
   65.2500000       4.76585349E+18
   65.3203125       4.83579178E+18
   65.3906250       4.90154422E+18
   65.4609375       4.96157591E+18
   65.5312500       5.01461470E+18
   65.6015625       5.05964685E+18
   65.6718750       5.09596262E+18
   65.7421875       5.12304799E+18
   65.8125000       5.14058795E+18
   65.8828125       5.14832686E+18
   65.9531250       5.14604262E+18
   66.0234375       5.13339329E+18
   66.0937500       5.10995445E+18
   66.1640625       5.07519449E+18
   66.2343750       5.02866261E+18
   66.3046875       4.97012516E+18
   66.3750000       4.89986197E+18
   66.4453125       4.81874495E+18
   66.5156250       4.72830297E+18
   66.5859375       4.63050196E+18
   66.6562500       4.52755689E+18
   66.7265625       4.42158458E+18
   66.7968750       4.31442123E+18
   66.8671875       4.20740576E+18
   66.9375000       4.10140047E+18
   67.0078125       3.99673494E+18
   67.0781250       3.89331240E+18
   67.1484375       3.79059575E+18
   67.2187500       3.68779581E+18
   67.2890625       3.58397827E+18
   67.3593750       3.47836166E+18
   67.4296875       3.37045394E+18
   67.5000000       3.26028232E+18
   67.5703125       3.14835012E+18
   67.6406250       3.03557513E+18
   67.7109375       2.92297085E+18
   67.7812500       2.81141577E+18
   67.8515625       2.70129061E+18
   67.9218750       2.59231362E+18
   67.9921875       2.48334982E+18
   68.0625000       2.37251190E+18
   68.1328125       2.25723566E+18
   68.2031250       2.13457167E+18
   68.2734375       2.00134715E+18
   68.3437500       1.85451108E+18
   68.4140625       1.69134287E+18
   68.4843750       1.50988826E+18
   68.5546875       1.30939891E+18
   68.6250000       1.09119327E+18
   68.6953125       8.59675019E+17
   68.7656250       0.00000000    
   68.8359375       0.00000000    
   68.9062500       0.00000000    
   68.9765625       0.00000000    
   69.0468750       0.00000000    
   69.1171875       0.00000000    
   69.1875000       0.00000000    
   69.2578125       0.00000000    
   69.3281250       0.00000000    
   69.3984375       0.00000000    
   69.4687500       0.00000000    
   69.5390625       0.00000000    
   69.6093750       0.00000000    
   69.6796875       0.00000000    
   69.7500000       0.00000000    
   69.8203125       0.00000000    
   69.8906250       0.00000000    
   69.9609375       0.00000000    
   70.0312500       0.00000000    
   70.1015625       0.00000000    
   70.1718750       0.00000000    
   70.2421875       0.00000000    
   70.3125000       0.00000000    
   70.3828125       0.00000000    
   70.4531250       0.00000000    
   70.5234375       0.00000000    
   70.5937500       0.00000000    
   70.6640625       0.00000000    
   70.7343750       0.00000000    
   70.8046875       0.00000000    
   70.8750000       0.00000000    
   70.9453125       0.00000000    
   71.0156250       0.00000000    
   71.0859375       0.00000000    
   71.1562500       0.00000000    
   71.2265625       0.00000000    
   71.2968750       0.00000000    
   71.3671875       0.00000000    
   71.4375000       0.00000000    
   71.5078125       0.00000000    
   71.5781250       0.00000000    
   71.6484375       0.00000000    
   71.7187500       0.00000000    
   71.7890625       0.00000000    
   71.8593750       0.00000000    
   71.9296875       0.00000000    
   72.0000000       0.00000000    
   72.0703125       0.00000000    
   72.1406250       0.00000000    
   72.2109375       0.00000000    
   72.2812500       0.00000000    
   72.3515625       0.00000000    
   72.4218750       0.00000000    
   72.4921875       0.00000000    
   72.5625000       0.00000000    
   72.6328125       0.00000000    
   72.7031250       0.00000000    
   72.7734375       0.00000000    
   72.8437500       0.00000000    
   72.9140625       0.00000000    
   72.9843750       0.00000000    
   73.0546875       0.00000000    
   73.1250000       0.00000000    
   73.1953125       0.00000000    
   73.2656250       0.00000000    
   73.3359375       0.00000000    
   73.4062500       0.00000000    
   73.4765625       0.00000000    
   73.5468750       0.00000000    
   73.6171875       0.00000000    
   73.6875000       0.00000000    
   73.7578125       0.00000000    
   73.8281250       0.00000000    
   73.8984375       0.00000000    
   73.9687500       0.00000000    
   74.0390625       0.00000000    
   74.1093750       0.00000000    
   74.1796875       0.00000000    
   74.2500000       0.00000000    
   74.3203125       0.00000000    
   74.3906250       0.00000000    
   74.4609375       0.00000000    
   74.5312500       0.00000000    
   74.6015625       0.00000000    
   74.6718750       0.00000000    
   74.7421875       0.00000000    
   74.8125000       0.00000000    
   74.8828125       0.00000000    
   74.9531250       0.00000000    
   75.0234375       0.00000000    
   75.0937500       0.00000000    
   75.1640625       0.00000000    
   75.2343750       0.00000000    
   75.3046875       0.00000000    
   75.3750000       0.00000000    
   75.4453125       0.00000000    
   75.5156250       0.00000000    
   75.5859375       0.00000000    
   75.6562500       0.00000000    
   75.7265625       0.00000000    
   75.7968750       0.00000000    
   75.8671875       0.00000000    
   75.9375000       0.00000000    
   76.0078125       0.00000000    
   76.0781250       0.00000000    
   76.1484375       0.00000000    
   76.2187500       0.00000000    
   76.2890625       0.00000000    
   76.3593750       0.00000000    
   76.4296875       0.00000000    
   76.5000000       0.00000000    
   76.5703125       0.00000000    
   76.6406250       0.00000000    
   76.7109375       0.00000000    
   76.7812500       0.00000000    
   76.8515625       0.00000000    
   76.9218750       0.00000000    
   76.9921875       0.00000000    
   77.0625000       0.00000000    
   77.1328125       0.00000000    
   77.2031250       0.00000000    
   77.2734375       0.00000000    
   77.3437500       0.00000000    
   77.4140625       0.00000000    
   77.4843750       0.00000000    
   77.5546875       0.00000000    
   77.6250000       0.00000000    
   77.6953125       0.00000000    
   77.7656250       0.00000000    
   77.8359375       0.00000000    
   77.9062500       0.00000000    
   77.9765625       0.00000000    
   78.0468750       0.00000000    
   78.1171875       0.00000000    
   78.1875000       0.00000000    
   78.2578125       0.00000000    
   78.3281250       0.00000000    
   78.3984375       0.00000000    
   78.4687500       0.00000000    
   78.5390625       0.00000000    
   78.6093750       0.00000000    
   78.6796875       0.00000000    
   78.7500000       0.00000000    
   78.8203125       0.00000000    
   78.8906250       0.00000000    
   78.9609375       0.00000000    
   79.0312500       0.00000000    
   79.1015625       0.00000000    
   79.1718750       0.00000000    
   79.2421875       0.00000000    
   79.3125000       0.00000000    
   79.3828125       0.00000000    
   79.4531250       0.00000000    
   79.5234375       0.00000000    
   79.5937500       0.00000000    
   79.6640625       0.00000000    
   79.7343750       0.00000000    
   79.8046875       0.00000000    
   79.8750000       0.00000000    
   79.9453125       0.00000000    
   80.0156250       0.00000000    
   80.0859375       0.00000000    
   80.1562500       0.00000000    
   80.2265625       0.00000000    
   80.2968750       0.00000000    
   80.3671875       0.00000000    
   80.4375000       0.00000000    
   80.5078125       0.00000000    
   80.5781250       0.00000000    
   80.6484375       0.00000000    
   80.7187500       0.00000000    
   80.7890625       0.00000000    
   80.8593750       0.00000000    
   80.9296875       0.00000000    
   81.0000000       0.00000000    
   81.0703125       0.00000000    
   81.1406250       0.00000000    
   81.2109375       0.00000000    
   81.2812500       0.00000000    
   81.3515625       0.00000000    
   81.4218750       0.00000000    
   81.4921875       0.00000000    
   81.5625000       0.00000000    
   81.6328125       0.00000000    
   81.7031250       0.00000000    
   81.7734375       0.00000000    
   81.8437500       0.00000000    
   81.9140625       0.00000000    
   81.9843750       0.00000000    
   82.0546875       0.00000000    
   82.1250000       0.00000000    
   82.1953125       0.00000000    
   82.2656250       0.00000000    
   82.3359375       0.00000000    
   82.4062500       0.00000000    
   82.4765625       0.00000000    
   82.5468750       0.00000000    
