2018 01 23 09 31 40.0 56.004 -149.166
21. 9.716E+20 7.925 262 70 22 165 69 159
  -1.12695312       0.00000000    
  -1.05651855       1.06881381E+18
 -0.986083984       1.15762082E+18
 -0.915649414       1.24230603E+18
 -0.845214844       1.31742397E+18
 -0.774780273       1.38377359E+18
 -0.704345703       1.43913799E+18
 -0.633911133       1.47972385E+18
 -0.563476562       1.49986470E+18
 -0.493041992       1.49804336E+18
 -0.422607422       1.47470746E+18
 -0.352172852       1.43245777E+18
 -0.281738281       1.37456793E+18
 -0.211303711       1.30633691E+18
 -0.140869141       1.23707524E+18
  -7.04345703E-02   1.18324068E+18
   0.00000000       1.14305291E+18
   7.04345703E-02   1.10826147E+18
  0.140869141       1.06332388E+18
  0.211303711       1.01093456E+18
  0.281738281       9.57138272E+17
  0.352172852       9.11358388E+17
  0.422607422       8.79360332E+17
  0.493041992       8.59790674E+17
  0.563476562       8.48586375E+17
  0.633911133       8.51479259E+17
  0.704345703       8.83629392E+17
  0.774780273       9.60673889E+17
  0.845214844       1.08441829E+18
  0.915649414       1.24640157E+18
  0.986083984       1.43288012E+18
   1.05651855       1.63538927E+18
   1.12695312       1.84699660E+18
   1.19738770       2.06187773E+18
   1.26782227       2.27243036E+18
   1.33825684       2.47350259E+18
   1.40869141       2.66191133E+18
   1.47912598       2.83603439E+18
   1.54956055       2.99539925E+18
   1.61999512       3.14030307E+18
   1.69042969       3.82659184E+18
   1.76086426       4.78793828E+18
   1.83129883       5.84016376E+18
   1.90173340       6.32590986E+18
   1.97216797       6.46198212E+18
   2.04260254       6.41998352E+18
   2.11303711       6.31063544E+18
   2.18347168       6.19896519E+18
   2.25390625       6.11330609E+18
   2.32434082       6.05789235E+18
   2.39477539       6.02706095E+18
   2.46520996       6.01558205E+18
   2.53564453       6.02241991E+18
   2.60607910       6.04568063E+18
   2.67651367       6.08029270E+18
   2.74694824       6.11879320E+18
   2.81738281       6.16235475E+18
   2.88781738       6.21695705E+18
   2.95825195       6.28853526E+18
   3.02868652       6.37890357E+18
   3.09912109       6.48906474E+18
   3.16955566       6.62424310E+18
   3.23999023       6.80890168E+18
   3.31042480       7.07266022E+18
   3.38085938       7.41270289E+18
   3.45129395       7.80015704E+18
   3.52172852       8.19614560E+18
   3.59216309       8.59047775E+18
   3.66259766       8.98145474E+18
   3.73303223       9.37363679E+18
   3.80346680       9.79302131E+18
   3.87390137       1.02628338E+19
   3.94433594       1.07978617E+19
   4.01477051       1.13857211E+19
   4.08520508       1.20074729E+19
   4.15563965       1.26407190E+19
   4.22607422       1.32609887E+19
   4.29650879       1.38445809E+19
   4.36694336       1.43731118E+19
   4.43737793       1.48361887E+19
   4.50781250       1.52326319E+19
   4.57824707       1.55685349E+19
   4.64868164       1.58600352E+19
   4.71911621       1.61357081E+19
   4.78955078       1.64234030E+19
   4.85998535       1.67353355E+19
   4.93041992       1.70800665E+19
   5.00085449       1.74505755E+19
   5.07128906       1.78369835E+19
   5.14172363       1.82122204E+19
   5.21215820       1.85583643E+19
   5.28259277       1.88645079E+19
   5.35302734       1.91253187E+19
   5.42346191       1.93394156E+19
   5.49389648       1.95091560E+19
   5.56433105       1.96405322E+19
   5.63476562       1.97442733E+19
   5.70520020       1.98362431E+19
   5.77563477       1.99381832E+19
   5.84606934       2.00727085E+19
   5.91650391       2.02422839E+19
   5.98693848       2.04412516E+19
   6.05737305       2.06582116E+19
   6.12780762       2.08942504E+19
   6.19824219       2.11482222E+19
   6.26867676       2.14164282E+19
   6.33911133       2.16931401E+19
   6.40954590       2.19706634E+19
   6.47998047       2.22401867E+19
   6.55041504       2.24923839E+19
   6.62084961       2.27187162E+19
   6.69128418       2.29123732E+19
   6.76171875       2.30694494E+19
   6.83215332       2.31891774E+19
   6.90258789       2.32740135E+19
   6.97302246       2.33285185E+19
   7.04345703       2.33584098E+19
   7.11389160       2.33688442E+19
   7.18432617       2.33633906E+19
   7.25476074       2.33429001E+19
   7.32519531       2.33056091E+19
   7.39562988       2.32474295E+19
   7.46606445       2.31634884E+19
   7.53649902       2.30494581E+19
   7.60693359       2.29033946E+19
   7.67736816       2.27266591E+19
   7.74780273       2.25245776E+19
   7.81823730       2.23259442E+19
   7.88867188       2.21589636E+19
   7.95910645       2.20452015E+19
   8.02954102       2.19798136E+19
   8.09997559       2.19549866E+19
   8.17041016       2.19655309E+19
   8.24084473       2.20083393E+19
   8.31127930       2.20825849E+19
   8.38171387       2.21890594E+19
   8.45214844       2.23299025E+19
   8.52258301       2.25072493E+19
   8.59301758       2.27224545E+19
   8.66345215       2.29746957E+19
   8.73388672       2.32606347E+19
   8.80432129       2.35737998E+19
   8.87475586       2.39049991E+19
   8.94519043       2.42424898E+19
   9.01562500       2.45731613E+19
   9.08605957       2.48832478E+19
   9.15649414       2.51600146E+19
   9.22692871       2.53927109E+19
   9.29736328       2.55740533E+19
   9.36779785       2.57005411E+19
   9.43823242       2.57728912E+19
   9.50866699       2.57951607E+19
   9.57910156       2.57740237E+19
   9.64953613       2.57170690E+19
   9.71997070       2.56317689E+19
   9.79040527       2.55240343E+19
   9.86083984       2.53978258E+19
   9.93127441       2.52544913E+19
   10.0017090       2.50931973E+19
   10.0721436       2.49110192E+19
   10.1425781       2.47041329E+19
   10.2130127       2.44686659E+19
   10.2834473       2.42024456E+19
   10.3538818       2.39061052E+19
   10.4243164       2.35845706E+19
   10.4947510       2.32472096E+19
   10.5651855       2.29079817E+19
   10.6356201       2.25840260E+19
   10.7060547       2.22945202E+19
   10.7764893       2.20584682E+19
   10.8469238       2.18932864E+19
   10.9173584       2.18130573E+19
   10.9877930       2.18279161E+19
   11.0582275       2.19431537E+19
   11.1286621       2.21593638E+19
   11.1990967       2.24721023E+19
   11.2695312       2.28725599E+19
   11.3399658       2.33478260E+19
   11.4104004       2.38822370E+19
   11.4808350       2.44582931E+19
   11.5512695       2.50583076E+19
   11.6217041       2.56652028E+19
   11.6921387       2.62636582E+19
   11.7625732       2.68402883E+19
   11.8330078       2.73842035E+19
   11.9034424       2.78868167E+19
   11.9738770       2.83423047E+19
   12.0443115       2.87473912E+19
   12.1147461       2.91017924E+19
   12.1851807       2.94077447E+19
   12.2556152       2.96699342E+19
   12.3260498       2.98943600E+19
   12.3964844       3.00877025E+19
   12.4669189       3.02560113E+19
   12.5373535       3.04042343E+19
   12.6077881       3.05354786E+19
   12.6782227       3.06513077E+19
   12.7486572       3.07515854E+19
   12.8190918       3.08350999E+19
   12.8895264       3.08995093E+19
   12.9599609       3.09420384E+19
   13.0303955       3.09594613E+19
   13.1008301       3.09488796E+19
   13.1712646       3.09078898E+19
   13.2416992       3.08356519E+19
   13.3121338       3.07333005E+19
   13.3825684       3.06049523E+19
   13.4530029       3.04575870E+19
   13.5234375       3.03011001E+19
   13.5938721       3.01469662E+19
   13.6643066       3.00071853E+19
   13.7347412       2.98924292E+19
   13.8051758       2.98112589E+19
   13.8756104       2.97691740E+19
   13.9460449       2.97690970E+19
   14.0164795       2.98115052E+19
   14.0869141       2.98956926E+19
   14.1573486       3.00201529E+19
   14.2277832       3.01835337E+19
   14.2982178       3.03845486E+19
   14.3686523       3.06221795E+19
   14.4390869       3.08949309E+19
   14.5095215       3.12006501E+19
   14.5799561       3.15359000E+19
   14.6503906       3.18964189E+19
   14.7208252       3.22772260E+19
   14.7912598       3.26736527E+19
   14.8616943       3.30814461E+19
   14.9321289       3.34975189E+19
   15.0025635       3.39195071E+19
   15.0729980       3.43457944E+19
   15.1434326       3.47746083E+19
   15.2138672       3.52038664E+19
   15.2843018       3.56304044E+19
   15.3547363       3.60503870E+19
   15.4251709       3.64593592E+19
   15.4956055       3.68533054E+19
   15.5660400       3.72291866E+19
   15.6364746       3.75859430E+19
   15.7069092       3.79245354E+19
   15.7773438       3.82482360E+19
   15.8477783       3.85616496E+19
   15.9182129       3.88699615E+19
   15.9886475       3.91771474E+19
   16.0590820       3.94849975E+19
   16.1295166       3.97919987E+19
   16.1999512       4.00934496E+19
   16.2703857       4.03815700E+19
   16.3408203       4.06468162E+19
   16.4112549       4.08786680E+19
   16.4816895       4.10672167E+19
   16.5521240       4.12040487E+19
   16.6225586       4.12836490E+19
   16.6929932       4.13037612E+19
   16.7634277       4.12660392E+19
   16.8338623       4.11754614E+19
   16.9042969       4.10403446E+19
   16.9747314       4.08710286E+19
   17.0451660       4.06791419E+19
   17.1156006       4.04757586E+19
   17.1860352       4.02704710E+19
   17.2564697       4.00700652E+19
   17.3269043       3.98786402E+19
   17.3973389       3.96976298E+19
   17.4677734       3.95270648E+19
   17.5382080       3.93663822E+19
   17.6086426       3.92156963E+19
   17.6790771       3.90759176E+19
   17.7495117       3.89489987E+19
   17.8199463       3.88368793E+19
   17.8903809       3.87409755E+19
   17.9608154       3.86608387E+19
   18.0312500       3.85941336E+19
   18.1016846       3.85363344E+19
   18.1721191       3.84815744E+19
   18.2425537       3.84230672E+19
   18.3129883       3.83542289E+19
   18.3834229       3.82692367E+19
   18.4538574       3.81638463E+19
   18.5242920       3.80353222E+19
   18.5947266       3.78826264E+19
   18.6651611       3.77056402E+19
   18.7355957       3.75053400E+19
   18.8060303       3.72833706E+19
   18.8764648       3.70426435E+19
   18.9468994       3.67872028E+19
   19.0173340       3.65225129E+19
   19.0877686       3.62546829E+19
   19.1582031       3.59901514E+19
   19.2286377       3.57345457E+19
   19.2990723       3.54924421E+19
   19.3695068       3.52665034E+19
   19.4399414       3.50578491E+19
   19.5103760       3.48657358E+19
   19.5808105       3.46882461E+19
   19.6512451       3.45219581E+19
   19.7216797       3.43624674E+19
   19.7921143       3.42041619E+19
   19.8625488       3.40410141E+19
   19.9329834       3.38670560E+19
   20.0034180       3.36780236E+19
   20.0738525       3.34726810E+19
   20.1442871       3.32550678E+19
   20.2147217       3.30358054E+19
   20.2851562       3.28178162E+19
   20.3555908       3.25893971E+19
   20.4260254       3.23334924E+19
   20.4964600       3.20414819E+19
   20.5668945       3.17191864E+19
   20.6373291       3.13768007E+19
   20.7077637       3.10304501E+19
   20.7781982       3.07031651E+19
   20.8486328       3.04261564E+19
   20.9190674       3.02130600E+19
   20.9895020       3.00493097E+19
   21.0599365       2.99060038E+19
   21.1303711       2.97630673E+19
   21.2008057       2.96171049E+19
   21.2712402       2.94646026E+19
   21.3416748       2.93018419E+19
   21.4121094       2.91251108E+19
   21.4825439       2.89304753E+19
   21.5529785       2.87142014E+19
   21.6234131       2.84729971E+19
   21.6938477       2.82048988E+19
   21.7642822       2.79278944E+19
   21.8347168       2.76630814E+19
   21.9051514       2.74233681E+19
   21.9755859       2.71983509E+19
   22.0460205       2.69738130E+19
   22.1164551       2.67447781E+19
   22.1868896       2.65131022E+19
   22.2573242       2.62853450E+19
   22.3277588       2.60699551E+19
   22.3981934       2.58751832E+19
   22.4686279       2.57068303E+19
   22.5390625       2.55672012E+19
   22.6094971       2.54543187E+19
   22.6799316       2.53626084E+19
   22.7503662       2.52836503E+19
   22.8208008       2.52079929E+19
   22.8912354       2.51263894E+19
   22.9616699       2.50313762E+19
   23.0321045       2.49178406E+19
   23.1025391       2.47837552E+19
   23.1729736       2.46298411E+19
   23.2434082       2.44595356E+19
   23.3138428       2.42781051E+19
   23.3842773       2.40922679E+19
   23.4547119       2.39091882E+19
   23.5251465       2.37361405E+19
   23.5955811       2.35795810E+19
   23.6660156       2.34448161E+19
   23.7364502       2.33352168E+19
   23.8068848       2.32519529E+19
   23.8773193       2.31933973E+19
   23.9477539       2.31554268E+19
   24.0181885       2.31316004E+19
   24.0886230       2.31143073E+19
   24.1590576       2.31099202E+19
   24.2294922       2.31236685E+19
   24.2999268       2.31553762E+19
   24.3703613       2.31885617E+19
   24.4407959       2.32091951E+19
   24.5112305       2.32126388E+19
   24.5816650       2.31980747E+19
   24.6520996       2.31563262E+19
   24.7225342       2.30754088E+19
   24.7929688       2.29424052E+19
   24.8634033       2.27524646E+19
   24.9338379       2.25007534E+19
   25.0042725       2.21829528E+19
   25.0747070       2.17965382E+19
   25.1451416       2.13412898E+19
   25.2155762       2.08200795E+19
   25.2860107       2.02386226E+19
   25.3564453       1.96054996E+19
   25.4268799       1.89313120E+19
   25.4973145       1.82285108E+19
   25.5677490       1.75105682E+19
   25.6381836       1.67919010E+19
   25.7086182       1.60872581E+19
   25.7790527       1.54117247E+19
   25.8494873       1.47795078E+19
   25.9199219       1.41991119E+19
   25.9903564       1.36761808E+19
   26.0607910       1.32141968E+19
   26.1312256       1.28190741E+19
   26.2016602       1.24827456E+19
   26.2720947       1.21908748E+19
   26.3425293       1.19264785E+19
   26.4129639       1.16837811E+19
   26.4833984       1.14614148E+19
   26.5538330       1.12594554E+19
   26.6242676       1.10794114E+19
   26.6947021       1.09233632E+19
   26.7651367       1.07932756E+19
   26.8355713       1.06897929E+19
   26.9060059       1.06115483E+19
   26.9764404       1.05632281E+19
   27.0468750       1.05461670E+19
   27.1173096       1.05575008E+19
   27.1877441       1.05856713E+19
   27.2581787       1.06196221E+19
   27.3286133       1.06513650E+19
   27.3990479       1.06740677E+19
   27.4694824       1.06879358E+19
   27.5399170       1.06977644E+19
   27.6103516       1.07082075E+19
   27.6807861       1.07201075E+19
   27.7512207       1.07334435E+19
   27.8216553       1.07516107E+19
   27.8920898       1.07815537E+19
   27.9625244       1.08331890E+19
   28.0329590       1.09009684E+19
   28.1033936       1.09758242E+19
   28.1738281       1.10448692E+19
   28.2442627       1.11086683E+19
   28.3146973       1.11680969E+19
   28.3851318       1.12237245E+19
   28.4555664       1.12763779E+19
   28.5260010       1.13271820E+19
   28.5964355       1.13781147E+19
   28.6668701       1.14317071E+19
   28.7373047       1.14910961E+19
   28.8077393       1.15593142E+19
   28.8781738       1.16392080E+19
   28.9486084       1.17328952E+19
   29.0190430       1.18419568E+19
   29.0894775       1.19671637E+19
   29.1599121       1.21088380E+19
   29.2303467       1.22667927E+19
   29.3007812       1.24410290E+19
   29.3712158       1.26319779E+19
   29.4416504       1.28478802E+19
   29.5120850       1.31040510E+19
   29.5825195       1.34139748E+19
   29.6529541       1.37824090E+19
   29.7233887       1.42061839E+19
   29.7938232       1.46826342E+19
   29.8642578       1.52091694E+19
   29.9346924       1.57822668E+19
   30.0051270       1.63974776E+19
   30.0755615       1.70491285E+19
   30.1459961       1.77309279E+19
   30.2164307       1.84360810E+19
   30.2868652       1.91580269E+19
   30.3572998       1.98904732E+19
   30.4277344       2.06281026E+19
   30.4981689       2.13665060E+19
   30.5686035       2.21025631E+19
   30.6390381       2.28338526E+19
   30.7094727       2.35584572E+19
   30.7799072       2.42740985E+19
   30.8503418       2.49780147E+19
   30.9207764       2.56664541E+19
   30.9912109       2.63351177E+19
   31.0616455       2.69792226E+19
   31.1320801       2.75943686E+19
   31.2025146       2.81768326E+19
   31.2729492       2.87243564E+19
   31.3433838       2.92359856E+19
   31.4138184       2.97121467E+19
   31.4842529       3.01537545E+19
   31.5546875       3.05618515E+19
   31.6251221       3.09366398E+19
   31.6955566       3.12773895E+19
   31.7659912       3.15818200E+19
   31.8364258       3.18465231E+19
   31.9068604       3.20668432E+19
   31.9772949       3.22377183E+19
   32.0477295       3.23539081E+19
   32.1181641       3.24109859E+19
   32.1885986       3.24055456E+19
   32.2590332       3.23358167E+19
   32.3294678       3.22012871E+19
   32.3999023       3.20027351E+19
   32.4703369       3.17414515E+19
   32.5407715       3.14192836E+19
   32.6112061       3.10382303E+19
   32.6816406       3.06008622E+19
   32.7520752       3.01101677E+19
   32.8225098       2.95700238E+19
   32.8929443       2.89848022E+19
   32.9633789       2.83596023E+19
   33.0338135       2.76997699E+19
   33.1042480       2.70111832E+19
   33.1746826       2.62997684E+19
   33.2451172       2.55717312E+19
   33.3155518       2.48328791E+19
   33.3859863       2.40886769E+19
   33.4564209       2.33437270E+19
   33.5268555       2.26021460E+19
   33.5972900       2.18675425E+19
   33.6677246       2.11438637E+19
   33.7381592       2.04355121E+19
   33.8085938       1.97480359E+19
   33.8790283       1.90878759E+19
   33.9494629       1.84624385E+19
   34.0198975       1.78792289E+19
   34.0903320       1.73454512E+19
   34.1607666       1.68628866E+19
   34.2312012       1.64292480E+19
   34.3016357       1.60390489E+19
   34.3720703       1.56882134E+19
   34.4425049       1.53728537E+19
   34.5129395       1.50891687E+19
   34.5833740       1.48341601E+19
   34.6538086       1.46068778E+19
   34.7242432       1.44024434E+19
   34.7946777       1.42176430E+19
   34.8651123       1.40472154E+19
   34.9355469       1.38896708E+19
   35.0059814       1.37412125E+19
   35.0764160       1.35987576E+19
   35.1468506       1.34594528E+19
   35.2172852       1.33208780E+19
   35.2877197       1.31806133E+19
   35.3581543       1.30365344E+19
   35.4285889       1.28864104E+19
   35.4990234       1.27281599E+19
   35.5694580       1.25594267E+19
   35.6398926       1.23780886E+19
   35.7103271       1.21879281E+19
   35.7807617       1.19911210E+19
   35.8511963       1.17885964E+19
   35.9216309       1.15755375E+19
   35.9920654       1.13503487E+19
   36.0625000       1.11159009E+19
   36.1329346       1.08801162E+19
   36.2033691       1.06571627E+19
   36.2738037       1.04588636E+19
   36.3442383       1.02891155E+19
   36.4146729       1.01463417E+19
   36.4851074       1.00300507E+19
   36.5555420       9.94382043E+18
   36.6259766       9.88994436E+18
   36.6964111       9.86864353E+18
   36.7668457       9.87832473E+18
   36.8372803       9.91536397E+18
   36.9077148       9.97501248E+18
   36.9781494       1.00517595E+19
   37.0485840       1.01405440E+19
   37.1190186       1.02371459E+19
   37.1894531       1.03391300E+19
   37.2598877       1.04458058E+19
   37.3303223       1.05586992E+19
   37.4007568       1.06810892E+19
   37.4711914       1.08181543E+19
   37.5416260       1.09762739E+19
   37.6120605       1.11624543E+19
   37.6824951       1.13807491E+19
   37.7529297       1.16340920E+19
   37.8233643       1.19238166E+19
   37.8937988       1.22522187E+19
   37.9642334       1.26198514E+19
   38.0346680       1.30259912E+19
   38.1051025       1.34702291E+19
   38.1755371       1.39556987E+19
   38.2459717       1.44847694E+19
   38.3164062       1.50580305E+19
   38.3868408       1.56714690E+19
   38.4572754       1.63208240E+19
   38.5277100       1.70006235E+19
   38.5981445       1.77040526E+19
   38.6685791       1.84224482E+19
   38.7390137       1.91459785E+19
   38.8094482       1.98639442E+19
   38.8798828       2.05660154E+19
   38.9503174       2.12427648E+19
   39.0207520       2.18867839E+19
   39.0911865       2.24928325E+19
   39.1616211       2.30584521E+19
   39.2320557       2.35919857E+19
   39.3024902       2.41120151E+19
   39.3729248       2.46310022E+19
   39.4433594       2.51479222E+19
   39.5137939       2.56491280E+19
   39.5842285       2.61247063E+19
   39.6546631       2.65672444E+19
   39.7250977       2.69714161E+19
   39.7955322       2.73329509E+19
   39.8659668       2.76487240E+19
   39.9364014       2.79163561E+19
   40.0068359       2.81349149E+19
   40.0772705       2.83048620E+19
   40.1477051       2.84286538E+19
   40.2181396       2.85102815E+19
   40.2885742       2.85550295E+19
   40.3590088       2.85681928E+19
   40.4294434       2.85543390E+19
   40.4998779       2.85159066E+19
   40.5703125       2.84530761E+19
   40.6407471       2.83634220E+19
   40.7111816       2.82428253E+19
   40.7816162       2.80860108E+19
   40.8520508       2.78878084E+19
   40.9224854       2.76436685E+19
   40.9929199       2.73504991E+19
   41.0633545       2.70065872E+19
   41.1337891       2.66119505E+19
   41.2042236       2.61678446E+19
   41.2746582       2.56770270E+19
   41.3450928       2.51432867E+19
   41.4155273       2.45718243E+19
   41.4859619       2.39688257E+19
   41.5563965       2.33416181E+19
   41.6268311       2.26977969E+19
   41.6972656       2.20449662E+19
   41.7677002       2.13897365E+19
   41.8381348       2.07375568E+19
   41.9085693       2.00922424E+19
   41.9790039       1.94568126E+19
   42.0494385       1.88344275E+19
   42.1198730       1.82307835E+19
   42.1903076       1.76561930E+19
   42.2607422       1.71283461E+19
   42.3311768       1.66625677E+19
   42.4016113       1.62655615E+19
   42.4720459       1.59335442E+19
   42.5424805       1.56482418E+19
   42.6129150       1.53942073E+19
   42.6833496       1.51569052E+19
   42.7537842       1.49340034E+19
   42.8242188       1.47220792E+19
   42.8946533       1.45170895E+19
   42.9650879       1.43155809E+19
   43.0355225       1.41149706E+19
   43.1059570       1.39142570E+19
   43.1763916       1.37138270E+19
   43.2468262       1.35158533E+19
   43.3172607       1.33240611E+19
   43.3876953       1.31442602E+19
   43.4581299       1.29843131E+19
   43.5285645       1.28496845E+19
   43.5989990       1.27359324E+19
   43.6694336       1.26347608E+19
   43.7398682       1.25378894E+19
   43.8103027       1.24441901E+19
   43.8807373       1.23534892E+19
   43.9511719       1.22681209E+19
   44.0216064       1.21939138E+19
   44.0920410       1.21403401E+19
   44.1624756       1.21049666E+19
   44.2329102       1.20807862E+19
   44.3033447       1.20550488E+19
   44.3737793       1.20233971E+19
   44.4442139       1.19808361E+19
   44.5146484       1.19224609E+19
   44.5850830       1.18434060E+19
   44.6555176       1.17393339E+19
   44.7259521       1.16063964E+19
   44.7963867       1.14420535E+19
   44.8668213       1.12454696E+19
   44.9372559       1.10186524E+19
   45.0076904       1.07667818E+19
   45.0781250       1.04988110E+19
   45.1485596       1.02225895E+19
   45.2189941       9.94756427E+18
   45.2894287       9.67880295E+18
   45.3598633       9.42041222E+18
   45.4302979       9.17320462E+18
   45.5007324       8.93880358E+18
   45.5711670       8.71898152E+18
   45.6416016       8.51388742E+18
   45.7120361       8.32228048E+18
   45.7824707       8.00095095E+18
   45.8529053       7.71459689E+18
   45.9233398       7.58042734E+18
   45.9937744       7.44284160E+18
   46.0642090       7.30437350E+18
   46.1346436       7.16860856E+18
   46.2050781       7.03974744E+18
   46.2755127       6.92158348E+18
   46.3459473       6.81731734E+18
   46.4163818       6.72899302E+18
   46.4868164       6.65780624E+18
   46.5572510       6.60386640E+18
   46.6276855       6.56659240E+18
   46.6981201       6.54437952E+18
   46.7685547       6.53492262E+18
   46.8389893       6.32062011E+18
   46.9094238       6.34495670E+18
   46.9798584       6.36688536E+18
   47.0502930       6.38319331E+18
   47.1207275       6.39154740E+18
   47.1911621       6.39092453E+18
   47.2615967       6.38133294E+18
   47.3320312       6.36381717E+18
   47.4024658       6.33990004E+18
   47.4729004       6.31144303E+18
   47.5433350       6.28002284E+18
   47.6137695       6.24677636E+18
   47.6842041       6.21189270E+18
   47.7546387       6.17472921E+18
   47.8250732       6.13373227E+18
   47.8955078       6.08706075E+18
   47.9659424       6.03290045E+18
   48.0363770       5.97023764E+18
   48.1068115       5.89896564E+18
   48.1772461       5.82017464E+18
   48.2476807       5.73571181E+18
   48.3181152       5.41440592E+18
   48.3885498       5.32647688E+18
   48.4589844       5.23404643E+18
   48.5294189       4.96269301E+18
   48.5998535       4.90503022E+18
   48.6702881       4.84669453E+18
   48.7407227       4.60322610E+18
   48.8111572       4.56552495E+18
   48.8815918       4.52433724E+18
   48.9520264       4.47855660E+18
   49.0224609       4.42788478E+18
   49.0928955       4.37324070E+18
   49.1633301       4.31684510E+18
   49.2337646       4.26185990E+18
   49.3041992       4.21170320E+18
   49.3746338       4.16920406E+18
   49.4450684       4.13589133E+18
   49.5155029       4.11158800E+18
   49.5859375       4.09445238E+18
   49.6563721       4.08138579E+18
   49.7268066       4.06868066E+18
   49.7972412       4.05272317E+18
   49.8676758       4.03069061E+18
   49.9381104       3.80298779E+18
   50.0085449       3.82033891E+18
   50.0789795       3.83576836E+18
   50.1494141       3.84824837E+18
   50.2198486       3.85702082E+18
   50.2902832       3.86160578E+18
   50.3607178       3.86196780E+18
   50.4311523       3.85859450E+18
   50.5015869       3.85265164E+18
   50.5720215       3.84595478E+18
   50.6424561       3.84095448E+18
   50.7128906       3.84054766E+18
   50.7833252       3.84790807E+18
   50.8537598       3.86616133E+18
   50.9241943       3.89808565E+18
   50.9946289       3.94572777E+18
   51.0650635       4.01014870E+18
   51.1354980       4.09122449E+18
   51.2059326       4.18770087E+18
   51.2763672       4.29730706E+18
   51.3468018       4.41701886E+18
   51.4172363       4.54319579E+18
   51.4876709       4.67174189E+18
   51.5581055       4.79816264E+18
   51.6285400       4.91777741E+18
   51.6989746       5.02595561E+18
   51.7694092       5.11856418E+18
   51.8398438       5.19235515E+18
   51.9102783       5.24536481E+18
   51.9807129       5.27702030E+18
   52.0511475       5.28811712E+18
   52.1215820       5.28054478E+18
   52.1920166       5.25700039E+18
   52.2624512       5.22059281E+18
   52.3328857       5.17451063E+18
   52.4033203       5.12160433E+18
   52.4737549       5.06410592E+18
   52.5441895       5.00336834E+18
   52.6146240       4.93985231E+18
   52.6850586       4.87322905E+18
   52.7554932       4.80270362E+18
   52.8259277       4.72730351E+18
   52.8963623       4.64622333E+18
   52.9667969       4.55901446E+18
   53.0372314       4.46577670E+18
   53.1076660       4.36715491E+18
   53.1781006       4.26433490E+18
   53.2485352       4.15891043E+18
   53.3189697       4.05282707E+18
   53.3894043       3.94821431E+18
   53.4598389       3.84730636E+18
   53.5302734       3.63697556E+18
   53.6007080       3.58906186E+18
   53.6711426       3.54364901E+18
   53.7415771       3.50146762E+18
   53.8120117       3.46246657E+18
   53.8824463       3.42587345E+18
   53.9528809       3.39032954E+18
   54.0233154       3.35419299E+18
   54.0937500       3.31592613E+18
   54.1641846       3.27469115E+18
   54.2346191       3.06134301E+18
   54.3050537       3.08233626E+18
   54.3754883       3.10097683E+18
   54.4459229       3.11488758E+18
   54.5163574       3.12156299E+18
   54.5867920       3.11856435E+18
   54.6572266       3.10370005E+18
   54.7276611       3.07524029E+18
   54.7980957       3.03208088E+18
   54.8685303       2.97391919E+18
   54.9389648       2.90138881E+18
   55.0093994       2.64274217E+18
   55.0798340       2.59314155E+18
   55.1502686       2.53778251E+18
   55.2207031       2.47788332E+18
   55.2911377       2.41451352E+18
   55.3615723       2.34842297E+18
   55.4320068       2.27994497E+18
   55.5024414       2.20889481E+18
   55.5728760       2.13456562E+18
   55.6433105       2.05573518E+18
   55.7137451       1.97078773E+18
   55.7841797       1.87788175E+18
   55.8546143       1.77529690E+18
   55.9250488       1.66190028E+18
   55.9954834       1.53784211E+18
   56.0659180       1.40534807E+18
   56.1363525       1.15588538E+18
   56.2067871       1.08601045E+18
   56.2772217       1.01103791E+18
   56.3476562       9.32840921E+17
   56.4180908       7.19734883E+17
   56.4885254       6.71724707E+17
   56.5589600       6.22112131E+17
   56.6293945       5.71682412E+17
   56.6998291       5.21264478E+17
   56.7702637       4.71677157E+17
   56.8406982       4.23802943E+17
   56.9111328       3.78519385E+17
   56.9815674       3.36735744E+17
   57.0520020       2.99267205E+17
   57.1224365       2.66808059E+17
   57.1928711       2.39756568E+17
   57.2633057       2.18174477E+17
   57.3337402       2.01659005E+17
   57.4041748       1.89407645E+17
   57.4746094       1.80225778E+17
   57.5450439       1.72717488E+17
   57.6154785       1.65391546E+17
   57.6859131       1.56917489E+17
   57.7563477       1.46252999E+17
   57.8267822       0.00000000    
   57.8972168       0.00000000    
   57.9676514       0.00000000    
   58.0380859       0.00000000    
   58.1085205       0.00000000    
   58.1789551       0.00000000    
