2018 01 23 09 31 40.0 56.004 -149.166
21. 9.716E+20 7.925 262 70 22 165 69 159
  -1.12695312       0.00000000    
  -1.05651855       0.00000000    
 -0.986083984       0.00000000    
 -0.915649414       0.00000000    
 -0.845214844       0.00000000    
 -0.774780273       0.00000000    
 -0.704345703       0.00000000    
 -0.633911133       0.00000000    
 -0.563476562       0.00000000    
 -0.493041992       0.00000000    
 -0.422607422       0.00000000    
 -0.352172852       0.00000000    
 -0.281738281       0.00000000    
 -0.211303711       0.00000000    
 -0.140869141       0.00000000    
  -7.04345703E-02   0.00000000    
   0.00000000       0.00000000    
   7.04345703E-02   1.06233810E+18
  0.140869141       1.23262936E+18
  0.211303711       1.39853357E+18
  0.281738281       1.56574730E+18
  0.352172852       1.74077498E+18
  0.422607422       1.93033519E+18
  0.493041992       2.14076412E+18
  0.563476562       2.37771753E+18
  0.633911133       2.64570040E+18
  0.704345703       2.94778683E+18
  0.774780273       3.28520166E+18
  0.845214844       3.65715434E+18
  0.915649414       4.06054537E+18
  0.986083984       4.49002121E+18
   1.05651855       4.93819314E+18
   1.12695312       5.39639152E+18
   1.19738770       5.85548656E+18
   1.26782227       6.30690755E+18
   1.33825684       6.74328337E+18
   1.40869141       7.15882015E+18
   1.47912598       7.54890324E+18
   1.54956055       7.90950457E+18
   1.61999512       8.23637398E+18
   1.69042969       8.52482426E+18
   1.76086426       8.76980040E+18
   1.83129883       8.96657945E+18
   1.90173340       9.11152202E+18
   1.97216797       9.20293047E+18
   2.04260254       9.24129298E+18
   2.11303711       9.22920165E+18
   2.18347168       9.17079559E+18
   2.25390625       9.07133817E+18
   2.32434082       8.93671341E+18
   2.39477539       8.77328420E+18
   2.46520996       8.58776471E+18
   2.53564453       8.38735397E+18
   2.60607910       8.17957981E+18
   2.67651367       7.97219378E+18
   2.74694824       7.77281603E+18
   2.81738281       7.58881331E+18
   2.88781738       7.42698334E+18
   2.95825195       7.29344051E+18
   3.02868652       7.19335032E+18
   3.09912109       7.13092499E+18
   3.16955566       7.10931574E+18
   3.23999023       7.13085462E+18
   3.31042480       7.19738552E+18
   3.38085938       7.31089141E+18
   3.45129395       7.47377086E+18
   3.52172852       7.68887217E+18
   3.59216309       7.95885670E+18
   3.66259766       8.28545893E+18
   3.73303223       8.66845237E+18
   3.80346680       9.10508383E+18
   3.87390137       9.58978539E+18
   3.94433594       1.01146680E+19
   4.01477051       1.06700413E+19
   4.08520508       1.12453145E+19
   4.15563965       1.18296775E+19
   4.22607422       1.24129387E+19
   4.29650879       1.29858920E+19
   4.36694336       1.35406792E+19
   4.43737793       1.40708923E+19
   4.50781250       1.45719464E+19
   4.57824707       1.50411992E+19
   4.64868164       1.54781473E+19
   4.71911621       1.58842399E+19
   4.78955078       1.62627193E+19
   4.85998535       1.66181221E+19
   4.93041992       1.69560933E+19
   5.00085449       1.72832266E+19
   5.07128906       1.76073450E+19
   5.14172363       1.79372986E+19
   5.21215820       1.82824473E+19
   5.28259277       1.86512752E+19
   5.35302734       1.90499757E+19
   5.42346191       1.94809579E+19
   5.49389648       1.99423614E+19
   5.56433105       2.04284972E+19
   5.63476562       2.09315480E+19
   5.70520020       2.14434542E+19
   5.77563477       2.19576562E+19
   5.84606934       2.24699297E+19
   5.91650391       2.29785792E+19
   5.98693848       2.34838223E+19
   6.05737305       2.39871150E+19
   6.12780762       2.44902361E+19
   6.19824219       2.49948174E+19
   6.26867676       2.55015867E+19
   6.33911133       2.60099591E+19
   6.40954590       2.65176960E+19
   6.47998047       2.70213801E+19
   6.55041504       2.75171301E+19
   6.62084961       2.80015155E+19
   6.69128418       2.84718602E+19
   6.76171875       2.89260860E+19
   6.83215332       2.93616510E+19
   6.90258789       2.97744208E+19
   6.97302246       3.01576534E+19
   7.04345703       3.05021260E+19
   7.11389160       3.07968435E+19
   7.18432617       3.10305513E+19
   7.25476074       3.11931163E+19
   7.32519531       3.12769914E+19
   7.39562988       3.12780888E+19
   7.46606445       3.11964060E+19
   7.53649902       3.10360994E+19
   7.60693359       3.08054879E+19
   7.67736816       3.05164395E+19
   7.74780273       3.01834831E+19
   7.81823730       2.98225047E+19
   7.88867188       2.94496361E+19
   7.95910645       2.90804399E+19
   8.02954102       2.87296847E+19
   8.09997559       2.84113959E+19
   8.17041016       2.81392205E+19
   8.24084473       2.79262715E+19
   8.31127930       2.77845269E+19
   8.38171387       2.77234886E+19
   8.45214844       2.77488961E+19
   8.52258301       2.78615169E+19
   8.59301758       2.80566164E+19
   8.66345215       2.83241100E+19
   8.73388672       2.86496314E+19
   8.80432129       2.90158700E+19
   8.87475586       2.94041031E+19
   8.94519043       2.97954655E+19
   9.01562500       3.01722088E+19
   9.08605957       3.05185659E+19
   9.15649414       3.08214308E+19
   9.22692871       3.10703954E+19
   9.29736328       3.12575499E+19
   9.36779785       3.13767061E+19
   9.43823242       3.14226635E+19
   9.50866699       3.13905820E+19
   9.57910156       3.12759843E+19
   9.64953613       3.10749782E+19
   9.71997070       3.07846323E+19
   9.79040527       3.04029127E+19
   9.86083984       2.99285262E+19
   9.93127441       2.93605603E+19
   10.0017090       2.86984102E+19
   10.0721436       2.79421793E+19
   10.1425781       2.70938621E+19
   10.2130127       2.61589429E+19
   10.2834473       2.51479794E+19
   10.3538818       2.40776004E+19
   10.4243164       2.29707550E+19
   10.4947510       2.18558568E+19
   10.5651855       2.07651611E+19
   10.6356201       1.97324844E+19
   10.7060547       1.87909330E+19
   10.7764893       1.79707611E+19
   10.8469238       1.72976478E+19
   10.9173584       1.67914172E+19
   10.9877930       1.64654934E+19
   11.0582275       1.63268483E+19
   11.1286621       1.63764824E+19
   11.1990967       1.66099945E+19
   11.2695312       1.70182476E+19
   11.3399658       1.75876714E+19
   11.4104004       1.83004606E+19
   11.4808350       1.91346315E+19
   11.5512695       2.00645875E+19
   11.6217041       2.10619677E+19
   11.6921387       2.20971908E+19
   11.7625732       2.31410760E+19
   11.8330078       2.41667752E+19
   11.9034424       2.51511020E+19
   11.9738770       2.60754834E+19
   12.0443115       2.69261755E+19
   12.1147461       2.76943625E+19
   12.1851807       2.83757893E+19
   12.2556152       2.89703458E+19
   12.3260498       2.94811349E+19
   12.3964844       2.99134673E+19
   12.4669189       3.02733484E+19
   12.5373535       3.05660978E+19
   12.6077881       3.07951898E+19
   12.6782227       3.09621001E+19
   12.7486572       3.10668550E+19
   12.8190918       3.11094237E+19
   12.8895264       3.10909827E+19
   12.9599609       3.10150130E+19
   13.0303955       3.08872278E+19
   13.1008301       3.07146726E+19
   13.1712646       3.05040326E+19
   13.2416992       3.02603016E+19
   13.3121338       2.99860240E+19
   13.3825684       2.96816221E+19
   13.4530029       2.93462820E+19
   13.5234375       2.89794915E+19
   13.5938721       2.85822468E+19
   13.6643066       2.81580002E+19
   13.7347412       2.77129047E+19
   13.8051758       2.72559477E+19
   13.8756104       2.67986344E+19
   13.9460449       2.63545680E+19
   14.0164795       2.59385392E+19
   14.0869141       2.55655343E+19
   14.1573486       2.52493390E+19
   14.2277832       2.50012891E+19
   14.2982178       2.48291540E+19
   14.3686523       2.47367752E+19
   14.4390869       2.47241990E+19
   14.5095215       2.47883247E+19
   14.5799561       2.49237296E+19
   14.6503906       2.51236208E+19
   14.7208252       2.53805261E+19
   14.7912598       2.56868764E+19
   14.8616943       2.60351995E+19
   14.9321289       2.64182474E+19
   15.0025635       2.68287104E+19
   15.0729980       2.72589252E+19
   15.1434326       2.77004538E+19
   15.2138672       2.81444872E+19
   15.2843018       2.85827701E+19
   15.3547363       2.90093499E+19
   15.4251709       2.94224056E+19
   15.4956055       2.98258758E+19
   15.5660400       3.02298078E+19
   15.6364746       3.06492737E+19
   15.7069092       3.11019778E+19
   15.7773438       3.16054310E+19
   15.8477783       3.21742391E+19
   15.9182129       3.28182978E+19
   15.9886475       3.35418798E+19
   16.0590820       3.43438988E+19
   16.1295166       3.52185317E+19
   16.1999512       3.61563228E+19
   16.2703857       3.71451092E+19
   16.3408203       3.81712966E+19
   16.4112549       3.92207980E+19
   16.4816895       4.02800103E+19
   16.5521240       4.13361133E+19
   16.6225586       4.23771529E+19
   16.6929932       4.33913292E+19
   16.7634277       4.43662222E+19
   16.8338623       4.52879296E+19
   16.9042969       4.61411814E+19
   16.9747314       4.69100083E+19
   17.0451660       4.75792810E+19
   17.1156006       4.81362760E+19
   17.1860352       4.85725402E+19
   17.2564697       4.88851710E+19
   17.3269043       4.90777790E+19
   17.3973389       4.91604007E+19
   17.4677734       4.91486755E+19
   17.5382080       4.90617218E+19
   17.6086426       4.89193174E+19
   17.6790771       4.87386325E+19
   17.7495117       4.85320078E+19
   17.8199463       4.83057987E+19
   17.8903809       4.80606736E+19
   17.9608154       4.77926962E+19
   18.0312500       4.74947550E+19
   18.1016846       4.71576535E+19
   18.1721191       4.67707573E+19
   18.2425537       4.63222358E+19
   18.3129883       4.57997258E+19
   18.3834229       4.51916827E+19
   18.4538574       4.44896709E+19
   18.5242920       4.36912100E+19
   18.5947266       4.28028442E+19
   18.6651611       4.18424032E+19
   18.7355957       4.08398597E+19
   18.8060303       3.98358824E+19
   18.8764648       3.88784321E+19
   18.9468994       3.80173430E+19
   19.0173340       3.72979721E+19
   19.0877686       3.67546770E+19
   19.1582031       3.64057998E+19
   19.2286377       3.62508434E+19
   19.2990723       3.62705444E+19
   19.3695068       3.64294393E+19
   19.4399414       3.66805897E+19
   19.5103760       3.69713512E+19
   19.5808105       3.72494352E+19
   19.6512451       3.74682600E+19
   19.7216797       3.75913746E+19
   19.7921143       3.75954472E+19
   19.8625488       3.74716861E+19
   19.9329834       3.72256330E+19
   20.0034180       3.68758080E+19
   20.0738525       3.64513767E+19
   20.1442871       3.59890585E+19
   20.2147217       3.55293527E+19
   20.2851562       3.51126949E+19
   20.3555908       3.47756440E+19
   20.4260254       3.45477681E+19
   20.4964600       3.44493178E+19
   20.5668945       3.44901580E+19
   20.6373291       3.46695302E+19
   20.7077637       3.49766568E+19
   20.7781982       3.53917664E+19
   20.8486328       3.58878836E+19
   20.9190674       3.64332458E+19
   20.9895020       3.69945289E+19
   21.0599365       3.75405375E+19
   21.1303711       3.80460666E+19
   21.2008057       3.84950632E+19
   21.2712402       3.88823903E+19
   21.3416748       3.92134885E+19
   21.4121094       3.95022334E+19
   21.4825439       3.97673784E+19
   21.5529785       4.00285476E+19
   21.6234131       4.03022601E+19
   21.6938477       4.05991546E+19
   21.7642822       4.09221867E+19
   21.8347168       4.12663866E+19
   21.9051514       4.16195454E+19
   21.9755859       4.19642291E+19
   22.0460205       4.22805014E+19
   22.1164551       4.25489801E+19
   22.1868896       4.27535025E+19
   22.2573242       4.28832141E+19
   22.3277588       4.29335805E+19
   22.3981934       4.29061543E+19
   22.4686279       4.28072774E+19
   22.5390625       4.26461682E+19
   22.6094971       4.24329509E+19
   22.6799316       4.21769582E+19
   22.7503662       4.18856360E+19
   22.8208008       4.15643719E+19
   22.8912354       4.12170669E+19
   22.9616699       4.08472836E+19
   23.0321045       4.04597057E+19
   23.1025391       4.00615726E+19
   23.1729736       3.96639452E+19
   23.2434082       3.92820804E+19
   23.3138428       3.89346963E+19
   23.3842773       3.86422438E+19
   23.4547119       3.84245537E+19
   23.5251465       3.82983517E+19
   23.5955811       3.82752884E+19
   23.6660156       3.83610239E+19
   23.7364502       3.85552065E+19
   23.8068848       3.88522857E+19
   23.8773193       3.92423792E+19
   23.9477539       3.97122006E+19
   24.0181885       4.02454593E+19
   24.0886230       4.08227821E+19
   24.1590576       4.14210483E+19
   24.2294922       4.20126911E+19
   24.2999268       4.25655036E+19
   24.3703613       4.30431139E+19
   24.4407959       4.34063573E+19
   24.5112305       4.36156472E+19
   24.5816650       4.36340574E+19
   24.6520996       4.34306213E+19
   24.7225342       4.29833708E+19
   24.7929688       4.22820011E+19
   24.8634033       4.13296877E+19
   24.9338379       4.01438600E+19
   25.0042725       3.87553528E+19
   25.0747070       3.72061057E+19
   25.1451416       3.55454803E+19
   25.2155762       3.38255362E+19
   25.2860107       3.20961496E+19
   25.3564453       3.04005927E+19
   25.4268799       2.87726448E+19
   25.4973145       2.72350701E+19
   25.5677490       2.57995148E+19
   25.6381836       2.44673619E+19
   25.7086182       2.32314470E+19
   25.7790527       2.20781583E+19
   25.8494873       2.09899035E+19
   25.9199219       1.99477688E+19
   25.9903564       1.89343907E+19
   26.0607910       1.79363508E+19
   26.1312256       1.69458964E+19
   26.2016602       1.59616312E+19
   26.2720947       1.49885029E+19
   26.3425293       1.40370658E+19
   26.4129639       1.31224778E+19
   26.4833984       1.22631545E+19
   26.5538330       1.14793940E+19
   26.6242676       1.07915505E+19
   26.6947021       1.02179826E+19
   26.7651367       9.77277821E+18
   26.8355713       9.46393419E+18
   26.9060059       9.29213989E+18
   26.9764404       9.25054427E+18
   27.0468750       9.32540012E+18
   27.1173096       9.49753196E+18
   27.1877441       9.74418101E+18
   27.2581787       1.00410689E+19
   27.3286133       1.03644529E+19
   27.3990479       1.06931970E+19
   27.4694824       1.10105380E+19
   27.5399170       1.13053457E+19
   27.6103516       1.15724742E+19
   27.6807861       1.18121480E+19
   27.7512207       1.20283801E+19
   27.8216553       1.22268783E+19
   27.8920898       1.24129915E+19
   27.9625244       1.25902394E+19
   28.0329590       1.27595949E+19
   28.1033936       1.29194419E+19
   28.1738281       1.30660233E+19
   28.2442627       1.31942374E+19
   28.3146973       1.32986107E+19
   28.3851318       1.33743759E+19
   28.4555664       1.34185433E+19
   28.5260010       1.34308094E+19
   28.5964355       1.34139616E+19
   28.6668701       1.33735908E+19
   28.7373047       1.33170902E+19
   28.8077393       1.32522619E+19
   28.8781738       1.31858107E+19
   28.9486084       1.31221930E+19
   29.0190430       1.30631261E+19
   29.0894775       1.30077899E+19
   29.1599121       1.29535488E+19
   29.2303467       1.28969690E+19
   29.3007812       1.28349929E+19
   29.3712158       1.27662316E+19
   29.4416504       1.26921872E+19
   29.5120850       1.26181219E+19
   29.5825195       1.25533409E+19
   29.6529541       1.25104643E+19
   29.7233887       1.25037001E+19
   29.7938232       1.25463502E+19
   29.8642578       1.26482221E+19
   29.9346924       1.28136403E+19
   30.0051270       1.30406367E+19
   30.0755615       1.33215070E+19
   30.1459961       1.36446490E+19
   30.2164307       1.39971514E+19
   30.2868652       1.43675076E+19
   30.3572998       1.47478044E+19
   30.4277344       1.51350975E+19
   30.4981689       1.55318299E+19
   30.5686035       1.59454783E+19
   30.6390381       1.63875325E+19
   30.7094727       1.68722181E+19
   30.7799072       1.74150074E+19
   30.8503418       1.80311749E+19
   30.9207764       1.87344247E+19
   30.9912109       1.95358169E+19
   31.0616455       2.04428788E+19
   31.1320801       2.14588474E+19
   31.2025146       2.25818446E+19
   31.2729492       2.38041914E+19
   31.3433838       2.51118824E+19
   31.4138184       2.64845347E+19
   31.4842529       2.78958700E+19
   31.5546875       2.93151262E+19
   31.6251221       3.07090409E+19
   31.6955566       3.20442482E+19
   31.7659912       3.32893418E+19
   31.8364258       3.44165677E+19
   31.9068604       3.54025636E+19
   31.9772949       3.62284881E+19
   32.0477295       3.68795090E+19
   32.1181641       3.73442703E+19
   32.1885986       3.76144027E+19
   32.2590332       3.76841909E+19
   32.3294678       3.75502748E+19
   32.3999023       3.72116120E+19
   32.4703369       3.66695440E+19
   32.5407715       3.59282841E+19
   32.6112061       3.49957179E+19
   32.6816406       3.38845778E+19
   32.7520752       3.26136347E+19
   32.8225098       3.12085073E+19
   32.8929443       2.97016134E+19
   32.9633789       2.81312887E+19
   33.0338135       2.65401194E+19
   33.1042480       2.49727678E+19
   33.1746826       2.34734276E+19
   33.2451172       2.20831985E+19
   33.3155518       2.08376057E+19
   33.3859863       1.97641261E+19
   33.4564209       1.88801298E+19
   33.5268555       1.81914881E+19
   33.5972900       1.76924857E+19
   33.6677246       1.73670984E+19
   33.7381592       1.71915427E+19
   33.8085938       1.71375875E+19
   33.8790283       1.71760066E+19
   33.9494629       1.72793816E+19
   34.0198975       1.74238145E+19
   34.0903320       1.75896154E+19
   34.1607666       1.77612568E+19
   34.2312012       1.79269950E+19
   34.3016357       1.80784923E+19
   34.3720703       1.82105668E+19
   34.4425049       1.83211260E+19
   34.5129395       1.84109506E+19
   34.5833740       1.84832039E+19
   34.6538086       1.85425753E+19
   34.7242432       1.85942172E+19
   34.7946777       1.86426199E+19
   34.8651123       1.86907169E+19
   34.9355469       1.87394429E+19
   35.0059814       1.87879489E+19
   35.0764160       1.88343131E+19
   35.1468506       1.88765322E+19
   35.2172852       1.89135505E+19
   35.2877197       1.89459158E+19
   35.3581543       1.89759214E+19
   35.4285889       1.90070750E+19
   35.4990234       1.90432357E+19
   35.5694580       1.90877242E+19
   35.6398926       1.91426690E+19
   35.7103271       1.92088090E+19
   35.7807617       1.92856385E+19
   35.8511963       1.93718446E+19
   35.9216309       1.94654878E+19
   35.9920654       1.95637269E+19
   36.0625000       1.96620980E+19
   36.1329346       1.97537907E+19
   36.2033691       1.98293316E+19
   36.2738037       1.98770042E+19
   36.3442383       1.98840960E+19
   36.4146729       1.98385367E+19
   36.4851074       1.97303139E+19
   36.5555420       1.95521997E+19
   36.6259766       1.92998178E+19
   36.6964111       1.89713980E+19
   36.7668457       1.85675694E+19
   36.8372803       1.80914589E+19
   36.9077148       1.75490665E+19
   36.9781494       1.69497018E+19
   37.0485840       1.63060840E+19
   37.1190186       1.56339679E+19
   37.1894531       1.49514373E+19
   37.2598877       1.42780898E+19
   37.3303223       1.36341883E+19
   37.4007568       1.30397846E+19
   37.4711914       1.25137211E+19
   37.5416260       1.20725365E+19
   37.6120605       1.17293778E+19
   37.6824951       1.14932412E+19
   37.7529297       1.13689315E+19
   37.8233643       1.13578770E+19
   37.8937988       1.14595247E+19
   37.9642334       1.16728223E+19
   38.0346680       1.19971749E+19
   38.1051025       1.24325859E+19
   38.1755371       1.29788189E+19
   38.2459717       1.36338705E+19
   38.3164062       1.43922664E+19
   38.3868408       1.52437183E+19
   38.4572754       1.61725274E+19
   38.5277100       1.71578515E+19
   38.5981445       1.81748370E+19
   38.6685791       1.91964153E+19
   38.7390137       2.01955877E+19
   38.8094482       2.11478923E+19
   38.8798828       2.20339293E+19
   38.9503174       2.28413953E+19
   39.0207520       2.35662791E+19
   39.0911865       2.42127238E+19
   39.1616211       2.47916628E+19
   39.2320557       2.53183861E+19
   39.3024902       2.58096105E+19
   39.3729248       2.62805137E+19
   39.4433594       2.67425241E+19
   39.5137939       2.72019968E+19
   39.5842285       2.76600424E+19
   39.6546631       2.81132325E+19
   39.7250977       2.85551570E+19
   39.7955322       2.89783678E+19
   39.8659668       2.93763427E+19
   39.9364014       2.97448440E+19
   40.0068359       3.00823940E+19
   40.0772705       3.03897207E+19
   40.1477051       3.06682072E+19
   40.2181396       3.09178426E+19
   40.2885742       3.11354513E+19
   40.3590088       3.13138339E+19
   40.4294434       3.14419556E+19
   40.4998779       3.15061165E+19
   40.5703125       3.14918866E+19
   40.6407471       3.13863225E+19
   40.7111816       3.11800673E+19
   40.7816162       3.08689077E+19
   40.8520508       3.04546293E+19
   40.9224854       2.99450958E+19
   40.9929199       2.93533475E+19
   41.0633545       2.86959099E+19
   41.1337891       2.79905248E+19
   41.2042236       2.72539004E+19
   41.2746582       2.64996794E+19
   41.3450928       2.57372099E+19
   41.4155273       2.49712219E+19
   41.4859619       2.42027028E+19
   41.5563965       2.34304828E+19
   41.6268311       2.26532007E+19
   41.6972656       2.18711906E+19
   41.7677002       2.10879513E+19
   41.8381348       2.03107044E+19
   41.9085693       1.95500270E+19
   41.9790039       1.88185659E+19
   42.0494385       1.81293920E+19
   42.1198730       1.74942141E+19
   42.1903076       1.69219468E+19
   42.2607422       1.64176822E+19
   42.3311768       1.59822756E+19
   42.4016113       1.56120865E+19
   42.4720459       1.52989775E+19
   42.5424805       1.50305428E+19
   42.6129150       1.47911879E+19
   42.6833496       1.45639331E+19
   42.7537842       1.43328905E+19
   42.8242188       1.40856324E+19
   42.8946533       1.38149414E+19
   42.9650879       1.35191398E+19
   43.0355225       1.32010544E+19
   43.1059570       1.28659386E+19
   43.1763916       1.25193264E+19
   43.2468262       1.21653771E+19
   43.3172607       1.18063546E+19
   43.3876953       1.14431717E+19
   43.4581299       1.10768749E+19
   43.5285645       1.07102339E+19
   43.5989990       1.03489069E+19
   43.6694336       1.00015602E+19
   43.7398682       9.67915039E+18
   43.8103027       9.39331585E+18
   43.8807373       9.15450687E+18
   43.9511719       8.97018749E+18
   44.0216064       8.84375245E+18
   44.0920410       8.77418305E+18
   44.1624756       8.75652655E+18
   44.2329102       8.78281642E+18
   44.3033447       8.84325163E+18
   44.3737793       8.92707729E+18
   44.4442139       9.02309709E+18
   44.5146484       9.11970458E+18
   44.5850830       9.20488210E+18
   44.6555176       9.26614634E+18
   44.7259521       9.29073911E+18
   44.7963867       9.26593633E+18
   44.8668213       9.17969669E+18
   44.9372559       9.02132853E+18
   45.0076904       8.78227711E+18
   45.0781250       8.45683486E+18
   45.1485596       8.04304356E+18
   45.2189941       7.54353762E+18
   45.2894287       6.96640232E+18
   45.3598633       6.32564488E+18
   45.4302979       5.64123682E+18
   45.5007324       4.93818765E+18
   45.5711670       4.24475123E+18
   45.6416016       3.58969793E+18
   45.7120361       2.99941357E+18
   45.7824707       0.00000000    
   45.8529053       0.00000000    
   45.9233398       0.00000000    
   45.9937744       0.00000000    
   46.0642090       0.00000000    
   46.1346436       0.00000000    
   46.2050781       0.00000000    
   46.2755127       0.00000000    
   46.3459473       0.00000000    
   46.4163818       0.00000000    
   46.4868164       0.00000000    
   46.5572510       0.00000000    
   46.6276855       0.00000000    
   46.6981201       0.00000000    
   46.7685547       0.00000000    
   46.8389893       0.00000000    
   46.9094238       0.00000000    
   46.9798584       0.00000000    
   47.0502930       0.00000000    
   47.1207275       0.00000000    
   47.1911621       0.00000000    
   47.2615967       0.00000000    
   47.3320312       0.00000000    
   47.4024658       0.00000000    
   47.4729004       0.00000000    
   47.5433350       0.00000000    
   47.6137695       0.00000000    
   47.6842041       0.00000000    
   47.7546387       0.00000000    
   47.8250732       0.00000000    
   47.8955078       0.00000000    
   47.9659424       0.00000000    
   48.0363770       0.00000000    
   48.1068115       0.00000000    
   48.1772461       0.00000000    
   48.2476807       0.00000000    
   48.3181152       0.00000000    
   48.3885498       0.00000000    
   48.4589844       0.00000000    
   48.5294189       0.00000000    
   48.5998535       0.00000000    
   48.6702881       0.00000000    
   48.7407227       0.00000000    
   48.8111572       0.00000000    
   48.8815918       0.00000000    
   48.9520264       0.00000000    
   49.0224609       0.00000000    
   49.0928955       0.00000000    
   49.1633301       0.00000000    
   49.2337646       0.00000000    
   49.3041992       0.00000000    
   49.3746338       0.00000000    
   49.4450684       0.00000000    
   49.5155029       0.00000000    
   49.5859375       0.00000000    
   49.6563721       0.00000000    
   49.7268066       0.00000000    
   49.7972412       0.00000000    
   49.8676758       0.00000000    
   49.9381104       0.00000000    
   50.0085449       0.00000000    
   50.0789795       0.00000000    
   50.1494141       0.00000000    
   50.2198486       0.00000000    
   50.2902832       0.00000000    
   50.3607178       0.00000000    
   50.4311523       0.00000000    
   50.5015869       0.00000000    
   50.5720215       0.00000000    
   50.6424561       0.00000000    
   50.7128906       0.00000000    
   50.7833252       0.00000000    
   50.8537598       0.00000000    
   50.9241943       0.00000000    
   50.9946289       0.00000000    
   51.0650635       0.00000000    
   51.1354980       0.00000000    
   51.2059326       0.00000000    
   51.2763672       0.00000000    
   51.3468018       0.00000000    
   51.4172363       0.00000000    
   51.4876709       0.00000000    
   51.5581055       0.00000000    
   51.6285400       0.00000000    
   51.6989746       0.00000000    
   51.7694092       0.00000000    
   51.8398438       0.00000000    
   51.9102783       0.00000000    
   51.9807129       0.00000000    
   52.0511475       0.00000000    
   52.1215820       0.00000000    
   52.1920166       0.00000000    
   52.2624512       0.00000000    
   52.3328857       0.00000000    
   52.4033203       0.00000000    
   52.4737549       0.00000000    
   52.5441895       0.00000000    
   52.6146240       0.00000000    
   52.6850586       0.00000000    
   52.7554932       0.00000000    
   52.8259277       0.00000000    
   52.8963623       0.00000000    
   52.9667969       0.00000000    
   53.0372314       0.00000000    
   53.1076660       0.00000000    
   53.1781006       0.00000000    
   53.2485352       0.00000000    
   53.3189697       0.00000000    
   53.3894043       0.00000000    
   53.4598389       0.00000000    
   53.5302734       0.00000000    
   53.6007080       0.00000000    
   53.6711426       0.00000000    
   53.7415771       0.00000000    
   53.8120117       0.00000000    
   53.8824463       0.00000000    
   53.9528809       0.00000000    
   54.0233154       0.00000000    
   54.0937500       0.00000000    
   54.1641846       0.00000000    
   54.2346191       0.00000000    
   54.3050537       0.00000000    
   54.3754883       0.00000000    
   54.4459229       0.00000000    
   54.5163574       0.00000000    
   54.5867920       0.00000000    
   54.6572266       0.00000000    
   54.7276611       0.00000000    
   54.7980957       0.00000000    
   54.8685303       0.00000000    
   54.9389648       0.00000000    
   55.0093994       0.00000000    
   55.0798340       0.00000000    
   55.1502686       0.00000000    
   55.2207031       0.00000000    
   55.2911377       0.00000000    
   55.3615723       0.00000000    
   55.4320068       0.00000000    
   55.5024414       0.00000000    
   55.5728760       0.00000000    
   55.6433105       0.00000000    
   55.7137451       0.00000000    
   55.7841797       0.00000000    
   55.8546143       0.00000000    
   55.9250488       0.00000000    
   55.9954834       0.00000000    
   56.0659180       0.00000000    
   56.1363525       0.00000000    
   56.2067871       0.00000000    
   56.2772217       0.00000000    
   56.3476562       0.00000000    
   56.4180908       0.00000000    
   56.4885254       0.00000000    
   56.5589600       0.00000000    
   56.6293945       0.00000000    
   56.6998291       0.00000000    
   56.7702637       0.00000000    
   56.8406982       0.00000000    
   56.9111328       0.00000000    
   56.9815674       0.00000000    
   57.0520020       0.00000000    
   57.1224365       0.00000000    
   57.1928711       0.00000000    
   57.2633057       0.00000000    
   57.3337402       0.00000000    
   57.4041748       0.00000000    
   57.4746094       0.00000000    
   57.5450439       0.00000000    
   57.6154785       0.00000000    
   57.6859131       0.00000000    
   57.7563477       0.00000000    
   57.8267822       0.00000000    
   57.8972168       0.00000000    
   57.9676514       0.00000000    
   58.0380859       0.00000000    
   58.1085205       0.00000000    
   58.1789551       0.00000000    
