2016 12 08 17 38 46.0 -10.681 161.327
43. 7.499E+20 7.850 155 46 122 294 52 61
  -1.12500000       0.00000000    
  -1.05468750       1.24954703E+17
 -0.984375000       1.52725446E+17
 -0.914062500       1.80585387E+17
 -0.843750000       2.09204662E+17
 -0.773437500       2.39171576E+17
 -0.703125000       2.70760665E+17
 -0.632812500       3.03848492E+17
 -0.562500000       3.39579218E+17
 -0.492187500       3.89604936E+17
 -0.421875000       4.59360668E+17
 -0.351562500       5.48426504E+17
 -0.281250000       6.43128678E+17
 -0.210937500       7.34823824E+17
 -0.140625000       8.19665165E+17
  -7.03125000E-02   9.23122337E+17
   0.00000000       1.06815514E+18
   7.03125000E-02   1.26649707E+18
  0.140625000       1.49618821E+18
  0.210937500       1.73505780E+18
  0.281250000       1.96992475E+18
  0.351562500       2.19535089E+18
  0.421875000       2.41985989E+18
  0.492187500       2.65021830E+18
  0.562500000       2.88991651E+18
  0.632812500       3.14192897E+18
  0.703125000       3.40913009E+18
  0.773437500       3.69786926E+18
  0.843750000       4.00115745E+18
  0.914062500       4.31269665E+18
  0.984375000       4.62713471E+18
   1.05468750       4.93461808E+18
   1.12500000       5.23749230E+18
   1.19531250       5.53220045E+18
   1.26562500       5.82046821E+18
   1.33593750       6.09279470E+18
   1.40625000       6.34227774E+18
   1.47656250       6.56738240E+18
   1.54687500       6.76921425E+18
   1.61718750       6.94953581E+18
   1.68750000       7.10825306E+18
   1.75781250       7.24601472E+18
   1.82812500       7.36628260E+18
   1.89843750       7.47412875E+18
   1.96875000       7.58214312E+18
   2.03906250       7.70572493E+18
   2.10937500       7.85462465E+18
   2.17968750       8.02687414E+18
   2.25000000       8.21407589E+18
   2.32031250       8.41112321E+18
   2.39062500       8.61676048E+18
   2.46093750       8.83336372E+18
   2.53125000       9.06608965E+18
   2.60156250       9.32130664E+18
   2.67187500       9.60501692E+18
   2.74218750       9.92149925E+18
   2.81250000       1.02727910E+19
   2.88281250       1.06573705E+19
   2.95312500       1.10680733E+19
   3.02343750       1.14957547E+19
   3.09375000       1.19319288E+19
   3.16406250       1.23724547E+19
   3.23437500       1.28154215E+19
   3.30468750       1.32607589E+19
   3.37500000       1.37095059E+19
   3.44531250       1.41623134E+19
   3.51562500       1.46185492E+19
   3.58593750       1.50756667E+19
   3.65625000       1.55298992E+19
   3.72656250       1.59803042E+19
   3.79687500       1.64277790E+19
   3.86718750       1.68733264E+19
   3.93750000       1.73150014E+19
   4.00781250       1.77496680E+19
   4.07812500       1.81748667E+19
   4.14843750       1.85886734E+19
   4.21875000       1.89900040E+19
   4.28906250       1.93789188E+19
   4.35937500       1.97569243E+19
   4.42968750       2.01270111E+19
   4.50000000       2.04936741E+19
   4.57031250       2.08628593E+19
   4.64062500       2.12420171E+19
   4.71093750       2.16397742E+19
   4.78125000       2.20653556E+19
   4.85156250       2.25272978E+19
   4.92187500       2.30320792E+19
   4.99218750       2.35828114E+19
   5.06250000       2.41786543E+19
   5.13281250       2.48150648E+19
   5.20312500       2.54850435E+19
   5.27343750       2.61807023E+19
   5.34375000       2.68949560E+19
   5.41406250       2.76226634E+19
   5.48437500       2.83612515E+19
   5.55468750       2.91105577E+19
   5.62500000       2.98724093E+19
   5.69531250       3.06498454E+19
   5.76562500       3.14465493E+19
   5.83593750       3.22663364E+19
   5.90625000       3.31129010E+19
   5.97656250       3.39895416E+19
   6.04687500       3.48989829E+19
   6.11718750       3.58429202E+19
   6.18750000       3.68219869E+19
   6.25781250       3.78357036E+19
   6.32812500       3.88830193E+19
   6.39843750       3.99625506E+19
   6.46875000       4.10729342E+19
   6.53906250       4.22124988E+19
   6.60937500       4.33788651E+19
   6.67968750       4.45683300E+19
   6.75000000       4.57758489E+19
   6.82031250       4.69952732E+19
   6.89062500       4.82204150E+19
   6.96093750       4.94459615E+19
   7.03125000       5.06683501E+19
   7.10156250       5.18856195E+19
   7.17187500       5.30965688E+19
   7.24218750       5.42991135E+19
   7.31250000       5.54889258E+19
   7.38281250       5.66588633E+19
   7.45312500       5.77996286E+19
   7.52343750       5.89014272E+19
   7.59375000       5.99559117E+19
   7.66406250       6.09577691E+19
   7.73437500       6.19053678E+19
   7.80468750       6.28006253E+19
   7.87500000       6.36480585E+19
   7.94531250       6.44532837E+19
   8.01562500       6.52214904E+19
   8.08593750       6.59560170E+19
   8.15625000       6.66580947E+19
   8.22656250       6.73271828E+19
   8.29687500       6.79623178E+19
   8.36718750       6.85633021E+19
   8.43750000       6.91315605E+19
   8.50781250       6.96701409E+19
   8.57812500       7.01832302E+19
   8.64843750       7.06752792E+19
   8.71875000       7.11502858E+19
   8.78906250       7.16111044E+19
   8.85937500       7.20592345E+19
   8.92968750       7.24943816E+19
   9.00000000       7.29144742E+19
   9.07031250       7.33154705E+19
   9.14062500       7.36917190E+19
   9.21093750       7.40366710E+19
   9.28125000       7.43441032E+19
   9.35156250       7.46096221E+19
   9.42187500       7.48322248E+19
   9.49218750       7.50149812E+19
   9.56250000       7.51648755E+19
   9.63281250       7.52915480E+19
   9.70312500       7.54054046E+19
   9.77343750       7.55154262E+19
   9.84375000       7.56277435E+19
   9.91406250       7.57446436E+19
   9.98437500       7.58648773E+19
   10.0546875       7.59845482E+19
   10.1250000       7.60983081E+19
   10.1953125       7.62001932E+19
   10.2656250       7.62840816E+19
   10.3359375       7.63434112E+19
   10.4062500       7.63708286E+19
   10.4765625       7.63578456E+19
   10.5468750       7.62953054E+19
   10.6171875       7.61745262E+19
   10.6875000       7.59890782E+19
   10.7578125       7.57363840E+19
   10.8281250       7.54188099E+19
   10.8984375       7.50431727E+19
   10.9687500       7.46192010E+19
   11.0390625       7.41570983E+19
   11.1093750       7.36653791E+19
   11.1796875       7.31496598E+19
   11.2500000       7.26125879E+19
   11.3203125       7.20550080E+19
   11.3906250       7.14777072E+19
   11.4609375       7.08830869E+19
   11.5312500       7.02763148E+19
   11.6015625       6.96653030E+19
   11.6718750       6.90595249E+19
   11.7421875       6.84676578E+19
   11.8125000       6.78949882E+19
   11.8828125       6.73414632E+19
   11.9531250       6.68011984E+19
   12.0234375       6.62635592E+19
   12.0937500       6.57154658E+19
   12.1640625       6.51439793E+19
   12.2343750       6.45386761E+19
   12.3046875       6.38928978E+19
   12.3750000       6.32041241E+19
   12.4453125       6.24732215E+19
   12.5156250       6.17032775E+19
   12.5859375       6.08984878E+19
   12.6562500       6.00634791E+19
   12.7265625       5.92029221E+19
   12.7968750       5.83215228E+19
   12.8671875       5.74241322E+19
   12.9375000       5.65156145E+19
   13.0078125       5.56004031E+19
   13.0781250       5.46820294E+19
   13.1484375       5.37624682E+19
   13.2187500       5.28418471E+19
   13.2890625       5.19184069E+19
   13.3593750       5.09891173E+19
   13.4296875       5.00505302E+19
   13.5000000       4.90996945E+19
   13.5703125       4.81346004E+19
   13.6406250       4.71542978E+19
   13.7109375       4.61585317E+19
   13.7812500       4.51475483E+19
   13.8515625       4.41221702E+19
   13.9218750       4.30842488E+19
   13.9921875       4.20372322E+19
   14.0625000       4.09865257E+19
   14.1328125       3.99391354E+19
   14.2031250       3.89028764E+19
   14.2734375       3.78849530E+19
   14.3437500       3.68905305E+19
   14.4140625       3.59215770E+19
   14.4843750       3.49764918E+19
   14.5546875       3.40505601E+19
   14.6250000       3.31372794E+19
   14.6953125       3.22299646E+19
   14.7656250       3.13235184E+19
   14.8359375       3.04155527E+19
   14.9062500       2.95068415E+19
   14.9765625       2.86010088E+19
   15.0468750       2.77036842E+19
   15.1171875       2.68214471E+19
   15.1875000       2.59608681E+19
   15.2578125       2.51276230E+19
   15.3281250       2.43259515E+19
   15.3984375       2.35583604E+19
   15.4687500       2.28257536E+19
   15.5390625       2.21278496E+19
   15.6093750       2.14638458E+19
   15.6796875       2.08328734E+19
   15.7500000       2.02343323E+19
   15.8203125       1.96678023E+19
   15.8906250       1.87361267E+19
   15.9609375       1.83395769E+19
   16.0312500       1.79710920E+19
   16.1015625       1.76268558E+19
   16.1718750       1.73023834E+19
   16.2421875       1.69925520E+19
   16.3125000       1.66915376E+19
   16.3828125       1.63927178E+19
   16.4531250       1.60888491E+19
   16.5234375       1.57725966E+19
   16.5937500       1.50320458E+19
   16.6640625       1.47162649E+19
   16.7343750       1.39812370E+19
   16.8046875       1.37574314E+19
   16.8750000       1.35254664E+19
   16.9453125       1.32859499E+19
   17.0156250       1.30400595E+19
   17.0859375       1.27892840E+19
   17.1562500       1.25352165E+19
   17.2265625       1.22793217E+19
   17.2968750       1.20228617E+19
   17.3671875       1.17669668E+19
   17.4375000       1.11028794E+19
   17.5078125       1.09205628E+19
   17.5781250       1.07480483E+19
   17.6484375       1.05860914E+19
   17.7187500       1.04346501E+19
   17.7890625       1.02924360E+19
   17.8593750       1.01570289E+19
   17.9296875       1.00254713E+19
   18.0000000       9.89546611E+18
   18.0703125       9.76648460E+18
   18.1406250       9.64059822E+18
   18.2109375       9.52236223E+18
   18.2812500       9.41798450E+18
   18.3515625       9.33387076E+18
   18.4218750       9.27522940E+18
   18.4921875       8.77169376E+18
   18.5625000       8.77557229E+18
   18.6328125       8.80527614E+18
   18.7031250       8.85831493E+18
   18.7734375       8.93022245E+18
   18.8437500       9.01511189E+18
   18.9140625       9.10638290E+18
   18.9843750       9.19744885E+18
   19.0546875       9.28245100E+18
   19.1250000       9.35680547E+18
   19.1953125       9.41761066E+18
   19.2656250       9.46385612E+18
   19.3359375       9.49637638E+18
   19.4062500       9.51749030E+18
   19.4765625       9.53038977E+18
   19.5468750       9.53834913E+18
   19.6171875       9.54405890E+18
   19.6875000       9.54918922E+18
   19.7578125       9.55427666E+18
   19.8281250       9.55886382E+18
   19.8984375       9.56174234E+18
   19.9687500       9.15331610E+18
   20.0390625       9.19417121E+18
   20.1093750       9.22985806E+18
   20.1796875       9.25942502E+18
   20.2500000       9.28296447E+18
   20.3203125       9.30181669E+18
   20.3906250       9.31851718E+18
   20.4609375       9.33640623E+18
   20.5312500       9.35899900E+18
   20.6015625       9.38918719E+18
   20.6718750       9.42843096E+18
   20.7421875       9.47615526E+18
   20.8125000       9.52954644E+18
   20.8828125       9.58388211E+18
   20.9531250       9.63329636E+18
   21.0234375       9.67182435E+18
   21.0937500       9.69445889E+18
   21.1640625       9.69793445E+18
   21.2343750       9.68109213E+18
   21.3046875       9.64472248E+18
   21.3750000       9.59100804E+18
   21.4453125       9.52274047E+18
   21.5156250       9.44258057E+18
   21.5859375       9.35247449E+18
   21.6562500       9.25341289E+18
   21.7265625       9.14545679E+18
   21.7968750       9.02798497E+18
   21.8671875       8.90002051E+18
   21.9375000       8.76057825E+18
   22.0078125       8.60898638E+18
   22.0781250       8.44525535E+18
   22.1484375       8.27057264E+18
   22.2187500       8.08787394E+18
   22.2890625       7.90233026E+18
   22.3593750       7.72136604E+18
   22.4296875       7.55397913E+18
   22.5000000       7.40939665E+18
   22.5703125       6.94092828E+18
   22.6406250       6.86818734E+18
   22.7109375       6.82668078E+18
   22.7812500       6.81414800E+18
   22.8515625       6.82560381E+18
   22.9218750       6.85434394E+18
   22.9921875       6.89301761E+18
   23.0625000       6.93462039E+18
   23.1328125       6.97331275E+18
   23.2031250       7.00500342E+18
   23.2734375       7.02761708E+18
   23.3437500       7.04095141E+18
   23.4140625       7.04615485E+18
   23.4843750       7.04485082E+18
   23.5546875       7.03816414E+18
   23.6250000       7.02593098E+18
   23.6953125       7.00635967E+18
   23.7656250       6.97626769E+18
   23.8359375       6.93180179E+18
   23.9062500       6.86938031E+18
   23.9765625       6.78656675E+18
   24.0468750       6.68261397E+18
   24.1171875       6.55862424E+18
   24.1875000       6.41737603E+18
   24.2578125       6.26300075E+18
   24.3281250       5.71444121E+18
   24.3984375       5.56545903E+18
   24.4687500       5.42143345E+18
   24.5390625       5.28754757E+18
   24.6093750       5.16816480E+18
   24.6796875       5.06633738E+18
   24.7500000       4.98356119E+18
   24.8203125       4.91982965E+18
   24.8906250       4.87409162E+18
   24.9609375       4.84486275E+18
   25.0312500       4.83090060E+18
   25.1015625       4.83164112E+18
   25.1718750       4.84736524E+18
   25.2421875       4.87897015E+18
   25.3125000       4.92751194E+18
   25.3828125       4.99354916E+18
   25.4531250       5.07656668E+18
   25.5234375       5.17456011E+18
   25.5937500       5.28405167E+18
   25.6640625       5.40044103E+18
   25.7343750       5.51870395E+18
   25.8046875       5.63409494E+18
   25.8750000       5.74279871E+18
   25.9453125       5.84222975E+18
   26.0156250       5.93107743E+18
   26.0859375       6.00901741E+18
   26.1562500       6.07632017E+18
   26.2265625       6.13338537E+18
   26.2968750       6.18044447E+18
   26.3671875       6.21742270E+18
   26.4375000       6.24410070E+18
   26.5078125       6.26038226E+18
   26.5781250       6.26659505E+18
   26.6484375       6.26356480E+18
   26.7187500       6.25254220E+18
   26.7890625       6.23486315E+18
   26.8593750       6.21160738E+18
   26.9296875       6.18325592E+18
   27.0000000       6.14958668E+18
   27.0703125       6.10970134E+18
   27.1406250       6.06223597E+18
   27.2109375       6.00557154E+18
   27.2812500       5.93808077E+18
   27.3515625       5.85834694E+18
   27.4218750       5.76548878E+18
   27.4921875       5.65953654E+18
   27.5625000       5.17344300E+18
   27.6328125       5.14538237E+18
   27.7031250       5.11214963E+18
   27.7734375       5.07479537E+18
   27.8437500       5.03414477E+18
   27.9140625       4.99071022E+18
   27.9843750       4.94480066E+18
   28.0546875       4.89676409E+18
   28.1250000       4.84721460E+18
   28.1953125       4.79709227E+18
   28.2656250       4.74749989E+18
   28.3359375       4.69938911E+18
   28.4062500       4.65325855E+18
   28.4765625       4.60904417E+18
   28.5468750       4.56619675E+18
   28.6171875       4.52391530E+18
   28.6875000       4.48142028E+18
   28.7578125       4.43816274E+18
   28.8281250       4.39393241E+18
   28.8984375       4.34887635E+18
   28.9687500       4.30348384E+18
   29.0390625       4.25856439E+18
   29.1093750       4.21520927E+18
   29.1796875       4.17476016E+18
   29.2500000       4.13882208E+18
   29.3203125       4.10930899E+18
   29.3906250       4.08844685E+18
   29.4609375       4.07863508E+18
   29.5312500       4.08211999E+18
   29.6015625       4.10050822E+18
   29.6718750       4.13425498E+18
   29.7421875       4.18229842E+18
   29.8125000       3.85347957E+18
   29.8828125       3.92166743E+18
   29.9531250       3.98879207E+18
   30.0234375       4.05028583E+18
   30.0937500       4.10244831E+18
   30.1640625       4.14281495E+18
   30.2343750       4.17024612E+18
   30.3046875       4.18475967E+18
   30.3750000       4.18718547E+18
   30.4453125       4.17875084E+18
   30.5156250       4.16067460E+18
   30.5859375       4.13385503E+18
   30.6562500       4.09873306E+18
   30.7265625       4.05535100E+18
   30.7968750       4.00355658E+18
   30.8671875       3.94324342E+18
   30.9375000       3.87452175E+18
   31.0078125       3.79775549E+18
   31.0781250       3.71345566E+18
   31.1484375       3.62209669E+18
   31.2187500       3.52393807E+18
   31.2890625       3.41891656E+18
   31.3593750       3.30661492E+18
   31.4296875       3.18630416E+18
   31.5000000       3.05704420E+18
   31.5703125       2.91783283E+18
   31.6406250       2.76772393E+18
   31.7109375       2.60586922E+18
   31.7812500       2.43147348E+18
   31.8515625       2.24373119E+18
   31.9218750       2.04185659E+18
   31.9921875       1.82535890E+18
   32.0625000       1.24650300E+18
   32.1328125       1.06437069E+18
   32.2031250       5.95448425E+17
   32.2734375       5.30604177E+17
   32.3437500       4.63106326E+17
   32.4140625       3.92499160E+17
   32.4843750       0.00000000    
   32.5546875       0.00000000    
   32.6250000       0.00000000    
   32.6953125       0.00000000    
   32.7656250       0.00000000    
   32.8359375       0.00000000    
   32.9062500       0.00000000    
   32.9765625       0.00000000    
   33.0468750       0.00000000    
   33.1171875       0.00000000    
   33.1875000       0.00000000    
   33.2578125       0.00000000    
   33.3281250       0.00000000    
   33.3984375       0.00000000    
   33.4687500       0.00000000    
   33.5390625       0.00000000    
   33.6093750       0.00000000    
   33.6796875       0.00000000    
   33.7500000       0.00000000    
   33.8203125       0.00000000    
   33.8906250       0.00000000    
   33.9609375       0.00000000    
   34.0312500       0.00000000    
   34.1015625       0.00000000    
   34.1718750       0.00000000    
   34.2421875       0.00000000    
   34.3125000       0.00000000    
   34.3828125       0.00000000    
   34.4531250       0.00000000    
   34.5234375       0.00000000    
   34.5937500       0.00000000    
   34.6640625       0.00000000    
   34.7343750       0.00000000    
   34.8046875       0.00000000    
   34.8750000       0.00000000    
   34.9453125       0.00000000    
   35.0156250       0.00000000    
   35.0859375       0.00000000    
   35.1562500       0.00000000    
   35.2265625       0.00000000    
   35.2968750       0.00000000    
   35.3671875       0.00000000    
   35.4375000       0.00000000    
   35.5078125       0.00000000    
   35.5781250       0.00000000    
   35.6484375       0.00000000    
   35.7187500       0.00000000    
   35.7890625       0.00000000    
