2016 12 08 17 38 46.0 -10.681 161.327
43. 7.499E+20 7.850 155 46 122 294 52 61
  -1.12500000       0.00000000    
  -1.05468750       0.00000000    
 -0.984375000       0.00000000    
 -0.914062500       0.00000000    
 -0.843750000       0.00000000    
 -0.773437500       0.00000000    
 -0.703125000       0.00000000    
 -0.632812500       0.00000000    
 -0.562500000       0.00000000    
 -0.492187500       0.00000000    
 -0.421875000       0.00000000    
 -0.351562500       0.00000000    
 -0.281250000       0.00000000    
 -0.210937500       0.00000000    
 -0.140625000       0.00000000    
  -7.03125000E-02   0.00000000    
   0.00000000       0.00000000    
   7.03125000E-02   1.78842095E+18
  0.140625000       2.96027453E+18
  0.210937500       4.15516054E+18
  0.281250000       5.27082895E+18
  0.351562500       6.25451417E+18
  0.421875000       7.09031563E+18
  0.492187500       7.78571495E+18
  0.562500000       8.35930268E+18
  0.632812500       8.83100856E+18
  0.703125000       9.21644456E+18
  0.773437500       9.52529353E+18
  0.843750000       9.76324984E+18
  0.914062500       9.93526184E+18
  0.984375000       1.00486193E+19
   1.05468750       1.01141623E+19
   1.12500000       1.01457172E+19
   1.19531250       1.01577414E+19
   1.26562500       1.01625342E+19
   1.33593750       1.01673940E+19
   1.40625000       1.01730235E+19
   1.47656250       1.01732676E+19
   1.54687500       1.01570146E+19
   1.61718750       1.01115553E+19
   1.68750000       1.00266499E+19
   1.75781250       9.89742434E+18
   1.82812500       9.72553659E+18
   1.89843750       9.51840729E+18
   1.96875000       9.28777043E+18
   2.03906250       9.04799553E+18
   2.10937500       8.81507114E+18
   2.17968750       8.60559109E+18
   2.25000000       8.43584299E+18
   2.32031250       8.32009795E+18
   2.39062500       8.26891348E+18
   2.46093750       8.28770139E+18
   2.53125000       8.37672829E+18
   2.60156250       8.53222123E+18
   2.67187500       8.74856828E+18
   2.74218750       9.02033622E+18
   2.81250000       9.34342221E+18
   2.88281250       9.71424131E+18
   2.95312500       1.01276445E+19
   3.02343750       1.05743805E+19
   3.09375000       1.10400071E+19
   3.16406250       1.15057240E+19
   3.23437500       1.19515759E+19
   3.30468750       1.23605976E+19
   3.37500000       1.27228185E+19
   3.44531250       1.30370017E+19
   3.51562500       1.33099467E+19
   3.58593750       1.35532631E+19
   3.65625000       1.37794821E+19
   3.72656250       1.39985521E+19
   3.79687500       1.42162642E+19
   3.86718750       1.44343458E+19
   3.93750000       1.46521040E+19
   4.00781250       1.48681218E+19
   4.07812500       1.50818295E+19
   4.14843750       1.52942705E+19
   4.21875000       1.55089018E+19
   4.28906250       1.57320872E+19
   4.35937500       1.59741293E+19
   4.42968750       1.62500177E+19
   4.50000000       1.65800713E+19
   4.57031250       1.69888191E+19
   4.64062500       1.75024340E+19
   4.71093750       1.81442761E+19
   4.78125000       1.89301356E+19
   4.85156250       1.98638826E+19
   4.92187500       2.09356338E+19
   4.99218750       2.21227039E+19
   5.06250000       2.33935568E+19
   5.13281250       2.47125530E+19
   5.20312500       2.60446993E+19
   5.27343750       2.73589147E+19
   5.34375000       2.86304538E+19
   5.41406250       2.98421134E+19
   5.48437500       3.09850689E+19
   5.55468750       3.20585045E+19
   5.62500000       3.30686192E+19
   5.69531250       3.40258255E+19
   5.76562500       3.49415142E+19
   5.83593750       3.58246397E+19
   5.90625000       3.66802665E+19
   5.97656250       3.75097116E+19
   6.04687500       3.83131468E+19
   6.11718750       3.90930348E+19
   6.18750000       3.98575956E+19
   6.25781250       4.06218881E+19
   6.32812500       4.14059938E+19
   6.39843750       4.22299634E+19
   6.46875000       4.31080510E+19
   6.53906250       4.40438542E+19
   6.60937500       4.50292761E+19
   6.67968750       4.60470940E+19
   6.75000000       4.70766151E+19
   6.82031250       4.80989850E+19
   6.89062500       4.91011283E+19
   6.96093750       5.00770680E+19
   7.03125000       5.10283478E+19
   7.10156250       5.19632538E+19
   7.17187500       5.28955429E+19
   7.24218750       5.38417694E+19
   7.31250000       5.48181049E+19
   7.38281250       5.58366793E+19
   7.45312500       5.69033243E+19
   7.52343750       5.80167734E+19
   7.59375000       5.91703106E+19
   7.66406250       6.03541768E+19
   7.73437500       6.15584850E+19
   7.80468750       6.27751035E+19
   7.87500000       6.39983717E+19
   7.94531250       6.52235619E+19
   8.01562500       6.64440902E+19
   8.08593750       6.76483281E+19
   8.15625000       6.88187318E+19
   8.22656250       6.99335927E+19
   8.29687500       7.09715668E+19
   8.36718750       7.19163684E+19
   8.43750000       7.27602611E+19
   8.50781250       7.35041907E+19
   8.57812500       7.41552599E+19
   8.64843750       7.47221417E+19
   8.71875000       7.52114420E+19
   8.78906250       7.56252190E+19
   8.85937500       7.59615376E+19
   8.92968750       7.62164836E+19
   9.00000000       7.63874532E+19
   9.07031250       7.64754054E+19
   9.14062500       7.64854945E+19
   9.21093750       7.64260857E+19
   9.28125000       7.63076815E+19
   9.35156250       7.61419543E+19
   9.42187500       7.59412274E+19
   9.49218750       7.57175780E+19
   9.56250000       7.54823001E+19
   9.63281250       7.52453157E+19
   9.70312500       7.50154738E+19
   9.77343750       7.48009987E+19
   9.84375000       7.46102466E+19
   9.91406250       7.44516707E+19
   9.98437500       7.43330114E+19
   10.0546875       7.42598279E+19
   10.1250000       7.42343280E+19
   10.1953125       7.42538201E+19
   10.2656250       7.43089365E+19
   10.3359375       7.43812227E+19
   10.4062500       7.44414584E+19
   10.4765625       7.44501313E+19
   10.5468750       7.43611237E+19
   10.6171875       7.41283175E+19
   10.6875000       7.37146636E+19
   10.7578125       7.31006699E+19
   10.8281250       7.22906729E+19
   10.8984375       7.13142450E+19
   10.9687500       7.02230589E+19
   11.0390625       6.90833931E+19
   11.1093750       6.79666455E+19
   11.1796875       6.69394466E+19
   11.2500000       6.60556723E+19
   11.3203125       6.53511141E+19
   11.3906250       6.48407560E+19
   11.4609375       6.45187222E+19
   11.5312500       6.43606608E+19
   11.6015625       6.43284759E+19
   11.6718750       6.43767620E+19
   11.7421875       6.44595465E+19
   11.8125000       6.45362792E+19
   11.8828125       6.45756901E+19
   11.9531250       6.45568972E+19
   12.0234375       6.44679204E+19
   12.0937500       6.43031783E+19
   12.1640625       6.40609999E+19
   12.2343750       6.37420712E+19
   12.3046875       6.33487319E+19
   12.3750000       6.28851250E+19
   12.4453125       6.23573242E+19
   12.5156250       6.17730833E+19
   12.5859375       6.11413655E+19
   12.6562500       6.04721544E+19
   12.7265625       5.97771223E+19
   12.7968750       5.90704002E+19
   12.8671875       5.83689470E+19
   12.9375000       5.76915027E+19
   13.0078125       5.70557210E+19
   13.0781250       5.64740970E+19
   13.1484375       5.59496211E+19
   13.2187500       5.54731940E+19
   13.2890625       5.50236432E+19
   13.3593750       5.45705477E+19
   13.4296875       5.40789736E+19
   13.5000000       5.35150649E+19
   13.5703125       5.28516416E+19
   13.6406250       5.20726376E+19
   13.7109375       5.11759683E+19
   13.7812500       5.01744847E+19
   13.8515625       4.90950458E+19
   13.9218750       4.79750524E+19
   13.9921875       4.68566864E+19
   14.0625000       4.57799346E+19
   14.1328125       4.47758738E+19
   14.2031250       4.38618850E+19
   14.2734375       4.30396262E+19
   14.3437500       4.22961980E+19
   14.4140625       4.16078466E+19
   14.4843750       4.09451797E+19
   14.5546875       4.02787481E+19
   14.6250000       3.95838744E+19
   14.6953125       3.88443428E+19
   14.7656250       3.80537500E+19
   14.8359375       3.72147566E+19
   14.9062500       3.63362645E+19
   14.9765625       3.54297523E+19
   15.0468750       3.45055820E+19
   15.1171875       3.35704517E+19
   15.1875000       3.26265826E+19
   15.2578125       3.16729058E+19
   15.3281250       3.07075280E+19
   15.3984375       2.97307592E+19
   15.4687500       2.87477585E+19
   15.5390625       2.77702178E+19
   15.6093750       2.68162618E+19
   15.6796875       2.59085951E+19
   15.7500000       2.50709696E+19
   15.8203125       2.43241351E+19
   15.8906250       2.36816509E+19
   15.9609375       2.31469496E+19
   16.0312500       2.27120949E+19
   16.1015625       2.23590813E+19
   16.1718750       2.20628751E+19
   16.2421875       2.17955574E+19
   16.3125000       2.15302585E+19
   16.3828125       2.12446163E+19
   16.4531250       2.09228838E+19
   16.5234375       2.05569730E+19
   16.5937500       2.01462108E+19
   16.6640625       1.96963764E+19
   16.7343750       1.92179547E+19
   16.8046875       1.87242586E+19
   16.8750000       1.82294498E+19
   16.9453125       1.77471501E+19
   17.0156250       1.72892134E+19
   17.0859375       1.68649735E+19
   17.1562500       1.64808602E+19
   17.2265625       1.61407823E+19
   17.2968750       1.58468125E+19
   17.3671875       1.56001316E+19
   17.4375000       1.54016829E+19
   17.5078125       1.52524759E+19
   17.5781250       1.51531603E+19
   17.6484375       1.51029775E+19
   17.7187500       1.50981957E+19
   17.7890625       1.51308501E+19
   17.8593750       1.51883106E+19
   17.9296875       1.52544440E+19
   18.0000000       1.53122145E+19
   18.0703125       1.53472472E+19
   18.1406250       1.53507920E+19
   18.2109375       1.53211921E+19
   18.2812500       1.52633347E+19
   18.3515625       1.51868823E+19
   18.4218750       1.51039462E+19
   18.4921875       1.50271717E+19
   18.5625000       1.49683148E+19
   18.6328125       1.49374042E+19
   18.7031250       1.49420057E+19
   18.7734375       1.49867305E+19
   18.8437500       1.50730455E+19
   18.9140625       1.51997367E+19
   18.9843750       1.53635859E+19
   19.0546875       1.55600840E+19
   19.1250000       1.57837676E+19
   19.1953125       1.60284606E+19
   19.2656250       1.62873901E+19
   19.3359375       1.65533312E+19
   19.4062500       1.68184223E+19
   19.4765625       1.70737124E+19
   19.5468750       1.73084758E+19
   19.6171875       1.75100404E+19
   19.6875000       1.76646768E+19
   19.7578125       1.77598352E+19
   19.8281250       1.77869612E+19
   19.8984375       1.77439835E+19
   19.9687500       1.76365436E+19
   20.0390625       1.74778434E+19
   20.1093750       1.72870617E+19
   20.1796875       1.70869802E+19
   20.2500000       1.69012496E+19
   20.3203125       1.67520415E+19
   20.3906250       1.66579783E+19
   20.4609375       1.66326455E+19
   20.5312500       1.66834309E+19
   20.6015625       1.68110897E+19
   20.6718750       1.70098979E+19
   20.7421875       1.72686394E+19
   20.8125000       1.75721321E+19
   20.8828125       1.79031004E+19
   20.9531250       1.82437522E+19
   21.0234375       1.85769658E+19
   21.0937500       1.88870369E+19
   21.1640625       1.91602568E+19
   21.2343750       1.93852058E+19
   21.3046875       1.95528638E+19
   21.3750000       1.96564729E+19
   21.4453125       1.96914352E+19
   21.5156250       1.96552217E+19
   21.5859375       1.95473794E+19
   21.6562500       1.93693817E+19
   21.7265625       1.91243863E+19
   21.7968750       1.88165912E+19
   21.8671875       1.84504186E+19
   21.9375000       1.80298093E+19
   22.0078125       1.75580836E+19
   22.0781250       1.70384742E+19
   22.1484375       1.64753373E+19
   22.2187500       1.58756230E+19
   22.2890625       1.52502516E+19
   22.3593750       1.46145601E+19
   22.4296875       1.39875493E+19
   22.5000000       1.33897866E+19
   22.5703125       1.28406421E+19
   22.6406250       1.23553221E+19
   22.7109375       1.19427897E+19
   22.7812500       1.16050220E+19
   22.8515625       1.13379132E+19
   22.9218750       1.11330379E+19
   22.9921875       1.09796330E+19
   23.0625000       1.08660853E+19
   23.1328125       1.07810612E+19
   23.2031250       1.07142559E+19
   23.2734375       1.06570472E+19
   23.3437500       1.06027797E+19
   23.4140625       1.05466519E+19
   23.4843750       1.04848604E+19
   23.5546875       1.04134614E+19
   23.6250000       1.03272762E+19
   23.6953125       1.02195955E+19
   23.7656250       1.00827140E+19
   23.8359375       9.90928148E+18
   23.9062500       9.69381348E+18
   23.9765625       9.43405166E+18
   24.0468750       9.13158591E+18
   24.1171875       8.79195501E+18
   24.1875000       8.42446689E+18
   24.2578125       8.04229204E+18
   24.3281250       7.66245255E+18
   24.3984375       7.30525916E+18
   24.4687500       6.99245250E+18
   24.5390625       6.74420696E+18
   24.6093750       6.57550669E+18
   24.6796875       6.49334624E+18
   24.7500000       6.49572063E+18
   24.8203125       6.57322631E+18
   24.8906250       6.71253058E+18
   24.9609375       6.90076477E+18
   25.0312500       7.12921855E+18
   25.1015625       7.39562637E+18
   25.1718750       7.70438848E+18
   25.2421875       8.06513769E+18
   25.3125000       8.49002912E+18
   25.3828125       8.99049602E+18
   25.4531250       9.57380398E+18
   25.5234375       1.02400344E+19
   25.5937500       1.09798672E+19
   25.6640625       1.17738135E+19
   25.7343750       1.25928650E+19
   25.8046875       1.34006762E+19
   25.8750000       1.41568818E+19
   25.9453125       1.48212969E+19
   26.0156250       1.53583940E+19
   26.0859375       1.57415343E+19
   26.1562500       1.59561501E+19
   26.2265625       1.60014665E+19
   26.2968750       1.58901849E+19
   26.3671875       1.56463539E+19
   26.4375000       1.53017010E+19
   26.5078125       1.48912247E+19
   26.5781250       1.44485910E+19
   26.6484375       1.40021948E+19
   26.7187500       1.35725420E+19
   26.7890625       1.31714863E+19
   26.8593750       1.28031532E+19
   26.9296875       1.24661232E+19
   27.0000000       1.21561005E+19
   27.0703125       1.18685089E+19
   27.1406250       1.16001742E+19
   27.2109375       1.13500375E+19
   27.2812500       1.11185958E+19
   27.3515625       1.09066892E+19
   27.4218750       1.07137754E+19
   27.4921875       1.05364737E+19
   27.5625000       1.03677174E+19
   27.6328125       1.01969742E+19
   27.7031250       1.00112139E+19
   27.7734375       9.79654305E+18
   27.8437500       9.54014683E+18
   27.9140625       9.23254526E+18
   27.9843750       8.86962011E+18
   28.0546875       8.45413776E+18
   28.1250000       7.99628078E+18
   28.1953125       7.51327301E+18
   28.2656250       7.02788866E+18
   28.3359375       6.56605969E+18
   28.4062500       6.15359714E+18
   28.4765625       5.81271775E+18
   28.5468750       5.55879379E+18
   28.6171875       5.39824750E+18
   28.6875000       5.32793043E+18
   28.7578125       5.33621140E+18
   28.8281250       5.40514529E+18
   28.8984375       5.51318550E+18
   28.9687500       5.63767660E+18
   29.0390625       5.75704123E+18
   29.1093750       5.85238593E+18
   29.1796875       5.90890578E+18
   29.2500000       5.91704931E+18
   29.3203125       5.87366863E+18
   29.3906250       5.78262247E+18
   29.4609375       5.65450793E+18
   29.5312500       5.50510849E+18
   29.6015625       5.35296466E+18
   29.6718750       5.21650428E+18
   29.7421875       5.11174721E+18
   29.8125000       0.00000000    
   29.8828125       0.00000000    
   29.9531250       0.00000000    
   30.0234375       0.00000000    
   30.0937500       0.00000000    
   30.1640625       0.00000000    
   30.2343750       0.00000000    
   30.3046875       0.00000000    
   30.3750000       0.00000000    
   30.4453125       0.00000000    
   30.5156250       0.00000000    
   30.5859375       0.00000000    
   30.6562500       0.00000000    
   30.7265625       0.00000000    
   30.7968750       0.00000000    
   30.8671875       0.00000000    
   30.9375000       0.00000000    
   31.0078125       0.00000000    
   31.0781250       0.00000000    
   31.1484375       0.00000000    
   31.2187500       0.00000000    
   31.2890625       0.00000000    
   31.3593750       0.00000000    
   31.4296875       0.00000000    
   31.5000000       0.00000000    
   31.5703125       0.00000000    
   31.6406250       0.00000000    
   31.7109375       0.00000000    
   31.7812500       0.00000000    
   31.8515625       0.00000000    
   31.9218750       0.00000000    
   31.9921875       0.00000000    
   32.0625000       0.00000000    
   32.1328125       0.00000000    
   32.2031250       0.00000000    
   32.2734375       0.00000000    
   32.3437500       0.00000000    
   32.4140625       0.00000000    
   32.4843750       0.00000000    
   32.5546875       0.00000000    
   32.6250000       0.00000000    
   32.6953125       0.00000000    
   32.7656250       0.00000000    
   32.8359375       0.00000000    
   32.9062500       0.00000000    
   32.9765625       0.00000000    
   33.0468750       0.00000000    
   33.1171875       0.00000000    
   33.1875000       0.00000000    
   33.2578125       0.00000000    
   33.3281250       0.00000000    
   33.3984375       0.00000000    
   33.4687500       0.00000000    
   33.5390625       0.00000000    
   33.6093750       0.00000000    
   33.6796875       0.00000000    
   33.7500000       0.00000000    
   33.8203125       0.00000000    
   33.8906250       0.00000000    
   33.9609375       0.00000000    
   34.0312500       0.00000000    
   34.1015625       0.00000000    
   34.1718750       0.00000000    
   34.2421875       0.00000000    
   34.3125000       0.00000000    
   34.3828125       0.00000000    
   34.4531250       0.00000000    
   34.5234375       0.00000000    
   34.5937500       0.00000000    
   34.6640625       0.00000000    
   34.7343750       0.00000000    
   34.8046875       0.00000000    
   34.8750000       0.00000000    
   34.9453125       0.00000000    
   35.0156250       0.00000000    
   35.0859375       0.00000000    
   35.1562500       0.00000000    
   35.2265625       0.00000000    
   35.2968750       0.00000000    
   35.3671875       0.00000000    
   35.4375000       0.00000000    
   35.5078125       0.00000000    
   35.5781250       0.00000000    
   35.6484375       0.00000000    
   35.7187500       0.00000000    
   35.7890625       0.00000000    
