2007 11 14 15 40 50.0 -22.250 -69.890
45. 5.395E+20 7.755 6 27 106 168 64 82
  -1.12500000       0.00000000    
  -1.05468750       4.18271712E+17
 -0.984375000       4.42062498E+17
 -0.914062500       4.65878126E+17
 -0.843750000       4.90630607E+17
 -0.773437500       5.16987309E+17
 -0.703125000       5.45285440E+17
 -0.632812500       5.75636806E+17
 -0.562500000       6.07903005E+17
 -0.492187500       6.41823214E+17
 -0.421875000       6.79575427E+17
 -0.351562500       7.24320740E+17
 -0.281250000       7.77920488E+17
 -0.210937500       8.41209546E+17
 -0.140625000       9.14115688E+17
  -7.03125000E-02   9.96916198E+17
   0.00000000       1.08732760E+18
   7.03125000E-02   1.18231489E+18
  0.140625000       1.27928412E+18
  0.210937500       1.37630378E+18
  0.281250000       1.47173232E+18
  0.351562500       1.56411466E+18
  0.421875000       1.65212260E+18
  0.492187500       1.73468658E+18
  0.562500000       1.81105371E+18
  0.632812500       1.88187050E+18
  0.703125000       1.95183380E+18
  0.773437500       2.02452183E+18
  0.843750000       2.10156227E+18
  0.914062500       2.18012980E+18
  0.984375000       2.25818482E+18
   1.05468750       2.33435445E+18
   1.12500000       2.40773695E+18
   1.19531250       2.47781955E+18
   1.26562500       2.54435869E+18
   1.33593750       2.60737198E+18
   1.40625000       2.66706694E+18
   1.47656250       2.72385342E+18
   1.54687500       2.78669958E+18
   1.61718750       2.86268820E+18
   1.68750000       2.95590067E+18
   1.75781250       3.06009534E+18
   1.82812500       3.17008526E+18
   1.89843750       3.28344766E+18
   1.96875000       3.39972184E+18
   2.03906250       3.51942045E+18
   2.10937500       3.64313530E+18
   2.17968750       3.77090377E+18
   2.25000000       3.90196061E+18
   2.32031250       4.03484016E+18
   2.39062500       4.16776067E+18
   2.46093750       4.29907645E+18
   2.53125000       4.42766653E+18
   2.60156250       4.55308782E+18
   2.67187500       4.67554785E+18
   2.74218750       4.79568819E+18
   2.81250000       4.91431010E+18
   2.88281250       5.03213542E+18
   2.95312500       5.14970235E+18
   3.02343750       5.26736274E+18
   3.09375000       5.38539971E+18
   3.16406250       5.50414146E+18
   3.23437500       5.62411193E+18
   3.30468750       5.74608515E+18
   3.37500000       5.87106499E+18
   3.44531250       6.00013501E+18
   3.51562500       6.13428147E+18
   3.58593750       6.27421082E+18
   3.65625000       6.42024961E+18
   3.72656250       6.57236704E+18
   3.79687500       6.73037895E+18
   3.86718750       6.89418200E+18
   3.93750000       7.06401696E+18
   4.00781250       7.24058534E+18
   4.07812500       7.42506524E+18
   4.14843750       7.61894378E+18
   4.21875000       7.82377620E+18
   4.28906250       8.04084728E+18
   4.35937500       8.27086072E+18
   4.42968750       8.51372469E+18
   4.50000000       8.76848483E+18
   4.57031250       9.03342316E+18
   4.64062500       9.30637417E+18
   4.71093750       9.58509927E+18
   4.78125000       9.86765946E+18
   4.85156250       1.01526573E+19
   4.92187500       1.04393615E+19
   4.99218750       1.07276194E+19
   5.06250000       1.10177002E+19
   5.13281250       1.13100164E+19
   5.20312500       1.16048669E+19
   5.27343750       1.19022310E+19
   5.34375000       1.22016401E+19
   5.41406250       1.25021311E+19
   5.48437500       1.28023176E+19
   5.55468750       1.31004743E+19
   5.62500000       1.33946795E+19
   5.69531250       1.36829582E+19
   5.76562500       1.39635217E+19
   5.83593750       1.42349713E+19
   5.90625000       1.44965462E+19
   5.97656250       1.47482168E+19
   6.04687500       1.49906107E+19
   6.11718750       1.52247473E+19
   6.18750000       1.54516458E+19
   6.25781250       1.56718736E+19
   6.32812500       1.58852811E+19
   6.39843750       1.60909953E+19
   6.46875000       1.62876529E+19
   6.53906250       1.64737936E+19
   6.60937500       1.66482960E+19
   6.67968750       1.68106697E+19
   6.75000000       1.69611488E+19
   6.82031250       1.71005592E+19
   6.89062500       1.72300685E+19
   6.96093750       1.73509092E+19
   7.03125000       1.74641226E+19
   7.10156250       1.75703365E+19
   7.17187500       1.76696851E+19
   7.24218750       1.77617857E+19
   7.31250000       1.78458643E+19
   7.38281250       1.79209290E+19
   7.45312500       1.79860509E+19
   7.52343750       1.80406428E+19
   7.59375000       1.80846529E+19
   7.66406250       1.81185640E+19
   7.73437500       1.81432415E+19
   7.80468750       1.81595857E+19
   7.87500000       1.81682763E+19
   7.94531250       1.81696144E+19
   8.01562500       1.81636616E+19
   8.08593750       1.81504763E+19
   8.15625000       1.81304190E+19
   8.22656250       1.81042363E+19
   8.29687500       1.80729992E+19
   8.36718750       1.80378236E+19
   8.43750000       1.79995485E+19
   8.50781250       1.79584367E+19
   8.57812500       1.79140582E+19
   8.64843750       1.78653872E+19
   8.71875000       1.78110735E+19
   8.78906250       1.77498934E+19
   8.85937500       1.76811783E+19
   8.92968750       1.76052054E+19
   9.00000000       1.75233709E+19
   9.07031250       1.74380818E+19
   9.14062500       1.73524078E+19
   9.21093750       1.72695838E+19
   9.28125000       1.71925136E+19
   9.35156250       1.71234291E+19
   9.42187500       1.70638058E+19
   9.49218750       1.70145345E+19
   9.56250000       1.69762143E+19
   9.63281250       1.69493984E+19
   9.70312500       1.69346638E+19
   9.77343750       1.69324494E+19
   9.84375000       1.69427419E+19
   9.91406250       1.69647706E+19
   9.98437500       1.69968665E+19
   10.0546875       1.70366149E+19
   10.1250000       1.70812562E+19
   10.1953125       1.71282020E+19
   10.2656250       1.71755668E+19
   10.3359375       1.72225896E+19
   10.4062500       1.72697960E+19
   10.4765625       1.73188848E+19
   10.5468750       1.73722903E+19
   10.6171875       1.74325534E+19
   10.6875000       1.75016072E+19
   10.7578125       1.75800881E+19
   10.8281250       1.76669781E+19
   10.8984375       1.77595482E+19
   10.9687500       1.78537489E+19
   11.0390625       1.79448445E+19
   11.1093750       1.80282029E+19
   11.1796875       1.81000505E+19
   11.2500000       1.81580090E+19
   11.3203125       1.82013408E+19
   11.3906250       1.82309352E+19
   11.4609375       1.82491036E+19
   11.5312500       1.82592762E+19
   11.6015625       1.82656688E+19
   11.6718750       1.82728805E+19
   11.7421875       1.82854776E+19
   11.8125000       1.83075987E+19
   11.8828125       1.83425664E+19
   11.9531250       1.83926393E+19
   12.0234375       1.84588739E+19
   12.0937500       1.85410272E+19
   12.1640625       1.86375269E+19
   12.2343750       1.87454396E+19
   12.3046875       1.88606244E+19
   12.3750000       1.89780369E+19
   12.4453125       1.90922542E+19
   12.5156250       1.91980931E+19
   12.5859375       1.92912548E+19
   12.6562500       1.93687967E+19
   12.7265625       1.94293666E+19
   12.7968750       1.94732525E+19
   12.8671875       1.95021433E+19
   12.9375000       1.95188295E+19
   13.0078125       1.95267328E+19
   13.0781250       1.95294969E+19
   13.1484375       1.95306404E+19
   13.2187500       1.95333232E+19
   13.2890625       1.95402150E+19
   13.3593750       1.95534245E+19
   13.4296875       1.95744186E+19
   13.5000000       1.96038899E+19
   13.5703125       1.96415702E+19
   13.6406250       1.96860168E+19
   13.7109375       1.97345691E+19
   13.7812500       1.97834929E+19
   13.8515625       1.98283178E+19
   13.9218750       1.98643906E+19
   13.9921875       1.98874364E+19
   14.0625000       1.98941280E+19
   14.1328125       1.98825149E+19
   14.2031250       1.98522278E+19
   14.2734375       1.98044166E+19
   14.3437500       1.97414366E+19
   14.4140625       1.96662630E+19
   14.4843750       1.95818051E+19
   14.5546875       1.94903235E+19
   14.6250000       1.93930563E+19
   14.6953125       1.92901421E+19
   14.7656250       1.91809144E+19
   14.8359375       1.90643508E+19
   14.9062500       1.89396002E+19
   14.9765625       1.88063635E+19
   15.0468750       1.86650675E+19
   15.1171875       1.85168116E+19
   15.1875000       1.83630987E+19
   15.2578125       1.82054145E+19
   15.3281250       1.80448880E+19
   15.3984375       1.78821141E+19
   15.4687500       1.77172852E+19
   15.5390625       1.75505486E+19
   15.6093750       1.73824355E+19
   15.6796875       1.72141531E+19
   15.7500000       1.70475507E+19
   15.8203125       1.68847460E+19
   15.8906250       1.67274586E+19
   15.9609375       1.65764220E+19
   16.0312500       1.64310171E+19
   16.1015625       1.62893714E+19
   16.1718750       1.61488461E+19
   16.2421875       1.60068101E+19
   16.3125000       1.58613623E+19
   16.3828125       1.57117815E+19
   16.4531250       1.55585832E+19
   16.5234375       1.54031859E+19
   16.5937500       1.52474313E+19
   16.6640625       1.50930742E+19
   16.7343750       1.49414801E+19
   16.8046875       1.47935375E+19
   16.8750000       1.46498116E+19
   16.9453125       1.45108454E+19
   17.0156250       1.43774274E+19
   17.0859375       1.42507922E+19
   17.1562500       1.41324913E+19
   17.2265625       1.40240575E+19
   17.2968750       1.39264451E+19
   17.3671875       1.38394836E+19
   17.4375000       1.37615205E+19
   17.5078125       1.36894387E+19
   17.5781250       1.36191008E+19
   17.6484375       1.35460877E+19
   17.7187500       1.34666150E+19
   17.7890625       1.33782583E+19
   17.8593750       1.32803951E+19
   17.9296875       1.31741735E+19
   18.0000000       1.30621069E+19
   18.0703125       1.29473377E+19
   18.1406250       1.28328829E+19
   18.2109375       1.27209449E+19
   18.2812500       1.26125715E+19
   18.3515625       1.25076485E+19
   18.4218750       1.24052729E+19
   18.4921875       1.23043180E+19
   18.5625000       1.22039414E+19
   18.6328125       1.21038561E+19
   18.7031250       1.20042228E+19
   18.7734375       1.19053261E+19
   18.8437500       1.18071496E+19
   18.9140625       1.17091127E+19
   18.9843750       1.16100522E+19
   19.0546875       1.15084585E+19
   19.1250000       1.14028383E+19
   19.1953125       1.12920966E+19
   19.2656250       1.11758496E+19
   19.3359375       1.10545680E+19
   19.4062500       1.09295282E+19
   19.4765625       1.08025511E+19
   19.5468750       1.06756543E+19
   19.6171875       1.05506464E+19
   19.6875000       1.04288766E+19
   19.7578125       1.03111299E+19
   19.8281250       1.01977515E+19
   19.8984375       1.00888669E+19
   19.9687500       9.98466949E+18
   20.0390625       9.88551773E+18
   20.1093750       9.79191631E+18
   20.1796875       9.70428853E+18
   20.2500000       9.62270366E+18
   20.3203125       9.54659767E+18
   20.3906250       9.47464453E+18
   20.4609375       9.40481564E+18
   20.5312500       9.33466240E+18
   20.6015625       9.26167682E+18
   20.6718750       9.18372365E+18
   20.7421875       9.09935317E+18
   20.8125000       9.00799695E+18
   20.8828125       8.90995295E+18
   20.9531250       8.80628549E+18
   21.0234375       8.69863506E+18
   21.0937500       8.58904454E+18
   21.1640625       8.47978112E+18
   21.2343750       8.37322635E+18
   21.3046875       8.27183433E+18
   21.3750000       8.17815264E+18
   21.4453125       8.09483715E+18
   21.5156250       8.02465147E+18
   21.5859375       7.97029272E+18
   21.6562500       7.93406711E+18
   21.7265625       7.91737377E+18
   21.7968750       7.92021161E+18
   21.8671875       7.94084010E+18
   21.9375000       7.97581227E+18
   22.0078125       8.02033754E+18
   22.0781250       8.06896344E+18
   22.1484375       8.11634195E+18
   22.2187500       8.15792988E+18
   22.2890625       8.19043034E+18
   22.3593750       8.21196263E+18
   22.4296875       8.22198962E+18
   22.5000000       8.22108088E+18
   22.5703125       8.21058109E+18
   22.6406250       8.19229291E+18
   22.7109375       8.16818392E+18
   22.7812500       8.14014528E+18
   22.8515625       8.10976742E+18
   22.9218750       8.07816910E+18
   22.9921875       8.04591548E+18
   23.0625000       8.01308296E+18
   23.1328125       7.97951817E+18
   23.2031250       7.94521946E+18
   23.2734375       7.91074372E+18
   23.3437500       7.87746205E+18
   23.4140625       7.84752730E+18
   23.4843750       7.82359368E+18
   23.5546875       7.80837039E+18
   23.6250000       7.80417575E+18
   23.6953125       7.81261561E+18
   23.7656250       7.83449314E+18
   23.8359375       7.86994909E+18
   23.9062500       7.91877675E+18
   23.9765625       7.98076117E+18
   24.0468750       8.05593808E+18
   24.1171875       8.14462579E+18
   24.1875000       8.24724705E+18
   24.2578125       8.36401739E+18
   24.3281250       8.49467455E+18
   24.3984375       8.63836478E+18
   24.4687500       8.79374172E+18
   24.5390625       8.95923801E+18
   24.6093750       9.13343583E+18
   24.6796875       9.31541985E+18
   24.7500000       9.50499655E+18
   24.8203125       9.70268324E+18
   24.8906250       9.90945850E+18
   24.9609375       1.01263196E+19
   25.0312500       1.03537689E+19
   25.1015625       1.05913932E+19
   25.1718750       1.08377366E+19
   25.2421875       1.10904901E+19
   25.3125000       1.13469655E+19
   25.3828125       1.16046800E+19
   25.4531250       1.18618965E+19
   25.5234375       1.21179870E+19
   25.5937500       1.23735157E+19
   25.6640625       1.26300637E+19
   25.7343750       1.28898508E+19
   25.8046875       1.31552542E+19
   25.8750000       1.34282970E+19
   25.9453125       1.37102239E+19
   26.0156250       1.40012800E+19
   26.0859375       1.43007287E+19
   26.1562500       1.46071197E+19
   26.2265625       1.49186422E+19
   26.2968750       1.52334796E+19
   26.3671875       1.55500675E+19
   26.4375000       1.58672590E+19
   26.5078125       1.61842955E+19
   26.5781250       1.65007932E+19
   26.6484375       1.68167027E+19
   26.7187500       1.71322614E+19
   26.7890625       1.74479411E+19
   26.8593750       1.77642662E+19
   26.9296875       1.80816600E+19
   27.0000000       1.84001798E+19
   27.0703125       1.87192800E+19
   27.1406250       1.90376392E+19
   27.2109375       1.93531661E+19
   27.2812500       1.96631426E+19
   27.3515625       1.99644593E+19
   27.4218750       2.02539827E+19
   27.4921875       2.05289222E+19
   27.5625000       2.07871689E+19
   27.6328125       2.10274738E+19
   27.7031250       2.12494080E+19
   27.7734375       2.14532069E+19
   27.8437500       2.16394686E+19
   27.9140625       2.18089077E+19
   27.9843750       2.19622610E+19
   28.0546875       2.21003618E+19
   28.1250000       2.22243120E+19
   28.1953125       2.23356507E+19
   28.2656250       2.24363000E+19
   28.3359375       2.25284347E+19
   28.4062500       2.26141636E+19
   28.4765625       2.26951668E+19
   28.5468750       2.27724009E+19
   28.6171875       2.28459869E+19
   28.6875000       2.29153045E+19
   28.7578125       2.29792543E+19
   28.8281250       2.30365564E+19
   28.8984375       2.30860586E+19
   28.9687500       2.31269561E+19
   29.0390625       2.31588881E+19
   29.1093750       2.31819646E+19
   29.1796875       2.31967618E+19
   29.2500000       2.32043617E+19
   29.3203125       2.32062638E+19
   29.3906250       2.32043463E+19
   29.4609375       2.32007047E+19
   29.5312500       2.31975557E+19
   29.6015625       2.31970279E+19
   29.6718750       2.32010038E+19
   29.7421875       2.32109214E+19
   29.8125000       2.32276493E+19
   29.8828125       2.32513328E+19
   29.9531250       2.32813539E+19
   30.0234375       2.33163733E+19
   30.0937500       2.33544956E+19
   30.1640625       2.33935151E+19
   30.2343750       2.34311381E+19
   30.3046875       2.34651900E+19
   30.3750000       2.34936960E+19
   30.4453125       2.35148879E+19
   30.5156250       2.35271629E+19
   30.5859375       2.35290013E+19
   30.6562500       2.35189781E+19
   30.7265625       2.34956707E+19
   30.7968750       2.34576584E+19
   30.8671875       2.34036020E+19
   30.9375000       2.33324020E+19
   31.0078125       2.32434185E+19
   31.0781250       2.31366318E+19
   31.1484375       2.30126596E+19
   31.2187500       2.28725906E+19
   31.2890625       2.27177112E+19
   31.3593750       2.25492748E+19
   31.4296875       2.23684272E+19
   31.5000000       2.21763953E+19
   31.5703125       2.19746723E+19
   31.6406250       2.17651427E+19
   31.7109375       2.15500145E+19
   31.7812500       2.13315261E+19
   31.8515625       2.11115578E+19
   31.9218750       2.08912597E+19
   31.9921875       2.06708802E+19
   32.0625000       2.04498388E+19
   32.1328125       2.02269436E+19
   32.2031250       2.00007894E+19
   32.2734375       1.97701339E+19
   32.3437500       1.95342314E+19
   32.4140625       1.92929876E+19
   32.4843750       1.90468245E+19
   32.5546875       1.87963712E+19
   32.6250000       1.85420124E+19
   32.6953125       1.82835919E+19
   32.7656250       1.80203051E+19
   32.8359375       1.77509423E+19
   32.9062500       1.74744042E+19
   32.9765625       1.71902332E+19
   33.0468750       1.68990022E+19
   33.1171875       1.66023991E+19
   33.1875000       1.63030252E+19
   33.2578125       1.60038832E+19
   33.3281250       1.57078606E+19
   33.3984375       1.54172828E+19
   33.4687500       1.51337363E+19
   33.5390625       1.48581547E+19
   33.6093750       1.45910064E+19
   33.6796875       1.43325541E+19
   33.7500000       1.40830683E+19
   33.8203125       1.38428778E+19
   33.8906250       1.36122816E+19
   33.9609375       1.33913314E+19
   34.0312500       1.31797051E+19
   34.1015625       1.29765902E+19
   34.1718750       1.27807001E+19
   34.2421875       1.25904516E+19
   34.3125000       1.24042229E+19
   34.3828125       1.22206583E+19
   34.4531250       1.20389310E+19
   34.5234375       1.18589047E+19
   34.5937500       1.16811818E+19
   34.6640625       1.15069620E+19
   34.7343750       1.13377945E+19
   34.8046875       1.11752416E+19
   34.8750000       1.10205436E+19
   34.9453125       1.08742964E+19
   35.0156250       1.07362407E+19
   35.0859375       1.06051514E+19
   35.1562500       1.04789384E+19
   35.2265625       1.03548454E+19
   35.2968750       1.02298089E+19
   35.3671875       1.01008571E+19
   35.4375000       9.96552809E+18
   35.5078125       9.82218586E+18
   35.5781250       9.67020587E+18
   35.6484375       9.31390363E+18
   35.7187500       9.15289719E+18
   35.7890625       8.98373623E+18
   35.8593750       8.80872806E+18
   35.9296875       8.63044665E+18
   36.0000000       8.45139943E+18
   36.0703125       8.27383215E+18
   36.1406250       7.94662353E+18
   36.2109375       7.79168915E+18
   36.2812500       7.64151180E+18
   36.3515625       7.34366620E+18
   36.4218750       7.23737696E+18
   36.4921875       7.13938848E+18
   36.5625000       7.05061996E+18
   36.6328125       6.97147382E+18
   36.7031250       6.90176863E+18
   36.7734375       6.84063248E+18
   36.8437500       6.78663602E+18
   36.9140625       6.73786553E+18
   36.9843750       6.69215883E+18
   37.0546875       6.64721299E+18
   37.1250000       6.60084054E+18
   37.1953125       6.55111128E+18
   37.2656250       6.49664642E+18
   37.3359375       6.43676372E+18
   37.4062500       6.37169957E+18
   37.4765625       6.30254689E+18
   37.5468750       6.23114790E+18
   37.6171875       6.15965545E+18
   37.6875000       6.09012674E+18
   37.7578125       6.02399221E+18
   37.8281250       5.96180548E+18
   37.8984375       5.90311135E+18
   37.9687500       5.84668442E+18
   38.0390625       5.79080779E+18
   38.1093750       5.73374203E+18
   38.1796875       5.67402866E+18
   38.2500000       5.61082763E+18
   38.3203125       5.54399491E+18
   38.3906250       5.47413964E+18
   38.4609375       5.40242399E+18
   38.5312500       5.33039994E+18
   38.6015625       5.25968375E+18
   38.6718750       5.19176142E+18
   38.7421875       5.12776709E+18
   38.8125000       5.06848197E+18
   38.8828125       5.01431618E+18
   38.9531250       4.96546983E+18
   39.0234375       4.92198029E+18
   39.0937500       4.88389101E+18
   39.1640625       4.85124926E+18
   39.2343750       4.82417764E+18
   39.3046875       4.80274431E+18
   39.3750000       4.78689540E+18
   39.4453125       4.77621474E+18
   39.5156250       4.76980019E+18
   39.5859375       4.76611133E+18
   39.6562500       4.76307613E+18
   39.7265625       4.75822563E+18
   39.7968750       4.74903151E+18
   39.8671875       4.73312488E+18
   39.9375000       4.70856729E+18
   40.0078125       4.67391343E+18
   40.0781250       4.62832163E+18
   40.1484375       4.57150189E+18
   40.2187500       4.50376758E+18
   40.2890625       4.42594497E+18
   40.3593750       4.33935266E+18
   40.4296875       4.24560060E+18
   40.5000000       4.14646286E+18
   40.5703125       4.04359118E+18
   40.6406250       3.93836324E+18
   40.7109375       3.83165371E+18
   40.7812500       3.72384137E+18
   40.8515625       3.61480693E+18
   40.9218750       3.50416885E+18
   40.9921875       3.39146341E+18
   41.0625000       3.27645806E+18
   41.1328125       3.15927376E+18
   41.2031250       3.04052019E+18
   41.2734375       2.92121300E+18
   41.3437500       2.80275025E+18
   41.4140625       2.68677239E+18
   41.4843750       2.43003120E+18
   41.5546875       2.34117197E+18
   41.6250000       2.25887256E+18
   41.6953125       2.18426341E+18
   41.7656250       1.99220347E+18
   41.8359375       1.94029429E+18
   41.9062500       1.89662457E+18
   41.9765625       1.86044583E+18
   42.0468750       1.83072782E+18
   42.1171875       1.80623757E+18
   42.1875000       1.78561169E+18
   42.2578125       1.76736970E+18
   42.3281250       1.58050550E+18
   42.3984375       1.57039301E+18
   42.4687500       1.55748475E+18
   42.5390625       1.38723911E+18
   42.6093750       1.40227769E+18
   42.6796875       1.41607917E+18
   42.7500000       1.42773358E+18
   42.8203125       1.28454047E+18
   42.8906250       1.30222886E+18
   42.9609375       1.31905977E+18
   43.0312500       1.33535316E+18
   43.1015625       1.35136068E+18
   43.1718750       1.36713908E+18
   43.2421875       1.38244250E+18
   43.3125000       1.39667320E+18
   43.3828125       1.40888795E+18
   43.4531250       1.41788883E+18
   43.5234375       1.42237703E+18
   43.5937500       1.42115974E+18
   43.6640625       1.41336159E+18
   43.7343750       1.39861796E+18
   43.8046875       1.37717886E+18
   43.8750000       1.34991647E+18
   43.9453125       1.31820944E+18
   44.0156250       1.28376091E+18
   44.0859375       1.24836406E+18
   44.1562500       1.21368766E+18
   44.2265625       1.18108536E+18
   44.2968750       1.15148692E+18
   44.3671875       1.12536321E+18
   44.4375000       1.10279367E+18
   44.5078125       1.08359118E+18
   44.5781250       1.06745550E+18
   44.6484375       1.05408049E+18
   44.7187500       1.04319217E+18
   44.7890625       1.03451228E+18
   44.8593750       1.02770170E+18
   44.9296875       1.02230804E+18
   45.0000000       1.01775263E+18
   45.0703125       1.01333658E+18
   45.1406250       1.00828611E+18
   45.2109375       1.00180676E+18
   45.2812500       9.93169268E+17
   45.3515625       9.81783757E+17
   45.4218750       9.67264293E+17
   45.4921875       9.49433445E+17
   45.5625000       9.28285438E+17
   45.6328125       9.03903149E+17
   45.7031250       8.76383747E+17
   45.7734375       6.90470762E+17
   45.8437500       6.76237241E+17
   45.9140625       6.63422914E+17
   45.9843750       6.52373372E+17
   46.0546875       6.43251411E+17
   46.1250000       6.36088574E+17
   46.1953125       6.30820401E+17
   46.2656250       6.27386283E+17
   46.3359375       6.25757356E+17
   46.4062500       6.25968875E+17
   46.4765625       6.28049357E+17
   46.5468750       6.31972964E+17
   46.6171875       6.37576213E+17
   46.6875000       6.44570687E+17
   46.7578125       6.52557196E+17
   46.8281250       6.61117788E+17
   46.8984375       6.69851758E+17
   46.9687500       6.78429186E+17
   47.0390625       6.86559112E+17
   47.1093750       6.93985076E+17
   47.1796875       7.00420243E+17
   47.2500000       7.05530155E+17
   47.3203125       7.08880298E+17
   47.3906250       7.09963729E+17
   47.4609375       7.08215437E+17
   47.5312500       7.03094461E+17
   47.6015625       6.94107053E+17
   47.6718750       6.80850998E+17
   47.7421875       6.62995204E+17
   47.8125000       5.15160196E+17
   47.8828125       5.13794740E+17
   47.9531250       5.06235597E+17
   48.0234375       4.92529429E+17
   48.0937500       4.73206921E+17
   48.1640625       4.49229081E+17
   48.2343750       4.21993834E+17
   48.3046875       3.93174432E+17
   48.3750000       3.64623585E+17
   48.4453125       3.38136865E+17
   48.5156250       3.15330039E+17
   48.5859375       2.97429475E+17
   48.6562500       2.85222404E+17
   48.7265625       2.78954260E+17
   48.7968750       2.78401498E+17
   48.8671875       2.82886355E+17
   48.9375000       2.91442393E+17
   49.0078125       3.02888618E+17
   49.0781250       3.16018196E+17
   49.1484375       3.29659596E+17
   49.2187500       3.42822331E+17
   49.2890625       3.54700630E+17
   49.3593750       3.64760646E+17
   49.4296875       3.72690186E+17
   49.5000000       3.78436853E+17
   49.5703125       3.82114307E+17
   49.6406250       3.84004402E+17
   49.7109375       3.84438743E+17
   49.7812500       3.83793845E+17
   49.8515625       3.82389116E+17
   49.9218750       3.80519053E+17
   49.9921875       3.78396033E+17
   50.0625000       3.76217626E+17
   50.1328125       3.74126870E+17
   50.2031250       3.72281443E+17
   50.2734375       3.70801466E+17
   50.3437500       3.69817644E+17
   50.4140625       3.69397252E+17
   50.4843750       3.69571662E+17
   50.5546875       3.70250370E+17
   50.6250000       3.71250994E+17
   50.6953125       3.72234748E+17
   50.7656250       3.72780381E+17
   50.8359375       3.72369404E+17
   50.9062500       3.70500234E+17
   50.9765625       3.66693862E+17
   51.0468750       3.60610265E+17
   51.1171875       3.52042389E+17
   51.1875000       3.41008446E+17
   51.2578125       3.27715247E+17
   51.3281250       3.12613627E+17
   51.3984375       2.96314432E+17
   51.4687500       2.79585655E+17
   51.5390625       2.63210628E+17
   51.6093750       2.47944390E+17
   51.6796875       2.34361333E+17
   51.7500000       2.22838520E+17
   51.8203125       2.13463946E+17
   51.8906250       2.06101530E+17
   51.9609375       2.00379380E+17
   52.0312500       1.95812215E+17
   52.1015625       1.91819029E+17
   52.1718750       1.87851287E+17
   52.2421875       1.83401752E+17
   52.3125000       1.78115541E+17
   52.3828125       1.71778299E+17
   52.4531250       1.64401779E+17
   52.5234375       1.56175388E+17
   52.5937500       1.47500138E+17
   52.6640625       1.38878944E+17
   52.7343750       1.30894531E+17
   52.8046875       0.00000000    
   52.8750000       0.00000000    
   52.9453125       0.00000000    
   53.0156250       0.00000000    
   53.0859375       0.00000000    
   53.1562500       0.00000000    
