2015 10 26 09 09 42.0 36.524 70.368
214. 2.470E+20 7.528 272 24 80 104 67 95
  -1.12500000       0.00000000    
  -1.05468750       1.23722408E+18
 -0.984375000       1.30945636E+18
 -0.914062500       1.51295906E+18
 -0.843750000       1.70825748E+18
 -0.773437500       1.92691364E+18
 -0.703125000       2.09135578E+18
 -0.632812500       2.22553289E+18
 -0.562500000       2.34708734E+18
 -0.492187500       2.46705038E+18
 -0.421875000       2.59066243E+18
 -0.351562500       2.71865163E+18
 -0.281250000       2.84872083E+18
 -0.210937500       2.98024743E+18
 -0.140625000       3.11237025E+18
  -7.03125000E-02   3.24290482E+18
   0.00000000       3.36685579E+18
   7.03125000E-02   3.48773884E+18
  0.140625000       3.59952922E+18
  0.210937500       3.70812248E+18
  0.281250000       3.91680841E+18
  0.351562500       4.02710290E+18
  0.421875000       4.13314970E+18
  0.492187500       4.22705156E+18
  0.562500000       4.29984995E+18
  0.632812500       4.34408221E+18
  0.703125000       4.35601026E+18
  0.773437500       4.33644115E+18
  0.843750000       4.29030647E+18
  0.914062500       4.22521428E+18
  0.984375000       4.15014815E+18
   1.05468750       4.07479834E+18
   1.12500000       4.01023007E+18
   1.19531250       3.97099235E+18
   1.26562500       3.97486125E+18
   1.33593750       4.02369634E+18
   1.40625000       4.10828122E+18
   1.47656250       4.21038077E+18
   1.54687500       4.32286383E+18
   1.61718750       4.43750468E+18
   1.68750000       4.54778900E+18
   1.75781250       4.64861587E+18
   1.82812500       4.74197430E+18
   1.89843750       4.83218208E+18
   1.96875000       4.92393578E+18
   2.03906250       5.02097757E+18
   2.10937500       5.12500237E+18
   2.17968750       5.23507118E+18
   2.25000000       5.34810592E+18
   2.32031250       5.46038310E+18
   2.39062500       5.56979605E+18
   2.46093750       5.67780438E+18
   2.53125000       5.79024484E+18
   2.60156250       5.92544738E+18
   2.67187500       6.10068315E+18
   2.74218750       6.32658881E+18
   2.81250000       6.59783833E+18
   2.88281250       6.90528322E+18
   2.95312500       7.24058369E+18
   3.02343750       7.59643513E+18
   3.09375000       7.96659891E+18
   3.16406250       8.34555439E+18
   3.23437500       8.72808933E+18
   3.30468750       9.13464585E+18
   3.37500000       9.57406237E+18
   3.44531250       1.00454362E+19
   3.51562500       1.05177215E+19
   3.58593750       1.09712327E+19
   3.65625000       1.13989075E+19
   3.72656250       1.18027680E+19
   3.79687500       1.21902876E+19
   3.86718750       1.25710166E+19
   3.93750000       1.29543229E+19
   4.00781250       1.33479337E+19
   4.07812500       1.37574347E+19
   4.14843750       1.41861057E+19
   4.21875000       1.46352782E+19
   4.28906250       1.51051127E+19
   4.35937500       1.55961832E+19
   4.42968750       1.61112472E+19
   4.50000000       1.66566820E+19
   4.57031250       1.72423808E+19
   4.64062500       1.78799997E+19
   4.71093750       1.85796486E+19
   4.78125000       1.93463095E+19
   4.85156250       2.01767948E+19
   4.92187500       2.10584756E+19
   4.99218750       2.19697750E+19
   5.06250000       2.28826908E+19
   5.13281250       2.37666277E+19
   5.20312500       2.45929701E+19
   5.27343750       2.53392086E+19
   5.34375000       2.59919227E+19
   5.41406250       2.65478138E+19
   5.48437500       2.70128962E+19
   5.55468750       2.74000607E+19
   5.62500000       2.77261802E+19
   5.69531250       2.80097003E+19
   5.76562500       2.82694885E+19
   5.83593750       2.85242299E+19
   5.90625000       2.87916136E+19
   5.97656250       2.90860606E+19
   6.04687500       2.94155996E+19
   6.11718750       2.97788651E+19
   6.18750000       3.01641075E+19
   6.25781250       3.05508014E+19
   6.32812500       3.09135017E+19
   6.39843750       3.12261764E+19
   6.46875000       3.14659733E+19
   6.53906250       3.16159885E+19
   6.60937500       3.16676039E+19
   6.67968750       3.16227571E+19
   6.75000000       3.14961263E+19
   6.82031250       3.13161736E+19
   6.89062500       3.11240758E+19
   6.96093750       3.09697417E+19
   7.03125000       3.09056072E+19
   7.10156250       3.09795318E+19
   7.17187500       3.12289978E+19
   7.24218750       3.16778030E+19
   7.31250000       3.23354011E+19
   7.38281250       3.31980691E+19
   7.45312500       3.42510450E+19
   7.52343750       3.54711951E+19
   7.59375000       3.68299584E+19
   7.66406250       3.82961835E+19
   7.73437500       3.98384729E+19
   7.80468750       4.14261149E+19
   7.87500000       4.30290709E+19
   7.94531250       4.46169812E+19
   8.01562500       4.61584085E+19
   8.08593750       4.76207062E+19
   8.15625000       4.89709197E+19
   8.22656250       5.01770708E+19
   8.29687500       5.12103830E+19
   8.36718750       5.20478546E+19
   8.43750000       5.26753063E+19
   8.50781250       5.30895363E+19
   8.57812500       5.32982940E+19
   8.64843750       5.33172320E+19
   8.71875000       5.31648221E+19
   8.78906250       5.28569896E+19
   8.85937500       5.24032475E+19
   8.92968750       5.18050868E+19
   9.00000000       5.10565745E+19
   9.07031250       5.01468342E+19
   9.14062500       4.90642990E+19
   9.21093750       4.78014571E+19
   9.28125000       4.63592541E+19
   9.35156250       4.47493140E+19
   9.42187500       4.29936886E+19
   9.49218750       4.11223022E+19
   9.56250000       3.91693277E+19
   9.63281250       3.71688850E+19
   9.70312500       3.51506875E+19
   9.77343750       3.31358896E+19
   9.84375000       3.11344617E+19
   9.91406250       2.91460323E+19
   9.98437500       2.71662275E+19
   10.0546875       2.51990561E+19
   10.1250000       2.32746688E+19
   10.1953125       2.14691652E+19
   10.2656250       1.96014380E+19
   10.3359375       1.85747866E+19
   10.4062500       1.75951778E+19
   10.4765625       1.66603730E+19
   10.5468750       1.57704448E+19
   10.6171875       1.49274273E+19
   10.6875000       1.41347398E+19
   10.7578125       1.33958537E+19
   10.8281250       1.27122027E+19
   10.8984375       1.20808125E+19
   10.9687500       1.14927673E+19
   11.0390625       1.09335667E+19
   11.1093750       1.03859637E+19
   11.1796875       9.83470600E+18
   11.2500000       9.27157683E+18
   11.3203125       8.50664988E+18
   11.3906250       7.79808721E+18
   11.4609375       7.15368653E+18
   11.5312500       6.78201917E+18
   11.6015625       6.44320521E+18
   11.6718750       6.14026282E+18
   11.7421875       5.87012545E+18
   11.8125000       5.62496845E+18
   11.8828125       5.39490389E+18
   11.9531250       4.89613792E+18
   12.0234375       4.47468989E+18
   12.0937500       4.06433731E+18
   12.1640625       3.93702761E+18
   12.2343750       3.65987701E+18
   12.3046875       3.28148228E+18
   12.3750000       3.17595336E+18
   12.4453125       3.05800902E+18
   12.5156250       2.92945137E+18
   12.5859375       2.79260230E+18
   12.6562500       2.65021582E+18
   12.7265625       2.50532630E+18
   12.7968750       2.36085432E+18
   12.8671875       2.21929261E+18
   12.9375000       1.82149082E+18
   13.0078125       1.54320704E+18
   13.0781250       1.26770475E+18
   13.1484375       1.19756085E+18
   13.2187500       9.71361555E+17
   13.2890625       9.48744807E+17
   13.3593750       9.27516811E+17
   13.4296875       9.06970374E+17
   13.5000000       8.86416722E+17
   13.5703125       8.65442232E+17
   13.6406250       8.44022234E+17
   13.7109375       8.22592959E+17
   13.7812500       8.01909015E+17
   13.8515625       7.82885264E+17
   13.9218750       7.66342150E+17
   13.9921875       7.52880004E+17
   14.0625000       5.83930559E+17
   14.1328125       5.81575955E+17
   14.2031250       5.81627220E+17
   14.2734375       5.82927186E+17
   14.3437500       5.84020788E+17
   14.4140625       5.83356958E+17
   14.4843750       5.79502620E+17
   14.5546875       5.71416330E+17
   14.6250000       5.58620317E+17
   14.6953125       3.85520800E+17
   14.7656250       3.72633596E+17
   14.8359375       3.58195703E+17
   14.9062500       3.42643970E+17
   14.9765625       3.26419748E+17
   15.0468750       3.09909241E+17
   15.1171875       2.93442267E+17
   15.1875000       2.77315868E+17
   15.2578125       2.61850103E+17
   15.3281250       2.47394274E+17
   15.3984375       2.34297166E+17
   15.4687500       2.22812269E+17
   15.5390625       2.13021754E+17
   15.6093750       2.04787631E+17
   15.6796875       1.97790786E+17
   15.7500000       1.91602391E+17
   15.8203125       1.85784875E+17
   15.8906250       1.79950316E+17
   15.9609375       1.73794168E+17
   16.0312500       0.00000000    
   16.1015625       0.00000000    
   16.1718750       0.00000000    
   16.2421875       0.00000000    
   16.3125000       0.00000000    
   16.3828125       0.00000000    
