2015 10 26 09 09 42.0 36.524 70.368
214. 2.470E+20 7.528 272 24 80 104 67 95
  -1.12500000       0.00000000    
  -1.05468750       0.00000000    
 -0.984375000       0.00000000    
 -0.914062500       0.00000000    
 -0.843750000       0.00000000    
 -0.773437500       0.00000000    
 -0.703125000       0.00000000    
 -0.632812500       0.00000000    
 -0.562500000       0.00000000    
 -0.492187500       0.00000000    
 -0.421875000       0.00000000    
 -0.351562500       0.00000000    
 -0.281250000       0.00000000    
 -0.210937500       0.00000000    
 -0.140625000       0.00000000    
  -7.03125000E-02   0.00000000    
   0.00000000       0.00000000    
   7.03125000E-02   1.22521879E+18
  0.140625000       1.40783709E+18
  0.210937500       1.73046349E+18
  0.281250000       2.20336468E+18
  0.351562500       2.80633548E+18
  0.421875000       3.48856320E+18
  0.492187500       4.17629261E+18
  0.562500000       4.79025110E+18
  0.632812500       5.26513512E+18
  0.703125000       5.56819296E+18
  0.773437500       5.70784633E+18
  0.843750000       5.73240008E+18
  0.914062500       5.71610642E+18
  0.984375000       5.73966455E+18
   1.05468750       5.86779944E+18
   1.12500000       6.13325068E+18
   1.19531250       6.52837503E+18
   1.26562500       7.00923105E+18
   1.33593750       7.50722625E+18
   1.40625000       7.94755922E+18
   1.47656250       8.26605695E+18
   1.54687500       8.42331680E+18
   1.61718750       8.41021172E+18
   1.68750000       8.24783804E+18
   1.75781250       7.98007672E+18
   1.82812500       7.66441353E+18
   1.89843750       7.35992468E+18
   1.96875000       7.11756153E+18
   2.03906250       6.97101917E+18
   2.10937500       6.93267370E+18
   2.17968750       6.99223480E+18
   2.25000000       7.12168855E+18
   2.32031250       7.28251851E+18
   2.39062500       7.43670687E+18
   2.46093750       7.55568613E+18
   2.53125000       7.62820277E+18
   2.60156250       7.66217548E+18
   2.67187500       7.68337461E+18
   2.74218750       7.72814892E+18
   2.81250000       7.83500166E+18
   2.88281250       8.03385879E+18
   2.95312500       8.33861152E+18
   3.02343750       8.74162432E+18
   3.09375000       9.21486841E+18
   3.16406250       9.71478227E+18
   3.23437500       1.01933106E+19
   3.30468750       1.06096088E+19
   3.37500000       1.09426652E+19
   3.44531250       1.11983588E+19
   3.51562500       1.14118653E+19
   3.58593750       1.16411673E+19
   3.65625000       1.19560378E+19
   3.72656250       1.24217403E+19
   3.79687500       1.30844204E+19
   3.86718750       1.39583606E+19
   3.93750000       1.50214190E+19
   4.00781250       1.62168113E+19
   4.07812500       1.74644052E+19
   4.14843750       1.86757504E+19
   4.21875000       1.97724890E+19
   4.28906250       2.07003273E+19
   4.35937500       2.14382403E+19
   4.42968750       2.19974541E+19
   4.50000000       2.24141493E+19
   4.57031250       2.27352089E+19
   4.64062500       2.30046002E+19
   4.71093750       2.32508006E+19
   4.78125000       2.34813243E+19
   4.85156250       2.36816135E+19
   4.92187500       2.38210558E+19
   4.99218750       2.38609702E+19
   5.06250000       2.37660846E+19
   5.13281250       2.35144393E+19
   5.20312500       2.31076068E+19
   5.27343750       2.25765119E+19
   5.34375000       2.19849483E+19
   5.41406250       2.14267724E+19
   5.48437500       2.10199091E+19
   5.55468750       2.08940876E+19
   5.62500000       2.11763543E+19
   5.69531250       2.19721852E+19
   5.76562500       2.33477732E+19
   5.83593750       2.53128929E+19
   5.90625000       2.78113528E+19
   5.97656250       3.07186946E+19
   6.04687500       3.38521202E+19
   6.11718750       3.69884024E+19
   6.18750000       3.98904270E+19
   6.25781250       4.23348349E+19
   6.32812500       4.41399779E+19
   6.39843750       4.51861852E+19
   6.46875000       4.54280249E+19
   6.53906250       4.48929322E+19
   6.60937500       4.36705304E+19
   6.67968750       4.18929543E+19
   6.75000000       3.97153496E+19
   6.82031250       3.72985658E+19
   6.89062500       3.48000554E+19
   6.96093750       3.23678587E+19
   7.03125000       3.01369958E+19
   7.10156250       2.82215674E+19
   7.17187500       2.67059412E+19
   7.24218750       2.56356282E+19
   7.31250000       2.50161633E+19
   7.38281250       2.48199291E+19
   7.45312500       2.50031407E+19
   7.52343750       2.55243840E+19
   7.59375000       2.63606769E+19
   7.66406250       2.75117974E+19
   7.73437500       2.89941700E+19
   7.80468750       3.08233989E+19
   7.87500000       3.29943846E+19
   7.94531250       3.54627267E+19
   8.01562500       3.81370358E+19
   8.08593750       4.08828946E+19
   8.15625000       4.35425428E+19
   8.22656250       4.59634959E+19
   8.29687500       4.80323370E+19
   8.36718750       4.97005512E+19
   8.43750000       5.09968930E+19
   8.50781250       5.20177676E+19
   8.57812500       5.28997342E+19
   8.64843750       5.37766959E+19
   8.71875000       5.47352941E+19
   8.78906250       5.57777059E+19
   8.85937500       5.68076228E+19
   8.92968750       5.76437663E+19
   9.00000000       5.80632167E+19
   9.07031250       5.78597147E+19
   9.14062500       5.69017103E+19
   9.21093750       5.51679387E+19
   9.28125000       5.27527779E+19
   9.35156250       4.98389841E+19
   9.42187500       4.66526478E+19
   9.49218750       4.34136493E+19
   9.56250000       4.02985217E+19
   9.63281250       3.74198508E+19
   9.70312500       3.48247504E+19
   9.77343750       3.25045654E+19
   9.84375000       3.04115944E+19
   9.91406250       2.84748245E+19
   9.98437500       2.66151633E+19
   10.0546875       2.47574482E+19
   10.1250000       2.28428906E+19
   10.1953125       2.08393012E+19
   10.2656250       1.87504820E+19
   10.3359375       1.66195064E+19
   10.4062500       1.45254282E+19
   10.4765625       1.25692211E+19
   10.5468750       1.08527966E+19
   10.6171875       9.45334589E+18
   10.6875000       8.40270920E+18
   10.7578125       7.67622943E+18
   10.8281250       7.19764281E+18
   10.8984375       6.85629668E+18
   10.9687500       6.53391877E+18
   11.0390625       6.13093896E+18
   11.1093750       5.58844157E+18
   11.1796875       4.89792243E+18
   11.2500000       4.09897220E+18
   11.3203125       0.00000000    
   11.3906250       0.00000000    
   11.4609375       0.00000000    
   11.5312500       0.00000000    
   11.6015625       0.00000000    
   11.6718750       0.00000000    
   11.7421875       0.00000000    
   11.8125000       0.00000000    
   11.8828125       0.00000000    
   11.9531250       0.00000000    
   12.0234375       0.00000000    
   12.0937500       0.00000000    
   12.1640625       0.00000000    
   12.2343750       0.00000000    
   12.3046875       0.00000000    
   12.3750000       0.00000000    
   12.4453125       0.00000000    
   12.5156250       0.00000000    
   12.5859375       0.00000000    
   12.6562500       0.00000000    
   12.7265625       0.00000000    
   12.7968750       0.00000000    
   12.8671875       0.00000000    
   12.9375000       0.00000000    
   13.0078125       0.00000000    
   13.0781250       0.00000000    
   13.1484375       0.00000000    
   13.2187500       0.00000000    
   13.2890625       0.00000000    
   13.3593750       0.00000000    
   13.4296875       0.00000000    
   13.5000000       0.00000000    
   13.5703125       0.00000000    
   13.6406250       0.00000000    
   13.7109375       0.00000000    
   13.7812500       0.00000000    
   13.8515625       0.00000000    
   13.9218750       0.00000000    
   13.9921875       0.00000000    
   14.0625000       0.00000000    
   14.1328125       0.00000000    
   14.2031250       0.00000000    
   14.2734375       0.00000000    
   14.3437500       0.00000000    
   14.4140625       0.00000000    
   14.4843750       0.00000000    
   14.5546875       0.00000000    
   14.6250000       0.00000000    
   14.6953125       0.00000000    
   14.7656250       0.00000000    
   14.8359375       0.00000000    
   14.9062500       0.00000000    
   14.9765625       0.00000000    
   15.0468750       0.00000000    
   15.1171875       0.00000000    
   15.1875000       0.00000000    
   15.2578125       0.00000000    
   15.3281250       0.00000000    
   15.3984375       0.00000000    
   15.4687500       0.00000000    
   15.5390625       0.00000000    
   15.6093750       0.00000000    
   15.6796875       0.00000000    
   15.7500000       0.00000000    
   15.8203125       0.00000000    
   15.8906250       0.00000000    
   15.9609375       0.00000000    
   16.0312500       0.00000000    
   16.1015625       0.00000000    
   16.1718750       0.00000000    
   16.2421875       0.00000000    
   16.3125000       0.00000000    
   16.3828125       0.00000000    
