1997 10 14 09 53 18.0 -22.100 -176.770
179. 4.977E+20 7.731 240 18 -47 15 77 -103
  -1.12500000       0.00000000    
  -1.05468750       1.34781722E+18
 -0.984375000       1.28818150E+18
 -0.914062500       1.23900790E+18
 -0.843750000       1.20551843E+18
 -0.773437500       1.19109943E+18
 -0.703125000       1.19711816E+18
 -0.632812500       1.22290652E+18
 -0.562500000       1.26602194E+18
 -0.492187500       1.32257766E+18
 -0.421875000       1.38779341E+18
 -0.351562500       1.45656387E+18
 -0.281250000       1.52412831E+18
 -0.210937500       1.58657288E+18
 -0.140625000       1.64124980E+18
  -7.03125000E-02   1.69006235E+18
   0.00000000       1.74278874E+18
   7.03125000E-02   1.80771380E+18
  0.140625000       1.88866576E+18
  0.210937500       1.98159799E+18
  0.281250000       2.08360367E+18
  0.351562500       2.19233355E+18
  0.421875000       2.30590101E+18
  0.492187500       2.42304600E+18
  0.562500000       2.54348760E+18
  0.632812500       2.66796167E+18
  0.703125000       2.80285278E+18
  0.773437500       2.97578644E+18
  0.843750000       3.20012337E+18
  0.914062500       3.47433635E+18
  0.984375000       3.76981305E+18
   1.05468750       4.06887445E+18
   1.12500000       4.36221370E+18
   1.19531250       4.64577693E+18
   1.26562500       4.91804184E+18
   1.33593750       5.17777838E+18
   1.40625000       5.42280564E+18
   1.47656250       5.64940454E+18
   1.54687500       5.85259649E+18
   1.61718750       6.02680146E+18
   1.68750000       6.16694357E+18
   1.75781250       6.26948567E+18
   1.82812500       6.33342942E+18
   1.89843750       6.36081495E+18
   1.96875000       6.35685012E+18
   2.03906250       6.32932879E+18
   2.10937500       6.28774526E+18
   2.17968750       6.24198963E+18
   2.25000000       6.20127967E+18
   2.32031250       6.17327016E+18
   2.39062500       6.18059290E+18
   2.46093750       6.24005119E+18
   2.53125000       6.35568024E+18
   2.60156250       6.50709233E+18
   2.67187500       6.67429232E+18
   2.74218750       6.84754566E+18
   2.81250000       7.02400738E+18
   2.88281250       7.20442735E+18
   2.95312500       7.44120058E+18
   3.02343750       7.76479675E+18
   3.09375000       8.18696248E+18
   3.16406250       8.65664196E+18
   3.23437500       9.13733140E+18
   3.30468750       9.60675305E+18
   3.37500000       1.00519673E+19
   3.44531250       1.04642127E+19
   3.51562500       1.08352451E+19
   3.58593750       1.11558000E+19
   3.65625000       1.14165613E+19
   3.72656250       1.16105987E+19
   3.79687500       1.17361629E+19
   3.86718750       1.17981127E+19
   3.93750000       1.18073079E+19
   4.00781250       1.17776200E+19
   4.07812500       1.17218726E+19
   4.14843750       1.16480986E+19
   4.21875000       1.15579728E+19
   4.28906250       1.14477830E+19
   4.35937500       1.13118570E+19
   4.42968750       1.11467246E+19
   4.50000000       1.09546400E+19
   4.57031250       1.07447762E+19
   4.64062500       1.05318393E+19
   4.71093750       1.03322328E+19
   4.78125000       1.01595776E+19
   4.85156250       1.00209644E+19
   4.92187500       9.91569493E+18
   4.99218750       9.83667962E+18
   5.06250000       9.77421307E+18
   5.13281250       9.72035679E+18
   5.20312500       9.67248735E+18
   5.27343750       9.63420566E+18
   5.34375000       9.61340070E+18
   5.41406250       9.61778335E+18
   5.48437500       9.64993527E+18
   5.55468750       9.70375307E+18
   5.62500000       9.76445380E+18
   5.69531250       9.81231005E+18
   5.76562500       9.82941075E+18
   5.83593750       9.80689715E+18
   5.90625000       9.75059006E+18
   5.97656250       9.68317790E+18
   6.04687500       9.64301824E+18
   6.11718750       9.68029828E+18
   6.18750000       9.79686741E+18
   6.25781250       9.97677500E+18
   6.32812500       1.01846157E+19
   6.39843750       1.04183389E+19
   6.46875000       1.06737026E+19
   6.53906250       1.09439527E+19
   6.60937500       1.12231154E+19
   6.67968750       1.15089060E+19
   6.75000000       1.18043008E+19
   6.82031250       1.21172152E+19
   6.89062500       1.25003675E+19
   6.96093750       1.29930433E+19
   7.03125000       1.36182190E+19
   7.10156250       1.43455360E+19
   7.17187500       1.51515627E+19
   7.24218750       1.60234116E+19
   7.31250000       1.69540746E+19
   7.38281250       1.79377406E+19
   7.45312500       1.89675673E+19
   7.52343750       2.00362772E+19
   7.59375000       2.11386256E+19
   7.66406250       2.22734821E+19
   7.73437500       2.34440706E+19
   7.80468750       2.46558534E+19
   7.87500000       2.59131251E+19
   7.94531250       2.72154900E+19
   8.01562500       2.85555792E+19
   8.08593750       2.99185140E+19
   8.15625000       3.12837117E+19
   8.22656250       3.26286145E+19
   8.29687500       3.39335413E+19
   8.36718750       3.51858872E+19
   8.43750000       3.63821911E+19
   8.50781250       3.75267805E+19
   8.57812500       3.86277610E+19
   8.64843750       3.96919168E+19
   8.71875000       4.07213323E+19
   8.78906250       4.17133337E+19
   8.85937500       4.26643145E+19
   8.92968750       4.35754094E+19
   9.00000000       4.44571562E+19
   9.07031250       4.53296187E+19
   9.14062500       4.62171268E+19
   9.21093750       4.71386583E+19
   9.28125000       4.80982285E+19
   9.35156250       4.90796262E+19
   9.42187500       5.00484587E+19
   9.49218750       5.09609918E+19
   9.56250000       5.17762269E+19
   9.63281250       5.24666234E+19
   9.70312500       5.30238559E+19
   9.77343750       5.34586864E+19
   9.84375000       5.37959242E+19
   9.91406250       5.40670197E+19
   9.98437500       5.43018446E+19
   10.0546875       5.45213555E+19
   10.1250000       5.47328268E+19
   10.1953125       5.49290984E+19
   10.2656250       5.50930048E+19
   10.3359375       5.52056696E+19
   10.4062500       5.52552048E+19
   10.4765625       5.52410739E+19
   10.5468750       5.51714176E+19
   10.6171875       5.50540997E+19
   10.6875000       5.48868112E+19
   10.7578125       5.46522326E+19
   10.8281250       5.43222472E+19
   10.8984375       5.38698861E+19
   10.9687500       5.32839080E+19
   11.0390625       5.25788791E+19
   11.1093750       5.17958861E+19
   11.1796875       5.09931591E+19
   11.2500000       5.02303619E+19
   11.3203125       4.95523854E+19
   11.3906250       4.89786778E+19
   11.4609375       4.85011248E+19
   11.5312500       4.80912356E+19
   11.6015625       4.77130520E+19
   11.6718750       4.73374280E+19
   11.7421875       4.69518469E+19
   11.8125000       4.65627429E+19
   11.8828125       4.61895643E+19
   11.9531250       4.58537910E+19
   12.0234375       4.55672979E+19
   12.0937500       4.53254185E+19
   12.1640625       4.51072754E+19
   12.2343750       4.48836743E+19
   12.3046875       4.46287680E+19
   12.3750000       4.43306068E+19
   12.4453125       4.39951326E+19
   12.5156250       4.36416616E+19
   12.5859375       4.32918806E+19
   12.6562500       4.29580952E+19
   12.7265625       4.26371126E+19
   12.7968750       4.23134559E+19
   12.8671875       4.19704919E+19
   12.9375000       4.16037432E+19
   13.0078125       4.12285854E+19
   13.0781250       4.08778192E+19
   13.1484375       4.05891534E+19
   13.2187500       4.03893062E+19
   13.2890625       4.02824161E+19
   13.3593750       4.02492416E+19
   13.4296875       4.02568414E+19
   13.5000000       4.02741653E+19
   13.5703125       4.02853540E+19
   13.6406250       4.02948977E+19
   13.7109375       4.03224427E+19
   13.7812500       4.03903441E+19
   13.8515625       4.05097863E+19
   13.9218750       4.06717136E+19
   13.9921875       4.08465315E+19
   14.0625000       4.09933647E+19
   14.1328125       4.10752959E+19
   14.2031250       4.10748693E+19
   14.2734375       4.10028865E+19
   14.3437500       4.08964274E+19
   14.4140625       4.08052471E+19
   14.4843750       4.07719582E+19
   14.5546875       4.08136693E+19
   14.6250000       4.09137776E+19
   14.6953125       4.10274364E+19
   14.7656250       4.10990278E+19
   14.8359375       4.10833443E+19
   14.9062500       4.09617735E+19
   14.9765625       4.07463968E+19
   15.0468750       4.04715233E+19
   15.1171875       4.01766431E+19
   15.1875000       3.98890988E+19
   15.2578125       3.96131917E+19
   15.3281250       3.93303358E+19
   15.3984375       3.90088694E+19
   15.4687500       3.86189693E+19
   15.5390625       3.81453041E+19
   15.6093750       3.75925752E+19
   15.6796875       3.69819549E+19
   15.7500000       3.63417202E+19
   15.8203125       3.56965334E+19
   15.8906250       3.50604109E+19
   15.9609375       3.44352001E+19
   16.0312500       3.38144026E+19
   16.1015625       3.31888508E+19
   16.1718750       3.25512133E+19
   16.2421875       3.18965025E+19
   16.3125000       3.12194606E+19
   16.3828125       3.05110145E+19
   16.4531250       2.97572201E+19
   16.5234375       2.89417079E+19
   16.5937500       2.80511739E+19
   16.6640625       2.70809252E+19
   16.7343750       2.60383881E+19
   16.8046875       2.49426698E+19
   16.8750000       2.38211855E+19
   16.9453125       2.27045831E+19
   17.0156250       2.16223162E+19
   17.0859375       2.05995373E+19
   17.1562500       1.96559210E+19
   17.2265625       1.88056093E+19
   17.2968750       1.80581646E+19
   17.3671875       1.74195165E+19
   17.4375000       1.68927471E+19
   17.5078125       1.64778409E+19
   17.5781250       1.61705494E+19
   17.6484375       1.59600743E+19
   17.7187500       1.58269465E+19
   17.7890625       1.57421302E+19
   17.8593750       1.56691710E+19
   17.9296875       1.55692749E+19
   18.0000000       1.54086824E+19
   18.0703125       1.51656705E+19
   18.1406250       1.48352849E+19
   18.2109375       1.44301665E+19
   18.2812500       1.39786334E+19
   18.3515625       1.30578298E+19
   18.4218750       1.29024809E+19
   18.4921875       1.27499786E+19
   18.5625000       1.25853136E+19
   18.6328125       1.23898171E+19
   18.7031250       1.21459113E+19
   18.7734375       1.18413048E+19
   18.8437500       1.14721625E+19
   18.9140625       1.10441083E+19
   18.9843750       1.05713942E+19
   19.0546875       1.00737420E+19
   19.1250000       9.57200628E+18
   19.1953125       8.63940602E+18
   19.2656250       8.23564281E+18
   19.3359375       7.85903039E+18
   19.4062500       7.50424438E+18
   19.4765625       6.87225993E+18
   19.5468750       6.66197504E+18
   19.6171875       6.43352566E+18
   19.6875000       6.17237021E+18
   19.7578125       5.86887421E+18
   19.8281250       5.51879905E+18
   19.8984375       5.12313100E+18
   19.9687500       4.68827085E+18
   20.0390625       4.22603671E+18
   20.1093750       3.75392539E+18
   20.1796875       2.44833174E+18
   20.2500000       2.28974052E+18
   20.3203125       2.14239002E+18
   20.3906250       2.00397099E+18
   20.4609375       1.55118922E+18
   20.5312500       1.09991535E+18
   20.6015625       1.04161073E+18
   20.6718750       9.87578939E+17
   20.7421875       9.37645306E+17
   20.8125000       8.92093982E+17
   20.8828125       8.50816116E+17
   20.9531250       4.34354887E+17
   21.0234375       4.14120678E+17
   21.0937500       0.00000000    
   21.1640625       0.00000000    
   21.2343750       0.00000000    
   21.3046875       0.00000000    
   21.3750000       0.00000000    
   21.4453125       0.00000000    
   21.5156250       0.00000000    
   21.5859375       0.00000000    
   21.6562500       0.00000000    
   21.7265625       0.00000000    
   21.7968750       0.00000000    
   21.8671875       0.00000000    
   21.9375000       0.00000000    
   22.0078125       0.00000000    
   22.0781250       0.00000000    
   22.1484375       0.00000000    
   22.2187500       0.00000000    
   22.2890625       0.00000000    
   22.3593750       0.00000000    
   22.4296875       0.00000000    
   22.5000000       0.00000000    
   22.5703125       0.00000000    
   22.6406250       0.00000000    
   22.7109375       0.00000000    
   22.7812500       0.00000000    
   22.8515625       0.00000000    
   22.9218750       0.00000000    
   22.9921875       0.00000000    
   23.0625000       0.00000000    
   23.1328125       0.00000000    
   23.2031250       0.00000000    
   23.2734375       0.00000000    
   23.3437500       0.00000000    
   23.4140625       0.00000000    
   23.4843750       0.00000000    
   23.5546875       0.00000000    
   23.6250000       0.00000000    
   23.6953125       0.00000000    
   23.7656250       0.00000000    
   23.8359375       0.00000000    
   23.9062500       0.00000000    
   23.9765625       0.00000000    
   24.0468750       0.00000000    
   24.1171875       0.00000000    
   24.1875000       0.00000000    
   24.2578125       0.00000000    
   24.3281250       0.00000000    
   24.3984375       0.00000000    
   24.4687500       0.00000000    
   24.5390625       0.00000000    
   24.6093750       0.00000000    
