1997 10 14 09 53 18.0 -22.100 -176.770
179. 4.977E+20 7.731 240 18 -47 15 77 -103
  -1.12500000       0.00000000    
  -1.05468750       0.00000000    
 -0.984375000       0.00000000    
 -0.914062500       0.00000000    
 -0.843750000       0.00000000    
 -0.773437500       0.00000000    
 -0.703125000       0.00000000    
 -0.632812500       0.00000000    
 -0.562500000       0.00000000    
 -0.492187500       0.00000000    
 -0.421875000       0.00000000    
 -0.351562500       0.00000000    
 -0.281250000       0.00000000    
 -0.210937500       0.00000000    
 -0.140625000       0.00000000    
  -7.03125000E-02   0.00000000    
   0.00000000       0.00000000    
   7.03125000E-02   1.00904690E+18
  0.140625000       1.16147749E+18
  0.210937500       1.33494909E+18
  0.281250000       1.52985581E+18
  0.351562500       1.74595822E+18
  0.421875000       1.98268294E+18
  0.492187500       2.23896219E+18
  0.562500000       2.51354845E+18
  0.632812500       2.80479561E+18
  0.703125000       3.11089140E+18
  0.773437500       3.42958567E+18
  0.843750000       3.75831931E+18
  0.914062500       4.09391307E+18
  0.984375000       4.43284303E+18
   1.05468750       4.77124440E+18
   1.12500000       5.10541237E+18
   1.19531250       5.43184198E+18
   1.26562500       5.74770088E+18
   1.33593750       6.05074003E+18
   1.40625000       6.33952841E+18
   1.47656250       6.61305502E+18
   1.54687500       6.87076625E+18
   1.61718750       7.11219426E+18
   1.68750000       7.33712246E+18
   1.75781250       7.54540019E+18
   1.82812500       7.73729356E+18
   1.89843750       7.91342708E+18
   1.96875000       8.07507838E+18
   2.03906250       8.22385110E+18
   2.10937500       8.36166883E+18
   2.17968750       8.49026276E+18
   2.25000000       8.61115572E+18
   2.32031250       8.72530207E+18
   2.39062500       8.83340935E+18
   2.46093750       8.93593166E+18
   2.53125000       9.03357874E+18
   2.60156250       9.12718786E+18
   2.67187500       9.21788218E+18
   2.74218750       9.30651601E+18
   2.81250000       9.39348188E+18
   2.88281250       9.47812118E+18
   2.95312500       9.55893969E+18
   3.02343750       9.63375706E+18
   3.09375000       9.70048642E+18
   3.16406250       9.75742243E+18
   3.23437500       9.80374265E+18
   3.30468750       9.83929976E+18
   3.37500000       9.86455444E+18
   3.44531250       9.87988933E+18
   3.51562500       9.88547155E+18
   3.58593750       9.88089318E+18
   3.65625000       9.86558908E+18
   3.72656250       9.83901828E+18
   3.79687500       9.80144467E+18
   3.86718750       9.75416457E+18
   3.93750000       9.69985530E+18
   4.00781250       9.64208805E+18
   4.07812500       9.58504319E+18
   4.14843750       9.53276471E+18
   4.21875000       9.48898656E+18
   4.28906250       9.45664003E+18
   4.35937500       9.43801430E+18
   4.42968750       9.43460251E+18
   4.50000000       9.44748109E+18
   4.57031250       9.47727236E+18
   4.64062500       9.52456126E+18
   4.71093750       9.58973371E+18
   4.78125000       9.67311407E+18
   4.85156250       9.77445386E+18
   4.92187500       9.89293943E+18
   4.99218750       1.00268589E+19
   5.06250000       1.01739130E+19
   5.13281250       1.03312037E+19
   5.20312500       1.04957632E+19
   5.27343750       1.06647625E+19
   5.34375000       1.08361269E+19
   5.41406250       1.10086974E+19
   5.48437500       1.11826512E+19
   5.55468750       1.13592932E+19
   5.62500000       1.15408457E+19
   5.69531250       1.17295076E+19
   5.76562500       1.19269777E+19
   5.83593750       1.21338871E+19
   5.90625000       1.23501610E+19
   5.97656250       1.25753014E+19
   6.04687500       1.28093391E+19
   6.11718750       1.30533493E+19
   6.18750000       1.33100929E+19
   6.25781250       1.35838647E+19
   6.32812500       1.38803030E+19
   6.39843750       1.42053901E+19
   6.46875000       1.45645983E+19
   6.53906250       1.49616419E+19
   6.60937500       1.53980446E+19
   6.67968750       1.58730040E+19
   6.75000000       1.63842098E+19
   6.82031250       1.69285571E+19
   6.89062500       1.75032696E+19
   6.96093750       1.81063848E+19
   7.03125000       1.87372328E+19
   7.10156250       1.93960866E+19
   7.17187500       2.00839103E+19
   7.24218750       2.08016473E+19
   7.31250000       2.15498584E+19
   7.38281250       2.23280905E+19
   7.45312500       2.31347714E+19
   7.52343750       2.39669214E+19
   7.59375000       2.48202260E+19
   7.66406250       2.56888072E+19
   7.73437500       2.65655753E+19
   7.80468750       2.74427173E+19
   7.87500000       2.83128884E+19
   7.94531250       2.91700501E+19
   8.01562500       3.00104134E+19
   8.08593750       3.08324193E+19
   8.15625000       3.16364064E+19
   8.22656250       3.24234368E+19
   8.29687500       3.31944320E+19
   8.36718750       3.39493325E+19
   8.43750000       3.46869530E+19
   8.50781250       3.54047714E+19
   8.57812500       3.60992229E+19
   8.64843750       3.67659602E+19
   8.71875000       3.74004510E+19
   8.78906250       3.79983390E+19
   8.85937500       3.85560949E+19
   8.92968750       3.90713260E+19
   9.00000000       3.95434475E+19
   9.07031250       3.99737832E+19
   9.14062500       4.03659042E+19
   9.21093750       4.07251322E+19
   9.28125000       4.10579940E+19
   9.35156250       4.13705632E+19
   9.42187500       4.16671102E+19
   9.49218750       4.19487831E+19
   9.56250000       4.22136467E+19
   9.63281250       4.24576283E+19
   9.70312500       4.26765807E+19
   9.77343750       4.28684366E+19
   9.84375000       4.30351534E+19
   9.91406250       4.31830421E+19
   9.98437500       4.33221259E+19
   10.0546875       4.34639673E+19
   10.1250000       4.36194910E+19
   10.1953125       4.37963585E+19
   10.2656250       4.39975603E+19
   10.3359375       4.42206864E+19
   10.4062500       4.44587791E+19
   10.4765625       4.47017755E+19
   10.5468750       4.49387950E+19
   10.6171875       4.51601487E+19
   10.6875000       4.53590856E+19
   10.7578125       4.55322279E+19
   10.8281250       4.56794173E+19
   10.8984375       4.58024218E+19
   10.9687500       4.59036825E+19
   11.0390625       4.59845801E+19
   11.1093750       4.60444112E+19
   11.1796875       4.60799122E+19
   11.2500000       4.60860431E+19
   11.3203125       4.60570775E+19
   11.3906250       4.59884592E+19
   11.4609375       4.58780770E+19
   11.5312500       4.57273472E+19
   11.6015625       4.55409888E+19
   11.6718750       4.53261266E+19
   11.7421875       4.50904133E+19
   11.8125000       4.48404107E+19
   11.8828125       4.45797253E+19
   11.9531250       4.43085418E+19
   12.0234375       4.40240498E+19
   12.0937500       4.37227220E+19
   12.1640625       4.34024650E+19
   12.2343750       4.30648886E+19
   12.3046875       4.27158288E+19
   12.3750000       4.23652078E+19
   12.4453125       4.20252740E+19
   12.5156250       4.17090060E+19
   12.5859375       4.14282875E+19
   12.6562500       4.11930756E+19
   12.7265625       4.10104159E+19
   12.7968750       4.08840952E+19
   12.8671875       4.08139640E+19
   12.9375000       4.07963102E+19
   13.0078125       4.08240399E+19
   13.0781250       4.08879963E+19
   13.1484375       4.09781387E+19
   13.2187500       4.10853454E+19
   13.2890625       4.12020344E+19
   13.3593750       4.13225629E+19
   13.4296875       4.14423261E+19
   13.5000000       4.15570183E+19
   13.5703125       4.16615335E+19
   13.6406250       4.17498727E+19
   13.7109375       4.18153684E+19
   13.7812500       4.18521668E+19
   13.8515625       4.18564066E+19
   13.9218750       4.18275950E+19
   13.9921875       4.17688063E+19
   14.0625000       4.16865232E+19
   14.1328125       4.15891637E+19
   14.2031250       4.14854665E+19
   14.2734375       4.13824467E+19
   14.3437500       4.12845286E+19
   14.4140625       4.11927237E+19
   14.4843750       4.11052378E+19
   14.5546875       4.10177870E+19
   14.6250000       4.09248915E+19
   14.6953125       4.08203060E+19
   14.7656250       4.06978863E+19
   14.8359375       4.05517656E+19
   14.9062500       4.03772204E+19
   14.9765625       4.01709300E+19
   15.0468750       3.99316323E+19
   15.1171875       3.96597099E+19
   15.1875000       3.93568604E+19
   15.2578125       3.90245968E+19
   15.3281250       3.86634688E+19
   15.3984375       3.82723461E+19
   15.4687500       3.78494959E+19
   15.5390625       3.73934361E+19
   15.6093750       3.69043117E+19
   15.6796875       3.63838953E+19
   15.7500000       3.58356018E+19
   15.8203125       3.52632159E+19
   15.8906250       3.46701107E+19
   15.9609375       3.40579774E+19
   16.0312500       3.34269391E+19
   16.1015625       3.27754872E+19
   16.1718750       3.21015262E+19
   16.2421875       3.14029779E+19
   16.3125000       3.06789957E+19
   16.3828125       2.99301447E+19
   16.4531250       2.91586745E+19
   16.5234375       2.83676881E+19
   16.5937500       2.75610182E+19
   16.6640625       2.67426209E+19
   16.7343750       2.59169668E+19
   16.8046875       2.50889466E+19
   16.8750000       2.42645790E+19
   16.9453125       2.34505423E+19
   17.0156250       2.26538340E+19
   17.0859375       2.18803408E+19
   17.1562500       2.11341792E+19
   17.2265625       2.04167918E+19
   17.2968750       1.97273123E+19
   17.3671875       1.90629346E+19
   17.4375000       1.84204899E+19
   17.5078125       1.77973098E+19
   17.5781250       1.71923541E+19
   17.6484375       1.66058373E+19
   17.7187500       1.60389840E+19
   17.7890625       1.54926543E+19
   17.8593750       1.49667414E+19
   17.9296875       1.44593487E+19
   18.0000000       1.39674766E+19
   18.0703125       1.34875409E+19
   18.1406250       1.30167399E+19
   18.2109375       1.25534508E+19
   18.2812500       1.20978814E+19
   18.3515625       1.16516171E+19
   18.4218750       1.12175552E+19
   18.4921875       1.07990415E+19
   18.5625000       1.03997208E+19
   18.6328125       1.00225059E+19
   18.7031250       9.66914704E+18
   18.7734375       9.33916051E+18
   18.8437500       9.03001962E+18
   18.9140625       8.73714436E+18
   18.9843750       8.45504596E+18
   19.0546875       8.17787722E+18
   19.1250000       7.90081788E+18
   19.1953125       7.62053037E+18
   19.2656250       7.33597567E+18
   19.3359375       7.04806855E+18
   19.4062500       6.75962102E+18
   19.4765625       6.47419275E+18
   19.5468750       6.19533571E+18
   19.6171875       5.92508234E+18
   19.6875000       5.66358055E+18
   19.7578125       5.40867142E+18
   19.8281250       5.15703939E+18
   19.8984375       4.90519185E+18
   19.9687500       4.65139268E+18
   20.0390625       4.39620565E+18
   20.1093750       4.14250242E+18
   20.1796875       3.89328271E+18
   20.2500000       3.64929146E+18
   20.3203125       3.40589917E+18
   20.3906250       3.15178307E+18
   20.4609375       0.00000000    
   20.5312500       0.00000000    
   20.6015625       0.00000000    
   20.6718750       0.00000000    
   20.7421875       0.00000000    
   20.8125000       0.00000000    
   20.8828125       0.00000000    
   20.9531250       0.00000000    
   21.0234375       0.00000000    
   21.0937500       0.00000000    
   21.1640625       0.00000000    
   21.2343750       0.00000000    
   21.3046875       0.00000000    
   21.3750000       0.00000000    
   21.4453125       0.00000000    
   21.5156250       0.00000000    
   21.5859375       0.00000000    
   21.6562500       0.00000000    
   21.7265625       0.00000000    
   21.7968750       0.00000000    
   21.8671875       0.00000000    
   21.9375000       0.00000000    
   22.0078125       0.00000000    
   22.0781250       0.00000000    
   22.1484375       0.00000000    
   22.2187500       0.00000000    
   22.2890625       0.00000000    
   22.3593750       0.00000000    
   22.4296875       0.00000000    
   22.5000000       0.00000000    
   22.5703125       0.00000000    
   22.6406250       0.00000000    
   22.7109375       0.00000000    
   22.7812500       0.00000000    
   22.8515625       0.00000000    
   22.9218750       0.00000000    
   22.9921875       0.00000000    
   23.0625000       0.00000000    
   23.1328125       0.00000000    
   23.2031250       0.00000000    
   23.2734375       0.00000000    
   23.3437500       0.00000000    
   23.4140625       0.00000000    
   23.4843750       0.00000000    
   23.5546875       0.00000000    
   23.6250000       0.00000000    
   23.6953125       0.00000000    
   23.7656250       0.00000000    
   23.8359375       0.00000000    
   23.9062500       0.00000000    
   23.9765625       0.00000000    
   24.0468750       0.00000000    
   24.1171875       0.00000000    
   24.1875000       0.00000000    
   24.2578125       0.00000000    
   24.3281250       0.00000000    
   24.3984375       0.00000000    
   24.4687500       0.00000000    
   24.5390625       0.00000000    
   24.6093750       0.00000000    
