1996 06 10 04 03 35.0 51.560 -177.630
32. 6.206E+20 7.795 267 24 113 62 68 80
  -1.12500000       0.00000000    
  -1.05468750       0.00000000    
 -0.984375000       0.00000000    
 -0.914062500       0.00000000    
 -0.843750000       0.00000000    
 -0.773437500       0.00000000    
 -0.703125000       0.00000000    
 -0.632812500       0.00000000    
 -0.562500000       0.00000000    
 -0.492187500       0.00000000    
 -0.421875000       0.00000000    
 -0.351562500       0.00000000    
 -0.281250000       0.00000000    
 -0.210937500       0.00000000    
 -0.140625000       0.00000000    
  -7.03125000E-02   0.00000000    
   0.00000000       0.00000000    
   7.03125000E-02   6.57139067E+17
  0.140625000       8.33427340E+17
  0.210937500       9.95345889E+17
  0.281250000       1.14181046E+18
  0.351562500       1.27463057E+18
  0.421875000       1.39683332E+18
  0.492187500       1.51151953E+18
  0.562500000       1.62112036E+18
  0.632812500       1.72712950E+18
  0.703125000       1.83002812E+18
  0.773437500       1.92944527E+18
  0.843750000       2.02433505E+18
  0.914062500       2.11326657E+18
  0.984375000       2.19459566E+18
   1.05468750       2.26670823E+18
   1.12500000       2.32817079E+18
   1.19531250       2.37799461E+18
   1.26562500       2.41578785E+18
   1.33593750       2.44195018E+18
   1.40625000       2.45770316E+18
   1.47656250       2.46507648E+18
   1.54687500       2.46665456E+18
   1.61718750       2.46530216E+18
   1.68750000       2.46380655E+18
   1.75781250       2.46465399E+18
   1.82812500       2.46979366E+18
   1.89843750       2.48057382E+18
   1.96875000       2.49773390E+18
   2.03906250       2.52160100E+18
   2.10937500       2.55227463E+18
   2.17968750       2.58991283E+18
   2.25000000       2.63485839E+18
   2.32031250       2.68774765E+18
   2.39062500       2.74933707E+18
   2.46093750       2.82033584E+18
   2.53125000       2.90116671E+18
   2.60156250       2.99194074E+18
   2.67187500       3.09243225E+18
   2.74218750       3.20219815E+18
   2.81250000       3.32064854E+18
   2.88281250       3.44716164E+18
   2.95312500       3.58101481E+18
   3.02343750       3.72132294E+18
   3.09375000       3.86687712E+18
   3.16406250       4.01615204E+18
   3.23437500       4.16729228E+18
   3.30468750       4.31829618E+18
   3.37500000       4.46716374E+18
   3.44531250       4.61214781E+18
   3.51562500       4.75180778E+18
   3.58593750       4.88502406E+18
   3.65625000       5.01081589E+18
   3.72656250       5.12819920E+18
   3.79687500       5.23593759E+18
   3.86718750       5.33249176E+18
   3.93750000       5.41609202E+18
   4.00781250       5.48512266E+18
   4.07812500       5.53851220E+18
   4.14843750       5.57613089E+18
   4.21875000       5.59888473E+18
   4.28906250       5.60864565E+18
   4.35937500       5.60784630E+18
   4.42968750       5.59910299E+18
   4.50000000       5.58483792E+18
   4.57031250       5.56721165E+18
   4.64062500       5.54808345E+18
   4.71093750       5.52908718E+18
   4.78125000       5.51160935E+18
   4.85156250       5.49685170E+18
   4.92187500       5.48583680E+18
   4.99218750       5.47956573E+18
   5.06250000       5.47917650E+18
   5.13281250       5.48616170E+18
   5.20312500       5.50233222E+18
   5.27343750       5.52961990E+18
   5.34375000       5.56959759E+18
   5.41406250       5.62303660E+18
   5.48437500       5.68946250E+18
   5.55468750       5.76705998E+18
   5.62500000       5.85281694E+18
   5.69531250       5.94307915E+18
   5.76562500       6.03410662E+18
   5.83593750       6.12264039E+18
   5.90625000       6.20616040E+18
   5.97656250       6.28299592E+18
   6.04687500       6.35213211E+18
   6.11718750       6.41300382E+18
   6.18750000       6.46523118E+18
   6.25781250       6.50852555E+18
   6.32812500       6.54257082E+18
   6.39843750       6.56707179E+18
   6.46875000       6.58177776E+18
   6.53906250       6.58666344E+18
   6.60937500       6.58193169E+18
   6.67968750       6.56800143E+18
   6.75000000       6.54529981E+18
   6.82031250       6.51416109E+18
   6.89062500       6.47469962E+18
   6.96093750       6.42691100E+18
   7.03125000       6.37079687E+18
   7.10156250       6.30663322E+18
   7.17187500       6.23507590E+18
   7.24218750       6.15717880E+18
   7.31250000       6.07423220E+18
   7.38281250       5.98763026E+18
   7.45312500       5.89863524E+18
   7.52343750       5.80826198E+18
   7.59375000       5.71718284E+18
   7.66406250       5.62586895E+18
   7.73437500       5.53475737E+18
   7.80468750       5.44456388E+18
   7.87500000       5.35645561E+18
   7.94531250       5.27212197E+18
   8.01562500       5.19344532E+18
   8.08593750       5.12196112E+18
   8.15625000       5.05815591E+18
   8.22656250       5.00109785E+18
   8.29687500       4.94843289E+18
   8.36718750       4.89695101E+18
   8.43750000       4.84344328E+18
   8.50781250       4.78567494E+18
   8.57812500       4.72301982E+18
   8.64843750       4.65669233E+18
   8.71875000       4.58940661E+18
   8.78906250       4.52475973E+18
   8.85937500       4.46630749E+18
   8.92968750       4.41679456E+18
   9.00000000       4.37753485E+18
   9.07031250       4.34829856E+18
   9.14062500       4.32744165E+18
   9.21093750       4.31236267E+18
   9.28125000       4.29992774E+18
   9.35156250       4.28695241E+18
   9.42187500       4.27042867E+18
   9.49218750       4.24773338E+18
   9.56250000       4.21671808E+18
   9.63281250       4.17589733E+18
   9.70312500       4.12454932E+18
   9.77343750       4.06284995E+18
   9.84375000       3.99185750E+18
   9.91406250       3.91349778E+18
   9.98437500       3.83032055E+18
   10.0546875       3.74527965E+18
   10.1250000       3.66143144E+18
   10.1953125       3.58185099E+18
   10.2656250       3.50953804E+18
   10.3359375       3.44750194E+18
   10.4062500       3.39877516E+18
   10.4765625       3.36646271E+18
   10.5468750       3.35350937E+18
   10.6171875       3.36238077E+18
   10.6875000       3.39460581E+18
   10.7578125       3.45053110E+18
   10.8281250       3.52919621E+18
   10.8984375       3.62856952E+18
   10.9687500       3.74588686E+18
   11.0390625       3.87818367E+18
   11.1093750       4.02261359E+18
   11.1796875       4.17675358E+18
   11.2500000       4.33867563E+18
   11.3203125       4.50710652E+18
   11.3906250       4.68139890E+18
   11.4609375       4.86159622E+18
   11.5312500       5.04832408E+18
   11.6015625       5.24272653E+18
   11.6718750       5.44609825E+18
   11.7421875       5.65948816E+18
   11.8125000       5.88321844E+18
   11.8828125       6.11670908E+18
   11.9531250       6.35847519E+18
   12.0234375       6.60654426E+18
   12.0937500       6.85901137E+18
   12.1640625       7.11473358E+18
   12.2343750       7.37363779E+18
   12.3046875       7.63675642E+18
   12.3750000       7.90574974E+18
   12.4453125       8.18240391E+18
   12.5156250       8.46789870E+18
   12.5859375       8.76233966E+18
   12.6562500       9.06438046E+18
   12.7265625       9.37128384E+18
   12.7968750       9.67907233E+18
   12.8671875       9.98304001E+18
   12.9375000       1.02783271E+19
   13.0078125       1.05607366E+19
   13.0781250       1.08273462E+19
   13.1484375       1.10770123E+19
   13.2187500       1.13104694E+19
   13.2890625       1.15303102E+19
   13.3593750       1.17405269E+19
   13.4296875       1.19460685E+19
   13.5000000       1.21522533E+19
   13.5703125       1.23644920E+19
   13.6406250       1.25878732E+19
   13.7109375       1.28269059E+19
   13.7812500       1.30850218E+19
   13.8515625       1.33643142E+19
   13.9218750       1.36651241E+19
   13.9921875       1.39859374E+19
   14.0625000       1.43233886E+19
   14.1328125       1.46727254E+19
   14.2031250       1.50282910E+19
   14.2734375       1.53842501E+19
   14.3437500       1.57351780E+19
   14.4140625       1.60768094E+19
   14.4843750       1.64065431E+19
   14.5546875       1.67238896E+19
   14.6250000       1.70304423E+19
   14.6953125       1.73296644E+19
   14.7656250       1.76260389E+19
   14.8359375       1.79241077E+19
   14.9062500       1.82273563E+19
   14.9765625       1.85376143E+19
   15.0468750       1.88546057E+19
   15.1171875       1.91760435E+19
   15.1875000       1.94977738E+19
   15.2578125       1.98143760E+19
   15.3281250       2.01197522E+19
   15.3984375       2.04080001E+19
   15.4687500       2.06741963E+19
   15.5390625       2.09153038E+19
   15.6093750       2.11306388E+19
   15.6796875       2.13220308E+19
   15.7500000       2.14933281E+19
   15.8203125       2.16497270E+19
   15.8906250       2.17966635E+19
   15.9609375       2.19387182E+19
   16.0312500       2.20785761E+19
   16.1015625       2.22164967E+19
   16.1718750       2.23502918E+19
   16.2421875       2.24759594E+19
   16.3125000       2.25886352E+19
   16.3828125       2.26838968E+19
   16.4531250       2.27588242E+19
   16.5234375       2.28128014E+19
   16.5937500       2.28477175E+19
   16.6640625       2.28679089E+19
   16.7343750       2.28795220E+19
   16.8046875       2.28897430E+19
   16.8750000       2.29056024E+19
   16.9453125       2.29329670E+19
   17.0156250       2.29755401E+19
   17.0859375       2.30343552E+19
   17.1562500       2.31076420E+19
   17.2265625       2.31913545E+19
   17.2968750       2.32799839E+19
   17.3671875       2.33675842E+19
   17.4375000       2.34487105E+19
   17.5078125       2.35194311E+19
   17.5781250       2.35779603E+19
   17.6484375       2.36250062E+19
   17.7187500       2.36633638E+19
   17.7890625       2.36971606E+19
   17.8593750       2.37306055E+19
   17.9296875       2.37668498E+19
   18.0000000       2.38069996E+19
   18.0703125       2.38498806E+19
   18.1406250       2.38921348E+19
   18.2109375       2.39288057E+19
   18.2812500       2.39539691E+19
   18.3515625       2.39614766E+19
   18.4218750       2.39456678E+19
   18.4921875       2.39019292E+19
   18.5625000       2.38269557E+19
   18.6328125       2.37190651E+19
   18.7031250       2.35782880E+19
   18.7734375       2.34066410E+19
   18.8437500       2.32082342E+19
   18.9140625       2.29894555E+19
   18.9843750       2.27587318E+19
   19.0546875       2.25259388E+19
   19.1250000       2.23012272E+19
   19.1953125       2.20938153E+19
   19.2656250       2.19108258E+19
   19.3359375       2.17565314E+19
   19.4062500       2.16320710E+19
   19.4765625       2.15357978E+19
   19.5468750       2.14639821E+19
   19.6171875       2.14117905E+19
   19.6875000       2.13741058E+19
   19.7578125       2.13462354E+19
   19.8281250       2.13241814E+19
   19.8984375       2.13047046E+19
   19.9687500       2.12850520E+19
   20.0390625       2.12629320E+19
   20.1093750       2.12365767E+19
   20.1796875       2.12051725E+19
   20.2500000       2.11691217E+19
   20.3203125       2.11302891E+19
   20.3906250       2.10916369E+19
   20.4609375       2.10563865E+19
   20.5312500       2.10267679E+19
   20.6015625       2.10030998E+19
   20.6718750       2.09833504E+19
   20.7421875       2.09635130E+19
   20.8125000       2.09384727E+19
   20.8828125       2.09032510E+19
   20.9531250       2.08540214E+19
   21.0234375       2.07888028E+19
   21.0937500       2.07075929E+19
   21.1640625       2.06122168E+19
   21.2343750       2.05059204E+19
   21.3046875       2.03930182E+19
   21.3750000       2.02785524E+19
   21.4453125       2.01681659E+19
   21.5156250       2.00678508E+19
   21.5859375       1.99836480E+19
   21.6562500       1.99210330E+19
   21.7265625       1.98844281E+19
   21.7968750       1.98767051E+19
   21.8671875       1.98989834E+19
   21.9375000       1.99505043E+19
   22.0078125       2.00288841E+19
   22.0781250       2.01304482E+19
   22.1484375       2.02507370E+19
   22.2187500       2.03849368E+19
   22.2890625       2.05284121E+19
   22.3593750       2.06770770E+19
   22.4296875       2.08277299E+19
   22.5000000       2.09782091E+19
   22.5703125       2.11275315E+19
   22.6406250       2.12758227E+19
   22.7109375       2.14240852E+19
   22.7812500       2.15736892E+19
   22.8515625       2.17259078E+19
   22.9218750       2.18814315E+19
   22.9921875       2.20401548E+19
   23.0625000       2.22010991E+19
   23.1328125       2.23627471E+19
   23.2031250       2.25234671E+19
   23.2734375       2.26820739E+19
   23.3437500       2.28381517E+19
   23.4140625       2.29922747E+19
   23.4843750       2.31457929E+19
   23.5546875       2.33003292E+19
   23.6250000       2.34570932E+19
   23.6953125       2.36165378E+19
   23.7656250       2.37782826E+19
   23.8359375       2.39414523E+19
   23.9062500       2.41049782E+19
   23.9765625       2.42678885E+19
   24.0468750       2.44292660E+19
   24.1171875       2.45880267E+19
   24.1875000       2.47425850E+19
   24.2578125       2.48907552E+19
   24.3281250       2.50298918E+19
   24.3984375       2.51573296E+19
   24.4687500       2.52707618E+19
   24.5390625       2.53686360E+19
   24.6093750       2.54502813E+19
   24.6796875       2.55158408E+19
   24.7500000       2.55660071E+19
   24.8203125       2.56019391E+19
   24.8906250       2.56251124E+19
   24.9609375       2.56372489E+19
   25.0312500       2.56400614E+19
   25.1015625       2.56351026E+19
   25.1718750       2.56236457E+19
   25.2421875       2.56066626E+19
   25.3125000       2.55847560E+19
   25.3828125       2.55582379E+19
   25.4531250       2.55271350E+19
   25.5234375       2.54911809E+19
   25.5937500       2.54497118E+19
   25.6640625       2.54016455E+19
   25.7343750       2.53455022E+19
   25.8046875       2.52796283E+19
   25.8750000       2.52024382E+19
   25.9453125       2.51128874E+19
   26.0156250       2.50108967E+19
   26.0859375       2.48976382E+19
   26.1562500       2.47753967E+19
   26.2265625       2.46471628E+19
   26.2968750       2.45159383E+19
   26.3671875       2.43841398E+19
   26.4375000       2.42531484E+19
   26.5078125       2.41231862E+19
   26.5781250       2.39934900E+19
   26.6484375       2.38624876E+19
   26.7187500       2.37279491E+19
   26.7890625       2.35871632E+19
   26.8593750       2.34372338E+19
   26.9296875       2.32754143E+19
   27.0000000       2.30994067E+19
   27.0703125       2.29075859E+19
   27.1406250       2.26991889E+19
   27.2109375       2.24743915E+19
   27.2812500       2.22342692E+19
   27.3515625       2.19807284E+19
   27.4218750       2.17162826E+19
   27.4921875       2.14437247E+19
   27.5625000       2.11656252E+19
   27.6328125       2.08839787E+19
   27.7031250       2.06000210E+19
   27.7734375       2.03142844E+19
   27.8437500       2.00267863E+19
   27.9140625       1.97373618E+19
   27.9843750       1.94459604E+19
   28.0546875       1.91528658E+19
   28.1250000       1.88587553E+19
   28.1953125       1.85646601E+19
   28.2656250       1.82719316E+19
   28.3359375       1.79821971E+19
   28.4062500       1.76973488E+19
   28.4765625       1.74195440E+19
   28.5468750       1.71512159E+19
   28.6171875       1.68948956E+19
   28.6875000       1.66528425E+19
   28.7578125       1.64266202E+19
   28.8281250       1.62167861E+19
   28.8984375       1.60229147E+19
   28.9687500       1.58438284E+19
   29.0390625       1.56780221E+19
   29.1093750       1.55239486E+19
   29.1796875       1.53801039E+19
   29.2500000       1.52449156E+19
   29.3203125       1.51167247E+19
   29.3906250       1.49940170E+19
   29.4609375       1.48758063E+19
   29.5312500       1.47619661E+19
   29.6015625       1.46532585E+19
   29.6718750       1.45509688E+19
   29.7421875       1.44561887E+19
   29.8125000       1.43690348E+19
   29.8828125       1.42881998E+19
   29.9531250       1.42111614E+19
   30.0234375       1.41349499E+19
   30.0937500       1.40571902E+19
   30.1640625       1.39769918E+19
   30.2343750       1.38952024E+19
   30.3046875       1.38139980E+19
   30.3750000       1.37359272E+19
   30.4453125       1.36629295E+19
   30.5156250       1.35957263E+19
   30.5859375       1.35336632E+19
   30.6562500       1.34749042E+19
   30.7265625       1.34167730E+19
   30.7968750       1.33561317E+19
   30.8671875       1.32896288E+19
   30.9375000       1.32139208E+19
   31.0078125       1.31259005E+19
   31.0781250       1.30229742E+19
   31.1484375       1.29033869E+19
   31.2187500       1.27664273E+19
   31.2890625       1.26126177E+19
   31.3593750       1.24437547E+19
   31.4296875       1.22628290E+19
   31.5000000       1.20737493E+19
   31.5703125       1.18808587E+19
   31.6406250       1.16883902E+19
   31.7109375       1.14999120E+19
   31.7812500       1.13179516E+19
   31.8515625       1.11439231E+19
   31.9218750       1.09783718E+19
   31.9921875       1.08213374E+19
   32.0625000       1.06726152E+19
   32.1328125       1.05318316E+19
   32.2031250       1.03983278E+19
   32.2734375       1.02709229E+19
   32.3437500       1.01476677E+19
   32.4140625       1.00257725E+19
   32.4843750       9.90181029E+18
   32.5546875       9.77224054E+18
   32.6250000       9.63411770E+18
   32.6953125       9.48583646E+18
   32.7656250       9.32763763E+18
   32.8359375       9.16174496E+18
   32.9062500       8.99207437E+18
   32.9765625       8.82373914E+18
   33.0468750       8.66246333E+18
   33.1171875       8.51402321E+18
   33.1875000       8.38367886E+18
   33.2578125       8.27567493E+18
   33.3281250       8.19284927E+18
   33.3984375       8.13644762E+18
   33.4687500       8.10614838E+18
   33.5390625       8.10035285E+18
   33.6093750       8.11664981E+18
   33.6796875       8.15232786E+18
   33.7500000       8.20481085E+18
   33.8203125       8.27196078E+18
   33.8906250       8.35220094E+18
   33.9609375       8.44448570E+18
   34.0312500       8.54808993E+18
   34.1015625       8.66234898E+18
   34.1718750       8.78640742E+18
   34.2421875       8.91909374E+18
   34.3125000       9.05890489E+18
   34.3828125       9.20409980E+18
   34.4531250       9.35280215E+18
   34.5234375       9.50307680E+18
   34.5937500       9.65301940E+18
   34.6640625       9.80100157E+18
   34.7343750       9.94594909E+18
   34.8046875       1.00876245E+19
   34.8750000       1.02266863E+19
   34.9453125       1.03646024E+19
   35.0156250       1.05033410E+19
   35.0859375       1.06449900E+19
   35.1562500       1.07912811E+19
   35.2265625       1.09432314E+19
   35.2968750       1.11008937E+19
   35.3671875       1.12633092E+19
   35.4375000       1.14285712E+19
   35.5078125       1.15941038E+19
   35.5781250       1.17570877E+19
   35.6484375       1.19149864E+19
   35.7187500       1.20660054E+19
   35.7890625       1.22093872E+19
   35.8593750       1.23453506E+19
   35.9296875       1.24747104E+19
   36.0000000       1.25982218E+19
   36.0703125       1.27160235E+19
   36.1406250       1.28273523E+19
   36.2109375       1.29306174E+19
   36.2812500       1.30237735E+19
   36.3515625       1.31048878E+19
   36.4218750       1.31727057E+19
   36.4921875       1.32270281E+19
   36.5625000       1.32688316E+19
   36.6328125       1.33001819E+19
   36.7031250       1.33239941E+19
   36.7734375       1.33437424E+19
   36.8437500       1.33631367E+19
   36.9140625       1.33859438E+19
   36.9843750       1.34157791E+19
   37.0546875       1.34560509E+19
   37.1250000       1.35098907E+19
   37.1953125       1.35801660E+19
   37.2656250       1.36694507E+19
   37.3359375       1.37798956E+19
   37.4062500       1.39128848E+19
   37.4765625       1.40686977E+19
   37.5468750       1.42462237E+19
   37.6171875       1.44429396E+19
   37.6875000       1.46551222E+19
   37.7578125       1.48782967E+19
   37.8281250       1.51077142E+19
   37.8984375       1.53387743E+19
   37.9687500       1.55672825E+19
   38.0390625       1.57897072E+19
   38.1093750       1.60033731E+19
   38.1796875       1.62066640E+19
   38.2500000       1.63990554E+19
   38.3203125       1.65811191E+19
   38.3906250       1.67543098E+19
   38.4609375       1.69206098E+19
   38.5312500       1.70819456E+19
   38.6015625       1.72396672E+19
   38.6718750       1.73941453E+19
   38.7421875       1.75446838E+19
   38.8125000       1.76896852E+19
   38.8828125       1.78270593E+19
   38.9531250       1.79546379E+19
   39.0234375       1.80704780E+19
   39.0937500       1.81729833E+19
   39.1640625       1.82610553E+19
   39.2343750       1.83341915E+19
   39.3046875       1.83927119E+19
   39.3750000       1.84378523E+19
   39.4453125       1.84718283E+19
   39.5156250       1.84976515E+19
   39.5859375       1.85186675E+19
   39.6562500       1.85377485E+19
   39.7265625       1.85565347E+19
   39.7968750       1.85749383E+19
   39.8671875       1.85911693E+19
   39.9375000       1.86022656E+19
   40.0078125       1.86050584E+19
   40.0781250       1.85971683E+19
   40.1484375       1.85777399E+19
   40.2187500       1.85476155E+19
   40.2890625       1.85090776E+19
   40.3593750       1.84652577E+19
   40.4296875       1.84194223E+19
   40.5000000       1.83742852E+19
   40.5703125       1.83316329E+19
   40.6406250       1.82921758E+19
   40.7109375       1.82557215E+19
   40.7812500       1.82214497E+19
   40.8515625       1.81882808E+19
   40.9218750       1.81552437E+19
   40.9921875       1.81216823E+19
   41.0625000       1.80872719E+19
   41.1328125       1.80519941E+19
   41.2031250       1.80162259E+19
   41.2734375       1.79808678E+19
   41.3437500       1.79474185E+19
   41.4140625       1.79178592E+19
   41.4843750       1.78942571E+19
   41.5546875       1.78781228E+19
   41.6250000       1.78697248E+19
   41.6953125       1.78677511E+19
   41.7656250       1.78696126E+19
   41.8359375       1.78722822E+19
   41.9062500       1.78734059E+19
   41.9765625       1.78721239E+19
   42.0468750       1.78692399E+19
   42.1171875       1.78664944E+19
   42.1875000       1.78653531E+19
   42.2578125       1.78658908E+19
   42.3281250       1.78663284E+19
   42.3984375       1.78633410E+19
   42.4687500       1.78528770E+19
   42.5390625       1.78311396E+19
   42.6093750       1.77954066E+19
   42.6796875       1.77444838E+19
   42.7500000       1.76787968E+19
   42.8203125       1.76002795E+19
   42.8906250       1.75120844E+19
   42.9609375       1.74180630E+19
   43.0312500       1.73220173E+19
   43.1015625       1.72268964E+19
   43.1718750       1.71341460E+19
   43.2421875       1.70433065E+19
   43.3125000       1.69519976E+19
   43.3828125       1.68563104E+19
   43.4531250       1.67516292E+19
   43.5234375       1.66336483E+19
   43.5937500       1.64993474E+19
   43.6640625       1.63476873E+19
   43.7343750       1.61798678E+19
   43.8046875       1.59990091E+19
   43.8750000       1.58093609E+19
   43.9453125       1.56153070E+19
   44.0156250       1.54204879E+19
   44.0859375       1.52272311E+19
   44.1562500       1.50364043E+19
   44.2265625       1.48476379E+19
   44.2968750       1.46598303E+19
   44.3671875       1.44716599E+19
   44.4375000       1.42819018E+19
   44.5078125       1.40895620E+19
   44.5781250       1.38939248E+19
   44.6484375       1.36944888E+19
   44.7187500       1.34908274E+19
   44.7890625       1.32823874E+19
   44.8593750       1.30683950E+19
   44.9296875       1.28479110E+19
   45.0000000       1.26201175E+19
   45.0703125       1.23847044E+19
   45.1406250       1.21423016E+19
   45.2109375       1.18945784E+19
   45.2812500       1.16439634E+19
   45.3515625       1.13930317E+19
   45.4218750       1.11439000E+19
   45.4921875       1.08976962E+19
   45.5625000       1.06543556E+19
   45.6328125       1.04127105E+19
   45.7031250       1.01709037E+19
   45.7734375       9.92687256E+18
   45.8437500       9.67879745E+18
   45.9140625       9.42533583E+18
   45.9843750       9.16570705E+18
   46.0546875       8.89960599E+18
   46.1250000       8.62715801E+18
   46.1953125       8.34894693E+18
   46.2656250       8.06634825E+18
   46.3359375       7.78182763E+18
   46.4062500       7.49915474E+18
   46.4765625       7.22323889E+18
   46.5468750       6.95972169E+18
   46.6171875       6.71420349E+18
   46.6875000       6.49133743E+18
   46.7578125       6.29394980E+18
   46.8281250       6.12260631E+18
   46.8984375       5.97565438E+18
   46.9687500       5.84977899E+18
   47.0390625       5.74077121E+18
   47.1093750       5.64436493E+18
   47.1796875       5.55675969E+18
   47.2500000       5.47481914E+18
   47.3203125       5.39588080E+18
   47.3906250       5.31750981E+18
   47.4609375       5.23725921E+18
   47.5312500       5.15267763E+18
   47.6015625       5.06149348E+18
   47.6718750       4.96202506E+18
   47.7421875       4.85353734E+18
   47.8125000       4.73641792E+18
   47.8828125       4.61206425E+18
   47.9531250       4.48264706E+18
   48.0234375       4.35080902E+18
   48.0937500       4.21944019E+18
   48.1640625       4.09146364E+18
   48.2343750       3.96965342E+18
   48.3046875       3.85628909E+18
   48.3750000       3.75279234E+18
   48.4453125       3.65937948E+18
   48.5156250       3.57509614E+18
   48.5859375       3.49821087E+18
   48.6562500       3.42695454E+18
   48.7265625       3.36027164E+18
   48.7968750       3.29838837E+18
   48.8671875       3.24291444E+18
   48.9375000       3.19654199E+18
   49.0078125       3.16241617E+18
   49.0781250       3.14348505E+18
   49.1484375       3.14190450E+18
   49.2187500       3.15864567E+18
   49.2890625       3.19329788E+18
   49.3593750       3.24418080E+18
   49.4296875       3.30865012E+18
   49.5000000       3.38362554E+18
   49.5703125       3.46612519E+18
   49.6406250       3.55383269E+18
   49.7109375       3.64541761E+18
   49.7812500       3.74063779E+18
   49.8515625       3.84013754E+18
   49.9218750       3.94516344E+18
   49.9921875       4.05717921E+18
   50.0625000       4.17748915E+18
   50.1328125       4.30683735E+18
   50.2031250       4.44507372E+18
   50.2734375       4.59090387E+18
   50.3437500       4.74187479E+18
   50.4140625       4.89462005E+18
   50.4843750       5.04536584E+18
   50.5546875       5.19043650E+18
   50.6250000       5.32659288E+18
   50.6953125       5.45108123E+18
   50.7656250       5.56152223E+18
   50.8359375       5.65573223E+18
   50.9062500       5.73163702E+18
   50.9765625       5.78733498E+18
   51.0468750       5.82135167E+18
   51.1171875       5.83291908E+18
   51.1875000       5.82214662E+18
   51.2578125       5.78997985E+18
   51.3281250       5.73795976E+18
   51.3984375       5.66777024E+18
   51.4687500       5.58068617E+18
   51.5390625       5.47705115E+18
   51.6093750       5.35607628E+18
   51.6796875       5.21599795E+18
   51.7500000       5.05465341E+18
   51.8203125       4.87023453E+18
   51.8906250       4.66209423E+18
   51.9609375       4.43126166E+18
   52.0312500       4.18064228E+18
   52.1015625       3.91481747E+18
   52.1718750       3.63971527E+18
   52.2421875       3.36211084E+18
   52.3125000       3.08907462E+18
   52.3828125       2.82730234E+18
   52.4531250       2.58245485E+18
   52.5234375       2.35849422E+18
   52.5937500       2.15721900E+18
   52.6640625       1.97808876E+18
   52.7343750       1.81855196E+18
   52.8046875       0.00000000    
   52.8750000       0.00000000    
   52.9453125       0.00000000    
   53.0156250       0.00000000    
   53.0859375       0.00000000    
   53.1562500       0.00000000    
   53.2265625       0.00000000    
   53.2968750       0.00000000    
   53.3671875       0.00000000    
   53.4375000       0.00000000    
   53.5078125       0.00000000    
   53.5781250       0.00000000    
   53.6484375       0.00000000    
   53.7187500       0.00000000    
   53.7890625       0.00000000    
   53.8593750       0.00000000    
   53.9296875       0.00000000    
   54.0000000       0.00000000    
   54.0703125       0.00000000    
   54.1406250       0.00000000    
   54.2109375       0.00000000    
   54.2812500       0.00000000    
   54.3515625       0.00000000    
   54.4218750       0.00000000    
   54.4921875       0.00000000    
   54.5625000       0.00000000    
   54.6328125       0.00000000    
   54.7031250       0.00000000    
   54.7734375       0.00000000    
   54.8437500       0.00000000    
   54.9140625       0.00000000    
   54.9843750       0.00000000    
   55.0546875       0.00000000    
   55.1250000       0.00000000    
   55.1953125       0.00000000    
   55.2656250       0.00000000    
   55.3359375       0.00000000    
   55.4062500       0.00000000    
   55.4765625       0.00000000    
   55.5468750       0.00000000    
   55.6171875       0.00000000    
   55.6875000       0.00000000    
   55.7578125       0.00000000    
   55.8281250       0.00000000    
   55.8984375       0.00000000    
   55.9687500       0.00000000    
   56.0390625       0.00000000    
   56.1093750       0.00000000    
   56.1796875       0.00000000    
   56.2500000       0.00000000    
   56.3203125       0.00000000    
   56.3906250       0.00000000    
   56.4609375       0.00000000    
   56.5312500       0.00000000    
   56.6015625       0.00000000    
   56.6718750       0.00000000    
   56.7421875       0.00000000    
   56.8125000       0.00000000    
   56.8828125       0.00000000    
   56.9531250       0.00000000    
   57.0234375       0.00000000    
   57.0937500       0.00000000    
   57.1640625       0.00000000    
   57.2343750       0.00000000    
   57.3046875       0.00000000    
   57.3750000       0.00000000    
   57.4453125       0.00000000    
   57.5156250       0.00000000    
   57.5859375       0.00000000    
   57.6562500       0.00000000    
   57.7265625       0.00000000    
   57.7968750       0.00000000    
   57.8671875       0.00000000    
   57.9375000       0.00000000    
   58.0078125       0.00000000    
   58.0781250       0.00000000    
   58.1484375       0.00000000    
   58.2187500       0.00000000    
   58.2890625       0.00000000    
   58.3593750       0.00000000    
   58.4296875       0.00000000    
   58.5000000       0.00000000    
   58.5703125       0.00000000    
   58.6406250       0.00000000    
   58.7109375       0.00000000    
   58.7812500       0.00000000    
   58.8515625       0.00000000    
   58.9218750       0.00000000    
   58.9921875       0.00000000    
   59.0625000       0.00000000    
   59.1328125       0.00000000    
   59.2031250       0.00000000    
   59.2734375       0.00000000    
   59.3437500       0.00000000    
   59.4140625       0.00000000    
   59.4843750       0.00000000    
   59.5546875       0.00000000    
   59.6250000       0.00000000    
   59.6953125       0.00000000    
   59.7656250       0.00000000    
   59.8359375       0.00000000    
   59.9062500       0.00000000    
   59.9765625       0.00000000    
   60.0468750       0.00000000    
   60.1171875       0.00000000    
   60.1875000       0.00000000    
   60.2578125       0.00000000    
   60.3281250       0.00000000    
   60.3984375       0.00000000    
   60.4687500       0.00000000    
   60.5390625       0.00000000    
   60.6093750       0.00000000    
   60.6796875       0.00000000    
   60.7500000       0.00000000    
   60.8203125       0.00000000    
   60.8906250       0.00000000    
   60.9609375       0.00000000    
   61.0312500       0.00000000    
   61.1015625       0.00000000    
   61.1718750       0.00000000    
   61.2421875       0.00000000    
   61.3125000       0.00000000    
   61.3828125       0.00000000    
   61.4531250       0.00000000    
   61.5234375       0.00000000    
   61.5937500       0.00000000    
   61.6640625       0.00000000    
   61.7343750       0.00000000    
   61.8046875       0.00000000    
   61.8750000       0.00000000    
   61.9453125       0.00000000    
   62.0156250       0.00000000    
   62.0859375       0.00000000    
   62.1562500       0.00000000    
   62.2265625       0.00000000    
   62.2968750       0.00000000    
   62.3671875       0.00000000    
   62.4375000       0.00000000    
   62.5078125       0.00000000    
   62.5781250       0.00000000    
   62.6484375       0.00000000    
   62.7187500       0.00000000    
   62.7890625       0.00000000    
   62.8593750       0.00000000    
   62.9296875       0.00000000    
   63.0000000       0.00000000    
   63.0703125       0.00000000    
   63.1406250       0.00000000    
   63.2109375       0.00000000    
   63.2812500       0.00000000    
   63.3515625       0.00000000    
   63.4218750       0.00000000    
