1996 11 12 16 59 44.0 -14.990 -75.680
24. 5.907E+20 7.781 309 33 61 162 62 107
  -1.12500000       0.00000000    
  -1.05468750       0.00000000    
 -0.984375000       0.00000000    
 -0.914062500       0.00000000    
 -0.843750000       0.00000000    
 -0.773437500       0.00000000    
 -0.703125000       0.00000000    
 -0.632812500       0.00000000    
 -0.562500000       0.00000000    
 -0.492187500       0.00000000    
 -0.421875000       0.00000000    
 -0.351562500       0.00000000    
 -0.281250000       0.00000000    
 -0.210937500       0.00000000    
 -0.140625000       0.00000000    
  -7.03125000E-02   0.00000000    
   0.00000000       0.00000000    
   7.03125000E-02   5.73740389E+17
  0.140625000       7.04490566E+17
  0.210937500       8.24356781E+17
  0.281250000       9.31609743E+17
  0.351562500       1.02617455E+18
  0.421875000       1.10904968E+18
  0.492187500       1.18185392E+18
  0.562500000       1.24650795E+18
  0.632812500       1.30503220E+18
  0.703125000       1.35940704E+18
  0.773437500       1.41148802E+18
  0.843750000       1.46298475E+18
  0.914062500       1.51548450E+18
  0.984375000       1.57047135E+18
   1.05468750       1.62931405E+18
   1.12500000       1.69324653E+18
   1.19531250       1.76330453E+18
   1.26562500       1.84023282E+18
   1.33593750       1.92436470E+18
   1.40625000       2.01554583E+18
   1.47656250       2.11310879E+18
   1.54687500       2.21590997E+18
   1.61718750       2.32243464E+18
   1.68750000       2.43099080E+18
   1.75781250       2.53997439E+18
   1.82812500       2.64810174E+18
   1.89843750       2.75460786E+18
   1.96875000       2.85935998E+18
   2.03906250       2.96290868E+18
   2.10937500       3.06639307E+18
   2.17968750       3.17134310E+18
   2.25000000       3.27944461E+18
   2.32031250       3.39232377E+18
   2.39062500       3.51137422E+18
   2.46093750       3.63767760E+18
   2.53125000       3.77202610E+18
   2.60156250       3.91503655E+18
   2.67187500       4.06724964E+18
   2.74218750       4.22918544E+18
   2.81250000       4.40130436E+18
   2.88281250       4.58391758E+18
   2.95312500       4.77699979E+18
   3.02343750       4.97999712E+18
   3.09375000       5.19167785E+18
   3.16406250       5.41011783E+18
   3.23437500       5.63277003E+18
   3.30468750       5.85663994E+18
   3.37500000       6.07854063E+18
   3.44531250       6.29540226E+18
   3.51562500       6.50454916E+18
   3.58593750       6.70392361E+18
   3.65625000       6.89221937E+18
   3.72656250       7.06896641E+18
   3.79687500       7.23449899E+18
   3.86718750       7.38983304E+18
   3.93750000       7.53647381E+18
   4.00781250       7.67619920E+18
   4.07812500       7.81080086E+18
   4.14843750       7.94183186E+18
   4.21875000       8.07040050E+18
   4.28906250       8.19708074E+18
   4.35937500       8.32189455E+18
   4.42968750       8.44433946E+18
   4.50000000       8.56349189E+18
   4.57031250       8.67815501E+18
   4.64062500       8.78703415E+18
   4.71093750       8.88889125E+18
   4.78125000       8.98265486E+18
   4.85156250       9.06750362E+18
   4.92187500       9.14283061E+18
   4.99218750       9.20814380E+18
   5.06250000       9.26291597E+18
   5.13281250       9.30648082E+18
   5.20312500       9.33796974E+18
   5.27343750       9.35635467E+18
   5.34375000       9.36056140E+18
   5.41406250       9.34969933E+18
   5.48437500       9.32330445E+18
   5.55468750       9.28150542E+18
   5.62500000       9.22512356E+18
   5.69531250       9.15566356E+18
   5.76562500       9.07521449E+18
   5.83593750       8.98624311E+18
   5.90625000       8.89130413E+18
   5.97656250       8.79272687E+18
   6.04687500       8.69228978E+18
   6.11718750       8.59095659E+18
   6.18750000       8.48873169E+18
   6.25781250       8.38470525E+18
   6.32812500       8.27728406E+18
   6.39843750       8.16451045E+18
   6.46875000       8.04445863E+18
   6.53906250       7.91558487E+18
   6.60937500       7.77701342E+18
   6.67968750       7.62861453E+18
   6.75000000       7.47091763E+18
   6.82031250       7.30487488E+18
   6.89062500       7.13156216E+18
   6.96093750       6.95185963E+18
   7.03125000       6.76625382E+18
   7.10156250       6.57478871E+18
   7.17187500       6.37721417E+18
   7.24218750       6.17323167E+18
   7.31250000       5.96279504E+18
   7.38281250       5.74636003E+18
   7.45312500       5.52505308E+18
   7.52343750       5.30064440E+18
   7.59375000       5.07544738E+18
   7.66406250       4.85207829E+18
   7.73437500       4.63323425E+18
   7.80468750       4.42139354E+18
   7.87500000       4.21860869E+18
   7.94531250       4.02632582E+18
   8.01562500       3.84536435E+18
   8.08593750       3.67595737E+18
   8.15625000       3.51794710E+18
   8.22656250       3.37100040E+18
   8.29687500       3.23485502E+18
   8.36718750       3.10945957E+18
   8.43750000       2.99506088E+18
   8.50781250       2.89216143E+18
   8.57812500       2.80141819E+18
   8.64843750       2.72344852E+18
   8.71875000       2.65862269E+18
   8.78906250       2.60684751E+18
   8.85937500       2.56739456E+18
   8.92968750       2.53876905E+18
   9.00000000       2.51874832E+18
   9.07031250       2.50455005E+18
   9.14062500       2.49317890E+18
   9.21093750       2.48183249E+18
   9.28125000       2.46835742E+18
   9.35156250       2.45160609E+18
   9.42187500       2.43165188E+18
   9.49218750       2.40976225E+18
   9.56250000       2.38819176E+18
   9.63281250       2.36978483E+18
   9.70312500       2.35749229E+18
   9.77343750       2.35382130E+18
   9.84375000       2.36039445E+18
   9.91406250       2.37763617E+18
   9.98437500       2.40470807E+18
   10.0546875       2.43964120E+18
   10.1250000       2.47971730E+18
   10.1953125       2.52196466E+18
   10.2656250       2.56369608E+18
   10.3359375       2.60293655E+18
   10.4062500       2.63873142E+18
   10.4765625       2.67124976E+18
   10.5468750       2.70171777E+18
   10.6171875       2.73218909E+18
   10.6875000       2.76525140E+18
   10.7578125       2.80368016E+18
   10.8281250       2.85007543E+18
   10.8984375       2.90646223E+18
   10.9687500       2.97397994E+18
   11.0390625       3.05267226E+18
   11.1093750       3.14147157E+18
   11.1796875       3.23834954E+18
   11.2500000       3.34067174E+18
   11.3203125       3.44565036E+18
   11.3906250       3.55080931E+18
   11.4609375       3.65433630E+18
   11.5312500       3.75531407E+18
   11.6015625       3.85376297E+18
   11.6718750       3.95051174E+18
   11.7421875       4.04690785E+18
   11.8125000       4.14448951E+18
   11.8828125       4.24468333E+18
   11.9531250       4.34859295E+18
   12.0234375       4.45688715E+18
   12.0937500       4.56981826E+18
   12.1640625       4.68731703E+18
   12.2343750       4.80910718E+18
   12.3046875       4.93475167E+18
   12.3750000       5.06367491E+18
   12.4453125       5.19513362E+18
   12.5156250       5.32816848E+18
   12.5859375       5.46156947E+18
   12.6562500       5.59388690E+18
   12.7265625       5.72352152E+18
   12.7968750       5.84883286E+18
   12.8671875       5.96822333E+18
   12.9375000       6.08018880E+18
   13.0078125       6.18334113E+18
   13.0781250       6.27635817E+18
   13.1484375       6.35791664E+18
   13.2187500       6.42664766E+18
   13.2890625       6.48117849E+18
   13.3593750       6.52023424E+18
   13.4296875       6.54273960E+18
   13.5000000       6.54795458E+18
   13.5703125       6.53555429E+18
   13.6406250       6.50568771E+18
   13.7109375       6.45895791E+18
   13.7812500       6.39637481E+18
   13.8515625       6.31929465E+18
   13.9218750       6.22936174E+18
   13.9921875       6.12840843E+18
   14.0625000       6.01839350E+18
   14.1328125       5.90134224E+18
   14.2031250       5.77928820E+18
   14.2734375       5.65417312E+18
   14.3437500       5.52772269E+18
   14.4140625       5.40129755E+18
   14.4843750       5.27574761E+18
   14.5546875       5.15126530E+18
   14.6250000       5.02735969E+18
   14.6953125       4.90295544E+18
   14.7656250       4.77666059E+18
   14.8359375       4.64714307E+18
   14.9062500       4.51358897E+18
   14.9765625       4.37611703E+18
   15.0468750       4.23604969E+18
   15.1171875       4.09591776E+18
   15.1875000       3.95920778E+18
   15.2578125       3.82988102E+18
   15.3281250       3.71177946E+18
   15.3984375       3.60801470E+18
   15.4687500       3.52054552E+18
   15.5390625       3.44997694E+18
   15.6093750       3.39561654E+18
   15.6796875       3.35566001E+18
   15.7500000       3.32750234E+18
   15.8203125       3.30802669E+18
   15.8906250       3.29388642E+18
   15.9609375       3.28169724E+18
   16.0312500       3.26824086E+18
   16.1015625       3.25062201E+18
   16.1718750       3.22641874E+18
   16.2421875       3.19376874E+18
   16.3125000       3.15147630E+18
   16.3828125       3.09908292E+18
   16.4531250       3.03694457E+18
   16.5234375       2.96624873E+18
   16.5937500       2.88902865E+18
   16.6640625       2.80810707E+18
   16.7343750       2.72696751E+18
   16.8046875       2.64951488E+18
   16.8750000       2.57978083E+18
   16.9453125       2.52158863E+18
   17.0156250       2.47822857E+18
   17.0859375       2.45218636E+18
   17.1562500       2.44501314E+18
   17.2265625       2.45734362E+18
   17.2968750       2.48904034E+18
   17.3671875       2.53942738E+18
   17.4375000       2.60756439E+18
   17.5078125       2.69250964E+18
   17.5781250       2.79346157E+18
   17.6484375       2.90977588E+18
   17.7187500       3.04086543E+18
   17.7890625       3.18604907E+18
   17.8593750       3.34433532E+18
   17.9296875       3.51425604E+18
   18.0000000       3.69381564E+18
   18.0703125       3.88061744E+18
   18.1406250       4.07210426E+18
   18.2109375       4.26585800E+18
   18.2812500       4.45987370E+18
   18.3515625       4.65273848E+18
   18.4218750       4.84362140E+18
   18.4921875       5.03214366E+18
   18.5625000       5.21820082E+18
   18.6328125       5.40188798E+18
   18.7031250       5.58351906E+18
   18.7734375       5.76379224E+18
   18.8437500       5.94401978E+18
   18.9140625       6.12638973E+18
   18.9843750       6.31404008E+18
   19.0546875       6.51089719E+18
   19.1250000       6.72126730E+18
   19.1953125       6.94926478E+18
   19.2656250       7.19814913E+18
   19.3359375       7.46975215E+18
   19.4062500       7.76408976E+18
   19.4765625       8.07928401E+18
   19.5468750       8.41171640E+18
   19.6171875       8.75641989E+18
   19.6875000       9.10755113E+18
   19.7578125       9.45895780E+18
   19.8281250       9.80455519E+18
   19.8984375       1.01385736E+19
   19.9687500       1.04556299E+19
   20.0390625       1.07508334E+19
   20.1093750       1.10199092E+19
   20.1796875       1.12594147E+19
   20.2500000       1.14670498E+19
   20.3203125       1.16420106E+19
   20.3906250       1.17852143E+19
   20.4609375       1.18993524E+19
   20.5312500       1.19886856E+19
   20.6015625       1.20587124E+19
   20.6718750       1.21156506E+19
   20.7421875       1.21659015E+19
   20.8125000       1.22154796E+19
   20.8828125       1.22696592E+19
   20.9531250       1.23326722E+19
   21.0234375       1.24076017E+19
   21.0937500       1.24963993E+19
   21.1640625       1.26000712E+19
   21.2343750       1.27188987E+19
   21.3046875       1.28525861E+19
   21.3750000       1.30003451E+19
   21.4453125       1.31608562E+19
   21.5156250       1.33321953E+19
   21.5859375       1.35117522E+19
   21.6562500       1.36962810E+19
   21.7265625       1.38821479E+19
   21.7968750       1.40657070E+19
   21.8671875       1.42437388E+19
   21.9375000       1.44137772E+19
   22.0078125       1.45743444E+19
   22.0781250       1.47249511E+19
   22.1484375       1.48659074E+19
   22.2187500       1.49980313E+19
   22.2890625       1.51224168E+19
   22.3593750       1.52402394E+19
   22.4296875       1.53526436E+19
   22.5000000       1.54606607E+19
   22.5703125       1.55652001E+19
   22.6406250       1.56670214E+19
   22.7109375       1.57666163E+19
   22.7812500       1.58640111E+19
   22.8515625       1.59585526E+19
   22.9218750       1.60486366E+19
   22.9921875       1.61314969E+19
   23.0625000       1.62030323E+19
   23.1328125       1.62578880E+19
   23.2031250       1.62896903E+19
   23.2734375       1.62914715E+19
   23.3437500       1.62562090E+19
   23.4140625       1.61774730E+19
   23.4843750       1.60500847E+19
   23.5546875       1.58706488E+19
   23.6250000       1.56379317E+19
   23.6953125       1.53530372E+19
   23.7656250       1.50193695E+19
   23.8359375       1.46423756E+19
   23.9062500       1.42291384E+19
   23.9765625       1.37879143E+19
   24.0468750       1.33276983E+19
   24.1171875       1.28578396E+19
   24.1875000       1.23877247E+19
   24.2578125       1.19265544E+19
   24.3281250       1.14831301E+19
   24.3984375       1.10655774E+19
   24.4687500       1.06809671E+19
   24.5390625       1.03348595E+19
   24.6093750       1.00308919E+19
   24.6796875       9.77040766E+18
   24.7500000       9.55231513E+18
   24.8203125       9.37320139E+18
   24.8906250       9.22778658E+18
   24.9609375       9.10959018E+18
   25.0312500       9.01169846E+18
   25.1015625       8.92751655E+18
   25.1718750       8.85133798E+18
   25.2421875       8.77863278E+18
   25.3125000       8.70606556E+18
   25.3828125       8.63127568E+18
   25.4531250       8.55255230E+18
   25.5234375       8.46850013E+18
   25.5937500       8.37789542E+18
   25.6640625       8.27978655E+18
   25.7343750       8.17385520E+18
   25.8046875       8.06081056E+18
   25.8750000       7.94267849E+18
   25.9453125       7.82278224E+18
   26.0156250       7.70538958E+18
   26.0859375       7.59510087E+18
   26.1562500       7.49615857E+18
   26.2265625       7.41191509E+18
   26.2968750       7.34456285E+18
   26.3671875       7.29512826E+18
   26.4375000       7.26370587E+18
   26.5078125       7.24979924E+18
   26.5781250       7.25264203E+18
   26.6484375       7.27138925E+18
   26.7187500       7.30515855E+18
   26.7890625       7.35295817E+18
   26.8593750       7.41352257E+18
   26.9296875       7.48512497E+18
   27.0000000       7.56551081E+18
   27.0703125       7.65200279E+18
   27.1406250       7.74180211E+18
   27.2109375       7.83235844E+18
   27.2812500       7.92171245E+18
   27.3515625       8.00866623E+18
   27.4218750       8.09271784E+18
   27.4921875       8.17380298E+18
   27.5625000       8.25198870E+18
   27.6328125       8.32727886E+18
   27.7031250       8.39954206E+18
   27.7734375       8.46859634E+18
   27.8437500       8.53436747E+18
   27.9140625       8.59708692E+18
   27.9843750       8.65746330E+18
   28.0546875       8.71674787E+18
   28.1250000       8.77671578E+18
   28.1953125       8.83954187E+18
   28.2656250       8.90754722E+18
   28.3359375       8.98285277E+18
   28.4062500       9.06700994E+18
   28.4765625       9.16074880E+18
   28.5468750       9.26388134E+18
   28.6171875       9.37542130E+18
   28.6875000       9.49383540E+18
   28.7578125       9.61741721E+18
   28.8281250       9.74455814E+18
   28.8984375       9.87384312E+18
   28.9687500       1.00040165E+19
   29.0390625       1.01338842E+19
   29.1093750       1.02622643E+19
   29.1796875       1.03880143E+19
   29.2500000       1.05101833E+19
   29.3203125       1.06282169E+19
   29.3906250       1.07421406E+19
   29.4609375       1.08526328E+19
   29.5312500       1.09609665E+19
   29.6015625       1.10688869E+19
   29.6718750       1.11783620E+19
   29.7421875       1.12912763E+19
   29.8125000       1.14090978E+19
   29.8828125       1.15326268E+19
   29.9531250       1.16618469E+19
   30.0234375       1.17958961E+19
   30.0937500       1.19332350E+19
   30.1640625       1.20719736E+19
   30.2343750       1.22102427E+19
   30.3046875       1.23464919E+19
   30.3750000       1.24796263E+19
   30.4453125       1.26090058E+19
   30.5156250       1.27343282E+19
   30.5859375       1.28554416E+19
   30.6562500       1.29721624E+19
   30.7265625       1.30841741E+19
   30.7968750       1.31909345E+19
   30.8671875       1.32916783E+19
   30.9375000       1.33854875E+19
   31.0078125       1.34715320E+19
   31.0781250       1.35493489E+19
   31.1484375       1.36190634E+19
   31.2187500       1.36814662E+19
   31.2890625       1.37379459E+19
   31.3593750       1.37902541E+19
   31.4296875       1.38401532E+19
   31.5000000       1.38890727E+19
   31.5703125       1.39379756E+19
   31.6406250       1.39873789E+19
   31.7109375       1.40376090E+19
   31.7812500       1.40891288E+19
   31.8515625       1.41429521E+19
   31.9218750       1.42008909E+19
   31.9921875       1.42655960E+19
   32.0625000       1.43403320E+19
   32.1328125       1.44285469E+19
   32.2031250       1.45332798E+19
   32.2734375       1.46565846E+19
   32.3437500       1.47989911E+19
   32.4140625       1.49593714E+19
   32.4843750       1.51350777E+19
   32.5546875       1.53224279E+19
   32.6250000       1.55173449E+19
   32.6953125       1.57161267E+19
   32.7656250       1.59159751E+19
   32.8359375       1.61152660E+19
   32.9062500       1.63134705E+19
   32.9765625       1.65109263E+19
   33.0468750       1.67085415E+19
   33.1171875       1.69076345E+19
   33.1875000       1.71098831E+19
   33.2578125       1.73174390E+19
   33.3281250       1.75329587E+19
   33.3984375       1.77594174E+19
   33.4687500       1.79996321E+19
   33.5390625       1.82556896E+19
   33.6093750       1.85283366E+19
   33.6796875       1.88165384E+19
   33.7500000       1.91172812E+19
   33.8203125       1.94257030E+19
   33.8906250       1.97354487E+19
   33.9609375       2.00392173E+19
   34.0312500       2.03293191E+19
   34.1015625       2.05983850E+19
   34.1718750       2.08399939E+19
   34.2421875       2.10492045E+19
   34.3125000       2.12228746E+19
   34.3828125       2.13598386E+19
   34.4531250       2.14609255E+19
   34.5234375       2.15288115E+19
   34.5937500       2.15677496E+19
   34.6640625       2.15832637E+19
   34.7343750       2.15817354E+19
   34.8046875       2.15698651E+19
   34.8750000       2.15539617E+19
   34.9453125       2.15393272E+19
   35.0156250       2.15297483E+19
   35.0859375       2.15272502E+19
   35.1562500       2.15321518E+19
   35.2265625       2.15434482E+19
   35.2968750       2.15593361E+19
   35.3671875       2.15777728E+19
   35.4375000       2.15968515E+19
   35.5078125       2.16151650E+19
   35.5781250       2.16319721E+19
   35.6484375       2.16472333E+19
   35.7187500       2.16615006E+19
   35.7890625       2.16757766E+19
   35.8593750       2.16913787E+19
   35.9296875       2.17097867E+19
   36.0000000       2.17325136E+19
   36.0703125       2.17610262E+19
   36.1406250       2.17967603E+19
   36.2109375       2.18410552E+19
   36.2812500       2.18950214E+19
   36.3515625       2.19593869E+19
   36.4218750       2.20343648E+19
   36.4921875       2.21195791E+19
   36.5625000       2.22140997E+19
   36.6328125       2.23166973E+19
   36.7031250       2.24262725E+19
   36.7734375       2.25422226E+19
   36.8437500       2.26647434E+19
   36.9140625       2.27949431E+19
   36.9843750       2.29347768E+19
   37.0546875       2.30867777E+19
   37.1250000       2.32535582E+19
   37.1953125       2.34373020E+19
   37.2656250       2.36391855E+19
   37.3359375       2.38589075E+19
   37.4062500       2.40943526E+19
   37.4765625       2.43416481E+19
   37.5468750       2.45955342E+19
   37.6171875       2.48500271E+19
   37.6875000       2.50991764E+19
   37.7578125       2.53378914E+19
   37.8281250       2.55625458E+19
   37.8984375       2.57713585E+19
   37.9687500       2.59643228E+19
   38.0390625       2.61429868E+19
   38.1093750       2.63099894E+19
   38.1796875       2.64684796E+19
   38.2500000       2.66213645E+19
   38.3203125       2.67707508E+19
   38.3906250       2.69174916E+19
   38.4609375       2.70610241E+19
   38.5312500       2.71993668E+19
   38.6015625       2.73294258E+19
   38.6718750       2.74473660E+19
   38.7421875       2.75490335E+19
   38.8125000       2.76303072E+19
   38.8828125       2.76875368E+19
   38.9531250       2.77179669E+19
   39.0234375       2.77201373E+19
   39.0937500       2.76941206E+19
   39.1640625       2.76416366E+19
   39.2343750       2.75659770E+19
   39.3046875       2.74716455E+19
   39.3750000       2.73638010E+19
   39.4453125       2.72476640E+19
   39.5156250       2.71279359E+19
   39.5859375       2.70084124E+19
   39.6562500       2.68916047E+19
   39.7265625       2.67786277E+19
   39.7968750       2.66691955E+19
   39.8671875       2.65616523E+19
   39.9375000       2.64530645E+19
   40.0078125       2.63394234E+19
   40.0781250       2.62160648E+19
   40.1484375       2.60780343E+19
   40.2187500       2.59205688E+19
   40.2890625       2.57394726E+19
   40.3593750       2.55315836E+19
   40.4296875       2.52950852E+19
   40.5000000       2.50297687E+19
   40.5703125       2.47372414E+19
   40.6406250       2.44210944E+19
   40.7109375       2.40867527E+19
   40.7812500       2.37411323E+19
   40.8515625       2.33918966E+19
   40.9218750       2.30465862E+19
   40.9921875       2.27115408E+19
   41.0625000       2.23909826E+19
   41.1328125       2.20863453E+19
   41.2031250       2.17961907E+19
   41.2734375       2.15165498E+19
   41.3437500       2.12417004E+19
   41.4140625       2.09651909E+19
   41.4843750       2.06810221E+19
   41.5546875       2.03846245E+19
   41.6250000       2.00736387E+19
   41.6953125       1.97481876E+19
   41.7656250       1.94109234E+19
   41.8359375       1.90665938E+19
   41.9062500       1.87213889E+19
   41.9765625       1.83821873E+19
   42.0468750       1.80559128E+19
   42.1171875       1.77489225E+19
   42.1875000       1.74666229E+19
   42.2578125       1.72131118E+19
   42.3281250       1.69911314E+19
   42.3984375       1.68019791E+19
   42.4687500       1.66455989E+19
   42.5390625       1.65206757E+19
   42.6093750       1.64249841E+19
   42.6796875       1.63557313E+19
   42.7500000       1.63099620E+19
   42.8203125       1.62848447E+19
   42.8906250       1.62779387E+19
   42.9609375       1.62872461E+19
   43.0312500       1.63111725E+19
   43.1015625       1.63483448E+19
   43.1718750       1.63974523E+19
   43.2421875       1.64570074E+19
   43.3125000       1.65251782E+19
   43.3828125       1.65996965E+19
   43.4531250       1.66780103E+19
   43.5234375       1.67575446E+19
   43.5937500       1.68360739E+19
   43.6640625       1.69119644E+19
   43.7343750       1.69843397E+19
   43.8046875       1.70528998E+19
   43.8750000       1.71174917E+19
   43.9453125       1.71775272E+19
   44.0156250       1.72315319E+19
   44.0859375       1.72768230E+19
   44.1562500       1.73095027E+19
   44.2265625       1.73246760E+19
   44.2968750       1.73169233E+19
   44.3671875       1.72807835E+19
   44.4375000       1.72113405E+19
   44.5078125       1.71047055E+19
   44.5781250       1.69586211E+19
   44.6484375       1.67727574E+19
   44.7187500       1.65488518E+19
   44.7890625       1.62904237E+19
   44.8593750       1.60024231E+19
   44.9296875       1.56905983E+19
   45.0000000       1.53609163E+19
   45.0703125       1.50190056E+19
   45.1406250       1.46698799E+19
   45.2109375       1.43177415E+19
   45.2812500       1.39660143E+19
   45.3515625       1.36174053E+19
   45.4218750       1.32742390E+19
   45.4921875       1.29387120E+19
   45.5625000       1.26132445E+19
   45.6328125       1.23005697E+19
   45.7031250       1.20037940E+19
   45.7734375       1.17260793E+19
   45.8437500       1.14702559E+19
   45.9140625       1.12382975E+19
   45.9843750       1.10310582E+19
   46.0546875       1.08481182E+19
   46.1250000       1.06879479E+19
   46.1953125       1.05481450E+19
   46.2656250       1.04258826E+19
   46.3359375       1.03182635E+19
   46.4062500       1.02226566E+19
   46.4765625       1.01368089E+19
   46.5468750       1.00589470E+19
   46.6171875       9.98765137E+18
   46.6875000       9.92175434E+18
   46.7578125       9.86013221E+18
   46.8281250       9.80173275E+18
   46.8984375       9.74554330E+18
   46.9687500       9.69075244E+18
   47.0390625       9.63677521E+18
   47.1093750       9.58343131E+18
   47.1796875       9.53094502E+18
   47.2500000       9.47997606E+18
   47.3203125       9.43151399E+18
   47.3906250       9.38690020E+18
   47.4609375       9.34774549E+18
   47.5312500       9.31595421E+18
   47.6015625       9.29358575E+18
   47.6718750       9.28278195E+18
   47.7421875       9.28547795E+18
   47.8125000       9.30313941E+18
   47.8828125       9.33640733E+18
   47.9531250       9.38498375E+18
   48.0234375       9.44754267E+18
   48.0937500       9.52184986E+18
   48.1640625       9.60478272E+18
   48.2343750       9.69250396E+18
   48.3046875       9.78046159E+18
   48.3750000       9.86347362E+18
   48.4453125       9.93573682E+18
   48.5156250       9.99103676E+18
   48.5859375       1.00229754E+19
   48.6562500       1.00253921E+19
   48.7265625       9.99274650E+18
   48.7968750       9.92065043E+18
   48.8671875       9.80624624E+18
   48.9375000       9.64858177E+18
   49.0078125       9.44872684E+18
   49.0781250       9.20988048E+18
   49.1484375       8.93709989E+18
   49.2187500       8.63690738E+18
   49.2890625       8.31652288E+18
   49.3593750       7.98320593E+18
   49.4296875       7.64350852E+18
   49.5000000       7.30282759E+18
   49.5703125       6.96507026E+18
   49.6406250       6.63271373E+18
   49.7109375       6.30691030E+18
   49.7812500       5.98775561E+18
   49.8515625       5.67444042E+18
   49.9218750       5.36557991E+18
   49.9921875       5.05944289E+18
   50.0625000       4.75436360E+18
   50.1328125       4.44897149E+18
   50.2031250       4.14248895E+18
   50.2734375       3.83467297E+18
   50.3437500       3.52566430E+18
   50.4140625       3.21556903E+18
   50.4843750       2.90427035E+18
   50.5546875       2.59131581E+18
   50.6250000       2.27619234E+18
   50.6953125       1.95870204E+18
   50.7656250       0.00000000    
   50.8359375       0.00000000    
   50.9062500       0.00000000    
   50.9765625       0.00000000    
   51.0468750       0.00000000    
   51.1171875       0.00000000    
   51.1875000       0.00000000    
   51.2578125       0.00000000    
   51.3281250       0.00000000    
   51.3984375       0.00000000    
   51.4687500       0.00000000    
   51.5390625       0.00000000    
   51.6093750       0.00000000    
   51.6796875       0.00000000    
   51.7500000       0.00000000    
   51.8203125       0.00000000    
   51.8906250       0.00000000    
   51.9609375       0.00000000    
   52.0312500       0.00000000    
   52.1015625       0.00000000    
   52.1718750       0.00000000    
   52.2421875       0.00000000    
   52.3125000       0.00000000    
   52.3828125       0.00000000    
   52.4531250       0.00000000    
   52.5234375       0.00000000    
   52.5937500       0.00000000    
   52.6640625       0.00000000    
   52.7343750       0.00000000    
   52.8046875       0.00000000    
   52.8750000       0.00000000    
   52.9453125       0.00000000    
   53.0156250       0.00000000    
   53.0859375       0.00000000    
   53.1562500       0.00000000    
   53.2265625       0.00000000    
   53.2968750       0.00000000    
   53.3671875       0.00000000    
   53.4375000       0.00000000    
   53.5078125       0.00000000    
   53.5781250       0.00000000    
   53.6484375       0.00000000    
   53.7187500       0.00000000    
   53.7890625       0.00000000    
   53.8593750       0.00000000    
   53.9296875       0.00000000    
   54.0000000       0.00000000    
   54.0703125       0.00000000    
   54.1406250       0.00000000    
   54.2109375       0.00000000    
   54.2812500       0.00000000    
   54.3515625       0.00000000    
   54.4218750       0.00000000    
   54.4921875       0.00000000    
   54.5625000       0.00000000    
   54.6328125       0.00000000    
   54.7031250       0.00000000    
   54.7734375       0.00000000    
   54.8437500       0.00000000    
   54.9140625       0.00000000    
   54.9843750       0.00000000    
   55.0546875       0.00000000    
   55.1250000       0.00000000    
   55.1953125       0.00000000    
   55.2656250       0.00000000    
   55.3359375       0.00000000    
   55.4062500       0.00000000    
   55.4765625       0.00000000    
   55.5468750       0.00000000    
   55.6171875       0.00000000    
   55.6875000       0.00000000    
   55.7578125       0.00000000    
   55.8281250       0.00000000    
   55.8984375       0.00000000    
   55.9687500       0.00000000    
   56.0390625       0.00000000    
   56.1093750       0.00000000    
   56.1796875       0.00000000    
   56.2500000       0.00000000    
   56.3203125       0.00000000    
   56.3906250       0.00000000    
   56.4609375       0.00000000    
   56.5312500       0.00000000    
   56.6015625       0.00000000    
   56.6718750       0.00000000    
   56.7421875       0.00000000    
   56.8125000       0.00000000    
   56.8828125       0.00000000    
   56.9531250       0.00000000    
   57.0234375       0.00000000    
   57.0937500       0.00000000    
   57.1640625       0.00000000    
   57.2343750       0.00000000    
   57.3046875       0.00000000    
   57.3750000       0.00000000    
   57.4453125       0.00000000    
   57.5156250       0.00000000    
   57.5859375       0.00000000    
   57.6562500       0.00000000    
   57.7265625       0.00000000    
   57.7968750       0.00000000    
   57.8671875       0.00000000    
   57.9375000       0.00000000    
   58.0078125       0.00000000    
   58.0781250       0.00000000    
   58.1484375       0.00000000    
   58.2187500       0.00000000    
   58.2890625       0.00000000    
   58.3593750       0.00000000    
   58.4296875       0.00000000    
   58.5000000       0.00000000    
   58.5703125       0.00000000    
   58.6406250       0.00000000    
   58.7109375       0.00000000    
   58.7812500       0.00000000    
   58.8515625       0.00000000    
   58.9218750       0.00000000    
   58.9921875       0.00000000    
   59.0625000       0.00000000    
   59.1328125       0.00000000    
   59.2031250       0.00000000    
   59.2734375       0.00000000    
   59.3437500       0.00000000    
   59.4140625       0.00000000    
   59.4843750       0.00000000    
   59.5546875       0.00000000    
   59.6250000       0.00000000    
   59.6953125       0.00000000    
   59.7656250       0.00000000    
   59.8359375       0.00000000    
   59.9062500       0.00000000    
   59.9765625       0.00000000    
   60.0468750       0.00000000    
   60.1171875       0.00000000    
   60.1875000       0.00000000    
   60.2578125       0.00000000    
   60.3281250       0.00000000    
   60.3984375       0.00000000    
   60.4687500       0.00000000    
   60.5390625       0.00000000    
   60.6093750       0.00000000    
   60.6796875       0.00000000    
   60.7500000       0.00000000    
   60.8203125       0.00000000    
   60.8906250       0.00000000    
   60.9609375       0.00000000    
