1996 01 01 08 05 10.0 0.730 119.930
26. 3.031E+20 7.588 15 16 35 251 81 103
  -1.12500000       0.00000000    
  -1.05468750       0.00000000    
 -0.984375000       0.00000000    
 -0.914062500       0.00000000    
 -0.843750000       0.00000000    
 -0.773437500       0.00000000    
 -0.703125000       0.00000000    
 -0.632812500       0.00000000    
 -0.562500000       0.00000000    
 -0.492187500       0.00000000    
 -0.421875000       0.00000000    
 -0.351562500       0.00000000    
 -0.281250000       0.00000000    
 -0.210937500       0.00000000    
 -0.140625000       0.00000000    
  -7.03125000E-02   0.00000000    
   0.00000000       0.00000000    
   7.03125000E-02   8.89903411E+17
  0.140625000       1.23229140E+18
  0.210937500       1.58101539E+18
  0.281250000       1.93002114E+18
  0.351562500       2.27811085E+18
  0.421875000       2.62668298E+18
  0.492187500       2.97735682E+18
  0.562500000       3.33138582E+18
  0.632812500       3.68886866E+18
  0.703125000       4.04930781E+18
  0.773437500       4.41148969E+18
  0.843750000       4.77433293E+18
  0.914062500       5.13681332E+18
  0.984375000       5.49864611E+18
   1.05468750       5.85995827E+18
   1.12500000       6.22177346E+18
   1.19531250       6.58553919E+18
   1.26562500       6.95339510E+18
   1.33593750       7.32738573E+18
   1.40625000       7.70950176E+18
   1.47656250       8.10083664E+18
   1.54687500       8.50172572E+18
   1.61718750       8.91115472E+18
   1.68750000       9.32735945E+18
   1.75781250       9.74778411E+18
   1.82812500       1.01700406E+19
   1.89843750       1.05920078E+19
   1.96875000       1.10127283E+19
   2.03906250       1.14322920E+19
   2.10937500       1.18522977E+19
   2.17968750       1.22751413E+19
   2.25000000       1.27040190E+19
   2.32031250       1.31420403E+19
   2.39062500       1.35921825E+19
   2.46093750       1.40564227E+19
   2.53125000       1.45358681E+19
   2.60156250       1.50301326E+19
   2.67187500       1.55376804E+19
   2.74218750       1.60554327E+19
   2.81250000       1.65794831E+19
   2.88281250       1.71052222E+19
   2.95312500       1.76284787E+19
   3.02343750       1.81458220E+19
   3.09375000       1.86555677E+19
   3.16406250       1.91577565E+19
   3.23437500       1.96545664E+19
   3.30468750       2.01494104E+19
   3.37500000       2.06466118E+19
   3.44531250       2.11501859E+19
   3.51562500       2.16636864E+19
   3.58593750       2.21894926E+19
   3.65625000       2.27293155E+19
   3.72656250       2.32838828E+19
   3.79687500       2.38534122E+19
   3.86718750       2.44370242E+19
   3.93750000       2.50330100E+19
   4.00781250       2.56384869E+19
   4.07812500       2.62500507E+19
   4.14843750       2.68636067E+19
   4.21875000       2.74750254E+19
   4.28906250       2.80800140E+19
   4.35937500       2.86748300E+19
   4.42968750       2.92561374E+19
   4.50000000       2.98217768E+19
   4.57031250       3.03707520E+19
   4.64062500       3.09038766E+19
   4.71093750       3.14231473E+19
   4.78125000       3.19316297E+19
   4.85156250       3.24322483E+19
   4.92187500       3.29274156E+19
   4.99218750       3.34180221E+19
   5.06250000       3.39036609E+19
   5.13281250       3.43825180E+19
   5.20312500       3.48524119E+19
   5.27343750       3.53110292E+19
   5.34375000       3.57568086E+19
   5.41406250       3.61888485E+19
   5.48437500       3.66072853E+19
   5.55468750       3.70127192E+19
   5.62500000       3.74063136E+19
   5.69531250       3.77892251E+19
   5.76562500       3.81629095E+19
   5.83593750       3.85285279E+19
   5.90625000       3.88871842E+19
   5.97656250       3.92391994E+19
   6.04687500       3.95843493E+19
   6.11718750       3.99211957E+19
   6.18750000       4.02473988E+19
   6.25781250       4.05594446E+19
   6.32812500       4.08533617E+19
   6.39843750       4.11246244E+19
   6.46875000       4.13689843E+19
   6.53906250       4.15824039E+19
   6.60937500       4.17619189E+19
   6.67968750       4.19053348E+19
   6.75000000       4.20116356E+19
   6.82031250       4.20803815E+19
   6.89062500       4.21119814E+19
   6.96093750       4.21070336E+19
   7.03125000       4.20665892E+19
   7.10156250       4.19917257E+19
   7.17187500       4.18843166E+19
   7.24218750       4.17468204E+19
   7.31250000       4.15828701E+19
   7.38281250       4.13966744E+19
   7.45312500       4.11930932E+19
   7.52343750       4.09763970E+19
   7.59375000       4.07499196E+19
   7.66406250       4.05149540E+19
   7.73437500       4.02711879E+19
   7.80468750       4.00165542E+19
   7.87500000       3.97483789E+19
   7.94531250       3.94637329E+19
   8.01562500       3.91606371E+19
   8.08593750       3.88379085E+19
   8.15625000       3.84956305E+19
   8.22656250       3.81343750E+19
   8.29687500       3.77554789E+19
   8.36718750       3.73603408E+19
   8.43750000       3.69507991E+19
   8.50781250       3.65286284E+19
   8.57812500       3.60960080E+19
   8.64843750       3.56547739E+19
   8.71875000       3.52065053E+19
   8.78906250       3.47516241E+19
   8.85937500       3.42897435E+19
   8.92968750       3.38192228E+19
   9.00000000       3.33378918E+19
   9.07031250       3.28428983E+19
   9.14062500       3.23317112E+19
   9.21093750       3.18019994E+19
   9.28125000       3.12522216E+19
   9.35156250       3.06810913E+19
   9.42187500       3.00879554E+19
   9.49218750       2.94721695E+19
   9.56250000       2.88334896E+19
   9.63281250       2.81715550E+19
   9.70312500       2.74865373E+19
   9.77343750       2.67786893E+19
   9.84375000       2.60489082E+19
   9.91406250       2.52981639E+19
   9.98437500       2.45281627E+19
   10.0546875       2.37408794E+19
   10.1250000       2.29391793E+19
   10.1953125       2.21263433E+19
   10.2656250       2.13066420E+19
   10.3359375       2.04846647E+19
   10.4062500       1.96655527E+19
   10.4765625       1.88539108E+19
   10.5468750       1.80538600E+19
   10.6171875       1.72680995E+19
   10.6875000       1.64982896E+19
   10.7578125       1.57446800E+19
   10.8281250       1.50072661E+19
   10.8984375       1.42858941E+19
   10.9687500       1.35814546E+19
   11.0390625       1.28956309E+19
   11.1093750       1.22315853E+19
   11.1796875       1.15930791E+19
   11.2500000       1.09844334E+19
   11.3203125       1.04091788E+19
   11.3906250       9.87000692E+18
   11.4609375       9.36784347E+18
   11.5312500       8.90236907E+18
   11.6015625       8.47173819E+18
   11.6718750       8.07363142E+18
   11.7421875       7.70522850E+18
   11.8125000       7.36416824E+18
   11.8828125       7.04821313E+18
   11.9531250       6.75595250E+18
   12.0234375       6.48622415E+18
   12.0937500       6.23856465E+18
   12.1640625       6.01239951E+18
   12.2343750       5.80736808E+18
   12.3046875       5.62248740E+18
   12.3750000       5.45647049E+18
   12.4453125       5.30700508E+18
   12.5156250       5.17138691E+18
   12.5859375       5.04617783E+18
   12.6562500       4.92805730E+18
   12.7265625       4.81356625E+18
   12.7968750       4.69997735E+18
   12.8671875       4.58497586E+18
   12.9375000       4.46734735E+18
   13.0078125       4.34639503E+18
   13.0781250       4.22240393E+18
   13.1484375       4.09588367E+18
   13.2187500       3.96788485E+18
   13.2890625       3.83914523E+18
   13.3593750       3.71041799E+18
   13.4296875       3.58158464E+18
   13.5000000       3.45180680E+18
   13.5703125       3.31846353E+18
   13.6406250       3.17735413E+18
   13.7109375       3.02199039E+18
   13.7812500       2.84434092E+18
   13.8515625       0.00000000    
   13.9218750       0.00000000    
   13.9921875       0.00000000    
   14.0625000       0.00000000    
   14.1328125       0.00000000    
   14.2031250       0.00000000    
   14.2734375       0.00000000    
   14.3437500       0.00000000    
   14.4140625       0.00000000    
   14.4843750       0.00000000    
   14.5546875       0.00000000    
   14.6250000       0.00000000    
   14.6953125       0.00000000    
   14.7656250       0.00000000    
   14.8359375       0.00000000    
   14.9062500       0.00000000    
   14.9765625       0.00000000    
   15.0468750       0.00000000    
   15.1171875       0.00000000    
   15.1875000       0.00000000    
   15.2578125       0.00000000    
   15.3281250       0.00000000    
   15.3984375       0.00000000    
   15.4687500       0.00000000    
   15.5390625       0.00000000    
   15.6093750       0.00000000    
   15.6796875       0.00000000    
   15.7500000       0.00000000    
   15.8203125       0.00000000    
   15.8906250       0.00000000    
   15.9609375       0.00000000    
   16.0312500       0.00000000    
   16.1015625       0.00000000    
   16.1718750       0.00000000    
   16.2421875       0.00000000    
   16.3125000       0.00000000    
   16.3828125       0.00000000    
   16.4531250       0.00000000    
   16.5234375       0.00000000    
   16.5937500       0.00000000    
   16.6640625       0.00000000    
   16.7343750       0.00000000    
   16.8046875       0.00000000    
   16.8750000       0.00000000    
   16.9453125       0.00000000    
   17.0156250       0.00000000    
   17.0859375       0.00000000    
   17.1562500       0.00000000    
   17.2265625       0.00000000    
   17.2968750       0.00000000    
   17.3671875       0.00000000    
   17.4375000       0.00000000    
   17.5078125       0.00000000    
   17.5781250       0.00000000    
   17.6484375       0.00000000    
   17.7187500       0.00000000    
   17.7890625       0.00000000    
   17.8593750       0.00000000    
   17.9296875       0.00000000    
   18.0000000       0.00000000    
   18.0703125       0.00000000    
   18.1406250       0.00000000    
   18.2109375       0.00000000    
   18.2812500       0.00000000    
   18.3515625       0.00000000    
   18.4218750       0.00000000    
   18.4921875       0.00000000    
   18.5625000       0.00000000    
   18.6328125       0.00000000    
   18.7031250       0.00000000    
   18.7734375       0.00000000    
   18.8437500       0.00000000    
   18.9140625       0.00000000    
   18.9843750       0.00000000    
   19.0546875       0.00000000    
   19.1250000       0.00000000    
   19.1953125       0.00000000    
   19.2656250       0.00000000    
   19.3359375       0.00000000    
   19.4062500       0.00000000    
   19.4765625       0.00000000    
   19.5468750       0.00000000    
   19.6171875       0.00000000    
   19.6875000       0.00000000    
   19.7578125       0.00000000    
   19.8281250       0.00000000    
   19.8984375       0.00000000    
   19.9687500       0.00000000    
   20.0390625       0.00000000    
   20.1093750       0.00000000    
   20.1796875       0.00000000    
   20.2500000       0.00000000    
   20.3203125       0.00000000    
   20.3906250       0.00000000    
   20.4609375       0.00000000    
   20.5312500       0.00000000    
   20.6015625       0.00000000    
   20.6718750       0.00000000    
   20.7421875       0.00000000    
   20.8125000       0.00000000    
   20.8828125       0.00000000    
   20.9531250       0.00000000    
   21.0234375       0.00000000    
   21.0937500       0.00000000    
   21.1640625       0.00000000    
   21.2343750       0.00000000    
   21.3046875       0.00000000    
   21.3750000       0.00000000    
   21.4453125       0.00000000    
   21.5156250       0.00000000    
   21.5859375       0.00000000    
   21.6562500       0.00000000    
   21.7265625       0.00000000    
   21.7968750       0.00000000    
   21.8671875       0.00000000    
   21.9375000       0.00000000    
   22.0078125       0.00000000    
   22.0781250       0.00000000    
   22.1484375       0.00000000    
   22.2187500       0.00000000    
   22.2890625       0.00000000    
   22.3593750       0.00000000    
   22.4296875       0.00000000    
   22.5000000       0.00000000    
   22.5703125       0.00000000    
   22.6406250       0.00000000    
   22.7109375       0.00000000    
   22.7812500       0.00000000    
   22.8515625       0.00000000    
   22.9218750       0.00000000    
