2006 04 20 23 25 02.0 60.950 167.090
12. 3.055E+20 7.590 52 45 121 192 53 63
  -1.12500000       0.00000000    
  -1.05468750       0.00000000    
 -0.984375000       0.00000000    
 -0.914062500       0.00000000    
 -0.843750000       0.00000000    
 -0.773437500       0.00000000    
 -0.703125000       0.00000000    
 -0.632812500       0.00000000    
 -0.562500000       0.00000000    
 -0.492187500       0.00000000    
 -0.421875000       0.00000000    
 -0.351562500       0.00000000    
 -0.281250000       0.00000000    
 -0.210937500       0.00000000    
 -0.140625000       0.00000000    
  -7.03125000E-02   0.00000000    
   0.00000000       0.00000000    
   7.03125000E-02   3.98108834E+17
  0.140625000       5.11891107E+17
  0.210937500       6.44185102E+17
  0.281250000       7.93948069E+17
  0.351562500       9.58593888E+17
  0.421875000       1.13428045E+18
  0.492187500       1.31639057E+18
  0.562500000       1.50031770E+18
  0.632812500       1.68200829E+18
  0.703125000       1.85842163E+18
  0.773437500       2.02756335E+18
  0.843750000       2.18849062E+18
  0.914062500       2.34107136E+18
  0.984375000       2.48587429E+18
   1.05468750       2.62386053E+18
   1.12500000       2.75626097E+18
   1.19531250       2.88434061E+18
   1.26562500       3.00942655E+18
   1.33593750       3.13277526E+18
   1.40625000       3.25561380E+18
   1.47656250       3.37901254E+18
   1.54687500       3.50394894E+18
   1.61718750       3.63117783E+18
   1.68750000       3.76125693E+18
   1.75781250       3.89441081E+18
   1.82812500       4.03057736E+18
   1.89843750       4.16928542E+18
   1.96875000       4.30972247E+18
   2.03906250       4.45071862E+18
   2.10937500       4.59098936E+18
   2.17968750       4.72922436E+18
   2.25000000       4.86437908E+18
   2.32031250       4.99573004E+18
   2.39062500       5.12306723E+18
   2.46093750       5.24654843E+18
   2.53125000       5.36658706E+18
   2.60156250       5.48346625E+18
   2.67187500       5.59713651E+18
   2.74218750       5.70692659E+18
   2.81250000       5.81161384E+18
   2.88281250       5.90957978E+18
   2.95312500       5.99936315E+18
   3.02343750       6.08012338E+18
   3.09375000       6.15219692E+18
   3.16406250       6.21727866E+18
   3.23437500       6.27849507E+18
   3.30468750       6.33993633E+18
   3.37500000       6.40610714E+18
   3.44531250       6.48109163E+18
   3.51562500       6.56804871E+18
   3.58593750       6.66876452E+18
   3.65625000       6.78369812E+18
   3.72656250       6.91213702E+18
   3.79687500       7.05273982E+18
   3.86718750       7.20390783E+18
   3.93750000       7.36421992E+18
   4.00781250       7.53251227E+18
   4.07812500       7.70792780E+18
   4.14843750       7.88961550E+18
   4.21875000       8.07656986E+18
   4.28906250       8.26741045E+18
   4.35937500       8.46058530E+18
   4.42968750       8.65456883E+18
   4.50000000       8.84833412E+18
   4.57031250       9.04160077E+18
   4.64062500       9.23513681E+18
   4.71093750       9.43061129E+18
   4.78125000       9.63033318E+18
   4.85156250       9.83657957E+18
   4.92187500       1.00510855E+19
   4.99218750       1.02744546E+19
   5.06250000       1.05059996E+19
   5.13281250       1.07437360E+19
   5.20312500       1.09847996E+19
   5.27343750       1.12258026E+19
   5.34375000       1.14633532E+19
   5.41406250       1.16943342E+19
   5.48437500       1.19163025E+19
   5.55468750       1.21275880E+19
   5.62500000       1.23274385E+19
   5.69531250       1.25158156E+19
   5.76562500       1.26933252E+19
   5.83593750       1.28608523E+19
   5.90625000       1.30194227E+19
   5.97656250       1.31699096E+19
   6.04687500       1.33130451E+19
   6.11718750       1.34492394E+19
   6.18750000       1.35785651E+19
   6.25781250       1.37005746E+19
   6.32812500       1.38144048E+19
   6.39843750       1.39188683E+19
   6.46875000       1.40127809E+19
   6.53906250       1.40951321E+19
   6.60937500       1.41653645E+19
   6.67968750       1.42232901E+19
   6.75000000       1.42690353E+19
   6.82031250       1.43026727E+19
   6.89062500       1.43241373E+19
   6.96093750       1.43330346E+19
   7.03125000       1.43287872E+19
   7.10156250       1.43107607E+19
   7.17187500       1.42787341E+19
   7.24218750       1.42332066E+19
   7.31250000       1.41757318E+19
   7.38281250       1.41088156E+19
   7.45312500       1.40357497E+19
   7.52343750       1.39600219E+19
   7.59375000       1.38847736E+19
   7.66406250       1.38121552E+19
   7.73437500       1.37431884E+19
   7.80468750       1.36778378E+19
   7.87500000       1.36156285E+19
   7.94531250       1.35562285E+19
   8.01562500       1.35001369E+19
   8.08593750       1.34488315E+19
   8.15625000       1.34046597E+19
   8.22656250       1.33701933E+19
   8.29687500       1.33476566E+19
   8.36718750       1.33382646E+19
   8.43750000       1.33419535E+19
   8.50781250       1.33572455E+19
   8.57812500       1.33816338E+19
   8.64843750       1.34120144E+19
   8.71875000       1.34453296E+19
   8.78906250       1.34789647E+19
   8.85937500       1.35111166E+19
   8.92968750       1.35407936E+19
   9.00000000       1.35677910E+19
   9.07031250       1.35924288E+19
   9.14062500       1.36154867E+19
   9.21093750       1.36379497E+19
   9.28125000       1.36609317E+19
   9.35156250       1.36853771E+19
   9.42187500       1.37119666E+19
   9.49218750       1.37409036E+19
   9.56250000       1.37719032E+19
   9.63281250       1.38041255E+19
   9.70312500       1.38363555E+19
   9.77343750       1.38671011E+19
   9.84375000       1.38948737E+19
   9.91406250       1.39183263E+19
   9.98437500       1.39365540E+19
   10.0546875       1.39491676E+19
   10.1250000       1.39563925E+19
   10.1953125       1.39588158E+19
   10.2656250       1.39571918E+19
   10.3359375       1.39520021E+19
   10.4062500       1.39431763E+19
   10.4765625       1.39298118E+19
   10.5468750       1.39103163E+19
   10.6171875       1.38826812E+19
   10.6875000       1.38450394E+19
   10.7578125       1.37961156E+19
   10.8281250       1.37357337E+19
   10.8984375       1.36649779E+19
   10.9687500       1.35861583E+19
   11.0390625       1.35023810E+19
   11.1093750       1.34169776E+19
   11.1796875       1.33328088E+19
   11.2500000       1.32518243E+19
   11.3203125       1.31748530E+19
   11.3906250       1.31019554E+19
   11.4609375       1.30329269E+19
   11.5312500       1.29679601E+19
   11.6015625       1.29079608E+19
   11.6718750       1.28546719E+19
   11.7421875       1.28103352E+19
   11.8125000       1.27772509E+19
   11.8828125       1.27571584E+19
   11.9531250       1.27508945E+19
   12.0234375       1.27581293E+19
   12.0937500       1.27774367E+19
   12.1640625       1.28064418E+19
   12.2343750       1.28423233E+19
   12.3046875       1.28823114E+19
   12.3750000       1.29243974E+19
   12.4453125       1.29677611E+19
   12.5156250       1.30131225E+19
   12.5859375       1.30626050E+19
   12.6562500       1.31193760E+19
   12.7265625       1.31868894E+19
   12.7968750       1.32681883E+19
   12.8671875       1.33651950E+19
   12.9375000       1.34783589E+19
   13.0078125       1.36064729E+19
   13.0781250       1.37469443E+19
   13.1484375       1.38961073E+19
   13.2187500       1.40496827E+19
   13.2890625       1.42030525E+19
   13.3593750       1.43516229E+19
   13.4296875       1.44910674E+19
   13.5000000       1.46177696E+19
   13.5703125       1.47291820E+19
   13.6406250       1.48243535E+19
   13.7109375       1.49041319E+19
   13.7812500       1.49711394E+19
   13.8515625       1.50291189E+19
   13.9218750       1.50820780E+19
   13.9921875       1.51331932E+19
   14.0625000       1.51840357E+19
   14.1328125       1.52341954E+19
   14.2031250       1.52816514E+19
   14.2734375       1.53235142E+19
   14.3437500       1.53571153E+19
   14.4140625       1.53808142E+19
   14.4843750       1.53945691E+19
   14.5546875       1.53997588E+19
   14.6250000       1.53985911E+19
   14.6953125       1.53930078E+19
   14.7656250       1.53838686E+19
   14.8359375       1.53704205E+19
   14.9062500       1.53505688E+19
   14.9765625       1.53216385E+19
   15.0468750       1.52816998E+19
   15.1171875       1.52307616E+19
   15.1875000       1.51715771E+19
   15.2578125       1.51094822E+19
   15.3281250       1.50515016E+19
   15.3984375       1.50047119E+19
   15.4687500       1.49746304E+19
   15.5390625       1.49638398E+19
   15.6093750       1.49716133E+19
   15.6796875       1.49942468E+19
   15.7500000       1.50262613E+19
   15.8203125       1.50618448E+19
   15.8906250       1.50964222E+19
   15.9609375       1.51276560E+19
   16.0312500       1.51558519E+19
   16.1015625       1.51834046E+19
   16.1718750       1.52138478E+19
   16.2421875       1.52506628E+19
   16.3125000       1.52964596E+19
   16.3828125       1.53525523E+19
   16.4531250       1.54191519E+19
   16.5234375       1.54956977E+19
   16.5937500       1.55812815E+19
   16.6640625       1.56747917E+19
   16.7343750       1.57750408E+19
   16.8046875       1.58807566E+19
   16.8750000       1.59907540E+19
   16.9453125       1.61040685E+19
   17.0156250       1.62202792E+19
   17.0859375       1.63396048E+19
   17.1562500       1.64628875E+19
   17.2265625       1.65911797E+19
   17.2968750       1.67253091E+19
   17.3671875       1.68653352E+19
   17.4375000       1.70102376E+19
   17.5078125       1.71577107E+19
   17.5781250       1.73043966E+19
   17.6484375       1.74463017E+19
   17.7187500       1.75795109E+19
   17.7890625       1.77007606E+19
   17.8593750       1.78080015E+19
   17.9296875       1.79004693E+19
   18.0000000       1.79785203E+19
   18.0703125       1.80430155E+19
   18.1406250       1.80947959E+19
   18.2109375       1.81342299E+19
   18.2812500       1.81612009E+19
   18.3515625       1.81752769E+19
   18.4218750       1.81763170E+19
   18.4921875       1.81649260E+19
   18.5625000       1.81428501E+19
   18.6328125       1.81127575E+19
   18.7031250       1.80777359E+19
   18.7734375       1.80403701E+19
   18.8437500       1.80018641E+19
   18.9140625       1.79613592E+19
   18.9843750       1.79159724E+19
   19.0546875       1.78614059E+19
   19.1250000       1.77931713E+19
   19.1953125       1.77078195E+19
   19.2656250       1.76040773E+19
   19.3359375       1.74833553E+19
   19.4062500       1.73496448E+19
   19.4765625       1.72087435E+19
   19.5468750       1.70672275E+19
   19.6171875       1.69314312E+19
   19.6875000       1.68067400E+19
   19.7578125       1.66971165E+19
   19.8281250       1.66050819E+19
   19.8984375       1.65317906E+19
   19.9687500       1.64772362E+19
   20.0390625       1.64402442E+19
   20.1093750       1.64185047E+19
   20.1796875       1.64084782E+19
   20.2500000       1.64055271E+19
   20.3203125       1.64041285E+19
   20.3906250       1.63984353E+19
   20.4609375       1.63829673E+19
   20.5312500       1.63532838E+19
   20.6015625       1.63063325E+19
   20.6718750       1.62405036E+19
   20.7421875       1.61553322E+19
   20.8125000       1.60510985E+19
   20.8828125       1.59283369E+19
   20.9531250       1.57875499E+19
   21.0234375       1.56290619E+19
   21.0937500       1.54531411E+19
   21.1640625       1.52602186E+19
   21.2343750       1.50513609E+19
   21.3046875       1.48286999E+19
   21.3750000       1.45957574E+19
   21.4453125       1.43573052E+19
   21.5156250       1.41189410E+19
   21.5859375       1.38863316E+19
   21.6562500       1.36644150E+19
   21.7265625       1.34566468E+19
   21.7968750       1.32645918E+19
   21.8671875       1.30878904E+19
   21.9375000       1.29246624E+19
   22.0078125       1.27720645E+19
   22.0781250       1.26270510E+19
   22.1484375       1.24870205E+19
   22.2187500       1.23503281E+19
   22.2890625       1.22163471E+19
   22.3593750       1.20852974E+19
   22.4296875       1.19577024E+19
   22.5000000       1.18338226E+19
   22.5703125       1.17130523E+19
   22.6406250       1.15936937E+19
   22.7109375       1.14731455E+19
   22.7812500       1.13485389E+19
   22.8515625       1.12175255E+19
   22.9218750       1.10790871E+19
   22.9921875       1.09339790E+19
   23.0625000       1.07847995E+19
   23.1328125       1.06354803E+19
   23.2031250       1.04904866E+19
   23.2734375       1.03538558E+19
   23.3437500       1.02283466E+19
   23.4140625       1.01147384E+19
   23.4843750       1.00116097E+19
   23.5546875       9.91549701E+18
   23.6250000       9.82153825E+18
   23.6953125       9.72429194E+18
   23.7656250       9.61870804E+18
   23.8359375       9.50100092E+18
   23.9062500       9.36930032E+18
   23.9765625       9.22383823E+18
   24.0468750       9.06673396E+18
   24.1171875       8.90140864E+18
   24.1875000       8.73181447E+18
   24.2578125       8.56160952E+18
   24.3281250       8.39359150E+18
   24.3984375       8.22943167E+18
   24.4687500       8.06978753E+18
   24.5390625       7.91459751E+18
   24.6093750       7.76357409E+18
   24.6796875       7.61670462E+18
   24.7500000       7.47465047E+18
   24.8203125       7.33882505E+18
   24.8906250       7.21113437E+18
   24.9609375       7.09342615E+18
   25.0312500       6.98688072E+18
   25.1015625       6.89147665E+18
   25.1718750       6.80583954E+18
   25.2421875       6.72742787E+18
   25.3125000       6.65303491E+18
   25.3828125       6.57931155E+18
   25.4531250       6.50329132E+18
   25.5234375       6.42275759E+18
   25.5937500       6.33650420E+18
   25.6640625       6.24432994E+18
   25.7343750       6.14684944E+18
   25.8046875       6.04508854E+18
   25.8750000       5.94000931E+18
   25.9453125       5.83200429E+18
   26.0156250       5.72060892E+18
   26.0859375       5.60449499E+18
   26.1562500       5.48179004E+18
   26.2265625       5.35056883E+18
   26.2968750       5.20942727E+18
   26.3671875       5.05798493E+18
   26.4375000       4.89719126E+18
   26.5078125       4.72926724E+18
   26.5781250       4.55740863E+18
   26.6484375       4.38527981E+18
   26.7187500       4.21649185E+18
   26.7890625       4.05400932E+18
   26.8593750       3.89967527E+18
   26.9296875       3.75384622E+18
   27.0000000       3.61530748E+18
   27.0703125       3.48143260E+18
   27.1406250       3.34867151E+18
   27.2109375       3.21321635E+18
   27.2812500       3.07174247E+18
   27.3515625       2.92197002E+18
   27.4218750       2.76302104E+18
   27.4921875       2.59547086E+18
   27.5625000       2.42115347E+18
   27.6328125       2.24270287E+18
   27.7031250       2.06303442E+18
   27.7734375       1.88487464E+18
   27.8437500       1.71050969E+18
   27.9140625       1.54170359E+18
   27.9843750       1.37984724E+18
   28.0546875       1.22621742E+18
   28.1250000       0.00000000    
   28.1953125       0.00000000    
   28.2656250       0.00000000    
   28.3359375       0.00000000    
   28.4062500       0.00000000    
   28.4765625       0.00000000    
   28.5468750       0.00000000    
   28.6171875       0.00000000    
   28.6875000       0.00000000    
   28.7578125       0.00000000    
   28.8281250       0.00000000    
   28.8984375       0.00000000    
   28.9687500       0.00000000    
   29.0390625       0.00000000    
   29.1093750       0.00000000    
   29.1796875       0.00000000    
   29.2500000       0.00000000    
   29.3203125       0.00000000    
   29.3906250       0.00000000    
   29.4609375       0.00000000    
   29.5312500       0.00000000    
   29.6015625       0.00000000    
   29.6718750       0.00000000    
   29.7421875       0.00000000    
   29.8125000       0.00000000    
   29.8828125       0.00000000    
   29.9531250       0.00000000    
   30.0234375       0.00000000    
   30.0937500       0.00000000    
   30.1640625       0.00000000    
   30.2343750       0.00000000    
   30.3046875       0.00000000    
   30.3750000       0.00000000    
   30.4453125       0.00000000    
   30.5156250       0.00000000    
   30.5859375       0.00000000    
   30.6562500       0.00000000    
   30.7265625       0.00000000    
   30.7968750       0.00000000    
   30.8671875       0.00000000    
   30.9375000       0.00000000    
   31.0078125       0.00000000    
   31.0781250       0.00000000    
   31.1484375       0.00000000    
   31.2187500       0.00000000    
   31.2890625       0.00000000    
   31.3593750       0.00000000    
   31.4296875       0.00000000    
   31.5000000       0.00000000    
   31.5703125       0.00000000    
   31.6406250       0.00000000    
   31.7109375       0.00000000    
   31.7812500       0.00000000    
   31.8515625       0.00000000    
   31.9218750       0.00000000    
   31.9921875       0.00000000    
   32.0625000       0.00000000    
   32.1328125       0.00000000    
   32.2031250       0.00000000    
   32.2734375       0.00000000    
   32.3437500       0.00000000    
   32.4140625       0.00000000    
   32.4843750       0.00000000    
   32.5546875       0.00000000    
   32.6250000       0.00000000    
   32.6953125       0.00000000    
   32.7656250       0.00000000    
   32.8359375       0.00000000    
   32.9062500       0.00000000    
   32.9765625       0.00000000    
   33.0468750       0.00000000    
   33.1171875       0.00000000    
   33.1875000       0.00000000    
   33.2578125       0.00000000    
   33.3281250       0.00000000    
   33.3984375       0.00000000    
   33.4687500       0.00000000    
   33.5390625       0.00000000    
   33.6093750       0.00000000    
   33.6796875       0.00000000    
   33.7500000       0.00000000    
   33.8203125       0.00000000    
   33.8906250       0.00000000    
   33.9609375       0.00000000    
   34.0312500       0.00000000    
   34.1015625       0.00000000    
   34.1718750       0.00000000    
   34.2421875       0.00000000    
   34.3125000       0.00000000    
   34.3828125       0.00000000    
   34.4531250       0.00000000    
   34.5234375       0.00000000    
   34.5937500       0.00000000    
   34.6640625       0.00000000    
   34.7343750       0.00000000    
   34.8046875       0.00000000    
   34.8750000       0.00000000    
   34.9453125       0.00000000    
   35.0156250       0.00000000    
   35.0859375       0.00000000    
   35.1562500       0.00000000    
   35.2265625       0.00000000    
   35.2968750       0.00000000    
   35.3671875       0.00000000    
   35.4375000       0.00000000    
   35.5078125       0.00000000    
   35.5781250       0.00000000    
   35.6484375       0.00000000    
   35.7187500       0.00000000    
   35.7890625       0.00000000    
   35.8593750       0.00000000    
   35.9296875       0.00000000    
   36.0000000       0.00000000    
   36.0703125       0.00000000    
   36.1406250       0.00000000    
   36.2109375       0.00000000    
   36.2812500       0.00000000    
   36.3515625       0.00000000    
   36.4218750       0.00000000    
   36.4921875       0.00000000    
   36.5625000       0.00000000    
   36.6328125       0.00000000    
   36.7031250       0.00000000    
   36.7734375       0.00000000    
   36.8437500       0.00000000    
   36.9140625       0.00000000    
   36.9843750       0.00000000    
   37.0546875       0.00000000    
   37.1250000       0.00000000    
   37.1953125       0.00000000    
   37.2656250       0.00000000    
   37.3359375       0.00000000    
   37.4062500       0.00000000    
   37.4765625       0.00000000    
   37.5468750       0.00000000    
   37.6171875       0.00000000    
   37.6875000       0.00000000    
   37.7578125       0.00000000    
   37.8281250       0.00000000    
   37.8984375       0.00000000    
   37.9687500       0.00000000    
   38.0390625       0.00000000    
   38.1093750       0.00000000    
   38.1796875       0.00000000    
   38.2500000       0.00000000    
   38.3203125       0.00000000    
   38.3906250       0.00000000    
   38.4609375       0.00000000    
   38.5312500       0.00000000    
   38.6015625       0.00000000    
   38.6718750       0.00000000    
   38.7421875       0.00000000    
   38.8125000       0.00000000    
   38.8828125       0.00000000    
   38.9531250       0.00000000    
   39.0234375       0.00000000    
   39.0937500       0.00000000    
   39.1640625       0.00000000    
   39.2343750       0.00000000    
   39.3046875       0.00000000    
   39.3750000       0.00000000    
   39.4453125       0.00000000    
   39.5156250       0.00000000    
