2018 02 25 17 44 44.0 -6.070 142.754
15. 2.267E+20 7.504 313 40 90 133 50 90
  -1.12695312       0.00000000    
  -1.05651855       1.23103160E+17
 -0.986083984       1.23023007E+17
 -0.915649414       1.22053985E+17
 -0.845214844       1.20474468E+17
 -0.774780273       1.19036951E+17
 -0.704345703       1.18750589E+17
 -0.633911133       1.20252650E+17
 -0.563476562       1.23638949E+17
 -0.493041992       1.27785353E+17
 -0.422607422       1.31971177E+17
 -0.352172852       1.35299665E+17
 -0.281738281       1.37563095E+17
 -0.211303711       1.38724626E+17
 -0.140869141       1.39746983E+17
  -7.04345703E-02   1.41964303E+17
   0.00000000       1.46401949E+17
   7.04345703E-02   1.52918737E+17
  0.140869141       1.61988557E+17
  0.211303711       1.74222978E+17
  0.281738281       1.89889025E+17
  0.352172852       2.08284869E+17
  0.422607422       2.28526826E+17
  0.493041992       2.49950260E+17
  0.563476562       2.72017012E+17
  0.633911133       2.94363418E+17
  0.704345703       3.16320562E+17
  0.774780273       3.37173281E+17
  0.845214844       3.56108658E+17
  0.915649414       3.72815325E+17
  0.986083984       3.87365162E+17
   1.05651855       4.00099396E+17
   1.12695312       4.11497965E+17
   1.19738770       4.22039464E+17
   1.26782227       4.31611778E+17
   1.33825684       4.40037851E+17
   1.40869141       4.47604380E+17
   1.47912598       4.55047284E+17
   1.54956055       4.63007473E+17
   1.61999512       4.71554492E+17
   1.69042969       4.82361352E+17
   1.76086426       4.97744275E+17
   1.83129883       5.18814423E+17
   1.90173340       5.44227126E+17
   1.97216797       5.71466289E+17
   2.04260254       5.98938893E+17
   2.11303711       6.25781339E+17
   2.18347168       6.51674013E+17
   2.25390625       6.76671204E+17
   2.32434082       7.01066137E+17
   2.39477539       7.25060436E+17
   2.46520996       7.48550540E+17
   2.53564453       7.71300466E+17
   2.60607910       7.93107355E+17
   2.67651367       8.13899601E+17
   2.74694824       8.33507879E+17
   2.81738281       8.51698887E+17
   2.88781738       8.68236572E+17
   2.95825195       8.82922955E+17
   3.02868652       8.95858916E+17
   3.09912109       9.07161208E+17
   3.16955566       9.16934355E+17
   3.23999023       9.25028959E+17
   3.31042480       9.31321190E+17
   3.38085938       9.35735454E+17
   3.45129395       9.38259933E+17
   3.52172852       9.39328795E+17
   3.59216309       9.39925830E+17
   3.66259766       9.40800560E+17
   3.73303223       9.42181822E+17
   3.80346680       9.43734813E+17
   3.87390137       9.45372398E+17
   3.94433594       9.47166870E+17
   4.01477051       9.49284804E+17
   4.08520508       9.51752658E+17
   4.15563965       9.54430519E+17
   4.22607422       9.57100339E+17
   4.29650879       9.59655948E+17
   4.36694336       9.62102430E+17
   4.43737793       9.64462806E+17
   4.50781250       9.66780302E+17
   4.57824707       9.69156828E+17
   4.64868164       9.71774284E+17
   4.71911621       9.74923697E+17
   4.78955078       9.78916368E+17
   4.85998535       9.83861215E+17
   4.93041992       9.89680312E+17
   5.00085449       9.96100154E+17
   5.07128906       1.00278491E+18
   5.14172363       1.00927333E+18
   5.21215820       1.01506494E+18
   5.28259277       1.01976529E+18
   5.35302734       1.02321549E+18
   5.42346191       1.02561661E+18
   5.49389648       1.02757594E+18
   5.56433105       1.02889501E+18
   5.63476562       1.02890573E+18
   5.70520020       1.02663462E+18
   5.77563477       1.02199365E+18
   5.84606934       1.01538057E+18
   5.91650391       1.00744711E+18
   5.98693848       9.99027329E+17
   6.05737305       9.91026939E+17
   6.12780762       9.84290506E+17
   6.19824219       9.80842643E+17
   6.26867676       9.82637184E+17
   6.33911133       9.90953684E+17
   6.40954590       1.00515017E+18
   6.47998047       1.02398851E+18
   6.55041504       1.04639182E+18
   6.62084961       1.07148920E+18
   6.69128418       1.09860323E+18
   6.76171875       1.12715094E+18
   6.83215332       1.15655993E+18
   6.90258789       1.18619616E+18
   6.97302246       1.21537761E+18
   7.04345703       1.24343426E+18
   7.11389160       1.26982378E+18
   7.18432617       1.29422263E+18
   7.25476074       1.31683890E+18
   7.32519531       1.33844897E+18
   7.39562988       1.35984533E+18
   7.46606445       1.38152399E+18
   7.53649902       1.40356906E+18
   7.60693359       1.42610232E+18
   7.67736816       1.44924291E+18
   7.74780273       1.47308788E+18
   7.81823730       1.49773440E+18
   7.88867188       1.52329543E+18
   7.95910645       1.54991928E+18
   8.02954102       1.57776648E+18
   8.09997559       1.60697212E+18
   8.17041016       1.63758499E+18
   8.24084473       1.66953955E+18
   8.31127930       1.70264791E+18
   8.38171387       1.73664467E+18
   8.45214844       1.77124163E+18
   8.52258301       1.80620898E+18
   8.59301758       1.84143060E+18
   8.66345215       1.87695170E+18
   8.73388672       1.91297211E+18
   8.80432129       1.94981949E+18
   8.87475586       1.98788115E+18
   8.94519043       2.02754301E+18
   9.01562500       2.06911706E+18
   9.08605957       2.11280959E+18
   9.15649414       2.15869688E+18
   9.22692871       2.20674416E+18
   9.29736328       2.25681524E+18
   9.36779785       2.30871301E+18
   9.43823242       2.36218693E+18
   9.50866699       2.41694646E+18
   9.57910156       2.47263672E+18
   9.64953613       2.52882397E+18
   9.71997070       2.58495184E+18
   9.79040527       2.64032627E+18
   9.86083984       2.69409074E+18
   9.93127441       2.74527575E+18
   10.0017090       2.79286371E+18
   10.0721436       2.83589640E+18
   10.1425781       2.87356814E+18
   10.2130127       2.90532726E+18
   10.2834473       2.93092581E+18
   10.3538818       2.95046414E+18
   10.4243164       2.96436141E+18
   10.4947510       2.97332326E+18
   10.5651855       2.97824550E+18
   10.6356201       2.98012869E+18
   10.7060547       2.97996431E+18
   10.7764893       2.97865836E+18
   10.8469238       2.97697858E+18
   10.9173584       2.97557836E+18
   10.9877930       2.97506653E+18
   11.0582275       2.97614515E+18
   11.1286621       2.97975678E+18
   11.1990967       2.98720377E+18
   11.2695312       3.00015437E+18
   11.3399658       3.01933342E+18
   11.4104004       3.04279837E+18
   11.4808350       3.06794311E+18
   11.5512695       3.09267854E+18
   11.6217041       3.11700222E+18
   11.6921387       3.14090175E+18
   11.7625732       3.16438402E+18
   11.8330078       3.18796964E+18
   11.9034424       3.21413500E+18
   11.9738770       3.24468960E+18
   12.0443115       3.28036793E+18
   12.1147461       3.31949020E+18
   12.1851807       3.36067901E+18
   12.2556152       3.40285902E+18
   12.3260498       3.44522760E+18
   12.3964844       3.48718826E+18
   12.4669189       3.52833089E+18
   12.5373535       3.56843805E+18
   12.6077881       3.60755730E+18
   12.6782227       3.64605175E+18
   12.7486572       3.68463334E+18
   12.8190918       3.72431911E+18
   12.8895264       3.76634767E+18
   12.9599609       3.81205464E+18
   13.0303955       3.86277099E+18
   13.1008301       3.91973037E+18
   13.1712646       3.98400617E+18
   13.2416992       4.05643952E+18
   13.3121338       4.13758705E+18
   13.3825684       4.22763513E+18
   13.4530029       4.32633224E+18
   13.5234375       4.43291642E+18
   13.5938721       4.54610317E+18
   13.6643066       4.66411403E+18
   13.7347412       4.78480193E+18
   13.8051758       4.90582242E+18
   13.8756104       5.02486929E+18
   13.9460449       5.13987931E+18
   14.0164795       5.24920650E+18
   14.0869141       5.35167384E+18
   14.1573486       5.44657433E+18
   14.2277832       5.53358639E+18
   14.2982178       5.61270669E+18
   14.3686523       5.68414031E+18
   14.4390869       5.74823854E+18
   14.5095215       5.80539336E+18
   14.5799561       5.85595660E+18
   14.6503906       5.90017456E+18
   14.7208252       5.93819787E+18
   14.7912598       5.97014913E+18
   14.8616943       5.99627572E+18
   14.9321289       6.01708398E+18
   15.0025635       6.03347385E+18
   15.0729980       6.04677519E+18
   15.1434326       6.05872139E+18
   15.2138672       6.07131189E+18
   15.2843018       6.08663304E+18
   15.3547363       6.10662546E+18
   15.4251709       6.13285871E+18
   15.4956055       6.16632674E+18
   15.5660400       6.20732918E+18
   15.6364746       6.25547294E+18
   15.7069092       6.30979542E+18
   15.7773438       6.36899862E+18
   15.8477783       6.43170872E+18
   15.9182129       6.49667996E+18
   15.9886475       6.56293268E+18
   16.0590820       6.62975275E+18
   16.1295166       6.69666243E+18
   16.1999512       6.76336815E+18
   16.2703857       6.82975391E+18
   16.3408203       6.89591153E+18
   16.4112549       6.96215820E+18
   16.4816895       7.02901841E+18
   16.5521240       7.09713920E+18
   16.6225586       7.16714126E+18
   16.6929932       7.23950287E+18
   16.7634277       7.31446097E+18
   16.8338623       7.39202492E+18
   16.9042969       7.47200504E+18
   16.9747314       7.55408909E+18
   17.0451660       7.63784823E+18
   17.1156006       7.72274317E+18
   17.1860352       7.80808067E+18
   17.2564697       7.89302564E+18
   17.3269043       7.97662041E+18
   17.3973389       8.05790016E+18
   17.4677734       8.13603365E+18
   17.5382080       8.21052337E+18
   17.6086426       8.28137919E+18
   17.6790771       8.34924380E+18
   17.7495117       8.41536128E+18
   17.8199463       8.48142819E+18
   17.8903809       8.54930599E+18
   17.9608154       8.62068958E+18
   18.0312500       8.69678128E+18
   18.1016846       8.77806598E+18
   18.1721191       8.86423910E+18
   18.2425537       8.95430230E+18
   18.3129883       9.04679872E+18
   18.3834229       9.14013791E+18
   18.4538574       9.23289381E+18
   18.5242920       9.32401583E+18
   18.5947266       9.41289486E+18
   18.6651611       9.49931977E+18
   18.7355957       9.58334555E+18
   18.8060303       9.66517890E+18
   18.8764648       9.74513209E+18
   18.9468994       9.82368449E+18
   19.0173340       9.90161898E+18
   19.0877686       9.98012961E+18
   19.1582031       1.00608184E+19
   19.2286377       1.01455555E+19
   19.2990723       1.02362224E+19
   19.3695068       1.03344142E+19
   19.4399414       1.04411702E+19
   19.5103760       1.05568180E+19
   19.5808105       1.06809033E+19
   19.6512451       1.08122774E+19
   19.7216797       1.09492688E+19
   19.7921143       1.10899305E+19
   19.8625488       1.12322996E+19
   19.9329834       1.13745962E+19
   20.0034180       1.15153051E+19
   20.0738525       1.16531905E+19
   20.1442871       1.17872067E+19
   20.2147217       1.19164433E+19
   20.2851562       1.20400514E+19
   20.3555908       1.21572319E+19
   20.4260254       1.22672127E+19
   20.4964600       1.23692199E+19
   20.5668945       1.24623739E+19
   20.6373291       1.25456003E+19
   20.7077637       1.26175534E+19
   20.7781982       1.26766489E+19
   20.8486328       1.27212022E+19
   20.9190674       1.27497114E+19
   20.9895020       1.27611892E+19
   21.0599365       1.27554377E+19
   21.1303711       1.27331913E+19
   21.2008057       1.26961190E+19
   21.2712402       1.26466234E+19
   21.3416748       1.25875643E+19
   21.4121094       1.25219212E+19
   21.4825439       1.24525013E+19
   21.5529785       1.23817214E+19
   21.6234131       1.23114560E+19
   21.6938477       1.22429861E+19
   21.7642822       1.21770231E+19
   21.8347168       1.21138034E+19
   21.9051514       1.20532236E+19
   21.9755859       1.19949770E+19
   22.0460205       1.19386930E+19
   22.1164551       1.18840077E+19
   22.1868896       1.18306429E+19
   22.2573242       1.17784106E+19
   22.3277588       1.17272745E+19
   22.3981934       1.16773358E+19
   22.4686279       1.16288407E+19
   22.5390625       1.15821180E+19
   22.6094971       1.15374999E+19
   22.6799316       1.14951918E+19
   22.7503662       1.14551981E+19
   22.8208008       1.14172771E+19
   22.8912354       1.13809877E+19
   22.9616699       1.13457989E+19
   23.0321045       1.13112666E+19
   23.1025391       1.12771509E+19
   23.1729736       1.12435388E+19
   23.2434082       1.12109064E+19
   23.3138428       1.11800948E+19
   23.3842773       1.11522464E+19
   23.4547119       1.11286630E+19
   23.5251465       1.11106881E+19
   23.5955811       1.10995666E+19
   23.6660156       1.10963670E+19
   23.7364502       1.11019206E+19
   23.8068848       1.11168113E+19
   23.8773193       1.11414052E+19
   23.9477539       1.11758793E+19
   24.0181885       1.12202589E+19
   24.0886230       1.12744461E+19
   24.1590576       1.13382354E+19
   24.2294922       1.14112781E+19
   24.2999268       1.14930554E+19
   24.3703613       1.15828074E+19
   24.4407959       1.16794875E+19
   24.5112305       1.17817179E+19
   24.5816650       1.18878109E+19
   24.6520996       1.19958324E+19
   24.7225342       1.21037352E+19
   24.7929688       1.22094796E+19
   24.8634033       1.23111954E+19
   24.9338379       1.24073125E+19
   25.0042725       1.24967039E+19
   25.0747070       1.25787627E+19
   25.1451416       1.26534316E+19
   25.2155762       1.27210977E+19
   25.2860107       1.27824406E+19
   25.3564453       1.28381935E+19
   25.4268799       1.28889624E+19
   25.4973145       1.29351386E+19
   25.5677490       1.29769002E+19
   25.6381836       1.30143045E+19
   25.7086182       1.30474218E+19
   25.7790527       1.30764346E+19
   25.8494873       1.31017135E+19
   25.9199219       1.31238038E+19
   25.9903564       1.31433322E+19
   26.0607910       1.31608518E+19
   26.1312256       1.31767189E+19
   26.2016602       1.31909641E+19
   26.2720947       1.32033205E+19
   26.3425293       1.32132853E+19
   26.4129639       1.32202826E+19
   26.4833984       1.32237615E+19
   26.5538330       1.32232920E+19
   26.6242676       1.32185740E+19
   26.6947021       1.32094403E+19
   26.7651367       1.31958130E+19
   26.8355713       1.31776677E+19
   26.9060059       1.31550057E+19
   26.9764404       1.31278742E+19
   27.0468750       1.30963512E+19
   27.1173096       1.30605896E+19
   27.1877441       1.30207630E+19
   27.2581787       1.29770674E+19
   27.3286133       1.29296553E+19
   27.3990479       1.28786303E+19
   27.4694824       1.28240395E+19
   27.5399170       1.27659655E+19
   27.6103516       1.27045743E+19
   27.6807861       1.26402100E+19
   27.7512207       1.25734520E+19
   27.8216553       1.25050800E+19
   27.8920898       1.24360120E+19
   27.9625244       1.23671463E+19
   28.0329590       1.22992140E+19
   28.1033936       1.22326573E+19
   28.1738281       1.21675255E+19
   28.2442627       1.21034823E+19
   28.3146973       1.20398744E+19
   28.3851318       1.19758861E+19
   28.4555664       1.19107115E+19
   28.5260010       1.18437402E+19
   28.5964355       1.17746117E+19
   28.6668701       1.17031578E+19
   28.7373047       1.16291782E+19
   28.8077393       1.15521465E+19
   28.8781738       1.14709882E+19
   28.9486084       1.13839641E+19
   29.0190430       1.12887738E+19
   29.0894775       1.11828304E+19
   29.1599121       1.10636170E+19
   29.2303467       1.09290675E+19
   29.3007812       1.07778550E+19
   29.3712158       1.06095780E+19
   29.4416504       1.04248183E+19
   29.5120850       1.02250865E+19
   29.5825195       1.00126861E+19
   29.6529541       9.79050343E+18
   29.7233887       9.56177313E+18
   29.7938232       9.32984654E+18
   29.8642578       9.09794965E+18
   29.9346924       8.86897140E+18
   30.0051270       8.64528950E+18
   30.0755615       8.42870001E+18
   30.1459961       8.22050913E+18
   30.2164307       8.02184717E+18
   30.2868652       7.83418143E+18
   30.3572998       7.65998745E+18
   30.4277344       7.50343843E+18
   30.4981689       7.37095278E+18
   30.5686035       7.26164153E+18
   30.6390381       7.17161957E+18
   30.7094727       7.09428157E+18
   30.7799072       7.02910637E+18
   30.8503418       6.97636389E+18
   30.9207764       6.93569296E+18
   30.9912109       6.90606332E+18
   31.0616455       6.88590487E+18
   31.1320801       6.87339683E+18
   31.2025146       6.86681021E+18
   31.2729492       6.86482834E+18
   31.3433838       6.86674039E+18
   31.4138184       6.87243971E+18
   31.4842529       6.88226054E+18
   31.5546875       6.89668174E+18
   31.6251221       6.91600730E+18
   31.6955566       6.94008221E+18
   31.7659912       6.96811481E+18
   31.8364258       6.99861746E+18
   31.9068604       7.02945821E+18
   31.9772949       7.05803122E+18
   32.0477295       7.08153658E+18
   32.1181641       7.09730083E+18
   32.1885986       7.10316123E+18
   32.2590332       7.09781925E+18
   32.3294678       7.08700830E+18
   32.3999023       7.07720670E+18
   32.4703369       7.07355577E+18
   32.5407715       7.07428200E+18
   32.6112061       7.07714788E+18
   32.6816406       7.08122762E+18
   32.7520752       7.08595057E+18
   32.8225098       7.09029254E+18
   32.8929443       7.09231014E+18
   32.9633789       7.08908583E+18
   33.0338135       7.07705497E+18
   33.1042480       7.05256995E+18
   33.1746826       7.01253398E+18
   33.2451172       6.95492342E+18
   33.3155518       6.87909560E+18
   33.3859863       6.78583062E+18
   33.4564209       6.67709827E+18
   33.5268555       6.55560663E+18
   33.5972900       6.42421939E+18
   33.6677246       6.28535712E+18
   33.7381592       6.14051076E+18
   33.8085938       5.98996672E+18
   33.8790283       5.83260022E+18
   33.9494629       5.66519133E+18
   34.0198975       5.48389011E+18
   34.0903320       5.28482463E+18
   34.1607666       5.06559795E+18
   34.2312012       4.82621943E+18
   34.3016357       4.56883695E+18
   34.3720703       4.29823862E+18
   34.4425049       4.02105174E+18
   34.5129395       3.74710594E+18
   34.5833740       3.48221765E+18
   34.6538086       3.22443715E+18
   34.7242432       2.96863384E+18
   34.7946777       2.71305924E+18
   34.8651123       2.46224414E+18
   34.9355469       2.11559506E+18
   35.0059814       1.94162291E+18
   35.0764160       1.77878675E+18
   35.1468506       1.37376061E+18
   35.2172852       1.26314246E+18
   35.2877197       1.18884832E+18
   35.3581543       1.20533302E+18
   35.4285889       1.22480441E+18
   35.4990234       1.24644308E+18
   35.5694580       1.26926853E+18
   35.6398926       1.29204051E+18
   35.7103271       1.31321848E+18
   35.7807617       1.33093175E+18
   35.8511963       1.34305868E+18
   35.9216309       1.34736904E+18
   35.9920654       1.34179877E+18
   36.0625000       1.32477435E+18
   36.1329346       1.29559716E+18
   36.2033691       1.17662835E+18
   36.2738037       1.14962998E+18
   36.3442383       1.04645030E+18
   36.4146729       1.02379616E+18
   36.4851074       9.97997499E+17
   36.5555420       9.69551896E+17
   36.6259766       9.38184066E+17
   36.6964111       9.02851947E+17
   36.7668457       8.61940219E+17
   36.8372803       8.13618538E+17
   36.9077148       6.75930065E+17
   36.9781494       6.24928462E+17
   37.0485840       5.67390022E+17
   37.1190186       5.05411170E+17
   37.1894531       3.91895494E+17
   37.2598877       3.64729447E+17
   37.3303223       3.36036729E+17
   37.4007568       3.06608163E+17
   37.4711914       2.77296729E+17
   37.5416260       2.48933831E+17
   37.6120605       2.22238461E+17
   37.6824951       1.34484944E+17
   37.7529297       1.19285475E+17
   37.8233643       1.06001416E+17
   37.8937988       9.47172574E+16
   37.9642334       8.54233776E+16
   38.0346680       7.80237761E+16
   38.1051025       7.23347483E+16
   38.1755371       0.00000000    
   38.2459717       0.00000000    
   38.3164062       0.00000000    
   38.3868408       0.00000000    
   38.4572754       0.00000000    
   38.5277100       0.00000000    
   38.5981445       0.00000000    
   38.6685791       0.00000000    
   38.7390137       0.00000000    
   38.8094482       0.00000000    
   38.8798828       0.00000000    
   38.9503174       0.00000000    
   39.0207520       0.00000000    
   39.0911865       0.00000000    
   39.1616211       0.00000000    
   39.2320557       0.00000000    
   39.3024902       0.00000000    
   39.3729248       0.00000000    
   39.4433594       0.00000000    
   39.5137939       0.00000000    
   39.5842285       0.00000000    
   39.6546631       0.00000000    
   39.7250977       0.00000000    
   39.7955322       0.00000000    
   39.8659668       0.00000000    
   39.9364014       0.00000000    
   40.0068359       0.00000000    
   40.0772705       0.00000000    
   40.1477051       0.00000000    
   40.2181396       0.00000000    
   40.2885742       0.00000000    
   40.3590088       0.00000000    
   40.4294434       0.00000000    
   40.4998779       0.00000000    
   40.5703125       0.00000000    
   40.6407471       0.00000000    
   40.7111816       0.00000000    
   40.7816162       0.00000000    
   40.8520508       0.00000000    
   40.9224854       0.00000000    
   40.9929199       0.00000000    
   41.0633545       0.00000000    
   41.1337891       0.00000000    
   41.2042236       0.00000000    
   41.2746582       0.00000000    
   41.3450928       0.00000000    
   41.4155273       0.00000000    
   41.4859619       0.00000000    
   41.5563965       0.00000000    
   41.6268311       0.00000000    
   41.6972656       0.00000000    
   41.7677002       0.00000000    
   41.8381348       0.00000000    
   41.9085693       0.00000000    
   41.9790039       0.00000000    
   42.0494385       0.00000000    
   42.1198730       0.00000000    
   42.1903076       0.00000000    
   42.2607422       0.00000000    
   42.3311768       0.00000000    
   42.4016113       0.00000000    
   42.4720459       0.00000000    
   42.5424805       0.00000000    
   42.6129150       0.00000000    
   42.6833496       0.00000000    
   42.7537842       0.00000000    
   42.8242188       0.00000000    
   42.8946533       0.00000000    
   42.9650879       0.00000000    
   43.0355225       0.00000000    
   43.1059570       0.00000000    
   43.1763916       0.00000000    
   43.2468262       0.00000000    
   43.3172607       0.00000000    
   43.3876953       0.00000000    
   43.4581299       0.00000000    
   43.5285645       0.00000000    
   43.5989990       0.00000000    
   43.6694336       0.00000000    
   43.7398682       0.00000000    
   43.8103027       0.00000000    
   43.8807373       0.00000000    
   43.9511719       0.00000000    
   44.0216064       0.00000000    
   44.0920410       0.00000000    
   44.1624756       0.00000000    
   44.2329102       0.00000000    
   44.3033447       0.00000000    
   44.3737793       0.00000000    
   44.4442139       0.00000000    
   44.5146484       0.00000000    
   44.5850830       0.00000000    
   44.6555176       0.00000000    
   44.7259521       0.00000000    
   44.7963867       0.00000000    
   44.8668213       0.00000000    
   44.9372559       0.00000000    
   45.0076904       0.00000000    
   45.0781250       0.00000000    
   45.1485596       0.00000000    
   45.2189941       0.00000000    
   45.2894287       0.00000000    
