2018 02 25 17 44 44.0 -6.070 142.754
15. 2.267E+20 7.504 313 40 90 133 50 90
  -1.12695312       0.00000000    
  -1.05651855       0.00000000    
 -0.986083984       0.00000000    
 -0.915649414       0.00000000    
 -0.845214844       0.00000000    
 -0.774780273       0.00000000    
 -0.704345703       0.00000000    
 -0.633911133       0.00000000    
 -0.563476562       0.00000000    
 -0.493041992       0.00000000    
 -0.422607422       0.00000000    
 -0.352172852       0.00000000    
 -0.281738281       0.00000000    
 -0.211303711       0.00000000    
 -0.140869141       0.00000000    
  -7.04345703E-02   0.00000000    
   0.00000000       0.00000000    
   7.04345703E-02   5.55216160E+17
  0.140869141       5.67954140E+17
  0.211303711       5.89926265E+17
  0.281738281       6.21090685E+17
  0.352172852       6.61087207E+17
  0.422607422       7.09165277E+17
  0.493041992       7.64201126E+17
  0.563476562       8.24644372E+17
  0.633911133       8.88579462E+17
  0.704345703       9.53732123E+17
  0.774780273       1.01758475E+18
  0.845214844       1.07743584E+18
  0.915649414       1.13060877E+18
  0.986083984       1.17462160E+18
   1.05651855       1.20747061E+18
   1.12695312       1.22780306E+18
   1.19738770       1.23512099E+18
   1.26782227       1.22979056E+18
   1.33825684       1.21300995E+18
   1.40869141       1.18656821E+18
   1.47912598       1.15262010E+18
   1.54956055       1.11335592E+18
   1.61999512       1.07079396E+18
   1.69042969       1.02656556E+18
   1.76086426       9.81917347E+17
   1.83129883       9.37740619E+17
   1.90173340       8.94771636E+17
   1.97216797       8.53714429E+17
   2.04260254       8.15433008E+17
   2.11303711       7.80987920E+17
   2.18347168       7.51694318E+17
   2.25390625       7.29025206E+17
   2.32434082       7.14571920E+17
   2.39477539       7.09884014E+17
   2.46520996       7.16366460E+17
   2.53564453       7.35058845E+17
   2.60607910       7.66500479E+17
   2.67651367       8.10534821E+17
   2.74694824       8.66242952E+17
   2.81738281       9.31879604E+17
   2.88781738       1.00500970E+18
   2.95825195       1.08266464E+18
   3.02868652       1.16163513E+18
   3.09912109       1.23867462E+18
   3.16955566       1.31076437E+18
   3.23999023       1.37524097E+18
   3.31042480       1.42995033E+18
   3.38085938       1.47326243E+18
   3.45129395       1.50414098E+18
   3.52172852       1.52210342E+18
   3.59216309       1.52723966E+18
   3.66259766       1.52013489E+18
   3.73303223       1.50187378E+18
   3.80346680       1.47395925E+18
   3.87390137       1.43830085E+18
   3.94433594       1.39709514E+18
   4.01477051       1.35278427E+18
   4.08520508       1.30791732E+18
   4.15563965       1.26508612E+18
   4.22607422       1.22676168E+18
   4.29650879       1.19523126E+18
   4.36694336       1.17246546E+18
   4.43737793       1.16009623E+18
   4.50781250       1.15931778E+18
   4.57824707       1.17089962E+18
   4.64868164       1.19512035E+18
   4.71911621       1.23179044E+18
   4.78955078       1.28019217E+18
   4.85998535       1.33910360E+18
   4.93041992       1.40674514E+18
   5.00085449       1.48078873E+18
   5.07128906       1.55829619E+18
   5.14172363       1.63579815E+18
   5.21215820       1.70939382E+18
   5.28259277       1.77502615E+18
   5.35302734       1.82874554E+18
   5.42346191       1.86708729E+18
   5.49389648       1.88733178E+18
   5.56433105       1.88776801E+18
   5.63476562       1.86775923E+18
   5.70520020       1.82779198E+18
   5.77563477       1.76936229E+18
   5.84606934       1.69487711E+18
   5.91650391       1.60743611E+18
   5.98693848       1.51068101E+18
   6.05737305       1.40855920E+18
   6.12780762       1.30515975E+18
   6.19824219       1.20445245E+18
   6.26867676       1.11013229E+18
   6.33911133       1.02539678E+18
   6.40954590       9.52849352E+17
   6.47998047       8.94353684E+17
   6.55041504       8.51049556E+17
   6.62084961       8.23353477E+17
   6.69128418       8.11108285E+17
   6.76171875       8.13674339E+17
   6.83215332       8.30127637E+17
   6.90258789       8.59355680E+17
   6.97302246       9.00203155E+17
   7.04345703       9.51493517E+17
   7.11389160       1.01210245E+18
   7.18432617       1.08092748E+18
   7.25476074       1.15688758E+18
   7.32519531       1.23881975E+18
   7.39562988       1.32545481E+18
   7.46606445       1.41535253E+18
   7.53649902       1.50694913E+18
   7.60693359       1.59858078E+18
   7.67736816       1.68865580E+18
   7.74780273       1.77578000E+18
   7.81823730       1.85894939E+18
   7.88867188       1.93760461E+18
   7.95910645       2.01170125E+18
   8.02954102       2.08164187E+18
   8.09997559       2.14821579E+18
   8.17041016       2.21243647E+18
   8.24084473       2.27545141E+18
   8.31127930       2.33840395E+18
   8.38171387       2.40238755E+18
   8.45214844       2.46833516E+18
   8.52258301       2.53702742E+18
   8.59301758       2.60905945E+18
   8.66345215       2.68490981E+18
   8.73388672       2.76493804E+18
   8.80432129       2.84946382E+18
   8.87475586       2.93874059E+18
   8.94519043       3.03295197E+18
   9.01562500       3.13207350E+18
   9.08605957       3.23577943E+18
   9.15649414       3.34327264E+18
   9.22692871       3.45319769E+18
   9.29736328       3.56353065E+18
   9.36779785       3.67161815E+18
   9.43823242       3.77426745E+18
   9.50866699       3.86798570E+18
   9.57910156       3.94919948E+18
   9.64953613       4.01455390E+18
   9.71997070       4.06110832E+18
   9.79040527       4.08652436E+18
   9.86083984       4.08908099E+18
   9.93127441       4.06769055E+18
   10.0017090       4.02179666E+18
   10.0721436       3.95134270E+18
   10.1425781       3.85669371E+18
   10.2130127       3.73871089E+18
   10.2834473       3.59884175E+18
   10.3538818       3.43933779E+18
   10.4243164       3.26338817E+18
   10.4947510       3.07524689E+18
   10.5651855       2.88015642E+18
   10.6356201       2.68417094E+18
   10.7060547       2.49371161E+18
   10.7764893       2.31511739E+18
   10.8469238       2.15410312E+18
   10.9173584       2.01540371E+18
   10.9877930       1.90249047E+18
   11.0582275       1.81757587E+18
   11.1286621       1.76169828E+18
   11.1990967       1.73498784E+18
   11.2695312       1.73685619E+18
   11.3399658       1.76622579E+18
   11.4104004       1.82158661E+18
   11.4808350       1.90103196E+18
   11.5512695       2.00216381E+18
   11.6217041       2.12209496E+18
   11.6921387       2.25747137E+18
   11.7625732       2.40464402E+18
   11.8330078       2.55984284E+18
   11.9034424       2.71946829E+18
   11.9738770       2.88031667E+18
   12.0443115       3.03980468E+18
   12.1147461       3.19601037E+18
   12.1851807       3.34769020E+18
   12.2556152       3.49413938E+18
   12.3260498       3.63506543E+18
   12.3964844       3.77036693E+18
   12.4669189       3.90001557E+18
   12.5373535       4.02391486E+18
   12.6077881       4.14186085E+18
   12.6782227       4.25346953E+18
   12.7486572       4.35822302E+18
   12.8190918       4.45551386E+18
   12.8895264       4.54477166E+18
   12.9599609       4.62552832E+18
   13.0303955       4.69753479E+18
   13.1008301       4.76079849E+18
   13.1712646       4.81564103E+18
   13.2416992       4.86264735E+18
   13.3121338       4.90267507E+18
   13.3825684       4.93682810E+18
   13.4530029       4.96648303E+18
   13.5234375       4.99324184E+18
   13.5938721       5.01888300E+18
   13.6643066       5.04520916E+18
   13.7347412       5.07389927E+18
   13.8051758       5.10626504E+18
   13.8756104       5.14310418E+18
   13.9460449       5.18456401E+18
   14.0164795       5.23013822E+18
   14.0869141       5.27865747E+18
   14.1573486       5.32839333E+18
   14.2277832       5.37716931E+18
   14.2982178       5.42254231E+18
   14.3686523       5.46191967E+18
   14.4390869       5.49275877E+18
   14.5095215       5.51275009E+18
   14.5799561       5.52010033E+18
   14.6503906       5.51377484E+18
   14.7208252       5.49376702E+18
   14.7912598       5.46121928E+18
   14.8616943       5.41843288E+18
   14.9321289       5.36860082E+18
   15.0025635       5.31549001E+18
   15.0729980       5.26300922E+18
   15.1434326       5.21489679E+18
   15.2138672       5.17447984E+18
   15.2843018       5.14466658E+18
   15.3547363       5.12800623E+18
   15.4251709       5.12685944E+18
   15.4956055       5.14341479E+18
   15.5660400       5.17964480E+18
   15.6364746       5.23706294E+18
   15.7069092       5.31646418E+18
   15.7773438       5.41758791E+18
   15.8477783       5.53897949E+18
   15.9182129       5.67798305E+18
   15.9886475       5.83101912E+18
   16.0590820       5.99396730E+18
   16.1295166       6.16268241E+18
   16.1999512       6.33345526E+18
   16.2703857       6.50338368E+18
   16.3408203       6.67048361E+18
   16.4112549       6.83366103E+18
   16.4816895       6.99249538E+18
   16.5521240       7.14698391E+18
   16.6225586       7.29717995E+18
   16.6929932       7.44293946E+18
   16.7634277       7.58371268E+18
   16.8338623       7.71850621E+18
   16.9042969       7.84589672E+18
   16.9747314       7.96419593E+18
   17.0451660       8.07164790E+18
   17.1156006       8.16666879E+18
   17.1860352       8.24799637E+18
   17.2564697       8.31481314E+18
   17.3269043       8.36675022E+18
   17.3973389       8.40387633E+18
   17.4677734       8.42657080E+18
   17.5382080       8.43547410E+18
   17.6086426       8.43145373E+18
   17.6790771       8.41569718E+18
   17.7495117       8.38979489E+18
   17.8199463       8.35587166E+18
   17.8903809       8.31665208E+18
   17.9608154       8.27547647E+18
   18.0312500       8.23615793E+18
   18.1016846       8.20278610E+18
   18.1721191       8.17942148E+18
   18.2425537       8.16982989E+18
   18.3129883       8.17716858E+18
   18.3834229       8.20380755E+18
   18.4538574       8.25121409E+18
   18.5242920       8.31998525E+18
   18.5947266       8.40985878E+18
   18.6651611       8.51984073E+18
   18.7355957       8.64833460E+18
   18.8060303       8.79338493E+18
   18.8764648       8.95289547E+18
   18.9468994       9.12490912E+18
   19.0173340       9.30781893E+18
   19.0877686       9.50052923E+18
   19.1582031       9.70239077E+18
   19.2286377       9.91306599E+18
   19.2990723       1.01322569E+19
   19.3695068       1.03594886E+19
   19.4399414       1.05939045E+19
   19.5103760       1.08342544E+19
   19.5808105       1.10790244E+19
   19.6512451       1.13266872E+19
   19.7216797       1.15759113E+19
   19.7921143       1.18257401E+19
   19.8625488       1.20755734E+19
   19.9329834       1.23250515E+19
   20.0034180       1.25737214E+19
   20.0738525       1.28206486E+19
   20.1442871       1.30640816E+19
   20.2147217       1.33012902E+19
   20.2851562       1.35285516E+19
   20.3555908       1.37414028E+19
   20.4260254       1.39350762E+19
   20.4964600       1.41050508E+19
   20.5668945       1.42475431E+19
   20.6373291       1.43598835E+19
   20.7077637       1.44407141E+19
   20.7781982       1.44899932E+19
   20.8486328       1.45087728E+19
   20.9190674       1.44988607E+19
   20.9895020       1.44624328E+19
   21.0599365       1.44017387E+19
   21.1303711       1.43188388E+19
   21.2008057       1.42154770E+19
   21.2712402       1.40930398E+19
   21.3416748       1.39526739E+19
   21.4121094       1.37953745E+19
   21.4825439       1.36220903E+19
   21.5529785       1.34337319E+19
   21.6234131       1.32312041E+19
   21.6938477       1.30152545E+19
   21.7642822       1.27863834E+19
   21.8347168       1.25447350E+19
   21.9051514       1.22901859E+19
   21.9755859       1.20224900E+19
   22.0460205       1.17416121E+19
   22.1164551       1.14480744E+19
   22.1868896       1.11433898E+19
   22.2573242       1.08303017E+19
   22.3277588       1.05129079E+19
   22.3981934       1.01965223E+19
   22.4686279       9.88744298E+18
   22.5390625       9.59253417E+18
   22.6094971       9.31882834E+18
   22.6799316       9.07310563E+18
   22.7503662       8.86158378E+18
   22.8208008       8.68955199E+18
   22.8912354       8.56104767E+18
   22.9616699       8.47852328E+18
   23.0321045       8.44269129E+18
   23.1025391       8.45243462E+18
   23.1729736       8.50499457E+18
   23.2434082       8.59626118E+18
   23.3138428       8.72127345E+18
   23.3842773       8.87459980E+18
   23.4547119       9.05070968E+18
   23.5251465       9.24414401E+18
   23.5955811       9.44966033E+18
   23.6660156       9.66222671E+18
   23.7364502       9.87712076E+18
   23.8068848       1.00900280E+19
   23.8773193       1.02972694E+19
   23.9477539       1.04959930E+19
   24.0181885       1.06843657E+19
   24.0886230       1.08616543E+19
   24.1590576       1.10282446E+19
   24.2294922       1.11854274E+19
   24.2999268       1.13351128E+19
   24.3703613       1.14793775E+19
   24.4407959       1.16201161E+19
   24.5112305       1.17586589E+19
   24.5816650       1.18956196E+19
   24.6520996       1.20308408E+19
   24.7225342       1.21635838E+19
   24.7929688       1.22927137E+19
   24.8634033       1.24169761E+19
   24.9338379       1.25352165E+19
   25.0042725       1.26465652E+19
   25.0747070       1.27505020E+19
   25.1451416       1.28468115E+19
   25.2155762       1.29354607E+19
   25.2860107       1.30164980E+19
   25.3564453       1.30898816E+19
   25.4268799       1.31554103E+19
   25.4973145       1.32127015E+19
   25.5677490       1.32613109E+19
   25.6381836       1.33008328E+19
   25.7086182       1.33310353E+19
   25.7790527       1.33518832E+19
   25.8494873       1.33635787E+19
   25.9199219       1.33664385E+19
   25.9903564       1.33607694E+19
   26.0607910       1.33466792E+19
   26.1312256       1.33240182E+19
   26.2016602       1.32923083E+19
   26.2720947       1.32508589E+19
   26.3425293       1.31989301E+19
   26.4129639       1.31360666E+19
   26.4833984       1.30623103E+19
   26.5538330       1.29784241E+19
   26.6242676       1.28859321E+19
   26.6947021       1.27871652E+19
   26.7651367       1.26850865E+19
   26.8355713       1.25830684E+19
   26.9060059       1.24845708E+19
   26.9764404       1.23928353E+19
   27.0468750       1.23105049E+19
   27.1173096       1.22393621E+19
   27.1877441       1.21800995E+19
   27.2581787       1.21323225E+19
   27.3286133       1.20946345E+19
   27.3990479       1.20649356E+19
   27.4694824       1.20407771E+19
   27.5399170       1.20198358E+19
   27.6103516       1.20001931E+19
   27.6807861       1.19805613E+19
   27.7512207       1.19602148E+19
   27.8216553       1.19389492E+19
   27.8920898       1.19168149E+19
   27.9625244       1.18939604E+19
   28.0329590       1.18703957E+19
   28.1033936       1.18459734E+19
   28.1738281       1.18202954E+19
   28.2442627       1.17927856E+19
   28.3146973       1.17626689E+19
   28.3851318       1.17290887E+19
   28.4555664       1.16911115E+19
   28.5260010       1.16478315E+19
   28.5964355       1.15983512E+19
   28.6668701       1.15418759E+19
   28.7373047       1.14776480E+19
   28.8077393       1.14049208E+19
   28.8781738       1.13228356E+19
   28.9486084       1.12304744E+19
   29.0190430       1.11269015E+19
   29.0894775       1.10114011E+19
   29.1599121       1.08836522E+19
   29.2303467       1.07440857E+19
   29.3007812       1.05940001E+19
   29.3712158       1.04355902E+19
   29.4416504       1.02717553E+19
   29.5120850       1.01058126E+19
   29.5825195       9.94107935E+18
   29.6529541       9.78057924E+18
   29.7233887       9.62676196E+18
   29.7938232       9.48155056E+18
   29.8642578       9.34636671E+18
   29.9346924       9.22231156E+18
   30.0051270       9.11017127E+18
   30.0755615       9.01048899E+18
   30.1459961       8.92342911E+18
   30.2164307       8.84868706E+18
   30.2868652       8.78532715E+18
   30.3572998       8.73182657E+18
   30.4277344       8.68607479E+18
   30.4981689       8.64557483E+18
   30.5686035       8.60759550E+18
   30.6390381       8.56950017E+18
   30.7094727       8.52894083E+18
   30.7799072       8.48410825E+18
   30.8503418       8.43378415E+18
   30.9207764       8.37744297E+18
   30.9912109       8.31514245E+18
   31.0616455       8.24745596E+18
   31.1320801       8.17524444E+18
   31.2025146       8.09956835E+18
   31.2729492       8.02149918E+18
   31.3433838       7.94206441E+18
   31.4138184       7.86214366E+18
   31.4842529       7.78255276E+18
   31.5546875       7.70404598E+18
   31.6251221       7.62744300E+18
   31.6955566       7.55360145E+18
   31.7659912       7.48347350E+18
   31.8364258       7.41793986E+18
   31.9068604       7.35769267E+18
   31.9772949       7.30295183E+18
   32.0477295       7.25339684E+18
   32.1181641       7.20804749E+18
   32.1885986       7.16541392E+18
   32.2590332       7.12361709E+18
   32.3294678       7.08077682E+18
   32.3999023       7.03525924E+18
   32.4703369       6.98598957E+18
   32.5407715       6.93250548E+18
   32.6112061       6.87500542E+18
   32.6816406       6.81410457E+18
   32.7520752       6.75060502E+18
   32.8225098       6.68506313E+18
   32.8929443       6.61755147E+18
   32.9633789       6.54734160E+18
   33.0338135       6.47286618E+18
   33.1042480       6.39169749E+18
   33.1746826       6.30087728E+18
   33.2451172       6.19723126E+18
   33.3155518       6.07791336E+18
   33.3859863       5.94079217E+18
   33.4564209       5.78491825E+18
   33.5268555       5.61068139E+18
   33.5972900       5.41986995E+18
   33.6677246       5.21538112E+18
   33.7381592       5.00093512E+18
   33.8085938       4.78059025E+18
   33.8790283       4.55840011E+18
   33.9494629       4.33802445E+18
   34.0198975       4.12261033E+18
   34.0903320       3.91461021E+18
   34.1607666       3.71580944E+18
   34.2312012       3.52722835E+18
   34.3016357       3.34924546E+18
   34.3720703       3.18159303E+18
   34.4425049       3.02353246E+18
   34.5129395       2.87388150E+18
   34.5833740       2.73124516E+18
   34.6538086       2.59408521E+18
   34.7242432       2.46091291E+18
   34.7946777       2.33029505E+18
   34.8651123       2.20100856E+18
   34.9355469       2.07205371E+18
   35.0059814       1.94284406E+18
   35.0764160       1.81327829E+18
   35.1468506       1.68400321E+18
   35.2172852       1.55649807E+18
   35.2877197       1.43323581E+18
   35.3581543       1.31755207E+18
   35.4285889       1.21354679E+18
   35.4990234       1.12568674E+18
   35.5694580       1.05845669E+18
   35.6398926       1.01580134E+18
   35.7103271       1.00077033E+18
   35.7807617       1.01510411E+18
   35.8511963       1.05908884E+18
   35.9216309       1.13138537E+18
   35.9920654       1.22912866E+18
   36.0625000       1.34799150E+18
   36.1329346       1.48248156E+18
   36.2033691       1.62618649E+18
   36.2738037       1.77224892E+18
   36.3442383       1.91373861E+18
   36.4146729       2.04415100E+18
   36.4851074       2.15769275E+18
   36.5555420       2.24963130E+18
   36.6259766       2.31638045E+18
   36.6964111       2.35562642E+18
   36.7668457       2.36621664E+18
   36.8372803       2.34817723E+18
   36.9077148       2.30255286E+18
   36.9781494       2.23137267E+18
   37.0485840       2.13744827E+18
   37.1190186       2.02431402E+18
   37.1894531       1.89602341E+18
   37.2598877       1.75707841E+18
   37.3303223       1.61218009E+18
   37.4007568       1.46609843E+18
   37.4711914       1.32331901E+18
   37.5416260       1.18778028E+18
   37.6120605       1.06243747E+18
   37.6824951       0.00000000    
   37.7529297       0.00000000    
   37.8233643       0.00000000    
   37.8937988       0.00000000    
   37.9642334       0.00000000    
   38.0346680       0.00000000    
   38.1051025       0.00000000    
   38.1755371       0.00000000    
   38.2459717       0.00000000    
   38.3164062       0.00000000    
   38.3868408       0.00000000    
   38.4572754       0.00000000    
   38.5277100       0.00000000    
   38.5981445       0.00000000    
   38.6685791       0.00000000    
   38.7390137       0.00000000    
   38.8094482       0.00000000    
   38.8798828       0.00000000    
   38.9503174       0.00000000    
   39.0207520       0.00000000    
   39.0911865       0.00000000    
   39.1616211       0.00000000    
   39.2320557       0.00000000    
   39.3024902       0.00000000    
   39.3729248       0.00000000    
   39.4433594       0.00000000    
   39.5137939       0.00000000    
   39.5842285       0.00000000    
   39.6546631       0.00000000    
   39.7250977       0.00000000    
   39.7955322       0.00000000    
   39.8659668       0.00000000    
   39.9364014       0.00000000    
   40.0068359       0.00000000    
   40.0772705       0.00000000    
   40.1477051       0.00000000    
   40.2181396       0.00000000    
   40.2885742       0.00000000    
   40.3590088       0.00000000    
   40.4294434       0.00000000    
   40.4998779       0.00000000    
   40.5703125       0.00000000    
   40.6407471       0.00000000    
   40.7111816       0.00000000    
   40.7816162       0.00000000    
   40.8520508       0.00000000    
   40.9224854       0.00000000    
   40.9929199       0.00000000    
   41.0633545       0.00000000    
   41.1337891       0.00000000    
   41.2042236       0.00000000    
   41.2746582       0.00000000    
   41.3450928       0.00000000    
   41.4155273       0.00000000    
   41.4859619       0.00000000    
   41.5563965       0.00000000    
   41.6268311       0.00000000    
   41.6972656       0.00000000    
   41.7677002       0.00000000    
   41.8381348       0.00000000    
   41.9085693       0.00000000    
   41.9790039       0.00000000    
   42.0494385       0.00000000    
   42.1198730       0.00000000    
   42.1903076       0.00000000    
   42.2607422       0.00000000    
   42.3311768       0.00000000    
   42.4016113       0.00000000    
   42.4720459       0.00000000    
   42.5424805       0.00000000    
   42.6129150       0.00000000    
   42.6833496       0.00000000    
   42.7537842       0.00000000    
   42.8242188       0.00000000    
   42.8946533       0.00000000    
   42.9650879       0.00000000    
   43.0355225       0.00000000    
   43.1059570       0.00000000    
   43.1763916       0.00000000    
   43.2468262       0.00000000    
   43.3172607       0.00000000    
   43.3876953       0.00000000    
   43.4581299       0.00000000    
   43.5285645       0.00000000    
   43.5989990       0.00000000    
   43.6694336       0.00000000    
   43.7398682       0.00000000    
   43.8103027       0.00000000    
   43.8807373       0.00000000    
   43.9511719       0.00000000    
   44.0216064       0.00000000    
   44.0920410       0.00000000    
   44.1624756       0.00000000    
   44.2329102       0.00000000    
   44.3033447       0.00000000    
   44.3737793       0.00000000    
   44.4442139       0.00000000    
   44.5146484       0.00000000    
   44.5850830       0.00000000    
   44.6555176       0.00000000    
   44.7259521       0.00000000    
   44.7963867       0.00000000    
   44.8668213       0.00000000    
   44.9372559       0.00000000    
   45.0076904       0.00000000    
   45.0781250       0.00000000    
   45.1485596       0.00000000    
   45.2189941       0.00000000    
   45.2894287       0.00000000    
