2021 03 04 19 28 33.0 -29.723 -177.279
36. 1.207E+21 7.988 198 25 94 13 65 88
  -1.12695312       0.00000000    
  -1.05651855       0.00000000    
 -0.986083984       0.00000000    
 -0.915649414       0.00000000    
 -0.845214844       0.00000000    
 -0.774780273       0.00000000    
 -0.704345703       0.00000000    
 -0.633911133       0.00000000    
 -0.563476562       0.00000000    
 -0.493041992       0.00000000    
 -0.422607422       0.00000000    
 -0.352172852       0.00000000    
 -0.281738281       0.00000000    
 -0.211303711       0.00000000    
 -0.140869141       0.00000000    
  -7.04345703E-02   0.00000000    
   0.00000000       0.00000000    
   7.04345703E-02   0.00000000    
  0.140869141       0.00000000    
  0.211303711       0.00000000    
  0.281738281       0.00000000    
  0.352172852       0.00000000    
  0.422607422       0.00000000    
  0.493041992       0.00000000    
  0.563476562       0.00000000    
  0.633911133       0.00000000    
  0.704345703       0.00000000    
  0.774780273       0.00000000    
  0.845214844       0.00000000    
  0.915649414       0.00000000    
  0.986083984       0.00000000    
   1.05651855       0.00000000    
   1.12695312       0.00000000    
   1.19738770       0.00000000    
   1.26782227       0.00000000    
   1.33825684       0.00000000    
   1.40869141       0.00000000    
   1.47912598       0.00000000    
   1.54956055       0.00000000    
   1.61999512       0.00000000    
   1.69042969       0.00000000    
   1.76086426       0.00000000    
   1.83129883       0.00000000    
   1.90173340       0.00000000    
   1.97216797       0.00000000    
   2.04260254       0.00000000    
   2.11303711       0.00000000    
   2.18347168       0.00000000    
   2.25390625       0.00000000    
   2.32434082       0.00000000    
   2.39477539       0.00000000    
   2.46520996       0.00000000    
   2.53564453       0.00000000    
   2.60607910       0.00000000    
   2.67651367       0.00000000    
   2.74694824       0.00000000    
   2.81738281       0.00000000    
   2.88781738       0.00000000    
   2.95825195       0.00000000    
   3.02868652       0.00000000    
   3.09912109       0.00000000    
   3.16955566       0.00000000    
   3.23999023       0.00000000    
   3.31042480       0.00000000    
   3.38085938       0.00000000    
   3.45129395       2.75923302E+16
   3.52172852       1.01226796E+17
   3.59216309       2.28861163E+17
   3.66259766       3.83873663E+17
   3.73303223       5.44573506E+17
   3.80346680       6.97404145E+17
   3.87390137       8.34781320E+17
   3.94433594       9.53209923E+17
   4.01477051       1.05221648E+18
   4.08520508       1.13348736E+18
   4.15563965       1.20043635E+18
   4.22607422       1.25762594E+18
   4.29650879       1.31028828E+18
   4.36694336       1.36339593E+18
   4.43737793       1.42081683E+18
   4.50781250       1.48450631E+18
   4.57824707       1.55430441E+18
   4.64868164       1.62803202E+18
   4.71911621       1.70216852E+18
   4.78955078       1.77267415E+18
   4.85998535       1.83611487E+18
   4.93041992       1.89051143E+18
   5.00085449       1.93620218E+18
   5.07128906       1.97621437E+18
   5.14172363       2.01638063E+18
   5.21215820       2.06456027E+18
   5.28259277       2.12941991E+18
   5.35302734       2.21873860E+18
   5.42346191       2.33805760E+18
   5.49389648       2.48960439E+18
   5.56433105       2.67206394E+18
   5.63476562       2.88082547E+18
   5.70520020       3.10888809E+18
   5.77563477       3.34783424E+18
   5.84606934       3.58908908E+18
   5.91650391       3.82500826E+18
   5.98693848       4.04996587E+18
   6.05737305       4.26083103E+18
   6.12780762       4.45715763E+18
   6.19824219       4.64069223E+18
   6.26867676       4.81480375E+18
   6.33911133       4.98345344E+18
   6.40954590       5.15055997E+18
   6.47998047       5.31958294E+18
   6.55041504       5.49378242E+18
   6.62084961       5.67627771E+18
   6.69128418       5.87003859E+18
   6.76171875       6.07733722E+18
   6.83215332       6.29927804E+18
   6.90258789       6.53529371E+18
   6.97302246       6.78332099E+18
   7.04345703       7.04034887E+18
   7.11389160       7.30347575E+18
   7.18432617       7.57058836E+18
   7.25476074       7.84092143E+18
   7.32519531       8.11494502E+18
   7.39562988       8.39427760E+18
   7.46606445       8.68112699E+18
   7.53649902       8.97791596E+18
   7.60693359       9.28671710E+18
   7.67736816       9.60898836E+18
   7.74780273       9.94519043E+18
   7.81823730       1.02947516E+19
   7.88867188       1.06561544E+19
   7.95910645       1.10273759E+19
   8.02954102       1.14060873E+19
   8.09997559       1.17898411E+19
   8.17041016       1.21758829E+19
   8.24084473       1.25611342E+19
   8.31127930       1.29419028E+19
   8.38171387       1.33139390E+19
   8.45214844       1.36724227E+19
   8.52258301       1.40124489E+19
   8.59301758       1.43292248E+19
   8.66345215       1.46184667E+19
   8.73388672       1.48764869E+19
   8.80432129       1.51007015E+19
   8.87475586       1.52899373E+19
   8.94519043       1.54451411E+19
   9.01562500       1.55699181E+19
   9.08605957       1.56712095E+19
   9.15649414       1.57591605E+19
   9.22692871       1.58463870E+19
   9.29736328       1.59462039E+19
   9.36779785       1.60706269E+19
   9.43823242       1.62282111E+19
   9.50866699       1.64227763E+19
   9.57910156       1.66529106E+19
   9.64953613       1.69128022E+19
   9.71997070       1.71933921E+19
   9.79040527       1.74840392E+19
   9.86083984       1.77738111E+19
   9.93127441       1.80528880E+19
   10.0017090       1.83134360E+19
   10.0721436       1.85503884E+19
   10.1425781       1.87616068E+19
   10.2130127       1.89477343E+19
   10.2834473       1.91112383E+19
   10.3538818       1.92554129E+19
   10.4243164       1.93832795E+19
   10.4947510       1.94973054E+19
   10.5651855       1.95991202E+19
   10.6356201       1.96896474E+19
   10.7060547       1.97687441E+19
   10.7764893       1.98352447E+19
   10.8469238       1.98869328E+19
   10.9173584       1.99214245E+19
   10.9877930       1.99373806E+19
   11.0582275       1.99361161E+19
   11.1286621       1.99221919E+19
   11.1990967       1.99030252E+19
   11.2695312       1.98872187E+19
   11.3399658       1.98829789E+19
   11.4104004       1.98967756E+19
   11.4808350       1.99331914E+19
   11.5512695       1.99954040E+19
   11.6217041       2.00861929E+19
   11.6921387       2.02083134E+19
   11.7625732       2.03645496E+19
   11.8330078       2.05569840E+19
   11.9034424       2.07866038E+19
   11.9738770       2.10527406E+19
   12.0443115       2.13531821E+19
   12.1147461       2.16843352E+19
   12.1851807       2.20418084E+19
   12.2556152       2.24206298E+19
   12.3260498       2.28154138E+19
   12.3964844       2.32201529E+19
   12.4669189       2.36282740E+19
   12.5373535       2.40326260E+19
   12.6077881       2.44261984E+19
   12.6782227       2.48029504E+19
   12.7486572       2.51592296E+19
   12.8190918       2.54945696E+19
   12.8895264       2.58120998E+19
   12.9599609       2.61178674E+19
   13.0303955       2.64199648E+19
   13.1008301       2.67270452E+19
   13.1712646       2.70471218E+19
   13.2416992       2.73864289E+19
   13.3121338       2.77490676E+19
   13.3825684       2.81369314E+19
   13.4530029       2.85503609E+19
   13.5234375       2.89887824E+19
   13.5938721       2.94517142E+19
   13.6643066       2.99390133E+19
   13.7347412       3.04507238E+19
   13.8051758       3.09860585E+19
   13.8756104       3.15426356E+19
   13.9460449       3.21157077E+19
   14.0164795       3.26985610E+19
   14.0869141       3.32834264E+19
   14.1573486       3.38632803E+19
   14.2277832       3.44330912E+19
   14.2982178       3.49906052E+19
   14.3686523       3.55359233E+19
   14.4390869       3.60708138E+19
   14.5095215       3.65973149E+19
   14.5799561       3.71166626E+19
   14.6503906       3.76282258E+19
   14.7208252       3.81293612E+19
   14.7912598       3.86151782E+19
   14.8616943       3.90788951E+19
   14.9321289       3.95118695E+19
   15.0025635       3.99043072E+19
   15.0729980       4.02458815E+19
   15.1434326       4.05270530E+19
   15.2138672       4.07402351E+19
   15.2843018       4.08812629E+19
   15.3547363       4.09500439E+19
   15.4251709       4.09506421E+19
   15.4956055       4.08903888E+19
   15.5660400       4.07790479E+19
   15.6364746       4.06279662E+19
   15.7069092       4.04498057E+19
   15.7773438       4.02583720E+19
   15.8477783       4.00688865E+19
   15.9182129       3.98976618E+19
   15.9886475       3.97615906E+19
   16.0590820       3.96771305E+19
   16.1295166       3.96594020E+19
   16.1999512       3.97210230E+19
   16.2703857       3.98714714E+19
   16.3408203       4.01164118E+19
   16.4112549       4.04577662E+19
   16.4816895       4.08936786E+19
   16.5521240       4.14189241E+19
   16.6225586       4.20252652E+19
   16.6929932       4.27025159E+19
   16.7634277       4.34394262E+19
   16.8338623       4.42245787E+19
   16.9042969       4.50463845E+19
   16.9747314       4.58930656E+19
   17.0451660       4.67519953E+19
   17.1156006       4.76097067E+19
   17.1860352       4.84518930E+19
   17.2564697       4.92643662E+19
   17.3269043       5.00338528E+19
   17.3973389       5.07488960E+19
   17.4677734       5.13999080E+19
   17.5382080       5.19792407E+19
   17.6086426       5.24807631E+19
   17.6790771       5.28998310E+19
   17.7495117       5.32333524E+19
   17.8199463       5.34805183E+19
   17.8903809       5.36432064E+19
   17.9608154       5.37261052E+19
   18.0312500       5.37360316E+19
   18.1016846       5.36812055E+19
   18.1721191       5.35704583E+19
   18.2425537       5.34130346E+19
   18.3129883       5.32183727E+19
   18.3834229       5.29962845E+19
   18.4538574       5.27564239E+19
   18.5242920       5.25078419E+19
   18.5947266       5.22579581E+19
   18.6651611       5.20123272E+19
   18.7355957       5.17747579E+19
   18.8060303       5.15477307E+19
   18.8764648       5.13327762E+19
   18.9468994       5.11307520E+19
   19.0173340       5.09416360E+19
   19.0877686       5.07641396E+19
   19.1582031       5.05949116E+19
   19.2286377       5.04284719E+19
   19.2990723       5.02575418E+19
   19.3695068       5.00743324E+19
   19.4399414       4.98716440E+19
   19.5103760       4.96441990E+19
   19.5808105       4.93889232E+19
   19.6512451       4.91051305E+19
   19.7216797       4.87941182E+19
   19.7921143       4.84594445E+19
   19.8625488       4.81071390E+19
   19.9329834       4.77457735E+19
   20.0034180       4.73856878E+19
   20.0738525       4.70379870E+19
   20.1442871       4.67131649E+19
   20.2147217       4.64201275E+19
   20.2851562       4.61655993E+19
   20.3555908       4.59541808E+19
   20.4260254       4.57886428E+19
   20.4964600       4.56701858E+19
   20.5668945       4.55984888E+19
   20.6373291       4.55718367E+19
   20.7077637       4.55872650E+19
   20.7781982       4.56409080E+19
   20.8486328       4.57281125E+19
   20.9190674       4.58438295E+19
   20.9895020       4.59828297E+19
   21.0599365       4.61400159E+19
   21.1303711       4.63105633E+19
   21.2008057       4.64902191E+19
   21.2712402       4.66754121E+19
   21.3416748       4.68634330E+19
   21.4121094       4.70525358E+19
   21.4825439       4.72422543E+19
   21.5529785       4.74334462E+19
   21.6234131       4.76282313E+19
   21.6938477       4.78293056E+19
   21.7642822       4.80393475E+19
   21.8347168       4.82599315E+19
   21.9051514       4.84907981E+19
   21.9755859       4.87288424E+19
   22.0460205       4.89678235E+19
   22.1164551       4.91982943E+19
   22.1868896       4.94082702E+19
   22.2573242       4.95841217E+19
   22.3277588       4.97121972E+19
   22.3981934       4.97805473E+19
   22.4686279       4.97802702E+19
   22.5390625       4.97061631E+19
   22.6094971       4.95569066E+19
   22.6799316       4.93347437E+19
   22.7503662       4.90451895E+19
   22.8208008       4.86963584E+19
   22.8912354       4.82985683E+19
   22.9616699       4.78633201E+19
   23.0321045       4.74021585E+19
   23.1025391       4.69250936E+19
   23.1729736       4.64395668E+19
   23.2434082       4.59500599E+19
   23.3138428       4.54586705E+19
   23.3842773       4.49660014E+19
   23.4547119       4.44721139E+19
   23.5251465       4.39770038E+19
   23.5955811       4.34806447E+19
   23.6660156       4.29826715E+19
   23.7364502       4.24823365E+19
   23.8068848       4.19784436E+19
   23.8773193       4.14693873E+19
   23.9477539       4.09526256E+19
   24.0181885       4.04244114E+19
   24.0886230       3.98798365E+19
   24.1590576       3.93137947E+19
   24.2294922       3.87228336E+19
   24.2999268       3.81073270E+19
   24.3703613       3.74730847E+19
   24.4407959       3.68314845E+19
   24.5112305       3.61977590E+19
   24.5816650       3.55883810E+19
   24.6520996       3.50181457E+19
   24.7225342       3.44983274E+19
   24.7929688       3.40358860E+19
   24.8634033       3.36340827E+19
   24.9338379       3.32936717E+19
   25.0042725       3.30141736E+19
   25.0747070       3.27944582E+19
   25.1451416       3.26328410E+19
   25.2155762       3.25267315E+19
   25.2860107       3.24724311E+19
   25.3564453       3.24651985E+19
   25.4268799       3.25000398E+19
   25.4973145       3.25725592E+19
   25.5677490       3.26794955E+19
   25.6381836       3.28182517E+19
   25.7086182       3.29857073E+19
   25.7790527       3.31767826E+19
   25.8494873       3.33833940E+19
   25.9199219       3.35944959E+19
   25.9903564       3.37974987E+19
   26.0607910       3.39805652E+19
   26.1312256       3.41352071E+19
   26.2016602       3.42582578E+19
   26.2720947       3.43529566E+19
   26.3425293       3.44286250E+19
   26.4129639       3.44991367E+19
   26.4833984       3.45803114E+19
   26.5538330       3.46871861E+19
   26.6242676       3.48317631E+19
   26.6947021       3.50218797E+19
   26.7651367       3.52612961E+19
   26.8355713       3.55509735E+19
   26.9060059       3.58905642E+19
   26.9764404       3.62794945E+19
   27.0468750       3.67168076E+19
   27.1173096       3.72001200E+19
   27.1877441       3.77240504E+19
   27.2581787       3.82790399E+19
   27.3286133       3.88510411E+19
   27.3990479       3.94225848E+19
   27.4694824       3.99746452E+19
   27.5399170       4.04890495E+19
   27.6103516       4.09505277E+19
   27.6807861       4.13481903E+19
   27.7512207       4.16759679E+19
   27.8216553       4.19324312E+19
   27.8920898       4.21198276E+19
   27.9625244       4.22431664E+19
   28.0329590       4.23090975E+19
   28.1033936       4.23248293E+19
   28.1738281       4.22968621E+19
   28.2442627       4.22301262E+19
   28.3146973       4.21275285E+19
   28.3851318       4.19905118E+19
   28.4555664       4.18200171E+19
   28.5260010       4.16181556E+19
   28.5964355       4.13893956E+19
   28.6668701       4.11412534E+19
   28.7373047       4.08837698E+19
   28.8077393       4.06286655E+19
   28.8781738       4.03882243E+19
   28.9486084       4.01744880E+19
   29.0190430       3.99986453E+19
   29.0894775       3.98710228E+19
   29.1599121       3.98012742E+19
   29.2303467       3.97984506E+19
   29.3007812       3.98706050E+19
   29.3712158       4.00240177E+19
   29.4416504       4.02621719E+19
   29.5120850       4.05851556E+19
   29.5825195       4.09894240E+19
   29.6529541       4.14684197E+19
   29.7233887       4.20133816E+19
   29.7938232       4.26142340E+19
   29.8642578       4.32600959E+19
   29.9346924       4.39398492E+19
   30.0051270       4.46424019E+19
   30.0755615       4.53569965E+19
   30.1459961       4.60731084E+19
   30.2164307       4.67804814E+19
   30.2868652       4.74693167E+19
   30.3572998       4.81307169E+19
   30.4277344       4.87573462E+19
   30.4981689       4.93443534E+19
   30.5686035       4.98898827E+19
   30.6390381       5.03949984E+19
   30.7094727       5.08625943E+19
   30.7799072       5.12958062E+19
   30.8503418       5.16963187E+19
   30.9207764       5.20629839E+19
   30.9912109       5.23909814E+19
   31.0616455       5.26718758E+19
   31.1320801       5.28942367E+19
   31.2025146       5.30446630E+19
   31.2729492       5.31091604E+19
   31.3433838       5.30747589E+19
   31.4138184       5.29314881E+19
   31.4842529       5.26740529E+19
   31.5546875       5.23027962E+19
   31.6251221       5.18237917E+19
   31.6955566       5.12480259E+19
   31.7659912       5.05897790E+19
   31.8364258       4.98644576E+19
   31.9068604       4.90867247E+19
   31.9772949       4.82692729E+19
   32.0477295       4.74225962E+19
   32.1181641       4.65555829E+19
   32.1885986       4.56765937E+19
   32.2590332       4.47945787E+19
   32.3294678       4.39192751E+19
   32.3999023       4.30604773E+19
   32.4703369       4.22266385E+19
   32.5407715       4.14238279E+19
   32.6112061       4.06553660E+19
   32.6816406       3.99221853E+19
   32.7520752       3.92237667E+19
   32.8225098       3.85590416E+19
   32.8929443       3.79270115E+19
   32.9633789       3.73268629E+19
   33.0338135       3.67580943E+19
   33.1042480       3.62206486E+19
   33.1746826       3.57151943E+19
   33.2451172       3.52433367E+19
   33.3155518       3.48076046E+19
   33.3859863       3.44113428E+19
   33.4564209       3.40580764E+19
   33.5268555       3.37504704E+19
   33.5972900       3.34889801E+19
   33.6677246       3.32708216E+19
   33.7381592       3.30892945E+19
   33.8085938       3.29338125E+19
   33.8790283       3.27907595E+19
   33.9494629       3.26450500E+19
   34.0198975       3.24820364E+19
   34.0903320       3.22893998E+19
   34.1607666       3.20588014E+19
   34.2312012       3.17871318E+19
   34.3016357       3.14768849E+19
   34.3720703       3.11355547E+19
   34.4425049       3.07740462E+19
   34.5129395       3.04047137E+19
   34.5833740       3.00394691E+19
   34.6538086       2.96885974E+19
   34.7242432       2.93602238E+19
   34.7946777       2.90604881E+19
   34.8651123       2.87935553E+19
   34.9355469       2.85612703E+19
   35.0059814       2.83624126E+19
   35.0764160       2.81921488E+19
   35.1468506       2.80419687E+19
   35.2172852       2.79005166E+19
   35.2877197       2.77552271E+19
   35.3581543       2.75944499E+19
   35.4285889       2.74093889E+19
   35.4990234       2.71954525E+19
   35.5694580       2.69526672E+19
   35.6398926       2.66852572E+19
   35.7103271       2.64002571E+19
   35.7807617       2.61056584E+19
   35.8511963       2.58084120E+19
   35.9216309       2.55131712E+19
   35.9920654       2.52217214E+19
   36.0625000       2.49331062E+19
   36.1329346       2.46442227E+19
   36.2033691       2.43507345E+19
   36.2738037       2.40479224E+19
   36.3442383       2.37314500E+19
   36.4146729       2.33978647E+19
   36.4851074       2.30450886E+19
   36.5555420       2.26726422E+19
   36.6259766       2.22818384E+19
   36.6964111       2.18757382E+19
   36.7668457       2.14591135E+19
   36.8372803       2.10380379E+19
   36.9077148       2.06191921E+19
   36.9781494       2.02089072E+19
   37.0485840       1.98123727E+19
   37.1190186       1.94330170E+19
   37.1894531       1.90722452E+19
   37.2598877       1.87293076E+19
   37.3303223       1.84014761E+19
   37.4007568       1.80842329E+19
   37.4711914       1.77717803E+19
   37.5416260       1.74578587E+19
   37.6120605       1.71370982E+19
   37.6824951       1.68062661E+19
   37.7529297       1.64651262E+19
   37.8233643       1.61163820E+19
   37.8937988       1.57650814E+19
   37.9642334       1.54174631E+19
   38.0346680       1.50797910E+19
   38.1051025       1.47573867E+19
   38.1755371       1.44542205E+19
   38.2459717       1.41728170E+19
   38.3164062       1.39143900E+19
   38.3868408       1.36789945E+19
   38.4572754       1.34659080E+19
   38.5277100       1.32740894E+19
   38.5981445       1.31027921E+19
   38.6685791       1.29521271E+19
   38.7390137       1.28236624E+19
   38.8094482       1.27206601E+19
   38.8798828       1.26480429E+19
   38.9503174       1.26118008E+19
   39.0207520       1.26181681E+19
   39.0911865       1.26724554E+19
   39.1616211       1.27779777E+19
   39.2320557       1.29352903E+19
   39.3024902       1.31422118E+19
   39.3729248       1.33945002E+19
   39.4433594       1.36870022E+19
   39.5137939       1.40148150E+19
   39.5842285       1.43741090E+19
   39.6546631       1.47622575E+19
   39.7250977       1.51773221E+19
   39.7955322       1.56171322E+19
   39.8659668       1.60784268E+19
   39.9364014       1.65562262E+19
   40.0068359       1.70435946E+19
   40.0772705       1.75317811E+19
   40.1477051       1.80109142E+19
   40.2181396       1.84709091E+19
   40.2885742       1.89024081E+19
   40.3590088       1.92974208E+19
   40.4294434       1.96496164E+19
   40.4998779       1.99541613E+19
   40.5703125       2.02072975E+19
   40.6407471       2.04058231E+19
   40.7111816       2.05468311E+19
   40.7816162       2.06275660E+19
   40.8520508       2.06454815E+19
   40.9224854       2.05983146E+19
   40.9929199       2.04841391E+19
   41.0633545       2.03013871E+19
   41.1337891       2.00488425E+19
   41.2042236       1.97258697E+19
   41.2746582       1.93330340E+19
   41.3450928       1.88729192E+19
   41.4155273       1.83509029E+19
   41.4859619       1.77754812E+19
   41.5563965       1.71582385E+19
   41.6268311       1.65132650E+19
   41.6972656       1.58562925E+19
   41.7677002       1.52037103E+19
   41.8381348       1.45717880E+19
   41.9085693       1.39759902E+19
   41.9790039       1.34304609E+19
   42.0494385       1.29474773E+19
   42.1198730       1.25370098E+19
   42.1903076       1.22060777E+19
   42.2607422       1.19581972E+19
   42.3311768       1.17928186E+19
   42.4016113       1.17052150E+19
   42.4720459       1.16866299E+19
   42.5424805       1.17248544E+19
   42.6129150       1.18051342E+19
   42.6833496       1.19117088E+19
   42.7537842       1.20295896E+19
   42.8242188       1.21464490E+19
   42.8946533       1.22539779E+19
   42.9650879       1.23485623E+19
   43.0355225       1.24308707E+19
   43.1059570       1.25045731E+19
   43.1763916       1.25744856E+19
   43.2468262       1.26447905E+19
   43.3172607       1.27176926E+19
   43.3876953       1.27929585E+19
   43.4581299       1.28682927E+19
   43.5285645       1.29405064E+19
   43.5989990       1.30067795E+19
   43.6694336       1.30655297E+19
   43.7398682       1.31164348E+19
   43.8103027       1.31597831E+19
   43.8807373       1.31953534E+19
   43.9511719       1.32214129E+19
   44.0216064       1.32342035E+19
   44.0920410       1.32281870E+19
   44.1624756       1.31967685E+19
   44.2329102       1.31331837E+19
   44.3033447       1.30312953E+19
   44.3737793       1.28862884E+19
   44.4442139       1.26951229E+19
   44.5146484       1.24568642E+19
   44.5850830       1.21726965E+19
   44.6555176       1.18459810E+19
   44.7259521       1.14820218E+19
   44.7963867       1.10877754E+19
   44.8668213       1.06712914E+19
   44.9372559       1.02411845E+19
   45.0076904       9.80596037E+18
   45.0781250       9.37337731E+18
   45.1485596       8.94981739E+18
   45.2189941       8.54002501E+18
   45.2894287       8.14700293E+18
   45.3598633       7.77220690E+18
   45.4302979       7.41569246E+18
   45.5007324       7.07642550E+18
   45.5711670       6.75233070E+18
   45.6416016       6.44030470E+18
   45.7120361       6.13597252E+18
   45.7824707       5.83363046E+18
   45.8529053       5.52617403E+18
   45.9233398       5.20526562E+18
   45.9937744       4.86158027E+18
   46.0642090       4.48546511E+18
   46.1346436       4.06789093E+18
   46.2050781       3.60200532E+18
   46.2755127       0.00000000    
   46.3459473       0.00000000    
   46.4163818       0.00000000    
   46.4868164       0.00000000    
   46.5572510       0.00000000    
   46.6276855       0.00000000    
   46.6981201       0.00000000    
   46.7685547       0.00000000    
   46.8389893       0.00000000    
   46.9094238       0.00000000    
   46.9798584       0.00000000    
   47.0502930       0.00000000    
   47.1207275       0.00000000    
   47.1911621       0.00000000    
   47.2615967       0.00000000    
   47.3320312       0.00000000    
   47.4024658       0.00000000    
   47.4729004       0.00000000    
   47.5433350       0.00000000    
   47.6137695       0.00000000    
   47.6842041       0.00000000    
   47.7546387       0.00000000    
   47.8250732       0.00000000    
   47.8955078       0.00000000    
   47.9659424       0.00000000    
   48.0363770       0.00000000    
   48.1068115       0.00000000    
   48.1772461       0.00000000    
   48.2476807       0.00000000    
   48.3181152       0.00000000    
   48.3885498       0.00000000    
   48.4589844       0.00000000    
   48.5294189       0.00000000    
   48.5998535       0.00000000    
   48.6702881       0.00000000    
   48.7407227       0.00000000    
   48.8111572       0.00000000    
   48.8815918       0.00000000    
   48.9520264       0.00000000    
   49.0224609       0.00000000    
   49.0928955       0.00000000    
   49.1633301       0.00000000    
   49.2337646       0.00000000    
   49.3041992       0.00000000    
   49.3746338       0.00000000    
   49.4450684       0.00000000    
   49.5155029       0.00000000    
   49.5859375       0.00000000    
   49.6563721       0.00000000    
   49.7268066       0.00000000    
   49.7972412       0.00000000    
   49.8676758       0.00000000    
   49.9381104       0.00000000    
   50.0085449       0.00000000    
   50.0789795       0.00000000    
   50.1494141       0.00000000    
   50.2198486       0.00000000    
   50.2902832       0.00000000    
   50.3607178       0.00000000    
   50.4311523       0.00000000    
   50.5015869       0.00000000    
   50.5720215       0.00000000    
   50.6424561       0.00000000    
   50.7128906       0.00000000    
   50.7833252       0.00000000    
   50.8537598       0.00000000    
   50.9241943       0.00000000    
   50.9946289       0.00000000    
   51.0650635       0.00000000    
   51.1354980       0.00000000    
   51.2059326       0.00000000    
   51.2763672       0.00000000    
   51.3468018       0.00000000    
   51.4172363       0.00000000    
   51.4876709       0.00000000    
   51.5581055       0.00000000    
   51.6285400       0.00000000    
   51.6989746       0.00000000    
   51.7694092       0.00000000    
   51.8398438       0.00000000    
   51.9102783       0.00000000    
   51.9807129       0.00000000    
   52.0511475       0.00000000    
   52.1215820       0.00000000    
   52.1920166       0.00000000    
   52.2624512       0.00000000    
   52.3328857       0.00000000    
   52.4033203       0.00000000    
   52.4737549       0.00000000    
   52.5441895       0.00000000    
   52.6146240       0.00000000    
   52.6850586       0.00000000    
   52.7554932       0.00000000    
   52.8259277       0.00000000    
   52.8963623       0.00000000    
   52.9667969       0.00000000    
   53.0372314       0.00000000    
   53.1076660       0.00000000    
   53.1781006       0.00000000    
   53.2485352       0.00000000    
   53.3189697       0.00000000    
   53.3894043       0.00000000    
   53.4598389       0.00000000    
   53.5302734       0.00000000    
   53.6007080       0.00000000    
   53.6711426       0.00000000    
   53.7415771       0.00000000    
   53.8120117       0.00000000    
   53.8824463       0.00000000    
   53.9528809       0.00000000    
   54.0233154       0.00000000    
   54.0937500       0.00000000    
   54.1641846       0.00000000    
   54.2346191       0.00000000    
   54.3050537       0.00000000    
   54.3754883       0.00000000    
   54.4459229       0.00000000    
   54.5163574       0.00000000    
   54.5867920       0.00000000    
   54.6572266       0.00000000    
   54.7276611       0.00000000    
   54.7980957       0.00000000    
   54.8685303       0.00000000    
   54.9389648       0.00000000    
   55.0093994       0.00000000    
   55.0798340       0.00000000    
   55.1502686       0.00000000    
   55.2207031       0.00000000    
   55.2911377       0.00000000    
   55.3615723       0.00000000    
   55.4320068       0.00000000    
   55.5024414       0.00000000    
   55.5728760       0.00000000    
