2001 06 23 20 33 14.0 -16.260 -73.640
38. 3.982E+21 8.333 302 28 57 159 67 106
  -1.12500000       0.00000000    
  -1.05468750       1.76892867E+18
 -0.984375000       1.86579894E+18
 -0.914062500       1.96345000E+18
 -0.843750000       2.06200390E+18
 -0.773437500       2.16182183E+18
 -0.703125000       2.26324188E+18
 -0.632812500       2.36656739E+18
 -0.562500000       2.47194458E+18
 -0.492187500       2.57942954E+18
 -0.421875000       2.68888785E+18
 -0.351562500       2.80006084E+18
 -0.281250000       2.91246199E+18
 -0.210937500       3.02546210E+18
 -0.140625000       3.13821894E+18
  -7.03125000E-02   3.24981332E+18
   0.00000000       3.35923755E+18
   7.03125000E-02   3.46558698E+18
  0.140625000       3.56808208E+18
  0.210937500       3.66769839E+18
  0.281250000       3.76494002E+18
  0.351562500       3.86010577E+18
  0.421875000       3.95193644E+18
  0.492187500       4.03997681E+18
  0.562500000       4.12439951E+18
  0.632812500       4.20586975E+18
  0.703125000       4.28536993E+18
  0.773437500       4.36412465E+18
  0.843750000       4.44226035E+18
  0.914062500       4.51889713E+18
  0.984375000       4.59263423E+18
   1.05468750       4.66277153E+18
   1.12500000       4.72921776E+18
   1.19531250       4.79190917E+18
   1.26562500       4.85083145E+18
   1.33593750       4.90595546E+18
   1.40625000       4.95731365E+18
   1.47656250       5.00499012E+18
   1.54687500       5.05037631E+18
   1.61718750       5.09546894E+18
   1.68750000       5.14210747E+18
   1.75781250       5.19090874E+18
   1.82812500       5.24198821E+18
   1.89843750       5.29579830E+18
   1.96875000       5.35297181E+18
   2.03906250       5.41423385E+18
   2.10937500       5.48026832E+18
   2.17968750       5.55169589E+18
   2.25000000       5.62905588E+18
   2.32031250       5.71285846E+18
   2.39062500       5.80198872E+18
   2.46093750       5.89478310E+18
   2.53125000       5.98907612E+18
   2.60156250       6.08384688E+18
   2.67187500       6.17823115E+18
   2.74218750       6.27156870E+18
   2.81250000       6.36345873E+18
   2.88281250       6.45381879E+18
   2.95312500       6.54282701E+18
   3.02343750       6.63087700E+18
   3.09375000       6.71843386E+18
   3.16406250       6.80593904E+18
   3.23437500       6.89367457E+18
   3.30468750       6.98173171E+18
   3.37500000       7.07001975E+18
   3.44531250       7.15951504E+18
   3.51562500       7.25074537E+18
   3.58593750       7.34389820E+18
   3.65625000       7.43772997E+18
   3.72656250       7.53124618E+18
   3.79687500       7.62368652E+18
   3.86718750       7.71451333E+18
   3.93750000       7.80337366E+18
   4.00781250       7.89007290E+18
   4.07812500       7.97449780E+18
   4.14843750       8.05661703E+18
   4.21875000       8.13642398E+18
   4.28906250       8.21398188E+18
   4.35937500       8.28941058E+18
   4.42968750       8.36294097E+18
   4.50000000       8.43491830E+18
   4.57031250       8.50580876E+18
   4.64062500       8.57613572E+18
   4.71093750       8.64643575E+18
   4.78125000       8.71715194E+18
   4.85156250       8.78861030E+18
   4.92187500       8.86092243E+18
   4.99218750       8.93402676E+18
   5.06250000       9.00768579E+18
   5.13281250       9.08600565E+18
   5.20312500       9.16973181E+18
   5.27343750       9.25892914E+18
   5.34375000       9.34883291E+18
   5.41406250       9.43789665E+18
   5.48437500       9.52532432E+18
   5.55468750       9.61093779E+18
   5.62500000       9.69490749E+18
   5.69531250       9.77762265E+18
   5.76562500       9.85948239E+18
   5.83593750       9.94084516E+18
   5.90625000       1.00219143E+19
   5.97656250       1.01027999E+19
   6.04687500       1.01834667E+19
   6.11718750       1.02638091E+19
   6.18750000       1.03436336E+19
   6.25781250       1.04227039E+19
   6.32812500       1.05006472E+19
   6.39843750       1.05769764E+19
   6.46875000       1.06509955E+19
   6.53906250       1.07218569E+19
   6.60937500       1.07885763E+19
   6.67968750       1.08502237E+19
   6.75000000       1.09059877E+19
   6.82031250       1.09553348E+19
   6.89062500       1.09980135E+19
   6.96093750       1.10340951E+19
   7.03125000       1.10639050E+19
   7.10156250       1.10879964E+19
   7.17187500       1.11070213E+19
   7.24218750       1.11216987E+19
   7.31250000       1.11346619E+19
   7.38281250       1.11479869E+19
   7.45312500       1.11629831E+19
   7.52343750       1.11783851E+19
   7.59375000       1.11929052E+19
   7.66406250       1.12055980E+19
   7.73437500       1.12159026E+19
   7.80468750       1.12237509E+19
   7.87500000       1.12295311E+19
   7.94531250       1.12340314E+19
   8.01562500       1.12382282E+19
   8.08593750       1.12431243E+19
   8.15625000       1.12495180E+19
   8.22656250       1.12579062E+19
   8.29687500       1.12683900E+19
   8.36718750       1.12807793E+19
   8.43750000       1.12947057E+19
   8.50781250       1.13098647E+19
   8.57812500       1.13261770E+19
   8.64843750       1.13439715E+19
   8.71875000       1.13640189E+19
   8.78906250       1.13875034E+19
   8.85937500       1.14158521E+19
   8.92968750       1.14505604E+19
   9.00000000       1.14972643E+19
   9.07031250       1.15648656E+19
   9.14062500       1.16587584E+19
   9.21093750       1.17770944E+19
   9.28125000       1.19120705E+19
   9.35156250       1.20572126E+19
   9.42187500       1.22073125E+19
   9.49218750       1.23584612E+19
   9.56250000       1.25077738E+19
   9.63281250       1.26532909E+19
   9.70312500       1.27936930E+19
   9.77343750       1.29282446E+19
   9.84375000       1.30565994E+19
   9.91406250       1.31788376E+19
   9.98437500       1.32952847E+19
   10.0546875       1.34083948E+19
   10.1250000       1.35201315E+19
   10.1953125       1.36321575E+19
   10.2656250       1.37439635E+19
   10.3359375       1.38554397E+19
   10.4062500       1.39667125E+19
   10.4765625       1.40781524E+19
   10.5468750       1.41902652E+19
   10.6171875       1.43037073E+19
   10.6875000       1.44191274E+19
   10.7578125       1.45371479E+19
   10.8281250       1.46582316E+19
   10.8984375       1.47826831E+19
   10.9687500       1.49105520E+19
   11.0390625       1.50416863E+19
   11.1093750       1.51756288E+19
   11.1796875       1.53117758E+19
   11.2500000       1.54493984E+19
   11.3203125       1.55878170E+19
   11.3906250       1.57264226E+19
   11.4609375       1.58648148E+19
   11.5312500       1.60027155E+19
   11.6015625       1.61399104E+19
   11.6718750       1.62760596E+19
   11.7421875       1.64106816E+19
   11.8125000       1.65431244E+19
   11.8828125       1.66726777E+19
   11.9531250       1.67986696E+19
   12.0234375       1.69206417E+19
   12.0937500       1.70383829E+19
   12.1640625       1.71519251E+19
   12.2343750       1.72614002E+19
   12.3046875       1.73669643E+19
   12.3750000       1.74685789E+19
   12.4453125       1.75658989E+19
   12.5156250       1.76580930E+19
   12.5859375       1.77439241E+19
   12.6562500       1.78218026E+19
   12.7265625       1.78900778E+19
   12.7968750       1.79472634E+19
   12.8671875       1.79923797E+19
   12.9375000       1.80250539E+19
   13.0078125       1.80455763E+19
   13.0781250       1.80547132E+19
   13.1484375       1.80535642E+19
   13.2187500       1.80433487E+19
   13.2890625       1.80253914E+19
   13.3593750       1.80010449E+19
   13.4296875       1.79718771E+19
   13.5000000       1.79396812E+19
   13.5703125       1.79065210E+19
   13.6406250       1.78745538E+19
   13.7109375       1.78458489E+19
   13.7812500       1.78220631E+19
   13.8515625       1.78042247E+19
   13.9218750       1.77924808E+19
   13.9921875       1.77861168E+19
   14.0625000       1.77836022E+19
   14.1328125       1.77828666E+19
   14.2031250       1.77815186E+19
   14.2734375       1.77772020E+19
   14.3437500       1.77677704E+19
   14.4140625       1.77514910E+19
   14.4843750       1.77270236E+19
   14.5546875       1.76934269E+19
   14.6250000       1.76500610E+19
   14.6953125       1.75965709E+19
   14.7656250       1.75328179E+19
   14.8359375       1.74590308E+19
   14.9062500       1.73758571E+19
   14.9765625       1.72845790E+19
   15.0468750       1.71871117E+19
   15.1171875       1.70860479E+19
   15.1875000       1.69844772E+19
   15.2578125       1.68857168E+19
   15.3281250       1.67928532E+19
   15.3984375       1.67083568E+19
   15.4687500       1.66337330E+19
   15.5390625       1.65693983E+19
   15.6093750       1.65146657E+19
   15.6796875       1.64680838E+19
   15.7500000       1.64277230E+19
   15.8203125       1.63916216E+19
   15.8906250       1.63580645E+19
   15.9609375       1.63258818E+19
   16.0312500       1.62945116E+19
   16.1015625       1.62640728E+19
   16.1718750       1.62351699E+19
   16.2421875       1.62087937E+19
   16.3125000       1.61860602E+19
   16.3828125       1.61679963E+19
   16.4531250       1.61552662E+19
   16.5234375       1.61480930E+19
   16.5937500       1.61461512E+19
   16.6640625       1.61486372E+19
   16.7343750       1.61543107E+19
   16.8046875       1.61617192E+19
   16.8750000       1.61693201E+19
   16.9453125       1.61757039E+19
   17.0156250       1.61796797E+19
   17.0859375       1.61804285E+19
   17.1562500       1.61775335E+19
   17.2265625       1.61709914E+19
   17.2968750       1.61610617E+19
   17.3671875       1.61481853E+19
   17.4375000       1.61327856E+19
   17.5078125       1.61151802E+19
   17.5781250       1.60954835E+19
   17.6484375       1.60736560E+19
   17.7187500       1.60495218E+19
   17.7890625       1.60229004E+19
   17.8593750       1.59935643E+19
   17.9296875       1.59613002E+19
   18.0000000       1.59257904E+19
   18.0703125       1.58866104E+19
   18.1406250       1.58431445E+19
   18.2109375       1.57946846E+19
   18.2812500       1.57405865E+19
   18.3515625       1.56805773E+19
   18.4218750       1.56150255E+19
   18.4921875       1.55452560E+19
   18.5625000       1.54737108E+19
   18.6328125       1.54040040E+19
   18.7031250       1.53388733E+19
   18.7734375       1.52768652E+19
   18.8437500       1.52147428E+19
   18.9140625       1.51490613E+19
   18.9843750       1.50790301E+19
   19.0546875       1.50038169E+19
   19.1250000       1.49227840E+19
   19.1953125       1.48357500E+19
   19.2656250       1.47430633E+19
   19.3359375       1.46456906E+19
   19.4062500       1.45451007E+19
   19.4765625       1.44431562E+19
   19.5468750       1.43418790E+19
   19.6171875       1.42433078E+19
   19.6875000       1.41492787E+19
   19.7578125       1.40613738E+19
   19.8281250       1.39808126E+19
   19.8984375       1.39085241E+19
   19.9687500       1.38451648E+19
   20.0390625       1.37911974E+19
   20.1093750       1.37468750E+19
   20.1796875       1.37122371E+19
   20.2500000       1.36869967E+19
   20.3203125       1.36705007E+19
   20.3906250       1.36616101E+19
   20.4609375       1.36587734E+19
   20.5312500       1.36600510E+19
   20.6015625       1.36633451E+19
   20.6718750       1.36665392E+19
   20.7421875       1.36677520E+19
   20.8125000       1.36654463E+19
   20.8828125       1.36585271E+19
   20.9531250       1.36462686E+19
   21.0234375       1.36283290E+19
   21.0937500       1.36046257E+19
   21.1640625       1.35753490E+19
   21.2343750       1.35408573E+19
   21.3046875       1.35017103E+19
   21.3750000       1.34585996E+19
   21.4453125       1.34123431E+19
   21.5156250       1.33638151E+19
   21.5859375       1.33139643E+19
   21.6562500       1.32637705E+19
   21.7265625       1.32142342E+19
   21.7968750       1.31662812E+19
   21.8671875       1.31207471E+19
   21.9375000       1.30782862E+19
   22.0078125       1.30393899E+19
   22.0781250       1.30043539E+19
   22.1484375       1.29733488E+19
   22.2187500       1.29463943E+19
   22.2890625       1.29233837E+19
   22.3593750       1.29047195E+19
   22.4296875       1.28927084E+19
   22.5000000       1.28884467E+19
   22.5703125       1.28915330E+19
   22.6406250       1.28990834E+19
   22.7109375       1.29092704E+19
   22.7812500       1.29212495E+19
   22.8515625       1.29350440E+19
   22.9218750       1.29512332E+19
   22.9921875       1.29706682E+19
   23.0625000       1.29941263E+19
   23.1328125       1.30221451E+19
   23.2031250       1.30548776E+19
   23.2734375       1.30921917E+19
   23.3437500       1.31337621E+19
   23.4140625       1.31792576E+19
   23.4843750       1.32283772E+19
   23.5546875       1.32809262E+19
   23.6250000       1.33366967E+19
   23.6953125       1.33954183E+19
   23.7656250       1.34565776E+19
   23.8359375       1.35194806E+19
   23.9062500       1.35833051E+19
   23.9765625       1.36473098E+19
   24.0468750       1.37109749E+19
   24.1171875       1.37742199E+19
   24.1875000       1.38374220E+19
   24.2578125       1.39014015E+19
   24.3281250       1.39672161E+19
   24.3984375       1.40360224E+19
   24.4687500       1.41088408E+19
   24.5390625       1.41864719E+19
   24.6093750       1.42693355E+19
   24.6796875       1.43574921E+19
   24.7500000       1.44505911E+19
   24.8203125       1.45479011E+19
   24.8906250       1.46482459E+19
   24.9609375       1.47501420E+19
   25.0312500       1.48517962E+19
   25.1015625       1.49512834E+19
   25.1718750       1.50466154E+19
   25.2421875       1.51359529E+19
   25.3125000       1.52177203E+19
   25.3828125       1.52907994E+19
   25.4531250       1.53545996E+19
   25.5234375       1.54091937E+19
   25.5937500       1.54552929E+19
   25.6640625       1.54942431E+19
   25.7343750       1.55278145E+19
   25.8046875       1.55580950E+19
   25.8750000       1.55872035E+19
   25.9453125       1.56172015E+19
   26.0156250       1.56498713E+19
   26.0859375       1.56867555E+19
   26.1562500       1.57291373E+19
   26.2265625       1.57781095E+19
   26.2968750       1.58345551E+19
   26.3671875       1.58992295E+19
   26.4375000       1.59726934E+19
   26.5078125       1.60553876E+19
   26.5781250       1.61474695E+19
   26.6484375       1.62488423E+19
   26.7187500       1.63589727E+19
   26.7890625       1.64768623E+19
   26.8593750       1.66009829E+19
   26.9296875       1.67294411E+19
   27.0000000       1.68601367E+19
   27.0703125       1.69910929E+19
   27.1406250       1.71205857E+19
   27.2109375       1.72473649E+19
   27.2812500       1.73706421E+19
   27.3515625       1.74900249E+19
   27.4218750       1.76053109E+19
   27.4921875       1.77163616E+19
   27.5625000       1.78229559E+19
   27.6328125       1.79247938E+19
   27.7031250       1.80214332E+19
   27.7734375       1.81124013E+19
   27.8437500       1.81971890E+19
   27.9140625       1.82753093E+19
   27.9843750       1.83461893E+19
   28.0546875       1.84092067E+19
   28.1250000       1.84636392E+19
   28.1953125       1.85087829E+19
   28.2656250       1.85439167E+19
   28.3359375       1.85684754E+19
   28.4062500       1.85820478E+19
   28.4765625       1.85844425E+19
   28.5468750       1.85756178E+19
   28.6171875       1.85556859E+19
   28.6875000       1.85248666E+19
   28.7578125       1.84835029E+19
   28.8281250       1.84320326E+19
   28.8984375       1.83710592E+19
   28.9687500       1.83013535E+19
   29.0390625       1.82239302E+19
   29.1093750       1.81399221E+19
   29.1796875       1.80505538E+19
   29.2500000       1.79569237E+19
   29.3203125       1.78599116E+19
   29.3906250       1.77599869E+19
   29.4609375       1.76572749E+19
   29.5312500       1.75515679E+19
   29.6015625       1.74425150E+19
   29.6718750       1.73296875E+19
   29.7421875       1.72127413E+19
   29.8125000       1.70914783E+19
   29.8828125       1.69660065E+19
   29.9531250       1.68367281E+19
   30.0234375       1.67044876E+19
   30.0937500       1.65704913E+19
   30.1640625       1.64363014E+19
   30.2343750       1.63036167E+19
   30.3046875       1.61741492E+19
   30.3750000       1.60494316E+19
   30.4453125       1.59307393E+19
   30.5156250       1.58189707E+19
   30.5859375       1.57147018E+19
   30.6562500       1.56181515E+19
   30.7265625       1.55292329E+19
   30.7968750       1.54475314E+19
   30.8671875       1.53724315E+19
   30.9375000       1.53031634E+19
   31.0078125       1.52390201E+19
   31.0781250       1.51794056E+19
   31.1484375       1.51239705E+19
   31.2187500       1.50725419E+19
   31.2890625       1.50251518E+19
   31.3593750       1.49818938E+19
   31.4296875       1.49429293E+19
   31.5000000       1.49083958E+19
   31.5703125       1.48784187E+19
   31.6406250       1.48529837E+19
   31.7109375       1.48319369E+19
   31.7812500       1.48148999E+19
   31.8515625       1.48012825E+19
   31.9218750       1.47903138E+19
   31.9921875       1.47811636E+19
   32.0625000       1.47730822E+19
   32.1328125       1.47655484E+19
   32.2031250       1.47582619E+19
   32.2734375       1.47511437E+19
   32.3437500       1.47441925E+19
   32.4140625       1.47374053E+19
   32.4843750       1.47306279E+19
   32.5546875       1.47236108E+19
   32.6250000       1.47159483E+19
   32.6953125       1.47071720E+19
   32.7656250       1.46966782E+19
   32.8359375       1.46838041E+19
   32.9062500       1.46678194E+19
   32.9765625       1.46480249E+19
   33.0468750       1.46237608E+19
   33.1171875       1.45945226E+19
   33.1875000       1.45599859E+19
   33.2578125       1.45201154E+19
   33.3281250       1.44751179E+19
   33.3984375       1.44255002E+19
   33.4687500       1.43719463E+19
   33.5390625       1.43152753E+19
   33.6093750       1.42562579E+19
   33.6796875       1.41955780E+19
   33.7500000       1.41337294E+19
   33.8203125       1.40710363E+19
   33.8906250       1.40075659E+19
   33.9609375       1.39431433E+19
   34.0312500       1.38773640E+19
   34.1015625       1.38096890E+19
   34.1718750       1.37395820E+19
   34.2421875       1.36667899E+19
   34.3125000       1.35915514E+19
   34.3828125       1.35148242E+19
   34.4531250       1.34382839E+19
   34.5234375       1.33643230E+19
   34.5937500       1.32958290E+19
   34.6640625       1.32359825E+19
   34.7343750       1.31878613E+19
   34.8046875       1.31508331E+19
   34.8750000       1.31229275E+19
   34.9453125       1.31012066E+19
   35.0156250       1.30852549E+19
   35.0859375       1.30748095E+19
   35.1562500       1.30695352E+19
   35.2265625       1.30691086E+19
   35.2968750       1.30731427E+19
   35.3671875       1.30811592E+19
   35.4375000       1.30925073E+19
   35.5078125       1.31064073E+19
   35.5781250       1.31219577E+19
   35.6484375       1.31392915E+19
   35.7187500       1.31592542E+19
   35.7890625       1.31825496E+19
   35.8593750       1.32088609E+19
   35.9296875       1.32374559E+19
   36.0000000       1.32681817E+19
   36.0703125       1.33013639E+19
   36.1406250       1.33375554E+19
   36.2109375       1.33774336E+19
   36.2812500       1.34216197E+19
   36.3515625       1.34706370E+19
   36.4218750       1.35248352E+19
   36.4921875       1.35844464E+19
   36.5625000       1.36495660E+19
   36.6328125       1.37202218E+19
   36.7031250       1.37963893E+19
   36.7734375       1.38781050E+19
   36.8437500       1.39655624E+19
   36.9140625       1.40592958E+19
   36.9843750       1.41602859E+19
   37.0546875       1.42702250E+19
   37.1250000       1.43916067E+19
   37.1953125       1.45218999E+19
   37.2656250       1.46567363E+19
   37.3359375       1.47907316E+19
   37.4062500       1.49232249E+19
   37.4765625       1.50547661E+19
   37.5468750       1.51859411E+19
   37.6171875       1.53171942E+19
   37.6875000       1.54487277E+19
   37.7578125       1.55804987E+19
   37.8281250       1.57122675E+19
   37.8984375       1.58437690E+19
   37.9687500       1.59748792E+19
   38.0390625       1.61057376E+19
   38.1093750       1.62367708E+19
   38.1796875       1.63740536E+19
   38.2500000       1.65252837E+19
   38.3203125       1.66962193E+19
   38.3906250       1.68853914E+19
   38.4609375       1.70883711E+19
   38.5312500       1.73015411E+19
   38.6015625       1.75222912E+19
   38.6718750       1.77489478E+19
   38.7421875       1.79807952E+19
   38.8125000       1.82178378E+19
   38.8828125       1.84606595E+19
   38.9531250       1.87100617E+19
   39.0234375       1.89669120E+19
   39.0937500       1.92318460E+19
   39.1640625       1.95051889E+19
   39.2343750       1.97867739E+19
   39.3046875       2.00759762E+19
   39.3750000       2.03715953E+19
   39.4453125       2.06719203E+19
   39.5156250       2.09746862E+19
   39.5859375       2.12773026E+19
   39.6562500       2.15769921E+19
   39.7265625       2.18711225E+19
   39.7968750       2.21573979E+19
   39.8671875       2.24341472E+19
   39.9375000       2.27003455E+19
   40.0078125       2.29555906E+19
   40.0781250       2.31998801E+19
   40.1484375       2.34334493E+19
   40.2187500       2.36565512E+19
   40.2890625       2.38694958E+19
   40.3593750       2.40726746E+19
   40.4296875       2.42668264E+19
   40.5000000       2.44531012E+19
   40.5703125       2.46331814E+19
   40.6406250       2.48090175E+19
   40.7109375       2.49827008E+19
   40.7812500       2.51560498E+19
   40.8515625       2.53304235E+19
   40.9218750       2.55064817E+19
   40.9921875       2.56842838E+19
   41.0625000       2.58634470E+19
   41.1328125       2.60434986E+19
   41.2031250       2.62241308E+19
   41.2734375       2.64055172E+19
   41.3437500       2.65884342E+19
   41.4140625       2.67743022E+19
   41.4843750       2.69650191E+19
   41.5546875       2.71628520E+19
   41.6250000       2.73701166E+19
   41.6953125       2.75890161E+19
   41.7656250       2.78212814E+19
   41.8359375       2.80680602E+19
   41.9062500       2.83297219E+19
   41.9765625       2.86058071E+19
   42.0468750       2.88949061E+19
   42.1171875       2.91948397E+19
   42.1875000       2.95027821E+19
   42.2578125       2.98156195E+19
   42.3281250       3.01302008E+19
   42.3984375       3.04437134E+19
   42.4687500       3.07538416E+19
   42.5390625       3.10588747E+19
   42.6093750       3.13575900E+19
   42.6796875       3.16492245E+19
   42.7500000       3.19332196E+19
   42.8203125       3.22091486E+19
   42.8906250       3.24764333E+19
   42.9609375       3.27343325E+19
   43.0312500       3.29818436E+19
   43.1015625       3.32177834E+19
   43.1718750       3.34407907E+19
   43.2421875       3.36495594E+19
   43.3125000       3.38429525E+19
   43.3828125       3.40203015E+19
   43.4531250       3.41814899E+19
   43.5234375       3.43272676E+19
   43.5937500       3.44593123E+19
   43.6640625       3.45803048E+19
   43.7343750       3.46937040E+19
   43.8046875       3.48035672E+19
   43.8750000       3.49140725E+19
   43.9453125       3.50291188E+19
   44.0156250       3.51518617E+19
   44.0859375       3.52845332E+19
   44.1562500       3.54281800E+19
   44.2265625       3.55827625E+19
   44.2968750       3.57470801E+19
   44.3671875       3.59190504E+19
   44.4375000       3.60959948E+19
   44.5078125       3.62749799E+19
   44.5781250       3.64530678E+19
   44.6484375       3.66277120E+19
   44.7187500       3.67968565E+19
   44.7890625       3.69591950E+19
   44.8593750       3.71140854E+19
   44.9296875       3.72616090E+19
   45.0000000       3.74023201E+19
   45.0703125       3.75370895E+19
   45.1406250       3.76667835E+19
   45.2109375       3.77921146E+19
   45.2812500       3.79135535E+19
   45.3515625       3.80314035E+19
   45.4218750       3.81459111E+19
   45.4921875       3.82574631E+19
   45.5625000       3.83667062E+19
   45.6328125       3.84746430E+19
   45.7031250       3.85824172E+19
   45.7734375       3.86911897E+19
   45.8437500       3.88018445E+19
   45.9140625       3.89148743E+19
   45.9843750       3.90300943E+19
   46.0546875       3.91467525E+19
   46.1250000       3.92635118E+19
   46.1953125       3.93786835E+19
   46.2656250       3.94902575E+19
   46.3359375       3.95961889E+19
   46.4062500       3.96944720E+19
   46.4765625       3.97832466E+19
   46.5468750       3.98607974E+19
   46.6171875       3.99255586E+19
   46.6875000       3.99761229E+19
   46.7578125       4.00113205E+19
   46.8281250       4.00302145E+19
   46.8984375       4.00322376E+19
   46.9687500       4.00171831E+19
   47.0390625       3.99853104E+19
   47.1093750       3.99370991E+19
   47.1796875       3.98732658E+19
   47.2500000       3.97945804E+19
   47.3203125       3.97018959E+19
   47.3906250       3.95961581E+19
   47.4609375       3.94786335E+19
   47.5312500       3.93511121E+19
   47.6015625       3.92160042E+19
   47.6718750       3.90760671E+19
   47.7421875       3.89342389E+19
   47.8125000       3.87931232E+19
   47.8828125       3.86547738E+19
   47.9531250       3.85204091E+19
   48.0234375       3.83904732E+19
   48.0937500       3.82646715E+19
   48.1640625       3.81422739E+19
   48.2343750       3.80222556E+19
   48.3046875       3.79035391E+19
   48.3750000       3.77851085E+19
   48.4453125       3.76660886E+19
   48.5156250       3.75457009E+19
   48.5859375       3.74231669E+19
   48.6562500       3.72977038E+19
   48.7265625       3.71685112E+19
   48.7968750       3.70347842E+19
   48.8671875       3.68958719E+19
   48.9375000       3.67513917E+19
   49.0078125       3.66014535E+19
   49.0781250       3.64467896E+19
   49.1484375       3.62888579E+19
   49.2187500       3.61297234E+19
   49.2890625       3.59720314E+19
   49.3593750       3.58186408E+19
   49.4296875       3.56723485E+19
   49.5000000       3.55356551E+19
   49.5703125       3.54105284E+19
   49.6406250       3.52982441E+19
   49.7109375       3.51993782E+19
   49.7812500       3.51138296E+19
   49.8515625       3.50410617E+19
   49.9218750       3.49802324E+19
   49.9921875       3.49304509E+19
   50.0625000       3.48909014E+19
   50.1328125       3.48608650E+19
   50.2031250       3.48396664E+19
   50.2734375       3.48265602E+19
   50.3437500       3.48206580E+19
   50.4140625       3.48210627E+19
   50.4843750       3.48268307E+19
   50.5546875       3.48371309E+19
   50.6250000       3.48512465E+19
   50.6953125       3.48686143E+19
   50.7656250       3.48887640E+19
   50.8359375       3.49113743E+19
   50.9062500       3.49362453E+19
   50.9765625       3.49633549E+19
   51.0468750       3.49927382E+19
   51.1171875       3.50244921E+19
   51.1875000       3.50587001E+19
   51.2578125       3.50954964E+19
   51.3281250       3.51350502E+19
   51.3984375       3.51775815E+19
   51.4687500       3.52233366E+19
   51.5390625       3.52725067E+19
   51.6093750       3.53251052E+19
   51.6796875       3.53808702E+19
   51.7500000       3.54392917E+19
   51.8203125       3.54997604E+19
   51.8906250       3.55617421E+19
   51.9609375       3.56250498E+19
   52.0312500       3.56899979E+19
   52.1015625       3.57575607E+19
   52.1718750       3.58292906E+19
   52.2421875       3.59072460E+19
   52.3125000       3.59937622E+19
   52.3828125       3.60912251E+19
   52.4531250       3.62017040E+19
   52.5234375       3.63267141E+19
   52.5937500       3.64669832E+19
   52.6640625       3.66225377E+19
   52.7343750       3.67927685E+19
   52.8046875       3.69768311E+19
   52.8750000       3.71738944E+19
   52.9453125       3.73834789E+19
   53.0156250       3.76054747E+19
   53.0859375       3.78401984E+19
   53.1562500       3.80881867E+19
   53.2265625       3.83501387E+19
   53.2968750       3.86265999E+19
   53.3671875       3.89177550E+19
   53.4375000       3.92232257E+19
   53.5078125       3.95418554E+19
   53.5781250       3.98716781E+19
   53.6484375       4.02100550E+19
   53.7187500       4.05539295E+19
   53.7890625       4.09002405E+19
   53.8593750       4.12463491E+19
   53.9296875       4.15904303E+19
   54.0000000       4.19315516E+19
   54.0703125       4.22697570E+19
   54.1406250       4.26057369E+19
   54.2109375       4.29406658E+19
   54.2812500       4.32758585E+19
   54.3515625       4.36125597E+19
   54.4218750       4.39516095E+19
   54.4921875       4.42933377E+19
   54.5625000       4.46373090E+19
   54.6328125       4.49823665E+19
   54.7031250       4.53266104E+19
   54.7734375       4.56676217E+19
   54.8437500       4.60027441E+19
   54.9140625       4.63295893E+19
   54.9843750       4.66463102E+19
   55.0546875       4.69520360E+19
   55.1250000       4.72469382E+19
   55.1953125       4.75322791E+19
   55.2656250       4.78100993E+19
   55.3359375       4.80831652E+19
   55.4062500       4.83545950E+19
   55.4765625       4.86277357E+19
   55.5468750       4.89058638E+19
   55.6171875       4.91919215E+19
   55.6875000       4.94882531E+19
   55.7578125       4.97964198E+19
   55.8281250       5.01169583E+19
   55.8984375       5.04495693E+19
   55.9687500       5.07931579E+19
   56.0390625       5.11463078E+19
   56.1093750       5.15074270E+19
   56.1796875       5.18751697E+19
   56.2500000       5.22485770E+19
   56.3203125       5.26272049E+19
   56.3906250       5.30110004E+19
   56.4609375       5.34002539E+19
   56.5312500       5.37953348E+19
   56.6015625       5.41967269E+19
   56.6718750       5.46048217E+19
   56.7421875       5.50199489E+19
   56.8125000       5.54423417E+19
   56.8828125       5.58721759E+19
   56.9531250       5.63093682E+19
   57.0234375       5.67533729E+19
   57.0937500       5.72030160E+19
   57.1640625       5.76563183E+19
   57.2343750       5.81103726E+19
   57.3046875       5.85614802E+19
   57.3750000       5.90054542E+19
   57.4453125       5.94380373E+19
   57.5156250       5.98552448E+19
   57.5859375       6.02539541E+19
   57.6562500       6.06321245E+19
   57.7265625       6.09891315E+19
   57.7968750       6.13256701E+19
   57.8671875       6.16434817E+19
   57.9375000       6.19450601E+19
   58.0078125       6.22329607E+19
   58.0781250       6.25092723E+19
   58.1484375       6.27751650E+19
   58.2187500       6.30307399E+19
   58.2890625       6.32751789E+19
   58.3593750       6.35069868E+19
   58.4296875       6.37245845E+19
   58.5000000       6.39266352E+19
   58.5703125       6.41125318E+19
   58.6406250       6.42822172E+19
   58.7109375       6.44362896E+19
   58.7812500       6.45756989E+19
   58.8515625       6.47015886E+19
   58.9218750       6.48149966E+19
   58.9921875       6.49167102E+19
   59.0625000       6.50073672E+19
   59.1328125       6.50875743E+19
   59.2031250       6.51581410E+19
   59.2734375       6.52202898E+19
   59.3437500       6.52757579E+19
   59.4140625       6.53268676E+19
   59.4843750       6.53762313E+19
   59.5546875       6.54265450E+19
   59.6250000       6.54801044E+19
   59.6953125       6.55387083E+19
   59.7656250       6.56032453E+19
   59.8359375       6.56737152E+19
   59.9062500       6.57492648E+19
   59.9765625       6.58285660E+19
   60.0468750       6.59099914E+19
   60.1171875       6.59920854E+19
   60.1875000       6.60737263E+19
   60.2578125       6.61543293E+19
   60.3281250       6.62337800E+19
   60.3984375       6.63122939E+19
   60.4687500       6.63901394E+19
   60.5390625       6.64675318E+19
   60.6093750       6.65443217E+19
   60.6796875       6.66199505E+19
   60.7500000       6.66934858E+19
   60.8203125       6.67639425E+19
   60.8906250       6.68305158E+19
   60.9609375       6.68929900E+19
   61.0312500       6.69518007E+19
   61.1015625       6.70080561E+19
   61.1718750       6.70631944E+19
   61.2421875       6.71185614E+19
   61.3125000       6.71749884E+19
   61.3828125       6.72326116E+19
   61.4531250       6.72906218E+19
   61.5234375       6.73474226E+19
   61.5937500       6.74008412E+19
   61.6640625       6.74486216E+19
   61.7343750       6.74887714E+19
   61.8046875       6.75200019E+19
   61.8750000       6.75418558E+19
   61.9453125       6.75547333E+19
   62.0156250       6.75596591E+19
   62.0859375       6.75577899E+19
   62.1562500       6.75501945E+19
   62.2265625       6.75375281E+19
   62.2968750       6.75198788E+19
   62.3671875       6.74967758E+19
   62.4375000       6.74673353E+19
   62.5078125       6.74305368E+19
   62.5781250       6.73854217E+19
   62.6484375       6.73313433E+19
   62.7187500       6.72682401E+19
   62.7890625       6.71967939E+19
   62.8593750       6.71184339E+19
   62.9296875       6.70352140E+19
   63.0000000       6.69495093E+19
   63.0703125       6.68637914E+19
   63.1406250       6.67801845E+19
   63.2109375       6.67003292E+19
   63.2812500       6.66251974E+19
   63.3515625       6.65552420E+19
   63.4218750       6.64903049E+19
   63.4921875       6.64297218E+19
   63.5625000       6.63723361E+19
   63.6328125       6.63166524E+19
   63.7031250       6.62608764E+19
   63.7734375       6.62031520E+19
   63.8437500       6.61417509E+19
   63.9140625       6.60753668E+19
   63.9843750       6.60031772E+19
   64.0546875       6.59248568E+19
   64.1250000       6.58405815E+19
   64.1953125       6.57509009E+19
   64.2656250       6.56566068E+19
   64.3359375       6.55584732E+19
   64.4062500       6.54572169E+19
   64.4765625       6.53533043E+19
   64.5468750       6.52469683E+19
   64.6171875       6.51383146E+19
   64.6875000       6.50274310E+19
   64.7578125       6.49146871E+19
   64.8281250       6.48007865E+19
   64.8984375       6.46869695E+19
   64.9687500       6.45750348E+19
   65.0390625       6.44674146E+19
   65.1093750       6.43671259E+19
   65.1796875       6.42777224E+19
   65.2500000       6.42030172E+19
   65.3203125       6.41469729E+19
   65.3906250       6.41131124E+19
   65.4609375       6.41041623E+19
   65.5312500       6.41216182E+19
   65.6015625       6.41657086E+19
   65.6718750       6.42353736E+19
   65.7421875       6.43288101E+19
   65.8125000       6.44440170E+19
   65.8828125       6.45793932E+19
   65.9531250       6.47340637E+19
   66.0234375       6.49079933E+19
   66.0937500       6.51016789E+19
   66.1640625       6.53160265E+19
   66.2343750       6.55518321E+19
   66.3046875       6.58095664E+19
   66.3750000       6.60891415E+19
   66.4453125       6.63898667E+19
   66.5156250       6.67104623E+19
   66.5859375       6.70490723E+19
   66.6562500       6.74035636E+19
   66.7265625       6.77716669E+19
   66.7968750       6.81511480E+19
   66.8671875       6.85400760E+19
   66.9375000       6.89368150E+19
   67.0078125       6.93402126E+19
   67.0781250       6.97494289E+19
   67.1484375       7.01639359E+19
   67.2187500       7.05833117E+19
   67.2890625       7.10072438E+19
   67.3593750       7.14353628E+19
   67.4296875       7.18673785E+19
   67.5000000       7.23031282E+19
   67.5703125       7.27426777E+19
   67.6406250       7.31863307E+19
   67.7109375       7.36344652E+19
   67.7812500       7.40874684E+19
   67.8515625       7.45454106E+19
   67.9218750       7.50077772E+19
   67.9921875       7.54733369E+19
   68.0625000       7.59399256E+19
   68.1328125       7.64047376E+19
   68.2031250       7.68643950E+19
   68.2734375       7.73154410E+19
   68.3437500       7.77547267E+19
   68.4140625       7.81797891E+19
   68.4843750       7.85890098E+19
   68.5546875       7.89817729E+19
   68.6250000       7.93580698E+19
   68.6953125       7.97183577E+19
   68.7656250       8.00629535E+19
   68.8359375       8.03916459E+19
   68.9062500       8.07033970E+19
   68.9765625       8.09965444E+19
   69.0468750       8.12688363E+19
   69.1171875       8.15180736E+19
   69.1875000       8.17426114E+19
   69.2578125       8.19419133E+19
   69.3281250       8.21166213E+19
   69.3984375       8.22686706E+19
   69.4687500       8.24009374E+19
   69.5390625       8.25169139E+19
   69.6093750       8.26203823E+19
   69.6796875       8.27150283E+19
   69.7500000       8.28044142E+19
   69.8203125       8.28920321E+19
   69.8906250       8.29812421E+19
   69.9609375       8.30754130E+19
   70.0312500       8.31777996E+19
   70.1015625       8.32914539E+19
   70.1718750       8.34187245E+19
   70.2421875       8.35610717E+19
   70.3125000       8.37187593E+19
   70.3828125       8.38911275E+19
   70.4531250       8.40767163E+19
   70.5234375       8.42736784E+19
   70.5937500       8.44799820E+19
   70.6640625       8.46939029E+19
   70.7343750       8.49139284E+19
   70.8046875       8.51389853E+19
   70.8750000       8.53681411E+19
   70.9453125       8.56007889E+19
   71.0156250       8.58362164E+19
   71.0859375       8.60735877E+19
   71.1562500       8.63118299E+19
   71.2265625       8.65496147E+19
   71.2968750       8.67854116E+19
   71.3671875       8.70175317E+19
   71.4375000       8.72441366E+19
   71.5078125       8.74634936E+19
   71.5781250       8.76740984E+19
   71.6484375       8.78748780E+19
   71.7187500       8.80651639E+19
   71.7890625       8.82447801E+19
   71.8593750       8.84135948E+19
   71.9296875       8.85712999E+19
   72.0000000       8.87170160E+19
   72.0703125       8.88492740E+19
   72.1406250       8.89660070E+19
   72.2109375       8.90648311E+19
   72.2812500       8.91435297E+19
   72.3515625       8.92004932E+19
   72.4218750       8.92349915E+19
   72.4921875       8.92473588E+19
   72.5625000       8.92388178E+19
   72.6328125       8.92113916E+19
   72.7031250       8.91677718E+19
   72.7734375       8.91110722E+19
   72.8437500       8.90448200E+19
   72.9140625       8.89729471E+19
   72.9843750       8.88995965E+19
   73.0546875       8.88287176E+19
   73.1250000       8.87637496E+19
   73.1953125       8.87071820E+19
   73.2656250       8.86602460E+19
   73.3359375       8.86227659E+19
   73.4062500       8.85932550E+19
   73.4765625       8.85692592E+19
   73.5468750       8.85477792E+19
   73.6171875       8.85258417E+19
   73.6875000       8.85007992E+19
   73.7578125       8.84709277E+19
   73.8281250       8.84352068E+19
   73.8984375       8.83933374E+19
   73.9687500       8.83453107E+19
   74.0390625       8.82913115E+19
   74.1093750       8.82315508E+19
   74.1796875       8.81662574E+19
   74.2500000       8.80957919E+19
   74.3203125       8.80207612E+19
   74.3906250       8.79419307E+19
   74.4609375       8.78603117E+19
   74.5312500       8.77770655E+19
   74.6015625       8.76935994E+19
   74.6718750       8.76114351E+19
   74.7421875       8.75320855E+19
   74.8125000       8.74568349E+19
   74.8828125       8.73866949E+19
   74.9531250       8.73221140E+19
   75.0234375       8.72631186E+19
   75.0937500       8.72091633E+19
   75.1640625       8.71594566E+19
   75.2343750       8.71129165E+19
   75.3046875       8.70686282E+19
   75.3750000       8.70258000E+19
   75.4453125       8.69842824E+19
   75.5156250       8.69442778E+19
   75.5859375       8.69064194E+19
   75.6562500       8.68714901E+19
   75.7265625       8.68400265E+19
   75.7968750       8.68122484E+19
   75.8671875       8.67877689E+19
   75.9375000       8.67655852E+19
   76.0078125       8.67443778E+19
   76.0781250       8.67227130E+19
   76.1484375       8.66994122E+19
   76.2187500       8.66737803E+19
   76.2890625       8.66456592E+19
   76.3593750       8.66153127E+19
   76.4296875       8.65830926E+19
   76.5000000       8.65490341E+19
   76.5703125       8.65126535E+19
   76.6406250       8.64726489E+19
   76.7109375       8.64269180E+19
   76.7812500       8.63726989E+19
   76.8515625       8.63068161E+19
   76.9218750       8.62260504E+19
   76.9921875       8.61275078E+19
   77.0625000       8.60091739E+19
   77.1328125       8.58701517E+19
   77.2031250       8.57107489E+19
   77.2734375       8.55325488E+19
   77.3437500       8.53380936E+19
   77.4140625       8.51307433E+19
   77.4843750       8.49144562E+19
   77.5546875       8.46935247E+19
   77.6250000       8.44723294E+19
   77.6953125       8.42550219E+19
   77.7656250       8.40453142E+19
   77.8359375       8.38460036E+19
   77.9062500       8.36589458E+19
   77.9765625       8.34848712E+19
   78.0468750       8.33233749E+19
   78.1171875       8.31731024E+19
   78.1875000       8.30318548E+19
   78.2578125       8.28970722E+19
   78.3281250       8.27660984E+19
   78.3984375       8.26364176E+19
   78.4687500       8.25058396E+19
   78.5390625       8.23723501E+19
   78.6093750       8.22340315E+19
   78.6796875       8.20888344E+19
   78.7500000       8.19346565E+19
   78.8203125       8.17693515E+19
   78.8906250       8.15910284E+19
   78.9609375       8.13981036E+19
   79.0312500       8.11893548E+19
   79.1015625       8.09639461E+19
   79.1718750       8.07213322E+19
   79.2421875       8.04610119E+19
   79.3125000       8.01825979E+19
   79.3828125       7.98859409E+19
   79.4531250       7.95713662E+19
   79.5234375       7.92398855E+19
   79.5937500       7.88934425E+19
   79.6640625       7.85349666E+19
   79.7343750       7.81681519E+19
   79.8046875       7.77972295E+19
   79.8750000       7.74267380E+19
   79.9453125       7.70612779E+19
   80.0156250       7.67053880E+19
   80.0859375       7.63632904E+19
   80.1562500       7.60387673E+19
   80.2265625       7.57348975E+19
   80.2968750       7.54537304E+19
   80.3671875       7.51961544E+19
   80.4375000       7.49617297E+19
   80.5078125       7.47487675E+19
   80.5781250       7.45544794E+19
   80.6484375       7.43752326E+19
   80.7187500       7.42067874E+19
   80.7890625       7.40447106E+19
   80.8593750       7.38847888E+19
   80.9296875       7.37234069E+19
   81.0000000       7.35581195E+19
   81.0703125       7.33880163E+19
   81.1406250       7.32140120E+19
   81.2109375       7.30386487E+19
   81.2812500       7.28658274E+19
   81.3515625       7.27002058E+19
   81.4218750       7.25464545E+19
   81.4921875       7.24085713E+19
   81.5625000       7.22892304E+19
   81.6328125       7.21894475E+19
   81.7031250       7.21083431E+19
   81.7734375       7.20432520E+19
   81.8437500       7.19900708E+19
   81.9140625       7.19439617E+19
   81.9843750       7.18999549E+19
   82.0546875       7.18537138E+19
   82.1250000       7.18019532E+19
   82.1953125       7.17427247E+19
   82.2656250       7.16753730E+19
   82.3359375       7.16003951E+19
   82.4062500       7.15192072E+19
   82.4765625       7.14340258E+19
   82.5468750       7.13474898E+19
   82.6171875       7.12624624E+19
   82.6875000       7.11814812E+19
   82.7578125       7.11064857E+19
   82.8281250       7.10385227E+19
   82.8984375       7.09777637E+19
   82.9687500       7.09235270E+19
   83.0390625       7.08746339E+19
   83.1093750       7.08295275E+19
   83.1796875       7.07864311E+19
   83.2500000       7.07434621E+19
   83.3203125       7.06987032E+19
   83.3906250       7.06504303E+19
   83.4609375       7.05971171E+19
   83.5312500       7.05376072E+19
   83.6015625       7.04711439E+19
   83.6718750       7.03973051E+19
   83.7421875       7.03159280E+19
   83.8125000       7.02270875E+19
   83.8828125       7.01312233E+19
   83.9531250       7.00292458E+19
   84.0234375       6.99226943E+19
   84.0937500       6.98136799E+19
   84.1640625       6.97048415E+19
   84.2343750       6.95989057E+19
   84.3046875       6.94981553E+19
   84.3750000       6.94039183E+19
   84.4453125       6.93160322E+19
   84.5156250       6.92327815E+19
   84.5859375       6.91511670E+19
   84.6562500       6.90675601E+19
   84.7265625       6.89786668E+19
   84.7968750       6.88823188E+19
   84.8671875       6.87780455E+19
   84.9375000       6.86671620E+19
   85.0078125       6.85524961E+19
   85.0781250       6.84378126E+19
   85.1484375       6.83270698E+19
   85.2187500       6.82237113E+19
   85.2890625       6.81301077E+19
   85.3593750       6.80471342E+19
   85.4296875       6.79740694E+19
   85.5000000       6.79086925E+19
   85.5703125       6.78478191E+19
   85.6406250       6.77876230E+19
   85.7109375       6.77241504E+19
   85.7812500       6.76536673E+19
   85.8515625       6.75728532E+19
   85.9218750       6.74789110E+19
   85.9921875       6.73694788E+19
   86.0625000       6.72426259E+19
   86.1328125       6.70968703E+19
   86.2031250       6.69312134E+19
   86.2734375       6.67451761E+19
   86.3437500       6.65389165E+19
   86.4140625       6.63133275E+19
   86.4843750       6.60700935E+19
   86.5546875       6.58116423E+19
   86.6250000       6.55411009E+19
   86.6953125       6.52619569E+19
   86.7656250       6.49777727E+19
   86.8359375       6.46917633E+19
   86.9062500       6.44064181E+19
   86.9765625       6.41234785E+19
   87.0468750       6.38438552E+19
   87.1171875       6.35676842E+19
   87.1875000       6.32944336E+19
   87.2578125       6.30231313E+19
   87.3281250       6.27525547E+19
   87.3984375       6.24815119E+19
   87.4687500       6.22089297E+19
   87.5390625       6.19340562E+19
   87.6093750       6.16563108E+19
   87.6796875       6.13752360E+19
   87.7500000       6.10902646E+19
   87.8203125       6.08007236E+19
   87.8906250       6.05056939E+19
   87.9609375       6.02039615E+19
   88.0312500       5.98939916E+19
   88.1015625       5.95739369E+19
   88.1718750       5.92417129E+19
   88.2421875       5.88951160E+19
   88.3125000       5.85321101E+19
   88.3828125       5.81512041E+19
   88.4531250       5.77517955E+19
   88.5234375       5.73344868E+19
   88.5937500       5.69009186E+19
   88.6640625       5.64537604E+19
   88.7343750       5.59961349E+19
   88.8046875       5.55311690E+19
   88.8750000       5.50615676E+19
   88.9453125       5.45893493E+19
   89.0156250       5.41158117E+19
   89.0859375       5.36415923E+19
   89.1562500       5.31667748E+19
   89.2265625       5.26911085E+19
   89.2968750       5.22140392E+19
   89.3671875       5.17347533E+19
   89.4375000       5.12521600E+19
   89.5078125       5.07651599E+19
   89.5781250       5.02727898E+19
   89.6484375       4.97745264E+19
   89.7187500       4.92705058E+19
   89.7890625       4.87616255E+19
   89.8593750       4.82495961E+19
   89.9296875       4.77367355E+19
   90.0000000       4.72257836E+19
   90.0703125       4.67196476E+19
   90.1406250       4.62211291E+19
   90.2109375       4.57325633E+19
   90.2812500       4.52556523E+19
   90.3515625       4.47913857E+19
   90.4218750       4.43400098E+19
   90.4921875       4.39010276E+19
   90.5625000       4.34732780E+19
   90.6328125       4.30550633E+19
   90.7031250       4.26443650E+19
   90.7734375       4.22391158E+19
   90.8437500       4.18374026E+19
   90.9140625       4.14378049E+19
   90.9843750       4.10395002E+19
   91.0546875       4.06422555E+19
   91.1250000       4.02463785E+19
   91.1953125       3.98525378E+19
   91.2656250       3.94616878E+19
   91.3359375       3.90748401E+19
   91.4062500       3.86929049E+19
   91.4765625       3.83165509E+19
   91.5468750       3.79460946E+19
   91.6171875       3.75813690E+19
   91.6875000       3.72217363E+19
   91.7578125       3.68662598E+19
   91.8281250       3.65138444E+19
   91.8984375       3.61633882E+19
   91.9687500       3.58139480E+19
   92.0390625       3.54647476E+19
   92.1093750       3.51152788E+19
   92.1796875       3.47653592E+19
   92.2500000       3.44151845E+19
   92.3203125       3.40654673E+19
   92.3906250       3.37174762E+19
   92.4609375       3.33729311E+19
   92.5312500       3.30338615E+19
   92.6015625       3.27022928E+19
   92.6718750       3.23800721E+19
   92.7421875       3.20685936E+19
   92.8125000       3.17687502E+19
   92.8828125       3.14809750E+19
   92.9531250       3.12054660E+19
   93.0234375       3.09423881E+19
   93.0937500       3.06920886E+19
   93.1640625       3.04552055E+19
   93.2343750       3.02326313E+19
   93.3046875       3.00253382E+19
   93.3750000       2.98341529E+19
   93.4453125       2.96595439E+19
   93.5156250       2.95014231E+19
   93.5859375       2.93590473E+19
   93.6562500       2.92309190E+19
   93.7265625       2.91149052E+19
   93.7968750       2.90084703E+19
   93.8671875       2.89089535E+19
   93.9375000       2.88138457E+19
   94.0078125       2.87211283E+19
   94.0781250       2.86294378E+19
   94.1484375       2.85380618E+19
   94.2187500       2.84468441E+19
   94.2890625       2.83560530E+19
   94.3593750       2.82661614E+19
   94.4296875       2.81776815E+19
   94.5000000       2.80910399E+19
   94.5703125       2.80065359E+19
   94.6406250       2.79243452E+19
   94.7109375       2.78445053E+19
   94.7812500       2.77669039E+19
   94.8515625       2.76912905E+19
   94.9218750       2.76172582E+19
   94.9921875       2.75441429E+19
   95.0625000       2.69605023E+19
   95.1328125       2.69404516E+19
   95.2031250       2.69184526E+19
   95.2734375       2.68933639E+19
   95.3437500       2.68642379E+19
   95.4140625       2.68306280E+19
   95.4843750       2.67927652E+19
   95.5546875       2.67515665E+19
   95.6250000       2.67084876E+19
   95.6953125       2.66651757E+19
   95.7656250       2.66230160E+19
   95.8359375       2.65826309E+19
   95.9062500       2.65435125E+19
   95.9765625       2.65039565E+19
   96.0468750       2.64612756E+19
   96.1171875       2.64121583E+19
   96.1875000       2.63531475E+19
   96.2578125       2.56759561E+19
   96.3281250       2.56375831E+19
   96.3984375       2.55799445E+19
   96.4687500       2.55020089E+19
   96.5390625       2.54040644E+19
   96.6093750       2.52875866E+19
   96.6796875       2.51550646E+19
   96.7500000       2.50096278E+19
   96.8203125       2.48547726E+19
   96.8906250       2.46939712E+19
   96.9609375       2.45302715E+19
   97.0312500       2.43658770E+19
   97.1015625       2.42019464E+19
   97.1718750       2.40384028E+19
   97.2421875       2.38740610E+19
   97.3125000       2.37069111E+19
   97.3828125       2.35346572E+19
   97.4531250       2.28269147E+19
   97.5234375       2.26929832E+19
   97.5937500       2.25513595E+19
   97.6640625       2.24027429E+19
   97.7343750       2.22481120E+19
   97.8046875       2.20885949E+19
   97.8750000       2.19252228E+19
   97.9453125       2.17589459E+19
   98.0156250       2.15905293E+19
   98.0859375       2.14205976E+19
   98.1562500       2.12495509E+19
   98.2265625       2.10777259E+19
   98.2968750       2.09054038E+19
   98.3671875       2.07329102E+19
   98.4375000       2.05606189E+19
   98.5078125       2.03890028E+19
   98.5781250       2.02185851E+19
   98.6484375       2.00499442E+19
   98.7187500       1.98836145E+19
   98.7890625       1.97201391E+19
   98.8593750       1.95600260E+19
   98.9296875       1.94037700E+19
   99.0000000       1.92518065E+19
   99.0703125       1.91046061E+19
   99.1406250       1.89626107E+19
   99.2109375       1.88262669E+19
   99.2812500       1.86958560E+19
   99.3515625       1.85714749E+19
   99.4218750       1.84528750E+19
   99.4921875       1.83393691E+19
   99.5625000       1.82297829E+19
   99.6328125       1.81226014E+19
   99.7031250       1.80161104E+19
   99.7734375       1.79086717E+19
   99.8437500       1.77989239E+19
   99.9140625       1.76860722E+19
   99.9843750       1.75699594E+19
   100.054688       1.70521752E+19
   100.125000       1.69790236E+19
   100.195312       1.69034289E+19
   100.265625       1.68262520E+19
   100.335938       1.67482999E+19
   100.406250       1.66700608E+19
   100.476562       1.65917921E+19
   100.546875       1.65134717E+19
   100.617188       1.64349830E+19
   100.687500       1.63560997E+19
   100.757812       1.62766940E+19
   100.828125       1.61966826E+19
   100.898438       1.61161928E+19
   100.968750       1.60355063E+19
   101.039062       1.59552386E+19
   101.109375       1.58761738E+19
   101.179688       1.57992366E+19
   101.250000       1.57251933E+19
   101.320312       1.56545178E+19
   101.390625       1.55871265E+19
   101.460938       1.55223444E+19
   101.531250       1.54588399E+19
   101.601562       1.53948802E+19
   101.671875       1.53284576E+19
   101.742188       1.52576194E+19
   101.812500       1.51805986E+19
   101.882812       1.50961561E+19
   101.953125       1.50036080E+19
   102.023438       1.49029917E+19
   102.093750       1.47949405E+19
   102.164062       1.46806848E+19
   102.234375       1.45617363E+19
   102.304688       1.44396652E+19
   102.375000       1.43156436E+19
   102.445312       1.41902839E+19
   102.515625       1.40633936E+19
   102.585938       1.39341054E+19
   102.656250       1.38010128E+19
   102.726562       1.36626019E+19
   102.796875       1.35175411E+19
   102.867188       1.33650399E+19
   102.937500       1.32049191E+19
   103.007812       1.30377285E+19
   103.078125       1.28645037E+19
   103.148438       1.26866094E+19
   103.218750       1.25053681E+19
   103.289062       1.23219640E+19
   103.359375       1.21371944E+19
   103.429688       1.14587111E+19
   103.500000       1.13035348E+19
   103.570312       1.11435448E+19
   103.640625       1.09777979E+19
   103.710938       1.08053846E+19
   103.781250       1.06254781E+19
   103.851562       1.04375132E+19
   103.921875       1.02412460E+19
   103.992188       9.47926578E+18
   104.062500       9.29129107E+18
   104.132812       9.09777812E+18
   104.203125       8.90008153E+18
   104.273438       8.69976151E+18
   104.343750       8.49832603E+18
   104.414062       8.29709012E+18
   104.484375       8.09698340E+18
   104.554688       7.89852705E+18
   104.625000       7.70182387E+18
   104.695312       7.50673037E+18
   104.765625       7.31293210E+18
   104.835938       7.12012064E+18
   104.906250       6.92805190E+18
   104.976562       6.73671159E+18
   105.046875       6.05943442E+18
   105.117188       5.89812397E+18
   105.187500       5.26982784E+18
   105.257812       5.20420624E+18
   105.328125       5.13987656E+18
   105.398438       5.07704112E+18
   105.468750       5.01583901E+18
   105.539062       4.95646318E+18
   105.609375       4.89908626E+18
   105.679688       4.84391552E+18
   105.750000       4.79105815E+18
   105.820312       4.74054273E+18
   105.890625       4.69216587E+18
   105.960938       4.64555373E+18
   106.031250       4.60010211E+18
   106.101562       4.55516397E+18
   106.171875       4.51006558E+18
   106.242188       4.46431793E+18
   106.312500       4.41759858E+18
   106.382812       4.36987317E+18
   106.453125       3.78781838E+18
   106.523438       3.75381049E+18
   106.593750       3.72098237E+18
   106.664062       3.69021556E+18
   106.734375       3.66238252E+18
   106.804688       3.63831806E+18
   106.875000       3.61862141E+18
   106.945312       3.60365898E+18
   107.015625       3.59343325E+18
   107.085938       3.58768335E+18
   107.156250       3.58586778E+18
   107.226562       3.58736972E+18
   107.296875       3.59154896E+18
   107.367188       3.59795361E+18
   107.437500       3.60631403E+18
   107.507812       3.61664421E+18
   107.578125       3.62909701E+18
   107.648438       3.64393134E+18
   107.718750       3.66128961E+18
   107.789062       3.68114954E+18
   107.859375       3.70314966E+18
   107.929688       3.72664128E+18
   108.000000       3.75065434E+18
   108.070312       3.77408631E+18
   108.140625       3.79578489E+18
   108.210938       3.81480452E+18
   108.281250       3.83046789E+18
   108.351562       3.84253530E+18
   108.421875       3.85113211E+18
   108.492188       3.85677178E+18
   108.562500       3.86018521E+18
   108.632812       3.86231057E+18
   108.703125       3.86412751E+18
   108.773438       3.86667068E+18
   108.843750       3.87089116E+18
   108.914062       3.87766360E+18
   108.984375       3.88763837E+18
   109.054688       3.90123163E+18
   109.125000       3.91848434E+18
   109.195312       3.93911036E+18
   109.265625       3.96242578E+18
   109.335938       3.98750949E+18
   109.406250       4.01322431E+18
   109.476562       4.03843557E+18
   109.546875       4.06204758E+18
   109.617188       4.08317689E+18
   109.687500       4.10112367E+18
   109.757812       4.11547807E+18
   109.828125       3.72622621E+18
   109.898438       3.75887649E+18
   109.968750       3.78715263E+18
   110.039062       3.81094276E+18
   110.109375       3.83038790E+18
   110.179688       3.84586957E+18
   110.250000       3.85794111E+18
   110.320312       3.86726772E+18
   110.390625       3.87453192E+18
   110.460938       3.88036922E+18
   110.531250       3.88529559E+18
   110.601562       3.88968621E+18
   110.671875       3.89377255E+18
   110.742188       3.89768323E+18
   110.812500       3.90145923E+18
   110.882812       3.39508987E+18
   110.953125       3.40994317E+18
   111.023438       3.42417360E+18
   111.093750       3.43756703E+18
   111.164062       3.44987001E+18
   111.234375       3.46076975E+18
   111.304688       3.46991549E+18
   111.375000       3.47691910E+18
   111.445312       3.48140401E+18
   111.515625       3.48301534E+18
   111.585938       3.48146283E+18
   111.656250       3.47650788E+18
   111.726562       3.46798447E+18
   111.796875       3.45577137E+18
   111.867188       3.43980344E+18
   111.937500       3.42002515E+18
   112.007812       3.39640104E+18
   112.078125       3.36887119E+18
   112.148438       3.33736139E+18
   112.218750       3.30174986E+18
   112.289062       3.26189641E+18
   112.359375       3.21763117E+18
   112.429688       3.16881203E+18
   112.500000       3.11534168E+18
   112.570312       3.05723661E+18
   112.640625       2.99463564E+18
   112.710938       2.92784663E+18
   112.781250       2.85732148E+18
   112.851562       2.78366218E+18
   112.921875       2.70755453E+18
   112.992188       2.62973934E+18
   113.062500       2.55092305E+18
   113.132812       2.47174392E+18
   113.203125       2.39270030E+18
   113.273438       2.31416026E+18
   113.343750       2.23633793E+18
   113.414062       2.15933501E+18
   113.484375       2.08314133E+18
   113.554688       2.00769724E+18
   113.625000       1.93291492E+18
   113.695312       1.85876000E+18
   113.765625       1.78527456E+18
   113.835938       1.71264192E+18
   113.906250       1.64115978E+18
   113.976562       1.57124156E+18
   114.046875       1.50333421E+18
   114.117188       1.43788125E+18
   114.187500       1.37522915E+18
   114.257812       1.31561377E+18
   114.328125       1.25910973E+18
   114.398438       1.20566879E+18
   114.468750       1.15511379E+18
   114.539062       1.10719343E+18
   114.609375       1.06157380E+18
   114.679688       1.01787921E+18
   114.750000       4.94117571E+17
   114.820312       4.77385100E+17
   114.890625       4.60378025E+17
   114.960938       4.43020104E+17
   115.031250       4.25253817E+17
   115.101562       0.00000000    
   115.171875       0.00000000    
   115.242188       0.00000000    
   115.312500       0.00000000    
   115.382812       0.00000000    
   115.453125       0.00000000    
   115.523438       0.00000000    
   115.593750       0.00000000    
   115.664062       0.00000000    
   115.734375       0.00000000    
   115.804688       0.00000000    
   115.875000       0.00000000    
   115.945312       0.00000000    
   116.015625       0.00000000    
   116.085938       0.00000000    
   116.156250       0.00000000    
   116.226562       0.00000000    
   116.296875       0.00000000    
   116.367188       0.00000000    
   116.437500       0.00000000    
   116.507812       0.00000000    
   116.578125       0.00000000    
   116.648438       0.00000000    
   116.718750       0.00000000    
   116.789062       0.00000000    
   116.859375       0.00000000    
   116.929688       0.00000000    
   117.000000       0.00000000    
   117.070312       0.00000000    
   117.140625       0.00000000    
   117.210938       0.00000000    
   117.281250       0.00000000    
   117.351562       0.00000000    
   117.421875       0.00000000    
   117.492188       0.00000000    
   117.562500       0.00000000    
   117.632812       0.00000000    
   117.703125       0.00000000    
   117.773438       0.00000000    
   117.843750       0.00000000    
   117.914062       0.00000000    
   117.984375       0.00000000    
   118.054688       0.00000000    
   118.125000       0.00000000    
   118.195312       0.00000000    
   118.265625       0.00000000    
   118.335938       0.00000000    
   118.406250       0.00000000    
   118.476562       0.00000000    
   118.546875       0.00000000    
   118.617188       0.00000000    
   118.687500       0.00000000    
   118.757812       0.00000000    
   118.828125       0.00000000    
   118.898438       0.00000000    
   118.968750       0.00000000    
   119.039062       0.00000000    
   119.109375       0.00000000    
   119.179688       0.00000000    
   119.250000       0.00000000    
   119.320312       0.00000000    
   119.390625       0.00000000    
   119.460938       0.00000000    
   119.531250       0.00000000    
   119.601562       0.00000000    
   119.671875       0.00000000    
   119.742188       0.00000000    
   119.812500       0.00000000    
   119.882812       0.00000000    
   119.953125       0.00000000    
   120.023438       0.00000000    
   120.093750       0.00000000    
   120.164062       0.00000000    
   120.234375       0.00000000    
   120.304688       0.00000000    
   120.375000       0.00000000    
   120.445312       0.00000000    
   120.515625       0.00000000    
   120.585938       0.00000000    
   120.656250       0.00000000    
   120.726562       0.00000000    
   120.796875       0.00000000    
   120.867188       0.00000000    
   120.937500       0.00000000    
   121.007812       0.00000000    
   121.078125       0.00000000    
   121.148438       0.00000000    
   121.218750       0.00000000    
   121.289062       0.00000000    
   121.359375       0.00000000    
   121.429688       0.00000000    
   121.500000       0.00000000    
   121.570312       0.00000000    
   121.640625       0.00000000    
   121.710938       0.00000000    
   121.781250       0.00000000    
   121.851562       0.00000000    
   121.921875       0.00000000    
   121.992188       0.00000000    
   122.062500       0.00000000    
   122.132812       0.00000000    
   122.203125       0.00000000    
   122.273438       0.00000000    
   122.343750       0.00000000    
   122.414062       0.00000000    
   122.484375       0.00000000    
   122.554688       0.00000000    
   122.625000       0.00000000    
   122.695312       0.00000000    
   122.765625       0.00000000    
   122.835938       0.00000000    
   122.906250       0.00000000    
   122.976562       0.00000000    
   123.046875       0.00000000    
   123.117188       0.00000000    
   123.187500       0.00000000    
   123.257812       0.00000000    
   123.328125       0.00000000    
   123.398438       0.00000000    
   123.468750       0.00000000    
   123.539062       0.00000000    
   123.609375       0.00000000    
   123.679688       0.00000000    
   123.750000       0.00000000    
   123.820312       0.00000000    
   123.890625       0.00000000    
   123.960938       0.00000000    
   124.031250       0.00000000    
   124.101562       0.00000000    
   124.171875       0.00000000    
   124.242188       0.00000000    
   124.312500       0.00000000    
   124.382812       0.00000000    
   124.453125       0.00000000    
   124.523438       0.00000000    
   124.593750       0.00000000    
   124.664062       0.00000000    
   124.734375       0.00000000    
   124.804688       0.00000000    
   124.875000       0.00000000    
   124.945312       0.00000000    
   125.015625       0.00000000    
   125.085938       0.00000000    
   125.156250       0.00000000    
   125.226562       0.00000000    
   125.296875       0.00000000    
   125.367188       0.00000000    
   125.437500       0.00000000    
   125.507812       0.00000000    
   125.578125       0.00000000    
   125.648438       0.00000000    
   125.718750       0.00000000    
   125.789062       0.00000000    
   125.859375       0.00000000    
   125.929688       0.00000000    
   126.000000       0.00000000    
   126.070312       0.00000000    
   126.140625       0.00000000    
   126.210938       0.00000000    
   126.281250       0.00000000    
   126.351562       0.00000000    
   126.421875       0.00000000    
   126.492188       0.00000000    
   126.562500       0.00000000    
   126.632812       0.00000000    
   126.703125       0.00000000    
   126.773438       0.00000000    
   126.843750       0.00000000    
   126.914062       0.00000000    
   126.984375       0.00000000    
   127.054688       0.00000000    
   127.125000       0.00000000    
   127.195312       0.00000000    
   127.265625       0.00000000    
   127.335938       0.00000000    
   127.406250       0.00000000    
   127.476562       0.00000000    
   127.546875       0.00000000    
   127.617188       0.00000000    
   127.687500       0.00000000    
   127.757812       0.00000000    
   127.828125       0.00000000    
   127.898438       0.00000000    
   127.968750       0.00000000    
   128.039062       0.00000000    
   128.109375       0.00000000    
   128.179688       0.00000000    
   128.250000       0.00000000    
   128.320312       0.00000000    
   128.390625       0.00000000    
   128.460938       0.00000000    
   128.531250       0.00000000    
   128.601562       0.00000000    
   128.671875       0.00000000    
   128.742188       0.00000000    
   128.812500       0.00000000    
   128.882812       0.00000000    
   128.953125       0.00000000    
   129.023438       0.00000000    
   129.093750       0.00000000    
   129.164062       0.00000000    
   129.234375       0.00000000    
   129.304688       0.00000000    
   129.375000       0.00000000    
   129.445312       0.00000000    
   129.515625       0.00000000    
   129.585938       0.00000000    
   129.656250       0.00000000    
   129.726562       0.00000000    
   129.796875       0.00000000    
   129.867188       0.00000000    
   129.937500       0.00000000    
   130.007812       0.00000000    
   130.078125       0.00000000    
   130.148438       0.00000000    
   130.218750       0.00000000    
   130.289062       0.00000000    
   130.359375       0.00000000    
   130.429688       0.00000000    
   130.500000       0.00000000    
   130.570312       0.00000000    
   130.640625       0.00000000    
   130.710938       0.00000000    
   130.781250       0.00000000    
   130.851562       0.00000000    
   130.921875       0.00000000    
   130.992188       0.00000000    
   131.062500       0.00000000    
   131.132812       0.00000000    
   131.203125       0.00000000    
   131.273438       0.00000000    
   131.343750       0.00000000    
   131.414062       0.00000000    
   131.484375       0.00000000    
   131.554688       0.00000000    
   131.625000       0.00000000    
   131.695312       0.00000000    
   131.765625       0.00000000    
   131.835938       0.00000000    
   131.906250       0.00000000    
   131.976562       0.00000000    
   132.046875       0.00000000    
   132.117188       0.00000000    
   132.187500       0.00000000    
   132.257812       0.00000000    
   132.328125       0.00000000    
   132.398438       0.00000000    
   132.468750       0.00000000    
   132.539062       0.00000000    
   132.609375       0.00000000    
   132.679688       0.00000000    
   132.750000       0.00000000    
   132.820312       0.00000000    
   132.890625       0.00000000    
   132.960938       0.00000000    
   133.031250       0.00000000    
   133.101562       0.00000000    
   133.171875       0.00000000    
   133.242188       0.00000000    
   133.312500       0.00000000    
   133.382812       0.00000000    
   133.453125       0.00000000    
   133.523438       0.00000000    
   133.593750       0.00000000    
   133.664062       0.00000000    
   133.734375       0.00000000    
   133.804688       0.00000000    
   133.875000       0.00000000    
   133.945312       0.00000000    
   134.015625       0.00000000    
   134.085938       0.00000000    
   134.156250       0.00000000    
   134.226562       0.00000000    
   134.296875       0.00000000    
   134.367188       0.00000000    
   134.437500       0.00000000    
   134.507812       0.00000000    
   134.578125       0.00000000    
   134.648438       0.00000000    
   134.718750       0.00000000    
   134.789062       0.00000000    
   134.859375       0.00000000    
   134.929688       0.00000000    
   135.000000       0.00000000    
   135.070312       0.00000000    
   135.140625       0.00000000    
   135.210938       0.00000000    
   135.281250       0.00000000    
   135.351562       0.00000000    
   135.421875       0.00000000    
   135.492188       0.00000000    
   135.562500       0.00000000    
   135.632812       0.00000000    
   135.703125       0.00000000    
   135.773438       0.00000000    
   135.843750       0.00000000    
   135.914062       0.00000000    
   135.984375       0.00000000    
   136.054688       0.00000000    
   136.125000       0.00000000    
   136.195312       0.00000000    
   136.265625       0.00000000    
   136.335938       0.00000000    
   136.406250       0.00000000    
   136.476562       0.00000000    
   136.546875       0.00000000    
   136.617188       0.00000000    
   136.687500       0.00000000    
   136.757812       0.00000000    
   136.828125       0.00000000    
   136.898438       0.00000000    
   136.968750       0.00000000    
   137.039062       0.00000000    
   137.109375       0.00000000    
   137.179688       0.00000000    
   137.250000       0.00000000    
   137.320312       0.00000000    
   137.390625       0.00000000    
   137.460938       0.00000000    
   137.531250       0.00000000    
   137.601562       0.00000000    
   137.671875       0.00000000    
   137.742188       0.00000000    
   137.812500       0.00000000    
   137.882812       0.00000000    
   137.953125       0.00000000    
   138.023438       0.00000000    
   138.093750       0.00000000    
   138.164062       0.00000000    
