1995 10 09 15 35 53.0 19.060 -104.210
30. 4.361E+20 7.693 307 22 96 121 69 88
  -1.12500000       0.00000000    
  -1.05468750       1.03372895E+18
 -0.984375000       1.02982431E+18
 -0.914062500       1.03070027E+18
 -0.843750000       1.03565866E+18
 -0.773437500       1.04402257E+18
 -0.703125000       1.05566310E+18
 -0.632812500       1.07093972E+18
 -0.562500000       1.09051247E+18
 -0.492187500       1.11519541E+18
 -0.421875000       1.14574657E+18
 -0.351562500       1.18274535E+18
 -0.281250000       1.22643664E+18
 -0.210937500       1.27668638E+18
 -0.140625000       1.33292461E+18
  -7.03125000E-02   1.39419765E+18
   0.00000000       1.45920765E+18
   7.03125000E-02   1.52645694E+18
  0.140625000       1.59436676E+18
  0.210937500       1.66146804E+18
  0.281250000       1.72652737E+18
  0.351562500       1.78870476E+18
  0.421875000       1.84761467E+18
  0.492187500       1.90338135E+18
  0.562500000       1.95656555E+18
  0.632812500       2.00808908E+18
  0.703125000       2.05905501E+18
  0.773437500       2.11061208E+18
  0.843750000       2.16377539E+18
  0.914062500       2.21937453E+18
  0.984375000       2.27803540E+18
   1.05468750       2.34031985E+18
   1.12500000       2.40688868E+18
   1.19531250       2.47876815E+18
   1.26562500       2.55505777E+18
   1.33593750       2.63369154E+18
   1.40625000       2.71200260E+18
   1.47656250       2.78910641E+18
   1.54687500       2.86510383E+18
   1.61718750       2.94033818E+18
   1.68750000       3.01519019E+18
   1.75781250       3.08992702E+18
   1.82812500       3.16449287E+18
   1.89843750       3.23843475E+18
   1.96875000       3.31082797E+18
   2.03906250       3.38037318E+18
   2.10937500       3.44550715E+18
   2.17968750       3.50465126E+18
   2.25000000       3.55640719E+18
   2.32031250       3.59980602E+18
   2.39062500       3.63442442E+18
   2.46093750       3.66047240E+18
   2.53125000       3.67871852E+18
   2.60156250       3.69039560E+18
   2.67187500       3.69697536E+18
   2.74218750       3.69998609E+18
   2.81250000       3.70076455E+18
   2.88281250       3.70287039E+18
   2.95312500       3.70946086E+18
   3.02343750       3.72234906E+18
   3.09375000       3.73970540E+18
   3.16406250       3.75893201E+18
   3.23437500       3.77795027E+18
   3.30468750       3.79533822E+18
   3.37500000       3.81034050E+18
   3.44531250       3.82288318E+18
   3.51562500       3.83345719E+18
   3.58593750       3.84300809E+18
   3.65625000       3.85270304E+18
   3.72656250       3.86373719E+18
   3.79687500       3.87708801E+18
   3.86718750       3.89337727E+18
   3.93750000       3.91275534E+18
   4.00781250       3.93494403E+18
   4.07812500       3.95933010E+18
   4.14843750       3.99597023E+18
   4.21875000       4.05529493E+18
   4.28906250       4.14322397E+18
   4.35937500       4.25149288E+18
   4.42968750       4.36927641E+18
   4.50000000       4.48966387E+18
   4.57031250       4.62158217E+18
   4.64062500       4.77167266E+18
   4.71093750       4.94413161E+18
   4.78125000       5.12868573E+18
   4.85156250       5.31830641E+18
   4.92187500       5.50836139E+18
   4.99218750       5.69599965E+18
   5.06250000       5.87960874E+18
   5.13281250       6.05858944E+18
   5.20312500       6.23313417E+18
   5.27343750       6.40412087E+18
   5.34375000       6.57281454E+18
   5.41406250       6.74060386E+18
   5.48437500       6.90857186E+18
   5.55468750       7.07723364E+18
   5.62500000       7.24627146E+18
   5.69531250       7.41455281E+18
   5.76562500       7.58021018E+18
   5.83593750       7.74097308E+18
   5.90625000       7.89444896E+18
   5.97656250       8.03854216E+18
   6.04687500       8.17170676E+18
   6.11718750       8.29322643E+18
   6.18750000       8.40324961E+18
   6.25781250       8.50276806E+18
   6.32812500       8.59333978E+18
   6.39843750       8.67679106E+18
   6.46875000       8.75476073E+18
   6.53906250       8.82837358E+18
   6.60937500       8.89794683E+18
   6.67968750       8.96300713E+18
   6.75000000       9.02243244E+18
   6.82031250       9.07488464E+18
   6.89062500       9.11922355E+18
   6.96093750       9.15500825E+18
   7.03125000       9.18269176E+18
   7.10156250       9.20370067E+18
   7.17187500       9.22012958E+18
   7.24218750       9.23438035E+18
   7.31250000       9.24859923E+18
   7.38281250       9.26428816E+18
   7.45312500       9.28201559E+18
   7.52343750       9.30142417E+18
   7.59375000       9.32138800E+18
   7.66406250       9.34038206E+18
   7.73437500       9.35678898E+18
   7.80468750       9.36923765E+18
   7.87500000       9.37671323E+18
   7.94531250       9.37862748E+18
   8.01562500       9.37471102E+18
   8.08593750       9.36494405E+18
   8.15625000       9.34941345E+18
   8.22656250       9.32826435E+18
   8.29687500       9.30161109E+18
   8.36718750       9.26960100E+18
   8.43750000       9.23241442E+18
   8.50781250       9.19043122E+18
   8.57812500       9.14430561E+18
   8.64843750       9.09511730E+18
   8.71875000       9.04432591E+18
   8.78906250       8.99373464E+18
   8.85937500       8.94526102E+18
   8.92968750       8.90078192E+18
   9.00000000       8.86189934E+18
   9.07031250       8.82986507E+18
   9.14062500       8.80545701E+18
   9.21093750       8.78899403E+18
   9.28125000       8.78027710E+18
   9.35156250       8.77865147E+18
   9.42187500       8.78304237E+18
   9.49218750       8.79214633E+18
   9.56250000       8.80460984E+18
   9.63281250       8.81933285E+18
   9.70312500       8.83567489E+18
   9.77343750       8.85366675E+18
   9.84375000       8.87401211E+18
   9.91406250       8.89799631E+18
   9.98437500       8.92715426E+18
   10.0546875       8.96292302E+18
   10.1250000       9.00619650E+18
   10.1953125       9.05708300E+18
   10.2656250       9.11478482E+18
   10.3359375       9.17779618E+18
   10.4062500       9.24423197E+18
   10.4765625       9.31230713E+18
   10.5468750       9.38067697E+18
   10.6171875       9.44869715E+18
   10.6875000       9.51631382E+18
   10.7578125       9.58384033E+18
   10.8281250       9.65151417E+18
   10.8984375       9.71915942E+18
   10.9687500       9.78589758E+18
   11.0390625       9.85017943E+18
   11.1093750       9.90995658E+18
   11.1796875       9.96310037E+18
   11.2500000       1.00077680E+19
   11.3203125       1.00427479E+19
   11.3906250       1.00675232E+19
   11.4609375       1.00821841E+19
   11.5312500       1.00870142E+19
   11.6015625       1.00820939E+19
   11.6718750       1.00668217E+19
   11.7421875       1.00397462E+19
   11.8125000       9.99858161E+18
   11.8828125       9.94060656E+18
   11.9531250       9.86320094E+18
   12.0234375       9.76453407E+18
   12.0937500       9.64406388E+18
   12.1640625       9.50287229E+18
   12.2343750       9.34359594E+18
   12.3046875       9.17013423E+18
   12.3750000       8.98703861E+18
   12.4453125       8.79895725E+18
   12.5156250       8.61011228E+18
   12.5859375       8.42408921E+18
   12.6562500       8.24383692E+18
   12.7265625       8.07192553E+18
   12.7968750       7.91078165E+18
   12.8671875       7.76291548E+18
   12.9375000       7.63085039E+18
   13.0078125       7.51692559E+18
   13.0781250       7.42288821E+18
   13.1484375       7.34955628E+18
   13.2187500       7.29653453E+18
   13.2890625       7.26222207E+18
   13.3593750       7.24397678E+18
   13.4296875       7.23852705E+18
   13.5000000       7.24240558E+18
   13.5703125       7.25241388E+18
   13.6406250       7.26588400E+18
   13.7109375       7.28084505E+18
   13.7812500       7.29592211E+18
   13.8515625       7.31024325E+18
   13.9218750       7.32320154E+18
   13.9921875       7.33439292E+18
   14.0625000       7.34352986E+18
   14.1328125       7.35052440E+18
   14.2031250       7.35553708E+18
   14.2734375       7.35905441E+18
   14.3437500       7.36183948E+18
   14.4140625       7.36486973E+18
   14.4843750       7.36913914E+18
   14.5546875       7.37551960E+18
   14.6250000       7.38454824E+18
   14.6953125       7.39635480E+18
   14.7656250       7.41054784E+18
   14.8359375       7.42624612E+18
   14.9062500       7.44206699E+18
   14.9765625       7.45623475E+18
   15.0468750       7.46666197E+18
   15.1171875       7.47120240E+18
   15.1875000       7.46782965E+18
   15.2578125       7.45493348E+18
   15.3281250       7.43148419E+18
   15.3984375       7.39719207E+18
   15.4687500       7.35247109E+18
   15.5390625       7.29839766E+18
   15.6093750       7.23652319E+18
   15.6796875       7.16879602E+18
   15.7500000       7.09742617E+18
   15.8203125       7.02494197E+18
   15.8906250       6.95420379E+18
   15.9609375       6.88857064E+18
   16.0312500       6.83191116E+18
   16.1015625       6.78858820E+18
   16.1718750       6.76315979E+18
   16.2421875       6.75996241E+18
   16.3125000       6.78247327E+18
   16.3828125       6.83273854E+18
   16.4531250       6.91087423E+18
   16.5234375       7.01496225E+18
   16.5937500       7.14120213E+18
   16.6640625       7.28449048E+18
   16.7343750       7.43910656E+18
   16.8046875       7.59953740E+18
   16.8750000       7.76109854E+18
   16.9453125       7.92045626E+18
   17.0156250       8.07582165E+18
   17.0859375       8.22701934E+18
   17.1562500       8.37528133E+18
   17.2265625       8.52296719E+18
   17.2968750       8.67307746E+18
   17.3671875       8.82877161E+18
   17.4375000       8.99274837E+18
   17.5078125       9.16676698E+18
   17.5781250       9.35120346E+18
   17.6484375       9.54490442E+18
   17.7187500       9.74522664E+18
   17.7890625       9.94842409E+18
   17.8593750       1.01501603E+19
   17.9296875       1.03461845E+19
   18.0000000       1.05328332E+19
   18.0703125       1.07074049E+19
   18.1406250       1.08681744E+19
   18.2109375       1.10143061E+19
   18.2812500       1.11455702E+19
   18.3515625       1.12622019E+19
   18.4218750       1.13648007E+19
   18.4921875       1.14544702E+19
   18.5625000       1.15329171E+19
   18.6328125       1.16025877E+19
   18.7031250       1.16665572E+19
   18.7734375       1.17283113E+19
   18.8437500       1.17912770E+19
   18.9140625       1.18583857E+19
   18.9843750       1.19316132E+19
   19.0546875       1.20118215E+19
   19.1250000       1.20987313E+19
   19.1953125       1.21911870E+19
   19.2656250       1.22874339E+19
   19.3359375       1.23854729E+19
   19.4062500       1.24832129E+19
   19.4765625       1.25786076E+19
   19.5468750       1.26696494E+19
   19.6171875       1.27545009E+19
   19.6875000       1.28315877E+19
   19.7578125       1.28998706E+19
   19.8281250       1.29590365E+19
   19.8984375       1.30097064E+19
   19.9687500       1.30534174E+19
   20.0390625       1.30925062E+19
   20.1093750       1.31297631E+19
   20.1796875       1.31680118E+19
   20.2500000       1.32095558E+19
   20.3203125       1.32557441E+19
   20.3906250       1.33065701E+19
   20.4609375       1.33606166E+19
   20.5312500       1.34151854E+19
   20.6015625       1.34667744E+19
   20.6718750       1.35116466E+19
   20.7421875       1.35465176E+19
   20.8125000       1.35690125E+19
   20.8828125       1.35780032E+19
   20.9531250       1.35736063E+19
   21.0234375       1.35570850E+19
   21.0937500       1.35305197E+19
   21.1640625       1.34965085E+19
   21.2343750       1.34578079E+19
   21.3046875       1.34170765E+19
   21.3750000       1.33765947E+19
   21.4453125       1.33381272E+19
   21.5156250       1.33027933E+19
   21.5859375       1.32710779E+19
   21.6562500       1.32428765E+19
   21.7265625       1.32177032E+19
   21.7968750       1.31948531E+19
   21.8671875       1.31736842E+19
   21.9375000       1.31537116E+19
   22.0078125       1.31347637E+19
   22.0781250       1.31168637E+19
   22.1484375       1.31002072E+19
   22.2187500       1.30849932E+19
   22.2890625       1.30714153E+19
   22.3593750       1.30595791E+19
   22.4296875       1.30495691E+19
   22.5000000       1.30413646E+19
   22.5703125       1.30348192E+19
   22.6406250       1.30294613E+19
   22.7109375       1.30244057E+19
   22.7812500       1.30182067E+19
   22.8515625       1.30088608E+19
   22.9218750       1.29938239E+19
   22.9921875       1.29702185E+19
   23.0625000       1.29349418E+19
   23.1328125       1.28849723E+19
   23.2031250       1.28175051E+19
   23.2734375       1.27301984E+19
   23.3437500       1.26212599E+19
   23.4140625       1.24895780E+19
   23.4843750       1.23347393E+19
   23.5546875       1.21570725E+19
   23.6250000       1.19575958E+19
   23.6953125       1.17379639E+19
   23.7656250       1.15003023E+19
   23.8359375       1.12470595E+19
   23.9062500       1.09807479E+19
   23.9765625       1.07037303E+19
   24.0468750       1.04179782E+19
   24.1171875       1.01249705E+19
   24.1875000       9.82567241E+18
   24.2578125       9.52073716E+18
   24.3281250       9.21074964E+18
   24.3984375       8.89664226E+18
   24.4687500       8.57997522E+18
   24.5390625       8.26314874E+18
   24.6093750       7.94935747E+18
   24.6796875       7.64239581E+18
   24.7500000       7.34627479E+18
   24.8203125       7.06483390E+18
   24.8906250       6.80131835E+18
   24.9609375       6.55813111E+18
   25.0312500       6.33663449E+18
   25.1015625       6.13717319E+18
   25.1718750       5.95913422E+18
   25.2421875       5.80116134E+18
   25.3125000       5.66135568E+18
   25.3828125       5.53753033E+18
   25.4531250       5.42739170E+18
   25.5234375       5.32875122E+18
   25.5937500       5.23960556E+18
   25.6640625       5.15825160E+18
   25.7343750       5.08326711E+18
   25.8046875       5.01350639E+18
   25.8750000       4.94799254E+18
   25.9453125       4.88588003E+18
   26.0156250       4.82635412E+18
   26.0859375       4.76865175E+18
   26.1562500       4.71204009E+18
   26.2265625       4.65590728E+18
   26.2968750       4.59974147E+18
   26.3671875       4.54316390E+18
   26.4375000       4.48582767E+18
   26.5078125       4.42737626E+18
   26.5781250       4.36731186E+18
   26.6484375       4.30497890E+18
   26.7187500       4.23949171E+18
   26.7890625       4.16980054E+18
   26.8593750       4.09471297E+18
   26.9296875       4.01305471E+18
   27.0000000       3.92380241E+18
   27.0703125       3.82636341E+18
   27.1406250       3.72081799E+18
   27.2109375       3.60825302E+18
   27.2812500       3.49096454E+18
   27.3515625       3.37260513E+18
   27.4218750       3.25804592E+18
   27.4921875       3.15308434E+18
   27.5625000       3.06385485E+18
   27.6328125       2.99620135E+18
   27.7031250       2.95498093E+18
   27.7734375       2.94358504E+18
   27.8437500       2.96360687E+18
   27.9140625       3.01486281E+18
   27.9843750       3.09557356E+18
   28.0546875       3.20283284E+18
   28.1250000       3.33309171E+18
   28.1953125       3.48271215E+18
   28.2656250       3.64832197E+18
   28.3359375       3.82705061E+18
   28.4062500       4.01647282E+18
   28.4765625       4.21449706E+18
   28.5468750       4.41913432E+18
   28.6171875       4.62842773E+18
   28.6875000       4.84043007E+18
   28.7578125       5.05336094E+18
   28.8281250       5.26567553E+18
   28.8984375       5.47613361E+18
   28.9687500       5.68360870E+18
   29.0390625       5.88687596E+18
   29.1093750       6.08427074E+18
   29.1796875       6.27352967E+18
   29.2500000       6.45177920E+18
   29.3203125       6.61584723E+18
   29.3906250       6.76272164E+18
   29.4609375       6.89018417E+18
   29.5312500       6.99728870E+18
   29.6015625       7.08468503E+18
   29.6718750       7.15449962E+18
   29.7421875       7.20996998E+18
   29.8125000       7.25475034E+18
   29.8828125       7.29225139E+18
   29.9531250       7.32505422E+18
   30.0234375       7.35468441E+18
   30.0937500       7.38158121E+18
   30.1640625       7.40539443E+18
   30.2343750       7.42528405E+18
   30.3046875       7.44030448E+18
   30.3750000       7.44962449E+18
   30.4453125       7.45274490E+18
   30.5156250       7.44955632E+18
   30.5859375       7.44045951E+18
   30.6562500       7.42634288E+18
   30.7265625       7.40862205E+18
   30.7968750       7.38908922E+18
   30.8671875       7.36973947E+18
   30.9375000       7.35237433E+18
   31.0078125       7.33822087E+18
   31.0781250       7.32750063E+18
   31.1484375       7.31928618E+18
   31.2187500       7.31155441E+18
   31.2890625       7.30166705E+18
   31.3593750       7.28701166E+18
   31.4296875       7.26579274E+18
   31.5000000       7.23761390E+18
   31.5703125       7.20384570E+18
   31.6406250       7.16753983E+18
   31.7109375       7.13305035E+18
   31.7812500       7.10528548E+18
   31.8515625       7.08887252E+18
   31.9218750       7.08728703E+18
   31.9921875       7.10228546E+18
   32.0625000       7.13361440E+18
   32.1328125       7.17925348E+18
   32.2031250       7.23598938E+18
   32.2734375       7.30032400E+18
   32.3437500       7.36937773E+18
   32.4140625       7.44166622E+18
   32.4843750       7.51742422E+18
   32.5546875       7.59853519E+18
   32.6250000       7.68793868E+18
   32.6953125       7.78883207E+18
   32.7656250       7.90373598E+18
   32.8359375       8.03381206E+18
   32.9062500       8.17845391E+18
   32.9765625       8.33540535E+18
   33.0468750       8.50121665E+18
   33.1171875       8.67204117E+18
   33.1875000       8.84445834E+18
   33.2578125       9.01623889E+18
   33.3281250       9.18674511E+18
   33.3984375       9.35703637E+18
   33.4687500       9.52946178E+18
   33.5390625       9.70703951E+18
   33.6093750       9.89258319E+18
   33.6796875       1.00879752E+19
   33.7500000       1.02936136E+19
   33.8203125       1.05083273E+19
   33.8906250       1.07295919E+19
   33.9609375       1.09541188E+19
   34.0312500       1.11784774E+19
   34.1015625       1.13997113E+19
   34.1718750       1.16156532E+19
   34.2421875       1.18250903E+19
   34.3125000       1.20275819E+19
   34.3828125       1.22232378E+19
   34.4531250       1.24123527E+19
   34.5234375       1.25951784E+19
   34.5937500       1.27716731E+19
   34.6640625       1.29414553E+19
   34.7343750       1.31037157E+19
   34.8046875       1.32572977E+19
   34.8750000       1.34007015E+19
   34.9453125       1.35322163E+19
   35.0156250       1.36500399E+19
   35.0859375       1.37525463E+19
   35.1562500       1.38385479E+19
   35.2265625       1.39076049E+19
   35.2968750       1.39601726E+19
   35.3671875       1.39976571E+19
   35.4375000       1.40221323E+19
   35.5078125       1.40359718E+19
   35.5781250       1.40412671E+19
   35.6484375       1.40393737E+19
   35.7187500       1.40305248E+19
   35.7890625       1.40137903E+19
   35.8593750       1.39872514E+19
   35.9296875       1.39484782E+19
   36.0000000       1.38950639E+19
   36.0703125       1.38252768E+19
   36.1406250       1.37385000E+19
   36.2109375       1.36356000E+19
   36.2812500       1.35189760E+19
   36.3515625       1.33924222E+19
   36.4218750       1.32606765E+19
   36.4921875       1.31288824E+19
   36.5625000       1.30019152E+19
   36.6328125       1.28838255E+19
   36.7031250       1.27773828E+19
   36.7734375       1.26839244E+19
   36.8437500       1.26033730E+19
   36.9140625       1.25344952E+19
   36.9843750       1.24752019E+19
   37.0546875       1.24229498E+19
   37.1250000       1.23749847E+19
   37.1953125       1.23285732E+19
   37.2656250       1.22809676E+19
   37.3359375       1.22294225E+19
   37.4062500       1.21710638E+19
   37.4765625       1.21029424E+19
   37.5468750       1.20221283E+19
   37.6171875       1.19260398E+19
   37.6875000       1.18127494E+19
   37.7578125       1.16812874E+19
   37.8281250       1.15316845E+19
   37.8984375       1.13648216E+19
   37.9687500       1.11820047E+19
   38.0390625       1.09845082E+19
   38.1093750       1.07731106E+19
   38.1796875       1.05478734E+19
   38.2500000       1.03080535E+19
   38.3203125       1.00522697E+19
   38.3906250       9.77868368E+18
   38.4609375       9.48529880E+18
   38.5312500       9.17011939E+18
   38.6015625       8.83134886E+18
   38.6718750       8.46742811E+18
   38.7421875       8.07710423E+18
   38.8125000       7.65939096E+18
   38.8828125       7.21362586E+18
   38.9531250       6.73955108E+18
   39.0234375       6.23767680E+18
   39.0937500       5.70990902E+18
   39.1640625       5.16067987E+18
   39.2343750       4.59846522E+18
   39.3046875       4.03775662E+18
   39.3750000       3.50115811E+18
   39.4453125       3.00752109E+18
   39.5156250       2.55060804E+18
   39.5859375       2.11925355E+18
   39.6562500       1.70981562E+18
   39.7265625       1.34772761E+18
   39.7968750       1.04813358E+18
   39.8671875       8.07618091E+17
   39.9375000       6.17941753E+17
   40.0078125       4.72383146E+17
   40.0781250       3.67406105E+17
   40.1484375       2.85987974E+17
   40.2187500       2.15117904E+17
   40.2890625       1.50342994E+17
   40.3593750       9.63437100E+16
   40.4296875       5.67358609E+16
   40.5000000       3.03899237E+16
   40.5703125       1.47122526E+16
   40.6406250       6.74464806E+15
   40.7109375       4.21772902E+15
   40.7812500       4.21388905E+15
   40.8515625       4.20999915E+15
   40.9218750       4.20605852E+15
   40.9921875       4.20206850E+15
   41.0625000       4.19802881E+15
   41.1328125       4.19393973E+15
   41.2031250       4.18980073E+15
   41.2734375       4.18561206E+15
   41.3437500       4.18137534E+15
   41.4140625       4.17708977E+15
   41.4843750       4.17275454E+15
   41.5546875       4.16837179E+15
   41.6250000       4.16393939E+15
   41.6953125       4.15945947E+15
   41.7656250       4.15493150E+15
   41.8359375       4.15035521E+15
   41.9062500       4.14573114E+15
   41.9765625       4.14105929E+15
   42.0468750       4.13634073E+15
   42.1171875       4.13157412E+15
   42.1875000       4.12676108E+15
   42.2578125       4.12190052E+15
   42.3281250       4.11699405E+15
   42.3984375       4.11203981E+15
   42.4687500       4.10704020E+15
   42.5390625       4.10199468E+15
   42.6093750       4.09690246E+15
   42.6796875       4.09176461E+15
   42.7500000       4.08658139E+15
   42.8203125       4.08135253E+15
   42.8906250       4.07607858E+15
   42.9609375       4.07075900E+15
   43.0312500       4.06539539E+15
   43.1015625       5.59773342E+15
   43.1718750       1.06566782E+16
   43.2421875       2.05197818E+16
   43.3125000       3.43970316E+16
   43.3828125       5.06670592E+16
   43.4531250       6.81613715E+16
   43.5234375       8.60599262E+16
   43.5937500       1.03794508E+17
   43.6640625       1.27204502E+17
   43.7343750       1.65949067E+17
   43.8046875       2.27838927E+17
   43.8750000       3.20126831E+17
   43.9453125       4.45207720E+17
   44.0156250       6.00492297E+17
   44.0859375       7.73237393E+17
   44.1562500       9.49296693E+17
   44.2265625       1.12036091E+18
   44.2968750       1.28255365E+18
   44.3671875       1.43512326E+18
   44.4375000       1.57922855E+18
   44.5078125       1.71705068E+18
   44.5781250       1.85108541E+18
   44.6484375       1.98613719E+18
   44.7187500       2.13050155E+18
   44.7890625       2.28795464E+18
   44.8593750       2.45641068E+18
   44.9296875       2.62760382E+18
   45.0000000       2.79601107E+18
   45.0703125       2.95863928E+18
   45.1406250       3.11456130E+18
   45.2109375       3.27120817E+18
   45.2812500       3.43970668E+18
   45.3515625       3.62804120E+18
   45.4218750       3.83482003E+18
   45.4921875       4.05390954E+18
   45.5625000       4.28116760E+18
   45.6328125       4.51376681E+18
   45.7031250       4.74955378E+18
   45.7734375       4.98668326E+18
   45.8437500       5.22339327E+18
   45.9140625       5.45804994E+18
   45.9843750       5.68919587E+18
   46.0546875       5.91572935E+18
   46.1250000       6.13694009E+18
   46.1953125       6.35257082E+18
   46.2656250       6.56274906E+18
   46.3359375       6.76798335E+18
   46.4062500       6.96908403E+18
   46.4765625       7.16721932E+18
   46.5468750       7.36388567E+18
   46.6171875       7.56100391E+18
   46.6875000       7.76089293E+18
   46.7578125       7.96629325E+18
   46.8281250       8.18023237E+18
   46.8984375       8.40585326E+18
   46.9687500       8.64603277E+18
   47.0390625       8.90298040E+18
   47.1093750       9.17777034E+18
   47.1796875       9.47007386E+18
   47.2500000       9.77806026E+18
   47.3203125       1.00986833E+19
   47.3906250       1.04281520E+19
   47.4609375       1.07625927E+19
   47.5312500       1.10986111E+19
   47.6015625       1.14337335E+19
   47.6718750       1.17664809E+19
   47.7421875       1.20963442E+19
   47.8125000       1.24234830E+19
   47.8828125       1.27485042E+19
   47.9531250       1.30721894E+19
   48.0234375       1.33953996E+19
   48.0937500       1.37189089E+19
   48.1640625       1.40433781E+19
   48.2343750       1.43691964E+19
   48.3046875       1.46964649E+19
   48.3750000       1.50248935E+19
   48.4453125       1.53538311E+19
   48.5156250       1.56822827E+19
   48.5859375       1.60090113E+19
   48.6562500       1.63326009E+19
   48.7265625       1.66515659E+19
   48.7968750       1.69643550E+19
   48.8671875       1.72693617E+19
   48.9375000       1.75648082E+19
   49.0078125       1.78486911E+19
   49.0781250       1.81186674E+19
   49.1484375       1.83721224E+19
   49.2187500       1.86062568E+19
   49.2890625       1.88183614E+19
   49.3593750       1.90060107E+19
   49.4296875       1.91673794E+19
   49.5000000       1.93013065E+19
   49.5703125       1.94073852E+19
   49.6406250       1.94858551E+19
   49.7109375       1.95375036E+19
   49.7812500       1.95634609E+19
   49.8515625       1.95650749E+19
   49.9218750       1.95436982E+19
   49.9921875       1.95005534E+19
   50.0625000       1.94365288E+19
   50.1328125       1.93520732E+19
   50.2031250       1.92470742E+19
   50.2734375       1.91208876E+19
   50.3437500       1.89724052E+19
   50.4140625       1.88002503E+19
   50.4843750       1.86029649E+19
   50.5546875       1.83792769E+19
   50.6250000       1.81282342E+19
   50.6953125       1.78493739E+19
   50.7656250       1.75427883E+19
   50.8359375       1.72091932E+19
   50.9062500       1.68498926E+19
   50.9765625       1.64667930E+19
   51.0468750       1.60623080E+19
   51.1171875       1.56393379E+19
   51.1875000       1.52011716E+19
   51.2578125       1.47515175E+19
   51.3281250       1.42944384E+19
   51.3984375       1.38343885E+19
   51.4687500       1.33760427E+19
   51.5390625       1.29240896E+19
   51.6093750       1.24827918E+19
   51.6796875       1.20556227E+19
   51.7500000       1.16448727E+19
   51.8203125       1.12515422E+19
   51.8906250       1.08754278E+19
   51.9609375       1.05154829E+19
   52.0312500       1.01702011E+19
   52.1015625       9.83804851E+18
   52.1718750       9.51763983E+18
   52.2421875       9.20779690E+18
   52.3125000       8.90737459E+18
   52.3828125       8.61509142E+18
   52.4531250       8.32937453E+18
   52.5234375       8.04845975E+18
   52.5937500       7.77065274E+18
   52.6640625       7.49482926E+18
   52.7343750       7.01798811E+18
   52.8046875       6.81508643E+18
   52.8750000       6.61277684E+18
   52.9453125       6.41164318E+18
   53.0156250       6.21302190E+18
   53.0859375       6.01872995E+18
   53.1562500       5.83059471E+18
   53.2265625       5.65002522E+18
   53.2968750       5.47760090E+18
   53.3671875       5.31292980E+18
   53.4375000       5.15466554E+18
   53.5078125       5.00082737E+18
   53.5781250       4.84917613E+18
   53.6484375       4.46469093E+18
   53.7187500       4.34211820E+18
   53.7890625       4.21583847E+18
   53.8593750       4.08476789E+18
   53.9296875       3.94802657E+18
   54.0000000       3.80491112E+18
   54.0703125       3.65495037E+18
   54.1406250       3.49790300E+18
   54.2109375       3.33385642E+18
   54.2812500       3.16323530E+18
   54.3515625       2.98687529E+18
   54.4218750       2.80594653E+18
   54.4921875       2.62189983E+18
   54.5625000       2.43624344E+18
   54.6328125       2.25034612E+18
   54.7031250       2.06516995E+18
   54.7734375       1.88120406E+18
   54.8437500       1.69855085E+18
   54.9140625       1.51742761E+18
   54.9843750       8.89399904E+17
   55.0546875       8.49616137E+17
   55.1250000       8.11600041E+17
   55.1953125       7.74677754E+17
   55.2656250       7.38460253E+17
   55.3359375       7.02866519E+17
   55.4062500       4.98690783E+17
   55.4765625       4.71326687E+17
   55.5468750       4.43696132E+17
   55.6171875       4.15844953E+17
   55.6875000       3.87634783E+17
   55.7578125       3.58716562E+17
   55.8281250       3.28560497E+17
   55.8984375       2.96504648E+17
   55.9687500       2.61885528E+17
   56.0390625       2.24212480E+17
   56.1093750       1.83445526E+17
   56.1796875       0.00000000    
   56.2500000       0.00000000    
   56.3203125       0.00000000    
   56.3906250       0.00000000    
   56.4609375       0.00000000    
   56.5312500       0.00000000    
   56.6015625       0.00000000    
   56.6718750       0.00000000    
   56.7421875       0.00000000    
   56.8125000       0.00000000    
   56.8828125       0.00000000    
   56.9531250       0.00000000    
   57.0234375       0.00000000    
   57.0937500       0.00000000    
   57.1640625       0.00000000    
   57.2343750       0.00000000    
   57.3046875       0.00000000    
   57.3750000       0.00000000    
   57.4453125       0.00000000    
   57.5156250       0.00000000    
   57.5859375       0.00000000    
   57.6562500       0.00000000    
   57.7265625       0.00000000    
   57.7968750       0.00000000    
   57.8671875       0.00000000    
   57.9375000       0.00000000    
   58.0078125       0.00000000    
   58.0781250       0.00000000    
   58.1484375       0.00000000    
   58.2187500       0.00000000    
   58.2890625       0.00000000    
   58.3593750       0.00000000    
   58.4296875       0.00000000    
   58.5000000       0.00000000    
   58.5703125       0.00000000    
   58.6406250       0.00000000    
   58.7109375       0.00000000    
   58.7812500       0.00000000    
   58.8515625       0.00000000    
   58.9218750       0.00000000    
   58.9921875       0.00000000    
   59.0625000       0.00000000    
   59.1328125       0.00000000    
   59.2031250       0.00000000    
   59.2734375       0.00000000    
   59.3437500       0.00000000    
   59.4140625       0.00000000    
   59.4843750       0.00000000    
   59.5546875       0.00000000    
   59.6250000       0.00000000    
   59.6953125       0.00000000    
   59.7656250       0.00000000    
   59.8359375       0.00000000    
   59.9062500       0.00000000    
   59.9765625       0.00000000    
   60.0468750       0.00000000    
   60.1171875       0.00000000    
   60.1875000       0.00000000    
   60.2578125       0.00000000    
   60.3281250       0.00000000    
   60.3984375       0.00000000    
   60.4687500       0.00000000    
   60.5390625       0.00000000    
   60.6093750       0.00000000    
   60.6796875       0.00000000    
   60.7500000       0.00000000    
   60.8203125       0.00000000    
   60.8906250       0.00000000    
   60.9609375       0.00000000    
   61.0312500       0.00000000    
   61.1015625       0.00000000    
   61.1718750       0.00000000    
   61.2421875       0.00000000    
   61.3125000       0.00000000    
   61.3828125       0.00000000    
   61.4531250       0.00000000    
   61.5234375       0.00000000    
   61.5937500       0.00000000    
   61.6640625       0.00000000    
   61.7343750       0.00000000    
   61.8046875       0.00000000    
   61.8750000       0.00000000    
   61.9453125       0.00000000    
   62.0156250       0.00000000    
   62.0859375       0.00000000    
   62.1562500       0.00000000    
   62.2265625       0.00000000    
   62.2968750       0.00000000    
   62.3671875       0.00000000    
   62.4375000       0.00000000    
   62.5078125       0.00000000    
   62.5781250       0.00000000    
   62.6484375       0.00000000    
   62.7187500       0.00000000    
   62.7890625       0.00000000    
   62.8593750       0.00000000    
   62.9296875       0.00000000    
   63.0000000       0.00000000    
   63.0703125       0.00000000    
   63.1406250       0.00000000    
   63.2109375       0.00000000    
   63.2812500       0.00000000    
   63.3515625       0.00000000    
   63.4218750       0.00000000    
   63.4921875       0.00000000    
   63.5625000       0.00000000    
   63.6328125       0.00000000    
   63.7031250       0.00000000    
   63.7734375       0.00000000    
   63.8437500       0.00000000    
   63.9140625       0.00000000    
   63.9843750       0.00000000    
   64.0546875       0.00000000    
   64.1250000       0.00000000    
   64.1953125       0.00000000    
   64.2656250       0.00000000    
   64.3359375       0.00000000    
   64.4062500       0.00000000    
   64.4765625       0.00000000    
   64.5468750       0.00000000    
   64.6171875       0.00000000    
   64.6875000       0.00000000    
   64.7578125       0.00000000    
   64.8281250       0.00000000    
   64.8984375       0.00000000    
   64.9687500       0.00000000    
   65.0390625       0.00000000    
   65.1093750       0.00000000    
   65.1796875       0.00000000    
   65.2500000       0.00000000    
   65.3203125       0.00000000    
   65.3906250       0.00000000    
   65.4609375       0.00000000    
   65.5312500       0.00000000    
   65.6015625       0.00000000    
   65.6718750       0.00000000    
   65.7421875       0.00000000    
   65.8125000       0.00000000    
   65.8828125       0.00000000    
   65.9531250       0.00000000    
   66.0234375       0.00000000    
