1995 10 09 15 35 53.0 19.060 -104.210
30. 4.361E+20 7.693 307 22 96 121 69 88
  -1.12500000       0.00000000    
  -1.05468750       0.00000000    
 -0.984375000       0.00000000    
 -0.914062500       0.00000000    
 -0.843750000       0.00000000    
 -0.773437500       0.00000000    
 -0.703125000       0.00000000    
 -0.632812500       0.00000000    
 -0.562500000       0.00000000    
 -0.492187500       0.00000000    
 -0.421875000       0.00000000    
 -0.351562500       0.00000000    
 -0.281250000       0.00000000    
 -0.210937500       0.00000000    
 -0.140625000       0.00000000    
  -7.03125000E-02   0.00000000    
   0.00000000       0.00000000    
   7.03125000E-02   4.05836957E+17
  0.140625000       4.21969232E+17
  0.210937500       4.42397849E+17
  0.281250000       4.67374459E+17
  0.351562500       4.97438096E+17
  0.421875000       5.33300454E+17
  0.492187500       5.75695664E+17
  0.562500000       6.25283742E+17
  0.632812500       6.82544314E+17
  0.703125000       7.47746522E+17
  0.773437500       8.20950907E+17
  0.843750000       9.02107166E+17
  0.914062500       9.91129056E+17
  0.984375000       1.08801919E+18
   1.05468750       1.19292820E+18
   1.12500000       1.30621528E+18
   1.19531250       1.42835741E+18
   1.26562500       1.55982080E+18
   1.33593750       1.70084457E+18
   1.40625000       1.85128250E+18
   1.47656250       2.01043488E+18
   1.54687500       2.17700760E+18
   1.61718750       2.34914425E+18
   1.68750000       2.52459992E+18
   1.75781250       2.70091156E+18
   1.82812500       2.87560938E+18
   1.89843750       3.04636959E+18
   1.96875000       3.21119298E+18
   2.03906250       3.36847674E+18
   2.10937500       3.51710982E+18
   2.17968750       3.65647842E+18
   2.25000000       3.78651903E+18
   2.32031250       3.90763052E+18
   2.39062500       4.02058005E+18
   2.46093750       4.12631266E+18
   2.53125000       4.22581351E+18
   2.60156250       4.31991824E+18
   2.67187500       4.40919418E+18
   2.74218750       4.49384943E+18
   2.81250000       4.57377568E+18
   2.88281250       4.64862466E+18
   2.95312500       4.71799340E+18
   3.02343750       4.78161829E+18
   3.09375000       4.83962687E+18
   3.16406250       4.89267996E+18
   3.23437500       4.94205353E+18
   3.30468750       4.98955078E+18
   3.37500000       5.03737074E+18
   3.44531250       5.08780699E+18
   3.51562500       5.14295135E+18
   3.58593750       5.20436567E+18
   3.65625000       5.27288998E+18
   3.72656250       5.34849405E+18
   3.79687500       5.43028507E+18
   3.86718750       5.51658794E+18
   3.93750000       5.60520802E+18
   4.00781250       5.69374235E+18
   4.07812500       5.77998089E+18
   4.14843750       5.86227054E+18
   4.21875000       5.93987682E+18
   4.28906250       6.01312079E+18
   4.35937500       6.08337354E+18
   4.42968750       6.15279725E+18
   4.50000000       6.22399118E+18
   4.57031250       6.29945781E+18
   4.64062500       6.38107785E+18
   4.71093750       6.46962977E+18
   4.78125000       6.56457150E+18
   4.85156250       6.66402783E+18
   4.92187500       6.76506855E+18
   4.99218750       6.86417688E+18
   5.06250000       6.95787726E+18
   5.13281250       7.04327797E+18
   5.20312500       7.11848732E+18
   5.27343750       7.18274168E+18
   5.34375000       7.23635222E+18
   5.41406250       7.28037941E+18
   5.48437500       7.31626417E+18
   5.55468750       7.34538199E+18
   5.62500000       7.36876970E+18
   5.69531250       7.38690559E+18
   5.76562500       7.39967202E+18
   5.83593750       7.40640433E+18
   5.90625000       7.40613440E+18
   5.97656250       7.39785948E+18
   6.04687500       7.38089236E+18
   6.11718750       7.35514180E+18
   6.18750000       7.32139229E+18
   6.25781250       7.28140635E+18
   6.32812500       7.23791132E+18
   6.39843750       7.19437946E+18
   6.46875000       7.15474316E+18
   6.53906250       7.12296838E+18
   6.60937500       7.10266370E+18
   6.67968750       7.09670159E+18
   6.75000000       7.10706284E+18
   6.82031250       7.13475789E+18
   6.89062500       7.17994562E+18
   6.96093750       7.24211970E+18
   7.03125000       7.32042527E+18
   7.10156250       7.41392114E+18
   7.17187500       7.52178049E+18
   7.24218750       7.64333534E+18
   7.31250000       7.77805905E+18
   7.38281250       7.92542385E+18
   7.45312500       8.08477057E+18
   7.52343750       8.25515364E+18
   7.59375000       8.43530917E+18
   7.66406250       8.62359009E+18
   7.73437500       8.81796396E+18
   7.80468750       9.01593817E+18
   7.87500000       9.21456220E+18
   7.94531250       9.41034949E+18
   8.01562500       9.59930166E+18
   8.08593750       9.77696954E+18
   8.15625000       9.93876708E+18
   8.22656250       1.00803941E+19
   8.29687500       1.01983937E+19
   8.36718750       1.02906460E+19
   8.43750000       1.03567651E+19
   8.50781250       1.03981749E+19
   8.57812500       1.04179134E+19
   8.64843750       1.04200959E+19
   8.71875000       1.04092635E+19
   8.78906250       1.03896064E+19
   8.85937500       1.03643594E+19
   8.92968750       1.03353268E+19
   9.00000000       1.03028583E+19
   9.07031250       1.02660884E+19
   9.14062500       1.02234482E+19
   9.21093750       1.01732126E+19
   9.28125000       1.01140512E+19
   9.35156250       1.00453262E+19
   9.42187500       9.96719605E+18
   9.49218750       9.88045448E+18
   9.56250000       9.78632309E+18
   9.63281250       9.68620156E+18
   9.70312500       9.58147308E+18
   9.77343750       9.47334820E+18
   9.84375000       9.36281870E+18
   9.91406250       9.25058165E+18
   9.98437500       9.13700925E+18
   10.0546875       9.02208664E+18
   10.1250000       8.90546419E+18
   10.1953125       8.78653552E+18
   10.2656250       8.66458868E+18
   10.3359375       8.53898212E+18
   10.4062500       8.40935465E+18
   10.4765625       8.27581072E+18
   10.5468750       8.13906501E+18
   10.6171875       8.00049905E+18
   10.6875000       7.86216949E+18
   10.7578125       7.72667613E+18
   10.8281250       7.59693980E+18
   10.8984375       7.47586543E+18
   10.9687500       7.36600938E+18
   11.0390625       7.26927709E+18
   11.1093750       7.18677524E+18
   11.1796875       7.11880508E+18
   11.2500000       7.06506809E+18
   11.3203125       7.02496176E+18
   11.3906250       6.99788848E+18
   11.4609375       6.98349093E+18
   11.5312500       6.98179713E+18
   11.6015625       6.99323260E+18
   11.6718750       7.01852357E+18
   11.7421875       7.05850126E+18
   11.8125000       7.11391225E+18
   11.8828125       7.18517435E+18
   11.9531250       7.27218860E+18
   12.0234375       7.37413806E+18
   12.0937500       7.48940866E+18
   12.1640625       7.61556333E+18
   12.2343750       7.74943052E+18
   12.3046875       7.88727244E+18
   12.3750000       8.02510502E+18
   12.4453125       8.15904093E+18
   12.5156250       8.28567828E+18
   12.5859375       8.40239584E+18
   12.6562500       8.50758887E+18
   12.7265625       8.60070101E+18
   12.7968750       8.68207367E+18
   12.8671875       8.75260019E+18
   12.9375000       8.81331357E+18
   13.0078125       8.86499722E+18
   13.0781250       8.90791555E+18
   13.1484375       8.94173873E+18
   13.2187500       8.96571138E+18
   13.2890625       8.97894565E+18
   13.3593750       8.98078404E+18
   13.4296875       8.97105941E+18
   13.5000000       8.95026709E+18
   13.5703125       8.91950166E+18
   13.6406250       8.88024414E+18
   13.7109375       8.83399704E+18
   13.7812500       8.78195495E+18
   13.8515625       8.72473802E+18
   13.9218750       8.66223903E+18
   13.9921875       8.59359707E+18
   14.0625000       8.51734868E+18
   14.1328125       8.43168133E+18
   14.2031250       8.33479512E+18
   14.2734375       8.22525902E+18
   14.3437500       8.10239574E+18
   14.4140625       7.96656263E+18
   14.4843750       7.81932318E+18
   14.5546875       7.66341957E+18
   14.6250000       7.50261545E+18
   14.6953125       7.34137482E+18
   14.7656250       7.18442943E+18
   14.8359375       7.03626969E+18
   14.9062500       6.90066362E+18
   14.9765625       6.78025170E+18
   15.0468750       6.67630552E+18
   15.1171875       6.58867609E+18
   15.1875000       6.51602531E+18
   15.2578125       6.45624652E+18
   15.3281250       6.40702193E+18
   15.3984375       6.36634825E+18
   15.4687500       6.33295938E+18
   15.5390625       6.30650403E+18
   15.6093750       6.28748413E+18
   15.6796875       6.27698104E+18
   15.7500000       6.27632298E+18
   15.8203125       6.28674251E+18
   15.8906250       6.30911372E+18
   15.9609375       6.34379287E+18
   16.0312500       6.39061942E+18
   16.1015625       6.44902327E+18
   16.1718750       6.51820730E+18
   16.2421875       6.59733200E+18
   16.3125000       6.68568985E+18
   16.3828125       6.78278992E+18
   16.4531250       6.88835843E+18
   16.5234375       7.00227114E+18
   16.5937500       7.12448680E+18
   16.6640625       7.25493836E+18
   16.7343750       7.39344659E+18
   16.8046875       7.53959257E+18
   16.8750000       7.69264954E+18
   16.9453125       7.85147674E+18
   17.0156250       8.01448319E+18
   17.0859375       8.17961389E+18
   17.1562500       8.34447962E+18
   17.2265625       8.50650915E+18
   17.2968750       8.66318461E+18
   17.3671875       8.81223715E+18
   17.4375000       8.95188612E+18
   17.5078125       9.08098473E+18
   17.5781250       9.19913605E+18
   17.6484375       9.30670842E+18
   17.7187500       9.40482334E+18
   17.7890625       9.49520210E+18
   17.8593750       9.57997884E+18
   17.9296875       9.66138558E+18
   18.0000000       9.74151689E+18
   18.0703125       9.82207371E+18
   18.1406250       9.90420063E+18
   18.2109375       9.98837045E+18
   18.2812500       1.00744072E+19
   18.3515625       1.01615611E+19
   18.4218750       1.02486545E+19
   18.4921875       1.03342559E+19
   18.5625000       1.04169337E+19
   18.6328125       1.04954872E+19
   18.7031250       1.05691446E+19
   18.7734375       1.06376277E+19
   18.8437500       1.07011849E+19
   18.9140625       1.07604805E+19
   18.9843750       1.08164698E+19
   19.0546875       1.08702535E+19
   19.1250000       1.09230213E+19
   19.1953125       1.09760365E+19
   19.2656250       1.10307119E+19
   19.3359375       1.10886605E+19
   19.4062500       1.11517967E+19
   19.4765625       1.12223249E+19
   19.5468750       1.13026310E+19
   19.6171875       1.13950328E+19
   19.6875000       1.15014799E+19
   19.7578125       1.16232464E+19
   19.8281250       1.17607458E+19
   19.8984375       1.19134361E+19
   19.9687500       1.20799890E+19
   20.0390625       1.22584749E+19
   20.1093750       1.24466684E+19
   20.1796875       1.26421880E+19
   20.2500000       1.28426773E+19
   20.3203125       1.30458286E+19
   20.3906250       1.32493702E+19
   20.4609375       1.34509503E+19
   20.5312500       1.36481169E+19
   20.6015625       1.38383390E+19
   20.6718750       1.40191185E+19
   20.7421875       1.41881046E+19
   20.8125000       1.43432776E+19
   20.8828125       1.44830288E+19
   20.9531250       1.46061686E+19
   21.0234375       1.47117580E+19
   21.0937500       1.47989702E+19
   21.1640625       1.48669123E+19
   21.2343750       1.49145487E+19
   21.3046875       1.49406863E+19
   21.3750000       1.49440937E+19
   21.4453125       1.49237043E+19
   21.5156250       1.48788211E+19
   21.5859375       1.48092342E+19
   21.6562500       1.47153502E+19
   21.7265625       1.45981928E+19
   21.7968750       1.44593366E+19
   21.8671875       1.43007232E+19
   21.9375000       1.41244528E+19
   22.0078125       1.39325759E+19
   22.0781250       1.37268991E+19
   22.1484375       1.35088088E+19
   22.2187500       1.32792109E+19
   22.2890625       1.30385861E+19
   22.3593750       1.27871432E+19
   22.4296875       1.25250416E+19
   22.5000000       1.22526684E+19
   22.5703125       1.19709076E+19
   22.6406250       1.16812764E+19
   22.7109375       1.13859586E+19
   22.7812500       1.10877095E+19
   22.8515625       1.07897627E+19
   22.9218750       1.04956840E+19
   22.9921875       1.02091854E+19
   23.0625000       9.93395781E+18
   23.1328125       9.67347911E+18
   23.2031250       9.43080920E+18
   23.2734375       9.20840439E+18
   23.3437500       9.00798760E+18
   23.4140625       8.83054897E+18
   23.4843750       8.67641393E+18
   23.5546875       8.54538183E+18
   23.6250000       8.43687873E+18
   23.6953125       8.35011131E+18
   23.7656250       8.28411808E+18
   23.8359375       8.23773573E+18
   23.9062500       8.20951236E+18
   23.9765625       8.19764863E+18
   24.0468750       8.19998620E+18
   24.1171875       8.21407974E+18
   24.1875000       8.23732946E+18
   24.2578125       8.26713227E+18
   24.3281250       8.30098733E+18
   24.3984375       8.33651091E+18
   24.4687500       8.37139566E+18
   24.5390625       8.40335132E+18
   24.6093750       8.43005351E+18
   24.6796875       8.44916852E+18
   24.7500000       8.45847148E+18
   24.8203125       8.45606190E+18
   24.8906250       8.44055659E+18
   24.9609375       8.41121557E+18
   25.0312500       8.36794155E+18
   25.1015625       8.31119740E+18
   25.1718750       8.24178303E+18
   25.2421875       8.16055991E+18
   25.3125000       8.06817509E+18
   25.3828125       7.96485508E+18
   25.4531250       7.85031896E+18
   25.5234375       7.72383444E+18
   25.5937500       7.58442571E+18
   25.6640625       7.43118787E+18
   25.7343750       7.26358327E+18
   25.8046875       7.08165808E+18
   25.8750000       6.88611158E+18
   25.9453125       6.67825056E+18
   26.0156250       6.45983257E+18
   26.0859375       6.23286699E+18
   26.1562500       5.99942417E+18
   26.2265625       5.76156682E+18
   26.2968750       5.52133178E+18
   26.3671875       5.28079107E+18
   26.4375000       5.04211843E+18
   26.5078125       4.80765308E+18
   26.5781250       4.57987935E+18
   26.6484375       4.36134894E+18
   26.7187500       4.15455059E+18
   26.7890625       3.96180758E+18
   26.8593750       3.78517900E+18
   26.9296875       3.62642822E+18
   27.0000000       3.48697523E+18
   27.0703125       3.36788081E+18
   27.1406250       3.26974445E+18
   27.2109375       3.19258100E+18
   27.2812500       3.13565241E+18
   27.3515625       3.09736439E+18
   27.4218750       3.07524166E+18
   27.4921875       3.06605359E+18
   27.5625000       3.06609125E+18
   27.6328125       3.07160695E+18
   27.7031250       3.07930793E+18
   27.7734375       3.08686213E+18
   27.8437500       3.09329427E+18
   27.9140625       3.09921844E+18
   27.9843750       3.10683338E+18
   28.0546875       3.11969107E+18
   28.1250000       3.14225167E+18
   28.1953125       3.17930824E+18
   28.2656250       3.23532094E+18
   28.3359375       3.31378291E+18
   28.4062500       3.41669665E+18
   28.4765625       3.54428095E+18
   28.5468750       3.69495336E+18
   28.6171875       3.86562615E+18
   28.6875000       4.05223279E+18
   28.7578125       4.25035406E+18
   28.8281250       4.45577719E+18
   28.8984375       4.66487434E+18
   28.9687500       4.87475792E+18
   29.0390625       5.08323522E+18
   29.1093750       5.28862234E+18
   29.1796875       5.48950696E+18
   29.2500000       5.68455868E+18
   29.3203125       5.87241574E+18
   29.3906250       6.05163613E+18
   29.4609375       6.22072508E+18
   29.5312500       6.37821088E+18
   29.6015625       6.52274058E+18
   29.6718750       6.65313222E+18
   29.7421875       6.76840172E+18
   29.8125000       6.86776348E+18
   29.8828125       6.95061333E+18
   29.9531250       7.01650651E+18
   30.0234375       7.06514561E+18
   30.0937500       7.09642562E+18
   30.1640625       7.11050321E+18
   30.2343750       7.10788913E+18
   30.3046875       7.08951574E+18
   30.3750000       7.05677723E+18
   30.4453125       7.01147350E+18
   30.5156250       6.95567274E+18
   30.5859375       6.89148874E+18
   30.6562500       6.82087921E+18
   30.7265625       6.74549504E+18
   30.7968750       6.66663477E+18
   30.8671875       6.58530609E+18
   30.9375000       6.50241446E+18
   31.0078125       6.41902805E+18
   31.0781250       6.33665484E+18
   31.1484375       6.25747186E+18
   31.2187500       6.18445549E+18
   31.2890625       6.12137651E+18
   31.3593750       6.07266374E+18
   31.4296875       6.04316495E+18
   31.5000000       6.03789499E+18
   31.5703125       6.06174449E+18
   31.6406250       6.11914505E+18
   31.7109375       6.21364532E+18
   31.7812500       6.34741741E+18
   31.8515625       6.52073837E+18
   31.9218750       6.73158402E+18
   31.9921875       6.97546230E+18
   32.0625000       7.24565463E+18
   32.1328125       7.53380639E+18
   32.2031250       7.83081197E+18
   32.2734375       8.12776917E+18
   32.3437500       8.41690445E+18
   32.4140625       8.69220622E+18
   32.4843750       8.94974867E+18
   32.5546875       9.18758238E+18
   32.6250000       9.40538299E+18
   32.6953125       9.60388662E+18
   32.7656250       9.78432308E+18
   32.8359375       9.94794580E+18
   32.9062500       1.00958235E+19
   32.9765625       1.02288314E+19
   33.0468750       1.03477964E+19
   33.1171875       1.04536519E+19
   33.1875000       1.05475854E+19
   33.2578125       1.06310438E+19
   33.3281250       1.07056380E+19
   33.3984375       1.07729468E+19
   33.4687500       1.08343446E+19
   33.5390625       1.08908870E+19
   33.6093750       1.09433172E+19
   33.6796875       1.09921564E+19
   33.7500000       1.10379434E+19
   33.8203125       1.10814389E+19
   33.8906250       1.11237811E+19
   33.9609375       1.11664576E+19
   34.0312500       1.12111736E+19
   34.1015625       1.12595917E+19
   34.1718750       1.13130533E+19
   34.2421875       1.13722763E+19
   34.3125000       1.14371837E+19
   34.3828125       1.15068697E+19
   34.4531250       1.15796947E+19
   34.5234375       1.16534829E+19
   34.5937500       1.17257890E+19
   34.6640625       1.17941633E+19
   34.7343750       1.18563626E+19
   34.8046875       1.19105026E+19
   34.8750000       1.19552065E+19
   34.9453125       1.19897708E+19
   35.0156250       1.20143526E+19
   35.0859375       1.20301295E+19
   35.1562500       1.20394291E+19
   35.2265625       1.20457271E+19
   35.2968750       1.20534336E+19
   35.3671875       1.20674326E+19
   35.4375000       1.20924751E+19
   35.5078125       1.21324951E+19
   35.5781250       1.21900138E+19
   35.6484375       1.22657218E+19
   35.7187500       1.23584282E+19
   35.7890625       1.24653283E+19
   35.8593750       1.25825406E+19
   35.9296875       1.27057277E+19
   36.0000000       1.28307169E+19
   36.0703125       1.29539688E+19
   36.1406250       1.30728040E+19
   36.2109375       1.31853929E+19
   36.2812500       1.32906217E+19
   36.3515625       1.33878977E+19
   36.4218750       1.34769020E+19
   36.4921875       1.35573126E+19
   36.5625000       1.36285753E+19
   36.6328125       1.36897136E+19
   36.7031250       1.37391993E+19
   36.7734375       1.37749269E+19
   36.8437500       1.37943102E+19
   36.9140625       1.37945411E+19
   36.9843750       1.37729225E+19
   37.0546875       1.37271927E+19
   37.1250000       1.36558377E+19
   37.1953125       1.35583594E+19
   37.2656250       1.34353537E+19
   37.3359375       1.32884007E+19
   37.4062500       1.31197499E+19
   37.4765625       1.29319269E+19
   37.5468750       1.27272341E+19
   37.6171875       1.25073076E+19
   37.6875000       1.22728126E+19
   37.7578125       1.20234026E+19
   37.8281250       1.17578662E+19
   37.8984375       1.14744517E+19
   37.9687500       1.11713020E+19
   38.0390625       1.08469274E+19
   38.1093750       1.05005702E+19
   38.1796875       1.01324208E+19
   38.2500000       9.74363455E+18
   38.3203125       9.33630178E+18
   38.3906250       8.91328777E+18
   38.4609375       8.47810876E+18
   38.5312500       8.03475874E+18
   38.6015625       7.58766982E+18
   38.6718750       7.14157816E+18
   38.7421875       6.70137714E+18
   38.8125000       6.27178915E+18
   38.8828125       5.85704896E+18
   38.9531250       5.46049635E+18
   39.0234375       5.08425667E+18
   39.0937500       4.72901380E+18
   39.1640625       4.39406298E+18
   39.2343750       4.07754519E+18
   39.3046875       3.77690903E+18
   39.3750000       3.48938756E+18
   39.4453125       3.21251349E+18
   39.5156250       2.94437944E+18
   39.5859375       2.68367369E+18
   39.6562500       2.42938743E+18
   39.7265625       2.18045828E+18
   39.7968750       1.93538895E+18
   39.8671875       1.69214496E+18
   39.9375000       1.44839107E+18
   40.0078125       1.20231432E+18
   40.0781250       9.53929829E+17
   40.1484375       7.06895679E+17
   40.2187500       4.70546103E+17
   40.2890625       2.61998279E+17
   40.3593750       1.07875448E+17
   40.4296875       2.61866561E+16
   40.5000000       0.00000000    
   40.5703125       0.00000000    
   40.6406250       0.00000000    
   40.7109375       0.00000000    
   40.7812500       0.00000000    
   40.8515625       0.00000000    
   40.9218750       0.00000000    
   40.9921875       0.00000000    
   41.0625000       0.00000000    
   41.1328125       0.00000000    
   41.2031250       0.00000000    
   41.2734375       0.00000000    
   41.3437500       0.00000000    
   41.4140625       0.00000000    
   41.4843750       0.00000000    
   41.5546875       0.00000000    
   41.6250000       0.00000000    
   41.6953125       0.00000000    
   41.7656250       0.00000000    
   41.8359375       0.00000000    
   41.9062500       0.00000000    
   41.9765625       0.00000000    
   42.0468750       0.00000000    
   42.1171875       0.00000000    
   42.1875000       0.00000000    
   42.2578125       0.00000000    
   42.3281250       0.00000000    
   42.3984375       0.00000000    
   42.4687500       0.00000000    
   42.5390625       0.00000000    
   42.6093750       0.00000000    
   42.6796875       0.00000000    
   42.7500000       0.00000000    
   42.8203125       0.00000000    
   42.8906250       0.00000000    
   42.9609375       0.00000000    
   43.0312500       0.00000000    
   43.1015625       0.00000000    
   43.1718750       0.00000000    
   43.2421875       0.00000000    
   43.3125000       0.00000000    
   43.3828125       0.00000000    
   43.4531250       0.00000000    
   43.5234375       0.00000000    
   43.5937500       0.00000000    
   43.6640625       1.71034488E+16
   43.7343750       9.49072495E+16
   43.8046875       2.57428365E+17
   43.8750000       4.97376214E+17
   43.9453125       7.71613964E+17
   44.0156250       1.05123420E+18
   44.0859375       1.31918292E+18
   44.1562500       1.56742186E+18
   44.2265625       1.79408412E+18
   44.2968750       2.00098967E+18
   44.3671875       2.19171741E+18
   44.4375000       2.37029033E+18
   44.5078125       2.54041529E+18
   44.5781250       2.70515292E+18
   44.6484375       2.86688174E+18
   44.7187500       3.02740906E+18
   44.7890625       3.18808976E+18
   44.8593750       3.34990434E+18
   44.9296875       3.51344405E+18
   45.0000000       3.67889279E+18
   45.0703125       3.84598804E+18
   45.1406250       4.01405994E+18
   45.2109375       4.18213789E+18
   45.2812500       4.34915013E+18
   45.3515625       4.51411811E+18
   45.4218750       4.67631036E+18
   45.4921875       4.83529700E+18
   45.5625000       4.99091857E+18
   45.6328125       5.14317290E+18
   45.7031250       5.29208196E+18
   45.7734375       5.43757538E+18
   45.8437500       5.57948605E+18
   45.9140625       5.71760120E+18
   45.9843750       5.85179440E+18
   46.0546875       5.98214755E+18
   46.1250000       6.10907242E+18
   46.1953125       6.23330239E+18
   46.2656250       6.35578689E+18
   46.3359375       6.47748138E+18
   46.4062500       6.59914729E+18
   46.4765625       6.72122002E+18
   46.5468750       6.84379523E+18
   46.6171875       6.96674647E+18
   46.6875000       7.08999622E+18
   46.7578125       7.21382872E+18
   46.8281250       7.33923902E+18
   46.8984375       7.46821503E+18
   46.9687500       7.60397008E+18
   47.0390625       7.75098028E+18
   47.1093750       7.91485149E+18
   47.1796875       8.10191691E+18
   47.2500000       8.31869607E+18
   47.3203125       8.57114394E+18
   47.3906250       8.86388671E+18
   47.4609375       9.19954947E+18
   47.5312500       9.57841094E+18
   47.6015625       9.99839030E+18
   47.6718750       1.04553528E+19
   47.7421875       1.09435635E+19
   47.8125000       1.14562822E+19
   47.8828125       1.19862380E+19
   47.9531250       1.25261137E+19
   48.0234375       1.30688656E+19
   48.0937500       1.36080738E+19
   48.1640625       1.41381241E+19
   48.2343750       1.46543339E+19
   48.3046875       1.51529052E+19
   48.3750000       1.56308651E+19
   48.4453125       1.60859343E+19
   48.5156250       1.65164129E+19
   48.5859375       1.69210332E+19
   48.6562500       1.72989375E+19
   48.7265625       1.76496773E+19
   48.7968750       1.79732350E+19
   48.8671875       1.82699646E+19
   48.9375000       1.85405544E+19
   49.0078125       1.87858511E+19
   49.0781250       1.90066814E+19
   49.1484375       1.92035247E+19
   49.2187500       1.93763460E+19
   49.2890625       1.95244524E+19
   49.3593750       1.96465729E+19
   49.4296875       1.97409748E+19
   49.5000000       1.98058372E+19
   49.5703125       1.98396450E+19
   49.6406250       1.98415515E+19
   49.7109375       1.98115898E+19
   49.7812500       1.97507627E+19
   49.8515625       1.96610337E+19
   49.9218750       1.95451210E+19
   49.9921875       1.94062395E+19
   50.0625000       1.92477735E+19
   50.1328125       1.90729929E+19
   50.2031250       1.88847367E+19
   50.2734375       1.86851732E+19
   50.3437500       1.84755975E+19
   50.4140625       1.82564582E+19
   50.4843750       1.80274508E+19
   50.5546875       1.77877771E+19
   50.6250000       1.75364782E+19
   50.6953125       1.72728582E+19
   50.7656250       1.69968159E+19
   50.8359375       1.67090275E+19
   50.9062500       1.64109312E+19
   50.9765625       1.61045721E+19
   51.0468750       1.57922580E+19
   51.1171875       1.54760847E+19
   51.1875000       1.51574660E+19
   51.2578125       1.48367791E+19
   51.3281250       1.45131731E+19
   51.3984375       1.41846049E+19
   51.4687500       1.38481115E+19
   51.5390625       1.35003491E+19
   51.6093750       1.31382349E+19
   51.6796875       1.27595829E+19
   51.7500000       1.23636157E+19
   51.8203125       1.19513802E+19
   51.8906250       1.15258494E+19
   51.9609375       1.10917414E+19
   52.0312500       1.06549923E+19
   52.1015625       1.02221596E+19
   52.1718750       9.79962498E+18
   52.2421875       9.39289474E+18
   52.3125000       9.00593811E+18
   52.3828125       8.64087607E+18
   52.4531250       8.29788946E+18
   52.5234375       7.97546097E+18
   52.5937500       7.67080994E+18
   52.6640625       7.38058780E+18
   52.7343750       7.10152405E+18
   52.8046875       6.83101835E+18
   52.8750000       6.56744013E+18
   52.9453125       6.31027755E+18
   53.0156250       6.05998747E+18
   53.0859375       5.81773812E+18
   53.1562500       5.58503254E+18
   53.2265625       5.36344301E+18
   53.2968750       5.15436757E+18
   53.3671875       4.95889200E+18
   53.4375000       4.77765290E+18
   53.5078125       4.61081383E+18
   53.5781250       4.45801030E+18
   53.6484375       4.31835116E+18
   53.7187500       4.19036636E+18
   53.7890625       4.07207732E+18
   53.8593750       3.96102940E+18
   53.9296875       3.85443834E+18
   54.0000000       3.74928270E+18
   54.0703125       3.64255091E+18
   54.1406250       3.53138946E+18
   54.2109375       3.41325820E+18
   54.2812500       3.28589352E+18
   54.3515625       3.14727424E+18
   54.4218750       2.99543224E+18
   54.4921875       2.82825534E+18
   54.5625000       2.64323200E+18
   54.6328125       2.43739298E+18
   54.7031250       2.20745321E+18
   54.7734375       1.95044745E+18
   54.8437500       1.66490799E+18
   54.9140625       1.35286192E+18
   54.9843750       0.00000000    
   55.0546875       0.00000000    
   55.1250000       0.00000000    
   55.1953125       0.00000000    
   55.2656250       0.00000000    
   55.3359375       0.00000000    
   55.4062500       0.00000000    
   55.4765625       0.00000000    
   55.5468750       0.00000000    
   55.6171875       0.00000000    
   55.6875000       0.00000000    
   55.7578125       0.00000000    
   55.8281250       0.00000000    
   55.8984375       0.00000000    
   55.9687500       0.00000000    
   56.0390625       0.00000000    
   56.1093750       0.00000000    
   56.1796875       0.00000000    
   56.2500000       0.00000000    
   56.3203125       0.00000000    
   56.3906250       0.00000000    
   56.4609375       0.00000000    
   56.5312500       0.00000000    
   56.6015625       0.00000000    
   56.6718750       0.00000000    
   56.7421875       0.00000000    
   56.8125000       0.00000000    
   56.8828125       0.00000000    
   56.9531250       0.00000000    
   57.0234375       0.00000000    
   57.0937500       0.00000000    
   57.1640625       0.00000000    
   57.2343750       0.00000000    
   57.3046875       0.00000000    
   57.3750000       0.00000000    
   57.4453125       0.00000000    
   57.5156250       0.00000000    
   57.5859375       0.00000000    
   57.6562500       0.00000000    
   57.7265625       0.00000000    
   57.7968750       0.00000000    
   57.8671875       0.00000000    
   57.9375000       0.00000000    
   58.0078125       0.00000000    
   58.0781250       0.00000000    
   58.1484375       0.00000000    
   58.2187500       0.00000000    
   58.2890625       0.00000000    
   58.3593750       0.00000000    
   58.4296875       0.00000000    
   58.5000000       0.00000000    
   58.5703125       0.00000000    
   58.6406250       0.00000000    
   58.7109375       0.00000000    
   58.7812500       0.00000000    
   58.8515625       0.00000000    
   58.9218750       0.00000000    
   58.9921875       0.00000000    
   59.0625000       0.00000000    
   59.1328125       0.00000000    
   59.2031250       0.00000000    
   59.2734375       0.00000000    
   59.3437500       0.00000000    
   59.4140625       0.00000000    
   59.4843750       0.00000000    
   59.5546875       0.00000000    
   59.6250000       0.00000000    
   59.6953125       0.00000000    
   59.7656250       0.00000000    
   59.8359375       0.00000000    
   59.9062500       0.00000000    
   59.9765625       0.00000000    
   60.0468750       0.00000000    
   60.1171875       0.00000000    
   60.1875000       0.00000000    
   60.2578125       0.00000000    
   60.3281250       0.00000000    
   60.3984375       0.00000000    
   60.4687500       0.00000000    
   60.5390625       0.00000000    
   60.6093750       0.00000000    
   60.6796875       0.00000000    
   60.7500000       0.00000000    
   60.8203125       0.00000000    
   60.8906250       0.00000000    
   60.9609375       0.00000000    
   61.0312500       0.00000000    
   61.1015625       0.00000000    
   61.1718750       0.00000000    
   61.2421875       0.00000000    
   61.3125000       0.00000000    
   61.3828125       0.00000000    
   61.4531250       0.00000000    
   61.5234375       0.00000000    
   61.5937500       0.00000000    
   61.6640625       0.00000000    
   61.7343750       0.00000000    
   61.8046875       0.00000000    
   61.8750000       0.00000000    
   61.9453125       0.00000000    
   62.0156250       0.00000000    
   62.0859375       0.00000000    
   62.1562500       0.00000000    
   62.2265625       0.00000000    
   62.2968750       0.00000000    
   62.3671875       0.00000000    
   62.4375000       0.00000000    
   62.5078125       0.00000000    
   62.5781250       0.00000000    
   62.6484375       0.00000000    
   62.7187500       0.00000000    
   62.7890625       0.00000000    
   62.8593750       0.00000000    
   62.9296875       0.00000000    
   63.0000000       0.00000000    
   63.0703125       0.00000000    
   63.1406250       0.00000000    
   63.2109375       0.00000000    
   63.2812500       0.00000000    
   63.3515625       0.00000000    
   63.4218750       0.00000000    
   63.4921875       0.00000000    
   63.5625000       0.00000000    
   63.6328125       0.00000000    
   63.7031250       0.00000000    
   63.7734375       0.00000000    
   63.8437500       0.00000000    
   63.9140625       0.00000000    
   63.9843750       0.00000000    
   64.0546875       0.00000000    
   64.1250000       0.00000000    
   64.1953125       0.00000000    
   64.2656250       0.00000000    
   64.3359375       0.00000000    
   64.4062500       0.00000000    
   64.4765625       0.00000000    
   64.5468750       0.00000000    
   64.6171875       0.00000000    
   64.6875000       0.00000000    
   64.7578125       0.00000000    
   64.8281250       0.00000000    
   64.8984375       0.00000000    
   64.9687500       0.00000000    
   65.0390625       0.00000000    
   65.1093750       0.00000000    
   65.1796875       0.00000000    
   65.2500000       0.00000000    
   65.3203125       0.00000000    
   65.3906250       0.00000000    
   65.4609375       0.00000000    
   65.5312500       0.00000000    
   65.6015625       0.00000000    
   65.6718750       0.00000000    
   65.7421875       0.00000000    
   65.8125000       0.00000000    
   65.8828125       0.00000000    
   65.9531250       0.00000000    
   66.0234375       0.00000000    
