2007 12 09 07 28 20.0 -26.000 -177.510
171. 4.224E+20 7.684 88 12 100 258 78 88
  -1.12500000       0.00000000    
  -1.05468750       1.11466434E+18
 -0.984375000       1.22425356E+18
 -0.914062500       1.41568760E+18
 -0.843750000       1.68775475E+18
 -0.773437500       2.00247882E+18
 -0.703125000       2.31063303E+18
 -0.632812500       2.60186013E+18
 -0.562500000       2.87038780E+18
 -0.492187500       3.10966957E+18
 -0.421875000       3.29884714E+18
 -0.351562500       3.42969040E+18
 -0.281250000       3.50889180E+18
 -0.210937500       3.54285571E+18
 -0.140625000       3.53538233E+18
  -7.03125000E-02   3.48097080E+18
   0.00000000       3.37727119E+18
   7.03125000E-02   3.22703529E+18
  0.140625000       3.04112602E+18
  0.210937500       2.83615423E+18
  0.281250000       2.63299692E+18
  0.351562500       2.46557264E+18
  0.421875000       2.33675660E+18
  0.492187500       2.24761191E+18
  0.562500000       2.19424698E+18
  0.632812500       2.18200213E+18
  0.703125000       2.20680312E+18
  0.773437500       2.24887113E+18
  0.843750000       2.30356922E+18
  0.914062500       2.37026395E+18
  0.984375000       2.44867452E+18
   1.05468750       2.53384929E+18
   1.12500000       2.62095699E+18
   1.19531250       2.70555259E+18
   1.26562500       2.78863829E+18
   1.33593750       2.87133531E+18
   1.40625000       2.96074485E+18
   1.47656250       3.06231800E+18
   1.54687500       3.21292911E+18
   1.61718750       3.45408472E+18
   1.68750000       3.79524696E+18
   1.75781250       4.19169429E+18
   1.82812500       4.57470614E+18
   1.89843750       4.90757504E+18
   1.96875000       5.19349370E+18
   2.03906250       5.43467487E+18
   2.10937500       5.62732305E+18
   2.17968750       5.74749033E+18
   2.25000000       5.78531188E+18
   2.32031250       5.73969149E+18
   2.39062500       5.61470616E+18
   2.46093750       5.41705575E+18
   2.53125000       5.15502893E+18
   2.60156250       4.83809580E+18
   2.67187500       4.47752141E+18
   2.74218750       4.08716482E+18
   2.81250000       3.68501130E+18
   2.88281250       3.29492051E+18
   2.95312500       2.94946798E+18
   3.02343750       2.68915255E+18
   3.09375000       2.54176439E+18
   3.16406250       2.50962759E+18
   3.23437500       2.57334952E+18
   3.30468750       2.70830440E+18
   3.37500000       2.90052239E+18
   3.44531250       3.14393448E+18
   3.51562500       3.45187168E+18
   3.58593750       3.83600668E+18
   3.65625000       4.30646159E+18
   3.72656250       4.89004938E+18
   3.79687500       5.68374614E+18
   3.86718750       6.76796631E+18
   3.93750000       8.16027019E+18
   4.00781250       9.78813508E+18
   4.07812500       1.15867404E+19
   4.14843750       1.35774227E+19
   4.21875000       1.57754729E+19
   4.28906250       1.82670850E+19
   4.35937500       2.10446767E+19
   4.42968750       2.40569296E+19
   4.50000000       2.71403384E+19
   4.57031250       3.01410948E+19
   4.64062500       3.29580897E+19
   4.71093750       3.55300937E+19
   4.78125000       3.78239609E+19
   4.85156250       3.98248037E+19
   4.92187500       4.15288664E+19
   4.99218750       4.29381149E+19
   5.06250000       4.40567888E+19
   5.13281250       4.48893258E+19
   5.20312500       4.54403659E+19
   5.27343750       4.57164796E+19
   5.34375000       4.57293307E+19
   5.41406250       4.54982486E+19
   5.48437500       4.50507781E+19
   5.55468750       4.44197904E+19
   5.62500000       4.36381871E+19
   5.69531250       4.27333023E+19
   5.76562500       4.17241221E+19
   5.83593750       4.06227853E+19
   5.90625000       3.94406696E+19
   5.97656250       3.81960444E+19
   6.04687500       3.69206153E+19
   6.11718750       3.56611181E+19
   6.18750000       3.44625075E+19
   6.25781250       3.33502086E+19
   6.32812500       3.23413099E+19
   6.39843750       3.14535158E+19
   6.46875000       3.07190860E+19
   6.53906250       3.01864958E+19
   6.60937500       2.98907514E+19
   6.67968750       2.98488930E+19
   6.75000000       3.00409732E+19
   6.82031250       3.04411339E+19
   6.89062500       3.10191823E+19
   6.96093750       3.17423487E+19
   7.03125000       3.25781315E+19
   7.10156250       3.34976047E+19
   7.17187500       3.44790376E+19
   7.24218750       3.55101706E+19
   7.31250000       3.65883539E+19
   7.38281250       3.77172071E+19
   7.45312500       3.89009105E+19
   7.52343750       4.01370870E+19
   7.59375000       4.14115442E+19
   7.66406250       4.26965214E+19
   7.73437500       4.39538833E+19
   7.80468750       4.51417957E+19
   7.87500000       4.62232049E+19
   7.94531250       4.71726376E+19
   8.01562500       4.79796176E+19
   8.08593750       4.86469376E+19
   8.15625000       4.91848759E+19
   8.22656250       4.96032620E+19
   8.29687500       4.99054166E+19
   8.36718750       5.00861455E+19
   8.43750000       5.01350694E+19
   8.50781250       5.00430139E+19
   8.57812500       4.98088223E+19
   8.64843750       4.94428961E+19
   8.71875000       4.89665612E+19
   8.78906250       4.84074596E+19
   8.85937500       4.77935055E+19
   8.92968750       4.71473005E+19
   9.00000000       4.64831647E+19
   9.07031250       4.58065824E+19
   9.14062500       4.51165113E+19
   9.21093750       4.44085798E+19
   9.28125000       4.36786404E+19
   9.35156250       4.29246745E+19
   9.42187500       4.21472978E+19
   9.49218750       4.13485377E+19
   9.56250000       4.05303604E+19
   9.63281250       3.96934121E+19
   9.70312500       3.88370509E+19
   9.77343750       3.79605026E+19
   9.84375000       3.70652758E+19
   9.91406250       3.61576114E+19
   9.98437500       3.52506419E+19
   10.0546875       3.43645718E+19
   10.1250000       3.35250749E+19
   10.1953125       3.27595267E+19
   10.2656250       3.20927895E+19
   10.3359375       3.15435197E+19
   10.4062500       3.11221538E+19
   10.4765625       3.08304754E+19
   10.5468750       3.06625448E+19
   10.6171875       3.06059353E+19
   10.6875000       3.06435540E+19
   10.7578125       3.07555041E+19
   10.8281250       3.09213170E+19
   10.8984375       3.11215183E+19
   10.9687500       3.13384102E+19
   11.0390625       3.15558320E+19
   11.1093750       3.17592790E+19
   11.1796875       3.19375736E+19
   11.2500000       3.20875162E+19
   11.3203125       3.22210915E+19
   11.3906250       3.23741369E+19
   11.4609375       3.26132235E+19
   11.5312500       3.29381556E+19
   11.6015625       3.33216653E+19
   11.6718750       3.37015773E+19
   11.7421875       3.40677938E+19
   11.8125000       3.44097046E+19
   11.8828125       3.47113336E+19
   11.9531250       3.49550733E+19
   12.0234375       3.51159869E+19
   12.0937500       3.51545775E+19
   12.1640625       3.50348165E+19
   12.2343750       3.47394459E+19
   12.3046875       3.42689715E+19
   12.3750000       3.36255527E+19
   12.4453125       3.28201054E+19
   12.5156250       3.18842649E+19
   12.5859375       3.08671705E+19
   12.6562500       2.98186740E+19
   12.7265625       2.87827911E+19
   12.7968750       2.77937210E+19
   12.8671875       2.68742632E+19
   12.9375000       2.60369939E+19
   13.0078125       2.52869115E+19
   13.0781250       2.46253023E+19
   13.1484375       2.40534485E+19
   13.2187500       2.35760604E+19
   13.2890625       2.32028883E+19
   13.3593750       2.29480765E+19
   13.4296875       2.28263320E+19
   13.5000000       2.28471391E+19
   13.5703125       2.30086420E+19
   13.6406250       2.32941742E+19
   13.7109375       2.36725447E+19
   13.7812500       2.41025043E+19
   13.8515625       2.45391138E+19
   13.9218750       2.49403124E+19
   13.9921875       2.52714831E+19
   14.0625000       2.55078209E+19
   14.1328125       2.56838176E+19
   14.2031250       2.58147606E+19
   14.2734375       2.59011163E+19
   14.3437500       2.58841618E+19
   14.4140625       2.57273824E+19
   14.4843750       2.54140964E+19
   14.5546875       2.49442597E+19
   14.6250000       2.43324936E+19
   14.6953125       2.36061760E+19
   14.7656250       2.28033676E+19
   14.8359375       2.19695266E+19
   14.9062500       2.11540584E+19
   14.9765625       1.99881318E+19
   15.0468750       1.95724571E+19
   15.1171875       1.91922855E+19
   15.1875000       1.88615348E+19
   15.2578125       1.85919940E+19
   15.3281250       1.83902853E+19
   15.3984375       1.82548309E+19
   15.4687500       1.81744522E+19
   15.5390625       1.81290589E+19
   15.6093750       1.80931257E+19
   15.6796875       1.80406428E+19
   15.7500000       1.79507170E+19
   15.8203125       1.78116497E+19
   15.8906250       1.76230383E+19
   15.9609375       1.73948996E+19
   16.0312500       1.71446067E+19
   16.1015625       1.68918763E+19
   16.1718750       1.66535769E+19
   16.2421875       1.64391337E+19
   16.3125000       1.62482002E+19
   16.3828125       1.60705862E+19
   16.4531250       1.58889876E+19
   16.5234375       1.56833360E+19
   16.5937500       1.54360866E+19
   16.6640625       1.51361816E+19
   16.7343750       1.47807524E+19
   16.8046875       1.43734350E+19
   16.8750000       1.39206352E+19
   16.9453125       1.34271887E+19
   17.0156250       1.28944171E+19
   17.0859375       1.23220179E+19
   17.1562500       1.17152326E+19
   17.2265625       1.08509428E+19
   17.2968750       1.00810043E+19
   17.3671875       9.82465426E+18
   17.4375000       9.53732879E+18
   17.5078125       9.21955343E+18
   17.5781250       8.87610833E+18
   17.6484375       8.51311062E+18
   17.7187500       8.13514964E+18
   17.7890625       7.52620877E+18
   17.8593750       7.19277912E+18
   17.9296875       6.71677800E+18
   18.0000000       6.34910406E+18
   18.0703125       5.65598677E+18
   18.1406250       5.32925974E+18
   18.2109375       5.03101721E+18
   18.2812500       4.65190670E+18
   18.3515625       4.65852192E+18
   18.4218750       4.68756936E+18
   18.4921875       4.73424748E+18
   18.5625000       4.79370687E+18
   18.6328125       4.67276059E+18
   18.7031250       4.77525212E+18
   18.7734375       4.87941160E+18
   18.8437500       4.98701311E+18
   18.9140625       5.09994175E+18
   18.9843750       5.21932617E+18
   19.0546875       5.34471008E+18
   19.1250000       5.47376691E+18
   19.1953125       5.60238668E+18
   19.2656250       5.72554792E+18
   19.3359375       5.83848646E+18
   19.4062500       5.93804779E+18
   19.4765625       6.02335230E+18
   19.5468750       6.09580132E+18
   19.6171875       6.15826237E+18
   19.6875000       6.21426270E+18
   19.7578125       6.26735427E+18
   19.8281250       6.32117206E+18
   19.8984375       6.37958967E+18
   19.9687500       6.44689957E+18
   20.0390625       6.52728047E+18
   20.1093750       6.62386926E+18
   20.1796875       6.73736305E+18
   20.2500000       6.86504164E+18
   20.3203125       7.00043605E+18
   20.3906250       7.13427466E+18
   20.4609375       7.25615772E+18
   20.5312500       7.35677513E+18
   20.6015625       7.42956335E+18
   20.6718750       7.47166859E+18
   20.7421875       7.48372254E+18
   20.8125000       7.46902867E+18
   20.8828125       7.43229014E+18
   20.9531250       7.37870709E+18
   21.0234375       7.31331363E+18
   21.0937500       7.24090639E+18
   21.1640625       7.16593894E+18
   21.2343750       7.09249981E+18
   21.3046875       7.02388754E+18
   21.3750000       6.96223297E+18
   21.4453125       6.90800506E+18
   21.5156250       6.85989373E+18
   21.5859375       6.81480825E+18
   21.6562500       6.76840007E+18
   21.7265625       6.71583516E+18
   21.7968750       6.65308659E+18
   21.8671875       6.57808835E+18
   21.9375000       6.49159801E+18
   22.0078125       6.39698779E+18
   22.0781250       6.29921482E+18
   22.1484375       6.20302019E+18
   22.2187500       6.11137315E+18
   22.2890625       6.02457935E+18
   22.3593750       5.94067232E+18
   22.4296875       5.85655198E+18
   22.5000000       5.76949210E+18
   22.5703125       5.67796601E+18
   22.6406250       5.58177908E+18
   22.7109375       5.48138432E+18
   22.7812500       5.37729356E+18
   22.8515625       5.26975967E+18
   22.9218750       5.15920433E+18
   22.9921875       5.04671329E+18
   23.0625000       4.93442457E+18
   23.1328125       4.82515620E+18
   23.2031250       4.72170535E+18
   23.2734375       4.62589061E+18
   23.3437500       4.53812952E+18
   23.4140625       4.45742866E+18
   23.4843750       4.38200436E+18
   23.5546875       4.30993467E+18
   23.6250000       4.23993179E+18
   23.6953125       4.17177032E+18
   23.7656250       4.10664487E+18
   23.8359375       4.04703237E+18
   23.9062500       3.99635423E+18
   23.9765625       3.95813328E+18
   24.0468750       3.93519197E+18
   24.1171875       3.92881700E+18
   24.1875000       3.93843498E+18
   24.2578125       3.96151731E+18
   24.3281250       3.99398616E+18
   24.3984375       4.03068648E+18
   24.4687500       4.06623837E+18
   24.5390625       4.09589082E+18
   24.6093750       4.11657126E+18
   24.6796875       4.12749133E+18
   24.7500000       4.13033687E+18
   24.8203125       4.12858837E+18
   24.8906250       4.12649133E+18
   24.9609375       4.12775714E+18
   25.0312500       4.13478439E+18
   25.1015625       4.14827568E+18
   25.1718750       4.16753032E+18
   25.2421875       4.19076053E+18
   25.3125000       4.21547233E+18
   25.3828125       4.23847824E+18
   25.4531250       4.25601957E+18
   25.5234375       4.26392313E+18
   25.5937500       4.25829309E+18
   25.6640625       4.23628993E+18
   25.7343750       4.19704149E+18
   25.8046875       4.14201176E+18
   25.8750000       4.07502017E+18
   25.9453125       4.00162914E+18
   26.0156250       3.92842915E+18
   26.0859375       3.86206400E+18
   26.1562500       3.80840619E+18
   26.2265625       3.77156403E+18
   26.2968750       3.75314281E+18
   26.3671875       3.75162493E+18
   26.4375000       3.76251505E+18
   26.5078125       3.77908881E+18
   26.5781250       3.79395063E+18
   26.6484375       3.80065326E+18
   26.7187500       3.79515158E+18
   26.7890625       3.77633921E+18
   26.8593750       3.74590472E+18
   26.9296875       3.70738526E+18
   27.0000000       3.66514422E+18
   27.0703125       3.62330588E+18
   27.1406250       3.58519763E+18
   27.2109375       3.55299184E+18
   27.2812500       3.52777591E+18
   27.3515625       3.50948856E+18
   27.4218750       3.49693571E+18
   27.4921875       3.48757942E+18
   27.5625000       3.47771240E+18
   27.6328125       3.46291737E+18
   27.7031250       3.43919101E+18
   27.7734375       3.40411824E+18
   27.8437500       3.35796898E+18
   27.9140625       3.30392359E+18
   27.9843750       3.24753569E+18
   28.0546875       3.19521103E+18
   28.1250000       3.15249473E+18
   28.1953125       3.12245469E+18
   28.2656250       3.10499555E+18
   28.3359375       3.09692238E+18
   28.4062500       3.09292071E+18
   28.4765625       3.08671864E+18
   28.5468750       3.07244203E+18
   28.6171875       3.04560708E+18
   28.6875000       3.00398204E+18
   28.7578125       2.94782751E+18
   28.8281250       2.87973310E+18
   28.8984375       2.80366916E+18
   28.9687500       2.72381961E+18
   29.0390625       2.64325482E+18
   29.1093750       2.56325600E+18
   29.1796875       2.48326873E+18
   29.2500000       2.40188892E+18
   29.3203125       2.13371048E+18
   29.3906250       2.10216013E+18
   29.4609375       2.07457297E+18
   29.5312500       2.05159235E+18
   29.6015625       2.03333812E+18
   29.6718750       2.01929983E+18
   29.7421875       2.00822596E+18
   29.8125000       1.99849130E+18
   29.8828125       1.98835092E+18
   29.9531250       1.97638067E+18
   30.0234375       1.96156750E+18
   30.0937500       1.94354925E+18
   30.1640625       1.92261428E+18
   30.2343750       1.89990923E+18
   30.3046875       1.87728031E+18
   30.3750000       1.85713396E+18
   30.4453125       1.84188470E+18
   30.5156250       1.83357844E+18
   30.5859375       1.83336953E+18
   30.6562500       1.84142716E+18
   30.7265625       1.85686293E+18
   30.7968750       1.87814659E+18
   30.8671875       1.90345323E+18
   30.9375000       1.93125507E+18
   31.0078125       1.96052805E+18
   31.0781250       1.99096047E+18
   31.1484375       2.02270695E+18
   31.2187500       2.05622295E+18
   31.2890625       2.09179888E+18
   31.3593750       2.12935366E+18
   31.4296875       2.16814251E+18
   31.5000000       2.20696626E+18
   31.5703125       2.24445769E+18
   31.6406250       2.27980190E+18
   31.7109375       2.31316576E+18
   31.7812500       2.34602274E+18
   31.8515625       2.38071068E+18
   31.9218750       2.41972932E+18
   31.9921875       2.46457538E+18
   32.0625000       2.51501877E+18
   32.1328125       2.56874284E+18
   32.2031250       2.62195563E+18
   32.2734375       2.67029950E+18
   32.3437500       2.71013783E+18
   32.4140625       2.73932272E+18
   32.4843750       2.75769886E+18
   32.5546875       2.76684432E+18
   32.6250000       2.76967144E+18
   32.6953125       2.76960162E+18
   32.7656250       2.76993202E+18
   32.8359375       2.77304502E+18
   32.9062500       2.78006182E+18
   32.9765625       2.79055254E+18
   33.0468750       2.80278241E+18
   33.1171875       2.81397599E+18
   33.1875000       2.82099747E+18
   33.2578125       2.82092847E+18
   33.3281250       2.81192292E+18
   33.3984375       2.79374745E+18
   33.4687500       2.76828056E+18
   33.5390625       2.73933069E+18
   33.6093750       2.71211146E+18
   33.6796875       2.69194724E+18
   33.7500000       2.68291008E+18
   33.8203125       2.68635320E+18
   33.8906250       2.70030820E+18
   33.9609375       2.71962222E+18
   34.0312500       2.73731144E+18
   34.1015625       2.74627136E+18
   34.1718750       2.74117100E+18
   34.2421875       2.71949550E+18
   34.3125000       2.68193948E+18
   34.3828125       2.63185398E+18
   34.4531250       2.57465656E+18
   34.5234375       1.98066409E+18
   34.5937500       1.92732074E+18
   34.6640625       1.87902593E+18
   34.7343750       1.83691944E+18
   34.8046875       1.80162979E+18
   34.8750000       1.77430459E+18
   34.9453125       1.26525641E+18
   35.0156250       1.24920684E+18
   35.0859375       1.23068062E+18
   35.1562500       7.80135798E+17
   35.2265625       7.58277988E+17
   35.2968750       7.31558412E+17
   35.3671875       7.01081393E+17
   35.4375000       6.67787631E+17
   35.5078125       6.32369132E+17
   35.5781250       5.95691279E+17
   35.6484375       5.59309711E+17
   35.7187500       5.26277289E+17
   35.7890625       5.01757218E+17
   35.8593750       0.00000000    
   35.9296875       0.00000000    
   36.0000000       0.00000000    
   36.0703125       0.00000000    
   36.1406250       0.00000000    
   36.2109375       0.00000000    
