2002 08 19 11 01 01.0 -21.700 -179.510
645. 3.141E+20 7.598 160 21 -134 27 75 -75
  -1.12500000       0.00000000    
  -1.05468750       5.98217943E+18
 -0.984375000       6.31812806E+18
 -0.914062500       6.52948938E+18
 -0.843750000       6.68363872E+18
 -0.773437500       6.82563295E+18
 -0.703125000       6.97756566E+18
 -0.632812500       7.11532842E+18
 -0.562500000       7.20991831E+18
 -0.492187500       7.23358474E+18
 -0.421875000       7.16900493E+18
 -0.351562500       7.01701174E+18
 -0.281250000       6.79885819E+18
 -0.210937500       6.55129600E+18
 -0.140625000       6.31631607E+18
  -7.03125000E-02   6.12860525E+18
   0.00000000       6.01042149E+18
   7.03125000E-02   5.97781767E+18
  0.140625000       6.07857307E+18
  0.210937500       6.32870921E+18
  0.281250000       6.71052452E+18
  0.351562500       7.14825440E+18
  0.421875000       7.58702935E+18
  0.492187500       8.01678887E+18
  0.562500000       8.46646988E+18
  0.632812500       8.95535123E+18
  0.703125000       9.47494140E+18
  0.773437500       9.99495652E+18
  0.843750000       1.05125296E+19
  0.914062500       1.10416168E+19
  0.984375000       1.15956310E+19
   1.05468750       1.21743557E+19
   1.12500000       1.27666406E+19
   1.19531250       1.33606100E+19
   1.26562500       1.39439185E+19
   1.33593750       1.45027288E+19
   1.40625000       1.50183063E+19
   1.47656250       1.54625376E+19
   1.54687500       1.57963416E+19
   1.61718750       1.59743558E+19
   1.68750000       1.59569297E+19
   1.75781250       1.56853921E+19
   1.82812500       1.50963639E+19
   1.89843750       1.41552095E+19
   1.96875000       1.29051450E+19
   2.03906250       1.14728541E+19
   2.10937500       1.00464653E+19
   2.17968750       8.78031943E+18
   2.25000000       7.78034164E+18
   2.32031250       7.05654303E+18
   2.39062500       6.57441158E+18
   2.46093750       6.26569950E+18
   2.53125000       6.05121942E+18
   2.60156250       5.86988026E+18
   2.67187500       5.64144903E+18
   2.74218750       5.31442018E+18
   2.81250000       4.88653534E+18
   2.88281250       4.41420328E+18
   2.95312500       3.97991488E+18
   3.02343750       3.66293255E+18
   3.09375000       3.52796668E+18
   3.16406250       3.57973443E+18
   3.23437500       3.78299098E+18
   3.30468750       4.07806031E+18
   3.37500000       4.42731056E+18
   3.44531250       4.81166629E+18
   3.51562500       5.25383709E+18
   3.58593750       5.81850668E+18
   3.65625000       6.62644927E+18
   3.72656250       7.78665449E+18
   3.79687500       9.37915524E+18
   3.86718750       1.13782774E+19
   3.93750000       1.37057005E+19
   4.00781250       1.62425432E+19
   4.07812500       1.88882442E+19
   4.14843750       2.15738695E+19
   4.21875000       2.42751541E+19
   4.28906250       2.70199023E+19
   4.35937500       2.98850471E+19
   4.42968750       3.29810871E+19
   4.50000000       3.64258505E+19
   4.57031250       4.03124723E+19
   4.64062500       4.46786154E+19
   4.71093750       4.94835164E+19
   4.78125000       5.45990602E+19
   4.85156250       5.98185695E+19
   4.92187500       6.48837864E+19
   4.99218750       6.95244512E+19
   5.06250000       7.35001885E+19
   5.13281250       7.66326003E+19
   5.20312500       7.88209627E+19
   5.27343750       8.00424410E+19
   5.34375000       8.03434521E+19
   5.41406250       7.98274733E+19
   5.48437500       7.86399040E+19
   5.55468750       7.69477292E+19
   5.62500000       7.49143276E+19
   5.69531250       7.26745828E+19
   5.76562500       7.03189979E+19
   5.83593750       6.78919843E+19
   5.90625000       6.54032881E+19
   5.97656250       6.28461891E+19
   6.04687500       6.02141518E+19
   6.11718750       5.75113675E+19
   6.18750000       5.47560397E+19
   6.25781250       5.19790955E+19
   6.32812500       4.92218766E+19
   6.39843750       4.65359105E+19
   6.46875000       4.39844014E+19
   6.53906250       4.16414212E+19
   6.60937500       3.95843757E+19
   6.67968750       3.78789936E+19
   6.75000000       3.65619744E+19
   6.82031250       3.56296105E+19
   6.89062500       3.50388693E+19
   6.96093750       3.47205541E+19
   7.03125000       3.45978376E+19
   7.10156250       3.46005556E+19
   7.17187500       3.46698490E+19
   7.24218750       3.47548325E+19
   7.31250000       3.48078729E+19
   7.38281250       3.47845941E+19
   7.45312500       3.46494619E+19
   7.52343750       3.43831404E+19
   7.59375000       3.39862563E+19
   7.66406250       3.34769449E+19
   7.73437500       3.28834703E+19
   7.80468750       3.22362120E+19
   7.87500000       3.15636077E+19
   7.94531250       3.08937765E+19
   8.01562500       3.02597871E+19
   8.08593750       2.97038234E+19
   8.15625000       2.92763663E+19
   8.22656250       2.90294511E+19
   8.29687500       2.90061591E+19
   8.36718750       2.92297162E+19
   8.43750000       2.96958739E+19
   8.50781250       3.03709807E+19
   8.57812500       3.11972109E+19
   8.64843750       3.21033844E+19
   8.71875000       3.30176217E+19
   8.78906250       3.38769296E+19
   8.85937500       3.46314981E+19
   8.92968750       3.52442471E+19
   9.00000000       3.56885136E+19
   9.07031250       3.59452693E+19
   9.14062500       3.60000184E+19
   9.21093750       3.58399295E+19
   9.28125000       3.54530795E+19
   9.35156250       3.48321303E+19
   9.42187500       3.39821331E+19
   9.49218750       3.29285876E+19
   9.56250000       3.17207521E+19
   9.63281250       3.04269216E+19
   9.70312500       2.91216694E+19
   9.77343750       2.78685516E+19
   9.84375000       2.67041006E+19
   9.91406250       2.56292466E+19
   9.98437500       2.46123875E+19
   10.0546875       2.32119461E+19
   10.1250000       2.22619747E+19
   10.1953125       2.11978057E+19
   10.2656250       2.00309072E+19
   10.3359375       1.85772473E+19
   10.4062500       1.75768622E+19
   10.4765625       1.64907525E+19
   10.5468750       1.53931694E+19
   10.6171875       1.40302423E+19
   10.6875000       1.34931132E+19
   10.7578125       1.30116008E+19
   10.8281250       1.26048915E+19
   10.8984375       1.23122158E+19
   10.9687500       1.19560169E+19
   11.0390625       1.22535414E+19
   11.1093750       1.26142032E+19
   11.1796875       1.29797612E+19
   11.2500000       1.32962160E+19
   11.3203125       1.35239534E+19
   11.3906250       1.36423620E+19
   11.4609375       1.36486007E+19
   11.5312500       1.30963699E+19
   11.6015625       1.29751861E+19
   11.6718750       1.27882669E+19
   11.7421875       1.25481896E+19
   11.8125000       1.22600362E+19
   11.8828125       1.19208424E+19
   11.9531250       1.15227950E+19
   12.0234375       1.10593135E+19
   12.0937500       1.05313819E+19
   12.1640625       9.47608269E+18
   12.2343750       8.92482769E+18
   12.3046875       8.40334912E+18
   12.3750000       7.94383737E+18
   12.4453125       6.52785221E+18
   12.5156250       6.31464591E+18
   12.5859375       6.13531007E+18
   12.6562500       5.97339434E+18
   12.7265625       5.81408280E+18
   12.7968750       5.22955273E+18
   12.8671875       5.15617297E+18
   12.9375000       5.08823855E+18
   13.0078125       5.03682263E+18
   13.0781250       5.01020731E+18
   13.1484375       5.00943545E+18
   13.2187500       5.02641521E+18
   13.2890625       5.04500410E+18
   13.3593750       5.04511900E+18
   13.4296875       5.00915672E+18
   13.5000000       4.92820078E+18
   13.5703125       4.80514014E+18
   13.6406250       4.65307384E+18
   13.7109375       4.49009488E+18
   13.7812500       4.33299803E+18
   13.8515625       4.19259177E+18
   13.9218750       4.07167188E+18
   13.9921875       3.96541178E+18
   14.0625000       3.86303927E+18
   14.1328125       3.75023598E+18
   14.2031250       3.61209196E+18
   14.2734375       3.43662200E+18
   14.3437500       3.21797971E+18
   14.4140625       2.95825857E+18
   14.4843750       2.66689074E+18
   14.5546875       2.35793815E+18
   14.6250000       1.70697558E+18
   14.6953125       1.20590450E+18
   14.7656250       1.09491636E+18
   14.8359375       9.97764883E+17
   14.9062500       9.00995628E+17
   14.9765625       3.82001126E+17
   15.0468750       3.36113317E+17
   15.1171875       2.81519301E+17
   15.1875000       0.00000000    
   15.2578125       0.00000000    
   15.3281250       0.00000000    
   15.3984375       0.00000000    
   15.4687500       0.00000000    
   15.5390625       0.00000000    
