2002 08 19 11 01 01.0 -21.700 -179.510
645. 3.141E+20 7.598 160 21 -134 27 75 -75
  -1.12500000       0.00000000    
  -1.05468750       0.00000000    
 -0.984375000       0.00000000    
 -0.914062500       0.00000000    
 -0.843750000       0.00000000    
 -0.773437500       0.00000000    
 -0.703125000       0.00000000    
 -0.632812500       0.00000000    
 -0.562500000       0.00000000    
 -0.492187500       0.00000000    
 -0.421875000       0.00000000    
 -0.351562500       0.00000000    
 -0.281250000       0.00000000    
 -0.210937500       0.00000000    
 -0.140625000       0.00000000    
  -7.03125000E-02   0.00000000    
   0.00000000       0.00000000    
   7.03125000E-02   2.02111389E+18
  0.140625000       2.61122797E+18
  0.210937500       3.34280150E+18
  0.281250000       4.22472747E+18
  0.351562500       5.26288332E+18
  0.421875000       6.45870887E+18
  0.492187500       7.80837479E+18
  0.562500000       9.30286343E+18
  0.632812500       1.09274029E+19
  0.703125000       1.26604245E+19
  0.773437500       1.44720898E+19
  0.843750000       1.63239159E+19
  0.914062500       1.81692493E+19
  0.984375000       1.99552344E+19
   1.05468750       2.16258390E+19
   1.12500000       2.31270506E+19
   1.19531250       2.44133209E+19
   1.26562500       2.54540592E+19
   1.33593750       2.62366146E+19
   1.40625000       2.67640196E+19
   1.47656250       2.70473571E+19
   1.54687500       2.70968637E+19
   1.61718750       2.69155675E+19
   1.68750000       2.64988526E+19
   1.75781250       2.58392159E+19
   1.82812500       2.49346345E+19
   1.89843750       2.37972821E+19
   1.96875000       2.24604959E+19
   2.03906250       2.09808105E+19
   2.10937500       1.94337317E+19
   2.17968750       1.79028970E+19
   2.25000000       1.64660563E+19
   2.32031250       1.51819862E+19
   2.39062500       1.40826824E+19
   2.46093750       1.31716545E+19
   2.53125000       1.24274138E+19
   2.60156250       1.18097862E+19
   2.67187500       1.12684197E+19
   2.74218750       1.07530115E+19
   2.81250000       1.02247391E+19
   2.88281250       9.66598154E+18
   2.95312500       9.08517772E+18
   3.02343750       8.51391546E+18
   3.09375000       7.99666396E+18
   3.16406250       7.57572088E+18
   3.23437500       7.27696488E+18
   3.30468750       7.10143554E+18
   3.37500000       7.02648513E+18
   3.44531250       7.01592597E+18
   3.51562500       7.03599811E+18
   3.58593750       7.07120392E+18
   3.65625000       7.13527576E+18
   3.72656250       7.27408251E+18
   3.79687500       7.56153828E+18
   3.86718750       8.09040172E+18
   3.93750000       8.96069761E+18
   4.00781250       1.02661632E+19
   4.07812500       1.20807620E+19
   4.14843750       1.44475443E+19
   4.21875000       1.73743299E+19
   4.28906250       2.08372913E+19
   4.35937500       2.47911681E+19
   4.42968750       2.91803525E+19
   4.50000000       3.39466518E+19
   4.57031250       3.90311367E+19
   4.64062500       4.43725114E+19
   4.71093750       4.99037058E+19
   4.78125000       5.55487876E+19
   4.85156250       6.12177904E+19
   4.92187500       6.68001209E+19
   4.99218750       7.21575396E+19
   5.06250000       7.71235807E+19
   5.13281250       8.15131477E+19
   5.20312500       8.51435944E+19
   5.27343750       8.78609626E+19
   5.34375000       8.95646691E+19
   5.41406250       9.02241474E+19
   5.48437500       8.98858408E+19
   5.55468750       8.86697634E+19
   5.62500000       8.67551970E+19
   5.69531250       8.43544881E+19
   5.76562500       8.16785935E+19
   5.83593750       7.89023882E+19
   5.90625000       7.61420422E+19
   5.97656250       7.34518671E+19
   6.04687500       7.08406370E+19
   6.11718750       6.82980383E+19
   6.18750000       6.58195500E+19
   6.25781250       6.34199626E+19
   6.32812500       6.11331324E+19
   6.39843750       5.90014696E+19
   6.46875000       5.70623621E+19
   6.53906250       5.53368501E+19
   6.60937500       5.38226335E+19
   6.67968750       5.24908390E+19
   6.75000000       5.12856687E+19
   6.82031250       5.01270430E+19
   6.89062500       4.89181783E+19
   6.96093750       4.75600220E+19
   7.03125000       4.59723800E+19
   7.10156250       4.41165055E+19
   7.17187500       4.20104130E+19
   7.24218750       3.97290319E+19
   7.31250000       3.73877714E+19
   7.38281250       3.51152920E+19
   7.45312500       3.30254216E+19
   7.52343750       3.11968546E+19
   7.59375000       2.96647336E+19
   7.66406250       2.84236532E+19
   7.73437500       2.74388866E+19
   7.80468750       2.66620707E+19
   7.87500000       2.60473997E+19
   7.94531250       2.55647668E+19
   8.01562500       2.52072365E+19
   8.08593750       2.49921874E+19
   8.15625000       2.49569392E+19
   8.22656250       2.51498485E+19
   8.29687500       2.56177743E+19
   8.36718750       2.63912499E+19
   8.43750000       2.74706405E+19
   8.50781250       2.88175774E+19
   8.57812500       3.03552950E+19
   8.64843750       3.19788009E+19
   8.71875000       3.35728465E+19
   8.78906250       3.50334619E+19
   8.85937500       3.62879805E+19
   8.92968750       3.73074719E+19
   9.00000000       3.81067509E+19
   9.07031250       3.87295406E+19
   9.14062500       3.92225792E+19
   9.21093750       3.96075710E+19
   9.28125000       3.98625346E+19
   9.35156250       3.99204305E+19
   9.42187500       3.96865116E+19
   9.49218750       3.90682606E+19
   9.56250000       3.80074166E+19
   9.63281250       3.65026404E+19
   9.70312500       3.46152407E+19
   9.77343750       3.24568972E+19
   9.84375000       3.01651015E+19
   9.91406250       2.78757336E+19
   9.98437500       2.57009348E+19
   10.0546875       2.37169188E+19
   10.1250000       2.19619597E+19
   10.1953125       2.04419750E+19
   10.2656250       1.91397838E+19
   10.3359375       1.80243502E+19
   10.4062500       1.70579377E+19
   10.4765625       1.62009663E+19
   10.5468750       1.54155115E+19
   10.6171875       1.46688672E+19
   10.6875000       1.39373390E+19
   10.7578125       1.32094238E+19
   10.8281250       1.24861189E+19
   10.8984375       1.17773352E+19
   10.9687500       1.10950883E+19
   11.0390625       1.04465358E+19
   11.1093750       9.82958008E+18
   11.1796875       9.23254086E+18
   11.2500000       8.63707615E+18
   11.3203125       8.02284663E+18
   11.3906250       7.37240139E+18
   11.4609375       6.67552102E+18
   11.5312500       0.00000000    
   11.6015625       0.00000000    
   11.6718750       0.00000000    
   11.7421875       0.00000000    
   11.8125000       0.00000000    
   11.8828125       0.00000000    
   11.9531250       0.00000000    
   12.0234375       0.00000000    
   12.0937500       0.00000000    
   12.1640625       0.00000000    
   12.2343750       0.00000000    
   12.3046875       0.00000000    
   12.3750000       0.00000000    
   12.4453125       0.00000000    
   12.5156250       0.00000000    
   12.5859375       0.00000000    
   12.6562500       0.00000000    
   12.7265625       0.00000000    
   12.7968750       0.00000000    
   12.8671875       0.00000000    
   12.9375000       0.00000000    
   13.0078125       0.00000000    
   13.0781250       0.00000000    
   13.1484375       0.00000000    
   13.2187500       0.00000000    
   13.2890625       0.00000000    
   13.3593750       0.00000000    
   13.4296875       0.00000000    
   13.5000000       0.00000000    
   13.5703125       0.00000000    
   13.6406250       0.00000000    
   13.7109375       0.00000000    
   13.7812500       0.00000000    
   13.8515625       0.00000000    
   13.9218750       0.00000000    
   13.9921875       0.00000000    
   14.0625000       0.00000000    
   14.1328125       0.00000000    
   14.2031250       0.00000000    
   14.2734375       0.00000000    
   14.3437500       0.00000000    
   14.4140625       0.00000000    
   14.4843750       0.00000000    
   14.5546875       0.00000000    
   14.6250000       0.00000000    
   14.6953125       0.00000000    
   14.7656250       0.00000000    
   14.8359375       0.00000000    
   14.9062500       0.00000000    
   14.9765625       0.00000000    
   15.0468750       0.00000000    
   15.1171875       0.00000000    
   15.1875000       0.00000000    
   15.2578125       0.00000000    
   15.3281250       0.00000000    
   15.3984375       0.00000000    
   15.4687500       0.00000000    
   15.5390625       0.00000000    
