2014 04 03 02 43 13.0 -20.571 -70.493
29. 3.828E+20 7.655 346 26 91 165 64 90
  -1.12500000       0.00000000    
  -1.05468750       1.22952599E+18
 -0.984375000       1.21380380E+18
 -0.914062500       1.19378183E+18
 -0.843750000       1.16745457E+18
 -0.773437500       1.13567621E+18
 -0.703125000       1.10245158E+18
 -0.632812500       1.07240454E+18
 -0.562500000       1.04951828E+18
 -0.492187500       1.03364229E+18
 -0.421875000       1.02233539E+18
 -0.351562500       1.01237794E+18
 -0.281250000       1.00209682E+18
 -0.210937500       9.91108784E+17
 -0.140625000       9.79006184E+17
  -7.03125000E-02   9.65375470E+17
   0.00000000       9.50070886E+17
   7.03125000E-02   9.33125419E+17
  0.140625000       9.14551026E+17
  0.210937500       8.94641756E+17
  0.281250000       8.74069207E+17
  0.351562500       8.53525176E+17
  0.421875000       8.33357796E+17
  0.492187500       8.15632500E+17
  0.562500000       8.03116416E+17
  0.632812500       7.98354156E+17
  0.703125000       8.05883955E+17
  0.773437500       8.26418228E+17
  0.843750000       8.59412442E+17
  0.914062500       8.99355294E+17
  0.984375000       9.43665475E+17
   1.05468750       9.91211931E+17
   1.12500000       1.04196972E+18
   1.19531250       1.09656164E+18
   1.26562500       1.15586792E+18
   1.33593750       1.22148870E+18
   1.40625000       1.29598927E+18
   1.47656250       1.38103402E+18
   1.54687500       1.47666940E+18
   1.61718750       1.58106666E+18
   1.68750000       1.69254491E+18
   1.75781250       1.80969485E+18
   1.82812500       1.93144253E+18
   1.89843750       2.05696883E+18
   1.96875000       2.18564041E+18
   2.03906250       2.31690465E+18
   2.10937500       2.45028475E+18
   2.17968750       2.58539714E+18
   2.25000000       2.72207413E+18
   2.32031250       2.86047131E+18
   2.39062500       3.00125140E+18
   2.46093750       3.14570826E+18
   2.53125000       3.29590897E+18
   2.60156250       3.45472986E+18
   2.67187500       3.62587131E+18
   2.74218750       3.81849503E+18
   2.81250000       4.03799768E+18
   2.88281250       4.28437900E+18
   2.95312500       4.54899461E+18
   3.02343750       4.82401931E+18
   3.09375000       5.10429087E+18
   3.16406250       5.38593572E+18
   3.23437500       5.67243711E+18
   3.30468750       5.96716395E+18
   3.37500000       6.27177210E+18
   3.44531250       6.58033355E+18
   3.51562500       6.88697195E+18
   3.58593750       7.18761581E+18
   3.65625000       7.47965050E+18
   3.72656250       7.76476211E+18
   3.79687500       8.04720741E+18
   3.86718750       8.32989679E+18
   3.93750000       8.61227007E+18
   4.00781250       8.90273411E+18
   4.07812500       9.20474631E+18
   4.14843750       9.51732757E+18
   4.21875000       9.82567791E+18
   4.28906250       1.01200996E+19
   4.35937500       1.03952909E+19
   4.42968750       1.06493957E+19
   4.50000000       1.08829815E+19
   4.57031250       1.10980053E+19
   4.64062500       1.12969630E+19
   4.71093750       1.14821790E+19
   4.78125000       1.16554687E+19
   4.85156250       1.18180018E+19
   4.92187500       1.19704645E+19
   4.99218750       1.21133130E+19
   5.06250000       1.22470686E+19
   5.13281250       1.23724910E+19
   5.20312500       1.24906797E+19
   5.27343750       1.26030014E+19
   5.34375000       1.27110339E+19
   5.41406250       1.28164353E+19
   5.48437500       1.29209406E+19
   5.55468750       1.30263222E+19
   5.62500000       1.31343877E+19
   5.69531250       1.32468501E+19
   5.76562500       1.33651235E+19
   5.83593750       1.34899928E+19
   5.90625000       1.36213515E+19
   5.97656250       1.37579999E+19
   6.04687500       1.38976939E+19
   6.11718750       1.40373781E+19
   6.18750000       1.41735878E+19
   6.25781250       1.43029277E+19
   6.32812500       1.44224875E+19
   6.39843750       1.45301209E+19
   6.46875000       1.46245591E+19
   6.53906250       1.47053105E+19
   6.60937500       1.47725050E+19
   6.67968750       1.48266394E+19
   6.75000000       1.48684506E+19
   6.82031250       1.48987619E+19
   6.89062500       1.49184552E+19
   6.96093750       1.49284003E+19
   7.03125000       1.49293877E+19
   7.10156250       1.49219913E+19
   7.17187500       1.49064200E+19
   7.24218750       1.48823781E+19
   7.31250000       1.48489804E+19
   7.38281250       1.48047954E+19
   7.45312500       1.47480452E+19
   7.52343750       1.46768991E+19
   7.59375000       1.45898882E+19
   7.66406250       1.44862218E+19
   7.73437500       1.43660056E+19
   7.80468750       1.42302236E+19
   7.87500000       1.40805515E+19
   7.94531250       1.39189706E+19
   8.01562500       1.37474204E+19
   8.08593750       1.35674468E+19
   8.15625000       1.33800680E+19
   8.22656250       1.31857305E+19
   8.29687500       1.29844902E+19
   8.36718750       1.27761998E+19
   8.43750000       1.25607505E+19
   8.50781250       1.23382137E+19
   8.57812500       1.21089457E+19
   8.64843750       1.18735337E+19
   8.71875000       1.16327561E+19
   8.78906250       1.13874880E+19
   8.85937500       1.11387587E+19
   8.92968750       1.08877896E+19
   9.00000000       1.06361477E+19
   9.07031250       1.03858054E+19
   9.14062500       1.01391938E+19
   9.21093750       9.89911649E+18
   9.28125000       9.66865995E+18
   9.35156250       9.45103472E+18
   9.42187500       9.24949094E+18
   9.49218750       9.06719026E+18
   9.56250000       8.90713985E+18
   9.63281250       8.77208409E+18
   9.70312500       8.66446389E+18
   9.77343750       8.58636668E+18
   9.84375000       8.53958246E+18
   9.91406250       8.52569068E+18
   9.98437500       8.54622681E+18
   10.0546875       8.60286320E+18
   10.1250000       8.69756688E+18
   10.1953125       8.83270511E+18
   10.2656250       9.01106019E+18
   10.3359375       9.23573275E+18
   10.4062500       9.50988168E+18
   10.4765625       9.83632668E+18
   10.5468750       1.02170766E+19
   10.6171875       1.06528658E+19
   10.6875000       1.11428214E+19
   10.7578125       1.16843166E+19
   10.8281250       1.22731820E+19
   10.8984375       1.29040840E+19
   10.9687500       1.35711808E+19
   11.0390625       1.42687230E+19
   11.1093750       1.49915871E+19
   11.1796875       1.57355045E+19
   11.2500000       1.64970945E+19
   11.3203125       1.72735982E+19
   11.3906250       1.80626143E+19
   11.4609375       1.88618251E+19
   11.5312500       1.96688622E+19
   11.6015625       2.04812584E+19
   11.6718750       2.12965529E+19
   11.7421875       2.21123443E+19
   11.8125000       2.29263897E+19
   11.8828125       2.37365363E+19
   11.9531250       2.45406267E+19
   12.0234375       2.53362158E+19
   12.0937500       2.61203677E+19
   12.1640625       2.68894035E+19
   12.2343750       2.76387932E+19
   12.3046875       2.83631823E+19
   12.3750000       2.90566377E+19
   12.4453125       2.97129493E+19
   12.5156250       3.03260238E+19
   12.5859375       3.08902294E+19
   12.6562500       3.14005721E+19
   12.7265625       3.18526605E+19
   12.7968750       3.22426419E+19
   12.8671875       3.25669715E+19
   12.9375000       3.28223726E+19
   13.0078125       3.30057734E+19
   13.0781250       3.31144513E+19
   13.1484375       3.31461964E+19
   13.2187500       3.30995793E+19
   13.2890625       3.29742921E+19
   13.3593750       3.27713619E+19
   13.4296875       3.24933042E+19
   13.5000000       3.21441477E+19
   13.5703125       3.17291370E+19
   13.6406250       3.12544427E+19
   13.7109375       3.07266903E+19
   13.7812500       3.01526572E+19
   13.8515625       2.95390264E+19
   13.9218750       2.88923332E+19
   13.9921875       2.82190121E+19
   14.0625000       2.75254907E+19
   14.1328125       2.68181617E+19
   14.2031250       2.61033604E+19
   14.2734375       2.53870858E+19
   14.3437500       2.46748089E+19
   14.4140625       2.39712820E+19
   14.4843750       2.32804743E+19
   14.5546875       2.26056072E+19
   14.6250000       2.19492604E+19
   14.6953125       2.13135579E+19
   14.7656250       2.07003691E+19
   14.8359375       2.01115014E+19
   14.9062500       1.95488681E+19
   14.9765625       1.90144989E+19
   15.0468750       1.85104498E+19
   15.1171875       1.80385207E+19
   15.1875000       1.75999486E+19
   15.2578125       1.71951480E+19
   15.3281250       1.68236065E+19
   15.3984375       1.64839344E+19
   15.4687500       1.61740162E+19
   15.5390625       1.58912075E+19
   15.6093750       1.56325254E+19
   15.6796875       1.53947934E+19
   15.7500000       1.51748207E+19
   15.8203125       1.49695726E+19
   15.8906250       1.47764049E+19
   15.9609375       1.45932604E+19
   16.0312500       1.44188350E+19
   16.1015625       1.42525976E+19
   16.1718750       1.40947176E+19
   16.2421875       1.39458679E+19
   16.3125000       1.38069600E+19
   16.3828125       1.36788724E+19
   16.4531250       1.35622659E+19
   16.5234375       1.34574539E+19
   16.5937500       1.33644308E+19
   16.6640625       1.32828492E+19
   16.7343750       1.32120891E+19
   16.8046875       1.31512113E+19
   16.8750000       1.30989328E+19
   16.9453125       1.30536143E+19
   17.0156250       1.30133633E+19
   17.0859375       1.29762768E+19
   17.1562500       1.29408351E+19
   17.2265625       1.29061961E+19
   17.2968750       1.28724741E+19
   17.3671875       1.28407059E+19
   17.4375000       1.28126156E+19
   17.5078125       1.27901537E+19
   17.5781250       1.27749881E+19
   17.6484375       1.27681129E+19
   17.7187500       1.27696819E+19
   17.7890625       1.27791036E+19
   17.8593750       1.27953731E+19
   17.9296875       1.28174458E+19
   18.0000000       1.28445751E+19
   18.0703125       1.28764466E+19
   18.1406250       1.29131637E+19
   18.2109375       1.29550760E+19
   18.2812500       1.30025826E+19
   18.3515625       1.30559738E+19
   18.4218750       1.31153958E+19
   18.4921875       1.31809245E+19
   18.5625000       1.32527644E+19
   18.6328125       1.33313883E+19
   18.7031250       1.34175966E+19
   18.7734375       1.35123976E+19
   18.8437500       1.36167027E+19
   18.9140625       1.37309057E+19
   18.9843750       1.38545403E+19
   19.0546875       1.39860562E+19
   19.1250000       1.41228376E+19
   19.1953125       1.42613838E+19
   19.2656250       1.43976518E+19
   19.3359375       1.45274117E+19
   19.4062500       1.46466043E+19
   19.4765625       1.47516384E+19
   19.5468750       1.48395939E+19
   19.6171875       1.49083782E+19
   19.6875000       1.49567732E+19
   19.7578125       1.49843919E+19
   19.8281250       1.49916079E+19
   19.8984375       1.49794528E+19
   19.9687500       1.49494725E+19
   20.0390625       1.49035865E+19
   20.1093750       1.48439743E+19
   20.1796875       1.47728942E+19
   20.2500000       1.46925683E+19
   20.3203125       1.46050285E+19
   20.3906250       1.45120516E+19
   20.4609375       1.44151692E+19
   20.5312500       1.43157491E+19
   20.6015625       1.42151086E+19
   20.6718750       1.41146133E+19
   20.7421875       1.40157188E+19
   20.8125000       1.39199195E+19
   20.8828125       1.38286105E+19
   20.9531250       1.37429256E+19
   21.0234375       1.36635265E+19
   21.0937500       1.35905058E+19
   21.1640625       1.35233465E+19
   21.2343750       1.34610317E+19
   21.3046875       1.34023090E+19
   21.3750000       1.33460437E+19
   21.4453125       1.32915662E+19
   21.5156250       1.32389611E+19
   21.5859375       1.31891159E+19
   21.6562500       1.31436401E+19
   21.7265625       1.31045821E+19
   21.7968750       1.30741597E+19
   21.8671875       1.30544708E+19
   21.9375000       1.30473855E+19
   22.0078125       1.30544653E+19
   22.0781250       1.30769822E+19
   22.1484375       1.31159379E+19
   22.2187500       1.31720646E+19
   22.2890625       1.32457638E+19
   22.3593750       1.33370585E+19
   22.4296875       1.34455066E+19
   22.5000000       1.35701791E+19
   22.5703125       1.37096544E+19
   22.6406250       1.38620687E+19
   22.7109375       1.40252142E+19
   22.7812500       1.41967325E+19
   22.8515625       1.43743366E+19
   22.9218750       1.45561079E+19
   22.9921875       1.47407467E+19
   23.0625000       1.49277670E+19
   23.1328125       1.51174976E+19
   23.2031250       1.53109182E+19
   23.2734375       1.55092613E+19
   23.3437500       1.57135495E+19
   23.4140625       1.59241400E+19
   23.4843750       1.61404404E+19
   23.5546875       1.63608232E+19
   23.6250000       1.65827420E+19
   23.6953125       1.68029390E+19
   23.7656250       1.70177462E+19
   23.8359375       1.72233351E+19
   23.9062500       1.74159420E+19
   23.9765625       1.75919793E+19
   24.0468750       1.77481485E+19
   24.1171875       1.78814159E+19
   24.1875000       1.79889833E+19
   24.2578125       1.80682042E+19
   24.3281250       1.81165288E+19
   24.3984375       1.81314448E+19
   24.4687500       1.81105475E+19
   24.5390625       1.80515631E+19
   24.6093750       1.79525125E+19
   24.6796875       1.78118729E+19
   24.7500000       1.76288317E+19
   24.8203125       1.74034373E+19
   24.8906250       1.71367551E+19
   24.9609375       1.68308556E+19
   25.0312500       1.64887261E+19
   25.1015625       1.61140268E+19
   25.1718750       1.57108359E+19
   25.2421875       1.52833875E+19
   25.3125000       1.48359347E+19
   25.3828125       1.43726599E+19
   25.4531250       1.38977269E+19
   25.5234375       1.34153448E+19
   25.5937500       1.29298532E+19
   25.6640625       1.24457031E+19
   25.7343750       1.19673836E+19
   25.8046875       1.14992336E+19
   25.8750000       1.10452375E+19
   25.9453125       1.06087523E+19
   26.0156250       1.01923452E+19
   26.0859375       9.79769204E+18
   26.1562500       9.42563930E+18
   26.2265625       9.07633545E+18
   26.2968750       8.74947153E+18
   26.3671875       8.44445766E+18
   26.4375000       8.16063467E+18
   26.5078125       7.89735057E+18
   26.5781250       7.65404184E+18
   26.6484375       7.43020436E+18
   26.7187500       7.22536864E+18
   26.7890625       7.03897394E+18
   26.8593750       6.87026102E+18
   26.9296875       6.71816228E+18
   27.0000000       6.58132476E+18
   27.0703125       6.45819320E+18
   27.1406250       6.34719585E+18
   27.2109375       6.24689950E+18
   27.2812500       6.15611063E+18
   27.3515625       6.07382373E+18
   27.4218750       5.99909982E+18
   27.4921875       5.93087347E+18
   27.5625000       5.86785661E+18
   27.6328125       5.80848738E+18
   27.7031250       5.75100656E+18
   27.7734375       5.69355653E+18
   27.8437500       5.63431814E+18
   27.9140625       5.57160640E+18
   27.9843750       5.50399358E+18
   28.0546875       5.16511750E+18
   28.1250000       5.08919622E+18
   28.1953125       4.77741211E+18
   28.2656250       4.73339096E+18
   28.3359375       4.68985580E+18
   28.4062500       4.64823543E+18
   28.4765625       4.60974263E+18
   28.5468750       4.57505386E+18
   28.6171875       4.54407760E+18
   28.6875000       4.51599277E+18
   28.7578125       4.48944259E+18
   28.8281250       4.46289021E+18
   28.8984375       4.43494557E+18
   28.9687500       4.40463946E+18
   29.0390625       4.37150732E+18
   29.1093750       4.33555027E+18
   29.1796875       4.29700854E+18
   29.2500000       4.25612100E+18
   29.3203125       4.21286704E+18
   29.3906250       3.96948189E+18
   29.4609375       3.95275282E+18
   29.5312500       3.93507872E+18
   29.6015625       3.91555497E+18
   29.6718750       3.89344462E+18
   29.7421875       3.86832710E+18
   29.8125000       3.84015321E+18
   29.8828125       3.63158218E+18
   29.9531250       3.60694762E+18
   30.0234375       3.58127815E+18
   30.0937500       3.55531181E+18
   30.1640625       3.52963766E+18
   30.2343750       3.50459491E+18
   30.3046875       3.48023523E+18
   30.3750000       3.45627385E+18
   30.4453125       3.25778616E+18
   30.5156250       3.24888314E+18
   30.5859375       3.23667114E+18
   30.6562500       3.21961469E+18
   30.7265625       3.19625171E+18
   30.7968750       3.16538073E+18
   30.8671875       3.12624938E+18
   30.9375000       3.07865207E+18
   31.0078125       3.02298957E+18
   31.0781250       2.96022148E+18
   31.1484375       2.89178183E+18
   31.2187500       2.81941967E+18
   31.2890625       2.74504623E+18
   31.3593750       2.67057026E+18
   31.4296875       2.59781970E+18
   31.5000000       2.52847817E+18
   31.5703125       2.46410506E+18
   31.6406250       2.40611462E+18
   31.7109375       2.35574242E+18
   31.7812500       2.31392799E+18
   31.8515625       2.28119828E+18
   31.9218750       2.25755342E+18
   31.9921875       2.24244448E+18
   32.0625000       2.06522176E+18
   32.1328125       2.07165995E+18
   32.2031250       2.08124082E+18
   32.2734375       2.09233531E+18
   32.3437500       2.10343501E+18
   32.4140625       2.11320033E+18
   32.4843750       2.12043511E+18
   32.5546875       2.12399918E+18
   32.6250000       2.12271069E+18
   32.6953125       2.11532596E+18
   32.7656250       2.10068101E+18
   32.8359375       1.98375166E+18
   32.9062500       1.98473504E+18
   32.9765625       1.97657790E+18
   33.0468750       1.95852364E+18
   33.1171875       1.93059989E+18
   33.1875000       1.89358937E+18
   33.2578125       1.84884804E+18
   33.3281250       1.79802793E+18
   33.3984375       1.74280056E+18
   33.4687500       1.68464945E+18
   33.5390625       1.62479520E+18
   33.6093750       1.56424386E+18
   33.6796875       1.01796855E+18
   33.7500000       1.03027572E+18
   33.8203125       1.04301047E+18
   33.8906250       1.05526962E+18
   33.9609375       1.06610166E+18
   34.0312500       1.07461697E+18
   34.1015625       1.08010002E+18
   34.1718750       1.08209839E+18
   34.2421875       1.08048918E+18
   34.3125000       1.07550510E+18
   34.3828125       1.06773141E+18
   34.4531250       1.05805853E+18
   34.5234375       1.04760829E+18
   34.5937500       1.03761586E+18
   34.6640625       1.02929077E+18
   34.7343750       1.02364704E+18
   34.8046875       1.02134061E+18
   34.8750000       1.02252712E+18
   34.9453125       1.02678216E+18
   35.0156250       1.03309425E+18
   35.0859375       1.03995328E+18
   35.1562500       1.04552822E+18
   35.2265625       1.04792536E+18
   35.2968750       8.09313538E+17
   35.3671875       8.34314715E+17
   35.4375000       8.57410918E+17
   35.5078125       8.77822527E+17
   35.5781250       8.94958897E+17
   35.6484375       9.08358301E+17
   35.7187500       9.17594818E+17
   35.7890625       9.22241972E+17
   35.8593750       9.21855769E+17
   35.9296875       9.16037291E+17
   36.0000000       9.04496748E+17
   36.0703125       8.87148104E+17
   36.1406250       8.64152643E+17
   36.2109375       8.35956079E+17
   36.2812500       8.03272959E+17
   36.3515625       7.67068927E+17
   36.4218750       7.28498403E+17
   36.4921875       6.88853037E+17
   36.5625000       6.49475196E+17
   36.6328125       6.11681202E+17
   36.7031250       5.76643684E+17
   36.7734375       5.45289735E+17
   36.8437500       5.18188148E+17
   36.9140625       4.95500756E+17
   36.9843750       4.76973058E+17
   37.0546875       4.62019940E+17
   37.1250000       4.49836836E+17
   37.1953125       4.39546850E+17
   37.2656250       4.30296143E+17
   37.3359375       4.21331241E+17
   37.4062500       4.12019683E+17
   37.4765625       4.01881189E+17
   37.5468750       3.90598482E+17
   37.6171875       3.78066042E+17
   37.6875000       3.64418973E+17
   37.7578125       3.50064299E+17
   37.8281250       3.35637401E+17
   37.8984375       3.21923467E+17
   37.9687500       3.09703666E+17
   38.0390625       2.99604996E+17
   38.1093750       2.91939338E+17
   38.1796875       2.86618337E+17
   38.2500000       2.83121186E+17
   38.3203125       2.80570302E+17
   38.3906250       2.77857429E+17
   38.4609375       2.73841411E+17
   38.5312500       2.67533255E+17
   38.6015625       2.58274096E+17
   38.6718750       2.45820374E+17
   38.7421875       2.30373988E+17
   38.8125000       2.12515274E+17
   38.8828125       1.93112261E+17
   38.9531250       1.73181328E+17
   39.0234375       1.53772697E+17
   39.0937500       0.00000000    
   39.1640625       0.00000000    
   39.2343750       0.00000000    
   39.3046875       0.00000000    
   39.3750000       0.00000000    
   39.4453125       0.00000000    
