2014 04 03 02 43 13.0 -20.571 -70.493
29. 3.828E+20 7.655 346 26 91 165 64 90
  -1.12500000       0.00000000    
  -1.05468750       0.00000000    
 -0.984375000       0.00000000    
 -0.914062500       0.00000000    
 -0.843750000       0.00000000    
 -0.773437500       0.00000000    
 -0.703125000       0.00000000    
 -0.632812500       0.00000000    
 -0.562500000       0.00000000    
 -0.492187500       0.00000000    
 -0.421875000       0.00000000    
 -0.351562500       0.00000000    
 -0.281250000       0.00000000    
 -0.210937500       0.00000000    
 -0.140625000       0.00000000    
  -7.03125000E-02   0.00000000    
   0.00000000       0.00000000    
   7.03125000E-02   2.63961603E+16
  0.140625000       4.33107337E+16
  0.210937500       6.67367051E+16
  0.281250000       9.31485206E+16
  0.351562500       1.20077673E+17
  0.421875000       1.45986454E+17
  0.492187500       1.69947870E+17
  0.562500000       1.91935698E+17
  0.632812500       2.12776099E+17
  0.703125000       2.34469068E+17
  0.773437500       2.59913176E+17
  0.843750000       2.92846401E+17
  0.914062500       3.37206438E+17
  0.984375000       3.96830548E+17
   1.05468750       4.74707892E+17
   1.12500000       5.72766702E+17
   1.19531250       6.91413387E+17
   1.26562500       8.29747549E+17
   1.33593750       9.85495296E+17
   1.40625000       1.15553930E+18
   1.47656250       1.33611155E+18
   1.54687500       1.52348400E+18
   1.61718750       1.71413437E+18
   1.68750000       1.90523540E+18
   1.75781250       2.09459439E+18
   1.82812500       2.28091653E+18
   1.89843750       2.46352040E+18
   1.96875000       2.64242386E+18
   2.03906250       2.81799827E+18
   2.10937500       2.99110319E+18
   2.17968750       3.16278066E+18
   2.25000000       3.33442981E+18
   2.32031250       3.50754077E+18
   2.39062500       3.68389529E+18
   2.46093750       3.86523060E+18
   2.53125000       4.05330014E+18
   2.60156250       4.24945191E+18
   2.67187500       4.45471726E+18
   2.74218750       4.66948789E+18
   2.81250000       4.89372889E+18
   2.88281250       5.12682426E+18
   2.95312500       5.36793451E+18
   3.02343750       5.61587164E+18
   3.09375000       5.86937724E+18
   3.16406250       6.12692299E+18
   3.23437500       6.38697454E+18
   3.30468750       6.64777210E+18
   3.37500000       6.90759164E+18
   3.44531250       7.16456070E+18
   3.51562500       7.41700637E+18
   3.58593750       7.66330303E+18
   3.65625000       7.90215378E+18
   3.72656250       8.13239152E+18
   3.79687500       8.35324437E+18
   3.86718750       8.56407573E+18
   3.93750000       8.76453319E+18
   4.00781250       8.95426492E+18
   4.07812500       9.13315546E+18
   4.14843750       9.30115369E+18
   4.21875000       9.45857846E+18
   4.28906250       9.60598559E+18
   4.35937500       9.74448997E+18
   4.42968750       9.87557375E+18
   4.50000000       1.00012611E+19
   4.57031250       1.01237379E+19
   4.64062500       1.02454121E+19
   4.71093750       1.03684254E+19
   4.78125000       1.04946450E+19
   4.85156250       1.06252505E+19
   4.92187500       1.07609610E+19
   4.99218750       1.09018810E+19
   5.06250000       1.10478796E+19
   5.13281250       1.11984995E+19
   5.20312500       1.13532591E+19
   5.27343750       1.15114096E+19
   5.34375000       1.16720196E+19
   5.41406250       1.18336247E+19
   5.48437500       1.19944481E+19
   5.55468750       1.21522698E+19
   5.62500000       1.23048985E+19
   5.69531250       1.24502122E+19
   5.76562500       1.25867121E+19
   5.83593750       1.27134484E+19
   5.90625000       1.28303111E+19
   5.97656250       1.29376510E+19
   6.04687500       1.30364278E+19
   6.11718750       1.31278280E+19
   6.18750000       1.32132688E+19
   6.25781250       1.32939752E+19
   6.32812500       1.33709762E+19
   6.39843750       1.34446973E+19
   6.46875000       1.35149891E+19
   6.53906250       1.35807773E+19
   6.60937500       1.36402730E+19
   6.67968750       1.36907856E+19
   6.75000000       1.37291124E+19
   6.82031250       1.37515732E+19
   6.89062500       1.37546805E+19
   6.96093750       1.37354280E+19
   7.03125000       1.36920039E+19
   7.10156250       1.36239452E+19
   7.17187500       1.35325395E+19
   7.24218750       1.34205081E+19
   7.31250000       1.32918070E+19
   7.38281250       1.31508397E+19
   7.45312500       1.30020197E+19
   7.52343750       1.28490424E+19
   7.59375000       1.26947633E+19
   7.66406250       1.25408779E+19
   7.73437500       1.23882789E+19
   7.80468750       1.22371026E+19
   7.87500000       1.20872139E+19
   7.94531250       1.19382246E+19
   8.01562500       1.17898862E+19
   8.08593750       1.16419491E+19
   8.15625000       1.14943341E+19
   8.22656250       1.13468160E+19
   8.29687500       1.11991527E+19
   8.36718750       1.10509022E+19
   8.43750000       1.09017293E+19
   8.50781250       1.07513864E+19
   8.57812500       1.06001332E+19
   8.64843750       1.04486414E+19
   8.71875000       1.02981908E+19
   8.78906250       1.01502713E+19
   8.85937500       1.00066267E+19
   8.92968750       9.86884803E+18
   9.00000000       9.73852512E+18
   9.07031250       9.61704448E+18
   9.14062500       9.50595862E+18
   9.21093750       9.40693111E+18
   9.28125000       9.32208729E+18
   9.35156250       9.25385270E+18
   9.42187500       9.20519106E+18
   9.49218750       9.17930746E+18
   9.56250000       9.17970878E+18
   9.63281250       9.20976173E+18
   9.70312500       9.27267084E+18
   9.77343750       9.37098037E+18
   9.84375000       9.50651937E+18
   9.91406250       9.67998602E+18
   9.98437500       9.89112854E+18
   10.0546875       1.01386253E+19
   10.1250000       1.04205819E+19
   10.1953125       1.07346332E+19
   10.2656250       1.10785868E+19
   10.3359375       1.14504372E+19
   10.4062500       1.18486617E+19
   10.4765625       1.22718153E+19
   10.5468750       1.27185513E+19
   10.6171875       1.31871148E+19
   10.6875000       1.36754145E+19
   10.7578125       1.41808193E+19
   10.8281250       1.47006926E+19
   10.8984375       1.52325857E+19
   10.9687500       1.57749330E+19
   11.0390625       1.63271319E+19
   11.1093750       1.68899412E+19
   11.1796875       1.74650583E+19
   11.2500000       1.80549727E+19
   11.3203125       1.86621824E+19
   11.3906250       1.92889854E+19
   11.4609375       1.99367802E+19
   11.5312500       2.06060376E+19
   11.6015625       2.12958558E+19
   11.6718750       2.20042909E+19
   11.7421875       2.27282336E+19
   11.8125000       2.34638266E+19
   11.8828125       2.42062433E+19
   11.9531250       2.49498078E+19
   12.0234375       2.56874745E+19
   12.0937500       2.64106541E+19
   12.1640625       2.71087121E+19
   12.2343750       2.77693206E+19
   12.3046875       2.83787536E+19
   12.3750000       2.89231438E+19
   12.4453125       2.93894818E+19
   12.5156250       2.97672806E+19
   12.5859375       3.00494813E+19
   12.6562500       3.02333064E+19
   12.7265625       3.03199523E+19
   12.7968750       3.03142129E+19
   12.8671875       3.02233646E+19
   12.9375000       3.00563576E+19
   13.0078125       2.98226278E+19
   13.0781250       2.95316531E+19
   13.1484375       2.91923768E+19
   13.2187500       2.88132212E+19
   13.2890625       2.84018191E+19
   13.3593750       2.79653570E+19
   13.4296875       2.75104648E+19
   13.5000000       2.70434824E+19
   13.5703125       2.65701471E+19
   13.6406250       2.60956155E+19
   13.7109375       2.56241009E+19
   13.7812500       2.51589217E+19
   13.8515625       2.47022352E+19
   13.9218750       2.42553606E+19
   13.9921875       2.38188501E+19
   14.0625000       2.33929763E+19
   14.1328125       2.29777435E+19
   14.2031250       2.25732024E+19
   14.2734375       2.21792782E+19
   14.3437500       2.17959664E+19
   14.4140625       2.14230055E+19
   14.4843750       2.10601227E+19
   14.5546875       2.07068540E+19
   14.6250000       2.03627838E+19
   14.6953125       2.00273536E+19
   14.7656250       1.97000158E+19
   14.8359375       1.93800931E+19
   14.9062500       1.90669698E+19
   14.9765625       1.87599268E+19
   15.0468750       1.84583769E+19
   15.1171875       1.81617759E+19
   15.1875000       1.78698622E+19
   15.2578125       1.75824444E+19
   15.3281250       1.72995466E+19
   15.3984375       1.70211943E+19
   15.4687500       1.67475379E+19
   15.5390625       1.64786337E+19
   15.6093750       1.62146299E+19
   15.6796875       1.59556465E+19
   15.7500000       1.57020684E+19
   15.8203125       1.54544309E+19
   15.8906250       1.52135949E+19
   15.9609375       1.49805040E+19
   16.0312500       1.47561464E+19
   16.1015625       1.45410875E+19
   16.1718750       1.43353886E+19
   16.2421875       1.41383309E+19
   16.3125000       1.39486618E+19
   16.3828125       1.37646189E+19
   16.4531250       1.35844090E+19
   16.5234375       1.34063574E+19
   16.5937500       1.32293360E+19
   16.6640625       1.30527050E+19
   16.7343750       1.28765522E+19
   16.8046875       1.27014660E+19
   16.8750000       1.25286755E+19
   16.9453125       1.23597279E+19
   17.0156250       1.21965823E+19
   17.0859375       1.20413445E+19
   17.1562500       1.18963739E+19
   17.2265625       1.17639916E+19
   17.2968750       1.16465450E+19
   17.3671875       1.15461134E+19
   17.4375000       1.14645077E+19
   17.5078125       1.14028086E+19
   17.5781250       1.13612723E+19
   17.6484375       1.13389874E+19
   17.7187500       1.13340704E+19
   17.7890625       1.13437417E+19
   17.8593750       1.13649315E+19
   17.9296875       1.13946194E+19
   18.0000000       1.14303975E+19
   18.0703125       1.14705055E+19
   18.1406250       1.15140473E+19
   18.2109375       1.15607194E+19
   18.2812500       1.16107889E+19
   18.3515625       1.16646012E+19
   18.4218750       1.17223729E+19
   18.4921875       1.17835970E+19
   18.5625000       1.18468706E+19
   18.6328125       1.19095020E+19
   18.7031250       1.19678047E+19
   18.7734375       1.20173608E+19
   18.8437500       1.20539317E+19
   18.9140625       1.20740747E+19
   18.9843750       1.20760462E+19
   19.0546875       1.20600109E+19
   19.1250000       1.20282141E+19
   19.1953125       1.19842963E+19
   19.2656250       1.19326973E+19
   19.3359375       1.18775260E+19
   19.4062500       1.18218743E+19
   19.4765625       1.17669306E+19
   19.5468750       1.17119077E+19
   19.6171875       1.16540547E+19
   19.6875000       1.15894617E+19
   19.7578125       1.15136976E+19
   19.8281250       1.14228494E+19
   19.8984375       1.13139615E+19
   19.9687500       1.11854923E+19
   20.0390625       1.10370648E+19
   20.1093750       1.08694388E+19
   20.1796875       1.06841469E+19
   20.2500000       1.04836202E+19
   20.3203125       1.02710428E+19
   20.3906250       1.00506138E+19
   20.4609375       9.82735247E+18
   20.5312500       9.60705102E+18
   20.6015625       9.39566991E+18
   20.6718750       9.19895573E+18
   20.7421875       9.02173425E+18
   20.8125000       8.86771796E+18
   20.8828125       8.73912842E+18
   20.9531250       8.63693652E+18
   21.0234375       8.56091958E+18
   21.0937500       8.51018536E+18
   21.1640625       8.48332924E+18
   21.2343750       8.47894989E+18
   21.3046875       8.49574273E+18
   21.3750000       8.53286664E+18
   21.4453125       8.58982519E+18
   21.5156250       8.66660739E+18
   21.5859375       8.76339355E+18
   21.6562500       8.88055091E+18
   21.7265625       9.01823615E+18
   21.7968750       9.17639100E+18
   21.8671875       9.35443822E+18
   21.9375000       9.55139704E+18
   22.0078125       9.76568416E+18
   22.0781250       9.99538313E+18
   22.1484375       1.02382631E+19
   22.2187500       1.04922700E+19
   22.2890625       1.07556492E+19
   22.3593750       1.10274837E+19
   22.4296875       1.13076942E+19
   22.5000000       1.15972847E+19
   22.5703125       1.18979934E+19
   22.6406250       1.22122009E+19
   22.7109375       1.25423567E+19
   22.7812500       1.28906688E+19
   22.8515625       1.32583730E+19
   22.9218750       1.36454715E+19
   22.9921875       1.40503303E+19
   23.0625000       1.44699084E+19
   23.1328125       1.48998647E+19
   23.2031250       1.53352383E+19
   23.2734375       1.57708175E+19
   23.3437500       1.62017370E+19
   23.4140625       1.66234855E+19
   23.4843750       1.70321289E+19
   23.5546875       1.74239201E+19
   23.6250000       1.77952735E+19
   23.6953125       1.81422530E+19
   23.7656250       1.84606089E+19
   23.8359375       1.87455386E+19
   23.9062500       1.89918995E+19
   23.9765625       1.91941195E+19
   24.0468750       1.93465778E+19
   24.1171875       1.94438076E+19
   24.1875000       1.94811866E+19
   24.2578125       1.94553547E+19
   24.3281250       1.93651024E+19
   24.3984375       1.92116853E+19
   24.4687500       1.89992267E+19
   24.5390625       1.87343345E+19
   24.6093750       1.84257401E+19
   24.6796875       1.80833885E+19
   24.7500000       1.77177943E+19
   24.8203125       1.73390279E+19
   24.8906250       1.69561977E+19
   24.9609375       1.65768200E+19
   25.0312500       1.62067673E+19
   25.1015625       1.58500484E+19
   25.1718750       1.55091382E+19
   25.2421875       1.51850890E+19
   25.3125000       1.48779745E+19
   25.3828125       1.45869272E+19
   25.4531250       1.43104473E+19
   25.5234375       1.40463985E+19
   25.5937500       1.37923596E+19
   25.6640625       1.35456853E+19
   25.7343750       1.33039093E+19
   25.8046875       1.30648029E+19
   25.8750000       1.28266256E+19
   25.9453125       1.25878765E+19
   26.0156250       1.23472858E+19
   26.0859375       1.21035230E+19
   26.1562500       1.18552906E+19
   26.2265625       1.16011616E+19
   26.2968750       1.13397934E+19
   26.3671875       1.10699051E+19
   26.4375000       1.07905148E+19
   26.5078125       1.05007780E+19
   26.5781250       1.02001386E+19
   26.6484375       9.88824122E+18
   26.7187500       9.56532125E+18
   26.7890625       9.23230667E+18
   26.8593750       8.89124696E+18
   26.9296875       8.54532576E+18
   27.0000000       8.19897245E+18
   27.0703125       7.85742950E+18
   27.1406250       7.52642537E+18
   27.2109375       7.21148181E+18
   27.2812500       6.91746691E+18
   27.3515625       6.64786391E+18
   27.4218750       6.40447601E+18
   27.4921875       6.18707398E+18
   27.5625000       5.99365449E+18
   27.6328125       5.82062434E+18
   27.7031250       5.66349204E+18
   27.7734375       5.51733341E+18
   27.8437500       5.37754370E+18
   27.9140625       5.24013938E+18
   27.9843750       5.10219300E+18
   28.0546875       4.96180516E+18
   28.1250000       4.81820179E+18
   28.1953125       4.67138565E+18
   28.2656250       4.52203266E+18
   28.3359375       4.37115246E+18
   28.4062500       4.22009908E+18
   28.4765625       4.07030986E+18
   28.5468750       3.92333237E+18
   28.6171875       3.78058002E+18
   28.6875000       3.64336784E+18
   28.7578125       3.51262079E+18
   28.8281250       3.38887626E+18
   28.8984375       3.27203913E+18
   28.9687500       3.16152529E+18
   29.0390625       3.05620967E+18
   29.1093750       2.95481023E+18
   29.1796875       2.85606694E+18
   29.2500000       2.75918650E+18
   29.3203125       2.66382118E+18
   29.3906250       2.57012245E+18
   29.4609375       2.47836655E+18
   29.5312500       2.38882508E+18
   29.6015625       2.30136690E+18
   29.6718750       2.21545133E+18
   29.7421875       2.12994671E+18
   29.8125000       2.04336292E+18
   29.8828125       0.00000000    
   29.9531250       0.00000000    
   30.0234375       0.00000000    
   30.0937500       0.00000000    
   30.1640625       0.00000000    
   30.2343750       0.00000000    
   30.3046875       0.00000000    
   30.3750000       0.00000000    
   30.4453125       0.00000000    
   30.5156250       0.00000000    
   30.5859375       0.00000000    
   30.6562500       0.00000000    
   30.7265625       0.00000000    
   30.7968750       0.00000000    
   30.8671875       0.00000000    
   30.9375000       0.00000000    
   31.0078125       0.00000000    
   31.0781250       0.00000000    
   31.1484375       0.00000000    
   31.2187500       0.00000000    
   31.2890625       0.00000000    
   31.3593750       0.00000000    
   31.4296875       0.00000000    
   31.5000000       0.00000000    
   31.5703125       0.00000000    
   31.6406250       0.00000000    
   31.7109375       0.00000000    
   31.7812500       0.00000000    
   31.8515625       0.00000000    
   31.9218750       0.00000000    
   31.9921875       0.00000000    
   32.0625000       0.00000000    
   32.1328125       0.00000000    
   32.2031250       0.00000000    
   32.2734375       0.00000000    
   32.3437500       0.00000000    
   32.4140625       0.00000000    
   32.4843750       0.00000000    
   32.5546875       0.00000000    
   32.6250000       0.00000000    
   32.6953125       0.00000000    
   32.7656250       0.00000000    
   32.8359375       0.00000000    
   32.9062500       0.00000000    
   32.9765625       0.00000000    
   33.0468750       0.00000000    
   33.1171875       0.00000000    
   33.1875000       0.00000000    
   33.2578125       0.00000000    
   33.3281250       0.00000000    
   33.3984375       0.00000000    
   33.4687500       0.00000000    
   33.5390625       0.00000000    
   33.6093750       0.00000000    
   33.6796875       0.00000000    
   33.7500000       0.00000000    
   33.8203125       0.00000000    
   33.8906250       0.00000000    
   33.9609375       0.00000000    
   34.0312500       0.00000000    
   34.1015625       0.00000000    
   34.1718750       0.00000000    
   34.2421875       0.00000000    
   34.3125000       0.00000000    
   34.3828125       0.00000000    
   34.4531250       0.00000000    
   34.5234375       0.00000000    
   34.5937500       0.00000000    
   34.6640625       0.00000000    
   34.7343750       0.00000000    
   34.8046875       0.00000000    
   34.8750000       0.00000000    
   34.9453125       0.00000000    
   35.0156250       0.00000000    
   35.0859375       0.00000000    
   35.1562500       0.00000000    
   35.2265625       0.00000000    
   35.2968750       0.00000000    
   35.3671875       0.00000000    
   35.4375000       0.00000000    
   35.5078125       0.00000000    
   35.5781250       0.00000000    
   35.6484375       0.00000000    
   35.7187500       0.00000000    
   35.7890625       0.00000000    
   35.8593750       0.00000000    
   35.9296875       0.00000000    
   36.0000000       0.00000000    
   36.0703125       0.00000000    
   36.1406250       0.00000000    
   36.2109375       0.00000000    
   36.2812500       0.00000000    
   36.3515625       0.00000000    
   36.4218750       0.00000000    
   36.4921875       0.00000000    
   36.5625000       0.00000000    
   36.6328125       0.00000000    
   36.7031250       0.00000000    
   36.7734375       0.00000000    
   36.8437500       0.00000000    
   36.9140625       0.00000000    
   36.9843750       0.00000000    
   37.0546875       0.00000000    
   37.1250000       0.00000000    
   37.1953125       0.00000000    
   37.2656250       0.00000000    
   37.3359375       0.00000000    
   37.4062500       0.00000000    
   37.4765625       0.00000000    
   37.5468750       0.00000000    
   37.6171875       0.00000000    
   37.6875000       0.00000000    
   37.7578125       0.00000000    
   37.8281250       0.00000000    
   37.8984375       0.00000000    
   37.9687500       0.00000000    
   38.0390625       0.00000000    
   38.1093750       0.00000000    
   38.1796875       0.00000000    
   38.2500000       0.00000000    
   38.3203125       0.00000000    
   38.3906250       0.00000000    
   38.4609375       0.00000000    
   38.5312500       0.00000000    
   38.6015625       0.00000000    
   38.6718750       0.00000000    
   38.7421875       0.00000000    
   38.8125000       0.00000000    
   38.8828125       0.00000000    
   38.9531250       0.00000000    
   39.0234375       0.00000000    
   39.0937500       0.00000000    
   39.1640625       0.00000000    
   39.2343750       0.00000000    
   39.3046875       0.00000000    
   39.3750000       0.00000000    
   39.4453125       0.00000000    
