2014 04 01 23 46 47.0 -19.610 -70.769
27. 1.040E+21 7.945 352 23 97 164 67 87
  -1.12500000       0.00000000    
  -1.05468750       1.82887445E+18
 -0.984375000       1.81965037E+18
 -0.914062500       1.80899253E+18
 -0.843750000       1.79710915E+18
 -0.773437500       1.78433324E+18
 -0.703125000       1.77125042E+18
 -0.632812500       1.75885315E+18
 -0.562500000       1.74888979E+18
 -0.492187500       1.74423900E+18
 -0.421875000       1.74834815E+18
 -0.351562500       1.76026878E+18
 -0.281250000       1.77763116E+18
 -0.210937500       1.79705280E+18
 -0.140625000       1.81866384E+18
  -7.03125000E-02   1.84259457E+18
   0.00000000       1.86883043E+18
   7.03125000E-02   1.89722449E+18
  0.140625000       1.92678651E+18
  0.210937500       1.95625287E+18
  0.281250000       1.98512536E+18
  0.351562500       2.01382124E+18
  0.421875000       2.04305712E+18
  0.492187500       2.07287436E+18
  0.562500000       2.10319216E+18
  0.632812500       2.13392914E+18
  0.703125000       2.16489428E+18
  0.773437500       2.19580650E+18
  0.843750000       2.22626819E+18
  0.914062500       2.25588587E+18
  0.984375000       2.28431196E+18
   1.05468750       2.31139747E+18
   1.12500000       2.33723846E+18
   1.19531250       2.36226885E+18
   1.26562500       2.38716371E+18
   1.33593750       2.41276694E+18
   1.40625000       2.43990124E+18
   1.47656250       2.46928844E+18
   1.54687500       2.50141369E+18
   1.61718750       2.53652412E+18
   1.68750000       2.57459664E+18
   1.75781250       2.61628187E+18
   1.82812500       2.66181924E+18
   1.89843750       2.71093718E+18
   1.96875000       2.76206062E+18
   2.03906250       2.81364998E+18
   2.10937500       2.86433004E+18
   2.17968750       2.91294165E+18
   2.25000000       2.95820635E+18
   2.32031250       2.99885557E+18
   2.39062500       3.03345555E+18
   2.46093750       3.06071574E+18
   2.53125000       3.07948193E+18
   2.60156250       3.08912602E+18
   2.67187500       3.08951387E+18
   2.74218750       3.08128760E+18
   2.81250000       3.06571824E+18
   2.88281250       3.04488772E+18
   2.95312500       3.02144146E+18
   3.02343750       2.99869366E+18
   3.09375000       2.98031533E+18
   3.16406250       2.96636143E+18
   3.23437500       2.95551584E+18
   3.30468750       2.94705730E+18
   3.37500000       2.94166420E+18
   3.44531250       2.93945555E+18
   3.51562500       2.93836621E+18
   3.58593750       2.93738517E+18
   3.65625000       2.93550391E+18
   3.72656250       2.93245798E+18
   3.79687500       2.92863498E+18
   3.86718750       2.92590187E+18
   3.93750000       2.92652365E+18
   4.00781250       2.93332742E+18
   4.07812500       2.94930003E+18
   4.14843750       2.97452667E+18
   4.21875000       3.00608898E+18
   4.28906250       3.04004190E+18
   4.35937500       3.07457673E+18
   4.42968750       3.11026138E+18
   4.50000000       3.14824374E+18
   4.57031250       3.18743583E+18
   4.64062500       3.22577800E+18
   4.71093750       3.26063527E+18
   4.78125000       3.29127316E+18
   4.85156250       3.31736375E+18
   4.92187500       3.34076767E+18
   4.99218750       3.36350145E+18
   5.06250000       3.38669098E+18
   5.13281250       3.40871887E+18
   5.20312500       3.42756835E+18
   5.27343750       3.44206293E+18
   5.34375000       3.45146788E+18
   5.41406250       3.45562568E+18
   5.48437500       3.45452452E+18
   5.55468750       3.44844175E+18
   5.62500000       3.43822289E+18
   5.69531250       3.42487729E+18
   5.76562500       3.40896791E+18
   5.83593750       3.39035620E+18
   5.90625000       3.36876426E+18
   5.97656250       3.34439331E+18
   6.04687500       3.31759162E+18
   6.11718750       3.28884461E+18
   6.18750000       3.25849177E+18
   6.25781250       3.22685690E+18
   6.32812500       3.19410602E+18
   6.39843750       3.16046976E+18
   6.46875000       3.12579061E+18
   6.53906250       3.09050838E+18
   6.60937500       3.05507552E+18
   6.67968750       3.02041946E+18
   6.75000000       2.98693879E+18
   6.82031250       2.95506174E+18
   6.89062500       2.92509318E+18
   6.96093750       2.89746300E+18
   7.03125000       2.87267534E+18
   7.10156250       2.85162436E+18
   7.17187500       2.83552009E+18
   7.24218750       2.82608381E+18
   7.31250000       2.82530920E+18
   7.38281250       2.83664462E+18
   7.45312500       2.86232509E+18
   7.52343750       2.90288689E+18
   7.59375000       2.95606450E+18
   7.66406250       3.01936696E+18
   7.73437500       3.09045945E+18
   7.80468750       3.16721004E+18
   7.87500000       3.24760523E+18
   7.94531250       3.33016701E+18
   8.01562500       3.41383242E+18
   8.08593750       3.49813390E+18
   8.15625000       3.58276689E+18
   8.22656250       3.66752576E+18
   8.29687500       3.75177144E+18
   8.36718750       3.83444262E+18
   8.43750000       3.91377926E+18
   8.50781250       3.98766232E+18
   8.57812500       4.05363934E+18
   8.64843750       4.10951844E+18
   8.71875000       4.15359759E+18
   8.78906250       4.18537622E+18
   8.85937500       4.20576172E+18
   8.92968750       4.21760044E+18
   9.00000000       4.22337974E+18
   9.07031250       4.22416397E+18
   9.14062500       4.21992728E+18
   9.21093750       4.21122932E+18
   9.28125000       4.19944090E+18
   9.35156250       4.18559338E+18
   9.42187500       4.17008532E+18
   9.49218750       4.15328258E+18
   9.56250000       4.13664944E+18
   9.63281250       4.12132335E+18
   9.70312500       4.10780568E+18
   9.77343750       4.09496448E+18
   9.84375000       4.08162411E+18
   9.91406250       4.06657894E+18
   9.98437500       4.04830726E+18
   10.0546875       4.02519030E+18
   10.1250000       3.99560107E+18
   10.1953125       3.95850052E+18
   10.2656250       3.91368168E+18
   10.3359375       3.86218825E+18
   10.4062500       3.80611178E+18
   10.4765625       3.74840034E+18
   10.5468750       3.69206439E+18
   10.6171875       3.63962950E+18
   10.6875000       3.59237414E+18
   10.7578125       3.55021227E+18
   10.8281250       3.51163068E+18
   10.8984375       3.47592322E+18
   10.9687500       3.44433205E+18
   11.0390625       3.41781403E+18
   11.1093750       3.39713991E+18
   11.1796875       3.38429954E+18
   11.2500000       3.38019836E+18
   11.3203125       3.38132481E+18
   11.3906250       3.38355215E+18
   11.4609375       3.38803870E+18
   11.5312500       3.39785954E+18
   11.6015625       3.41202070E+18
   11.6718750       3.42707549E+18
   11.7421875       3.44192055E+18
   11.8125000       3.45751190E+18
   11.8828125       3.47404443E+18
   11.9531250       3.49086201E+18
   12.0234375       3.50677551E+18
   12.0937500       3.52033057E+18
   12.1640625       3.53031523E+18
   12.2343750       3.53597167E+18
   12.3046875       3.53723886E+18
   12.3750000       3.53461377E+18
   12.4453125       3.52905712E+18
   12.5156250       3.52193585E+18
   12.5859375       3.51670630E+18
   12.6562500       3.51621427E+18
   12.7265625       3.52239902E+18
   12.7968750       3.53429244E+18
   12.8671875       3.55061826E+18
   12.9375000       3.56981519E+18
   13.0078125       3.59041756E+18
   13.0781250       3.61115683E+18
   13.1484375       3.63129191E+18
   13.2187500       3.65054573E+18
   13.2890625       3.66920334E+18
   13.3593750       3.68780076E+18
   13.4296875       3.70712028E+18
   13.5000000       3.72798104E+18
   13.5703125       3.75145368E+18
   13.6406250       3.77880431E+18
   13.7109375       3.81167339E+18
   13.7812500       3.85179786E+18
   13.8515625       3.90087676E+18
   13.9218750       3.96007392E+18
   13.9921875       4.02988439E+18
   14.0625000       4.10974247E+18
   14.1328125       4.19700438E+18
   14.2031250       4.28875918E+18
   14.2734375       4.38259068E+18
   14.3437500       4.47795599E+18
   14.4140625       4.57524408E+18
   14.4843750       4.67505747E+18
   14.5546875       4.77795966E+18
   14.6250000       4.88373048E+18
   14.6953125       5.00429853E+18
   14.7656250       5.14738348E+18
   14.8359375       5.31729651E+18
   14.9062500       5.50370881E+18
   14.9765625       5.69940044E+18
   15.0468750       5.90583045E+18
   15.1171875       6.13041229E+18
   15.1875000       6.37809048E+18
   15.2578125       6.64619924E+18
   15.3281250       6.92669840E+18
   15.3984375       7.21411294E+18
   15.4687500       7.50482272E+18
   15.5390625       7.79666389E+18
   15.6093750       8.08836323E+18
   15.6796875       8.37931764E+18
   15.7500000       8.66921818E+18
   15.8203125       8.95804449E+18
   15.8906250       9.24584276E+18
   15.9609375       9.53279440E+18
   16.0312500       9.81909843E+18
   16.1015625       1.01050792E+19
   16.1718750       1.03910710E+19
   16.2421875       1.06775366E+19
   16.3125000       1.09650084E+19
   16.3828125       1.12542437E+19
   16.4531250       1.15460662E+19
   16.5234375       1.18413664E+19
   16.5937500       1.21408151E+19
   16.6640625       1.24447630E+19
   16.7343750       1.27529308E+19
   16.8046875       1.30644290E+19
   16.8750000       1.33777800E+19
   16.9453125       1.36913288E+19
   17.0156250       1.40034933E+19
   17.0859375       1.43131972E+19
   17.1562500       1.46199532E+19
   17.2265625       1.49240144E+19
   17.2968750       1.52262019E+19
   17.3671875       1.55278420E+19
   17.4375000       1.58305276E+19
   17.5078125       1.61361303E+19
   17.5781250       1.64465708E+19
   17.6484375       1.67638547E+19
   17.7187500       1.70898906E+19
   17.7890625       1.74265138E+19
   17.8593750       1.77751822E+19
   17.9296875       1.81368137E+19
   18.0000000       1.85114789E+19
   18.0703125       1.88984147E+19
   18.1406250       1.92959673E+19
   18.2109375       1.97018872E+19
   18.2812500       2.01134674E+19
   18.3515625       2.05278975E+19
   18.4218750       2.09422462E+19
   18.4921875       2.13535230E+19
   18.5625000       2.17585523E+19
   18.6328125       2.21540290E+19
   18.7031250       2.25364633E+19
   18.7734375       2.29024072E+19
   18.8437500       2.32485972E+19
   18.9140625       2.35723726E+19
   18.9843750       2.38717696E+19
   19.0546875       2.41458031E+19
   19.1250000       2.43944291E+19
   19.1953125       2.46186921E+19
   19.2656250       2.48206020E+19
   19.3359375       2.50030593E+19
   19.4062500       2.51694792E+19
   19.4765625       2.53234196E+19
   19.5468750       2.54679351E+19
   19.6171875       2.56051849E+19
   19.6875000       2.57360686E+19
   19.7578125       2.58604189E+19
   19.8281250       2.59771805E+19
   19.8984375       2.60849986E+19
   19.9687500       2.61825802E+19
   20.0390625       2.62692371E+19
   20.1093750       2.63449253E+19
   20.1796875       2.64103441E+19
   20.2500000       2.64665511E+19
   20.3203125       2.65148329E+19
   20.3906250       2.65563262E+19
   20.4609375       2.65919922E+19
   20.5312500       2.66226312E+19
   20.6015625       2.66492701E+19
   20.6718750       2.66733714E+19
   20.7421875       2.66971297E+19
   20.8125000       2.67234564E+19
   20.8828125       2.67559360E+19
   20.9531250       2.67983903E+19
   21.0234375       2.68543686E+19
   21.0937500       2.69264306E+19
   21.1640625       2.70156340E+19
   21.2343750       2.71210376E+19
   21.3046875       2.72398574E+19
   21.3750000       2.73678494E+19
   21.4453125       2.75004417E+19
   21.5156250       2.76337179E+19
   21.5859375       2.77655625E+19
   21.6562500       2.78960965E+19
   21.7265625       2.80277762E+19
   21.7968750       2.81647094E+19
   21.8671875       2.83118813E+19
   21.9375000       2.84740592E+19
   22.0078125       2.86552192E+19
   22.0781250       2.88579339E+19
   22.1484375       2.90832304E+19
   22.2187500       2.93303567E+19
   22.2890625       2.95968739E+19
   22.3593750       2.98785468E+19
   22.4296875       3.01696491E+19
   22.5000000       3.04633154E+19
   22.5703125       3.07524958E+19
   22.6406250       3.10308987E+19
   22.7109375       3.12941812E+19
   22.7812500       3.15406961E+19
   22.8515625       3.17718376E+19
   22.9218750       3.19915750E+19
   22.9921875       3.22055554E+19
   23.0625000       3.24197820E+19
   23.1328125       3.26395964E+19
   23.2031250       3.28687654E+19
   23.2734375       3.31093342E+19
   23.3437500       3.33617117E+19
   23.4140625       3.36253680E+19
   23.4843750       3.38993047E+19
   23.5546875       3.41827610E+19
   23.6250000       3.44754246E+19
   23.6953125       3.47777793E+19
   23.7656250       3.50909818E+19
   23.8359375       3.54169210E+19
   23.9062500       3.57578092E+19
   23.9765625       3.61160785E+19
   24.0468750       3.64939762E+19
   24.1171875       3.68934266E+19
   24.1875000       3.73158985E+19
   24.2578125       3.77624982E+19
   24.3281250       3.82338280E+19
   24.3984375       3.87298705E+19
   24.4687500       3.92496404E+19
   24.5390625       3.97909784E+19
   24.6093750       4.03503087E+19
   24.6796875       4.09228552E+19
   24.7500000       4.15029268E+19
   24.8203125       4.20846036E+19
   24.8906250       4.26622034E+19
   24.9609375       4.32307917E+19
   25.0312500       4.37862254E+19
   25.1015625       4.43253379E+19
   25.1718750       4.48457764E+19
   25.2421875       4.53460190E+19
   25.3125000       4.58251993E+19
   25.3828125       4.62831019E+19
   25.4531250       4.67198148E+19
   25.5234375       4.71355445E+19
   25.5937500       4.75302076E+19
   25.6640625       4.79033995E+19
   25.7343750       4.82542712E+19
   25.8046875       4.85818069E+19
   25.8750000       4.88849731E+19
   25.9453125       4.91631891E+19
   26.0156250       4.94165078E+19
   26.0859375       4.96458351E+19
   26.1562500       4.98528072E+19
   26.2265625       5.00396978E+19
   26.2968750       5.02091061E+19
   26.3671875       5.03635611E+19
   26.4375000       5.05051342E+19
   26.5078125       5.06351669E+19
   26.5781250       5.07540373E+19
   26.6484375       5.08610418E+19
   26.7187500       5.09545046E+19
   26.7890625       5.10322225E+19
   26.8593750       5.10919084E+19
   26.9296875       5.11318471E+19
   27.0000000       5.11512864E+19
   27.0703125       5.11508818E+19
   27.1406250       5.11325903E+19
   27.2109375       5.10993983E+19
   27.2812500       5.10546701E+19
   27.3515625       5.10015857E+19
   27.4218750       5.09425639E+19
   27.4921875       5.08790342E+19
   27.5625000       5.08113746E+19
   27.6328125       5.07393610E+19
   27.7031250       5.06625491E+19
   27.7734375       5.05808026E+19
   27.8437500       5.04944998E+19
   27.9140625       5.04047664E+19
   27.9843750       5.03132563E+19
   28.0546875       5.02220364E+19
   28.1250000       5.01330067E+19
   28.1953125       5.00477374E+19
   28.2656250       4.99671432E+19
   28.3359375       4.98916067E+19
   28.4062500       4.98210885E+19
   28.4765625       4.97558171E+19
   28.5468750       4.96966501E+19
   28.6171875       4.96455316E+19
   28.6875000       4.96054522E+19
   28.7578125       4.95801811E+19
   28.8281250       4.95736412E+19
   28.8984375       4.95893114E+19
   28.9687500       4.96295184E+19
   29.0390625       4.96954143E+19
   29.1093750       4.97867265E+19
   29.1796875       4.99021797E+19
   29.2500000       5.00395262E+19
   29.3203125       5.01960351E+19
   29.3906250       5.03686980E+19
   29.4609375       5.05545155E+19
   29.5312500       5.07506200E+19
   29.6015625       5.09545002E+19
   29.6718750       5.11641067E+19
   29.7421875       5.13780673E+19
   29.8125000       5.15956914E+19
   29.8828125       5.18171463E+19
   29.9531250       5.20432235E+19
   30.0234375       5.22751984E+19
   30.0937500       5.25142015E+19
   30.1640625       5.27610594E+19
   30.2343750       5.30160142E+19
   30.3046875       5.32789250E+19
   30.3750000       5.35494620E+19
   30.4453125       5.38276605E+19
   30.5156250       5.41139909E+19
   30.5859375       5.44094165E+19
   30.6562500       5.47150059E+19
   30.7265625       5.50316565E+19
   30.7968750       5.53597112E+19
   30.8671875       5.56989721E+19
   30.9375000       5.60486476E+19
   31.0078125       5.64077832E+19
   31.0781250       5.67753764E+19
   31.1484375       5.71505825E+19
   31.2187500       5.75324253E+19
   31.2890625       5.79198404E+19
   31.3593750       5.83112314E+19
   31.4296875       5.87045487E+19
   31.5000000       5.90972371E+19
   31.5703125       5.94869084E+19
   31.6406250       5.98718430E+19
   31.7109375       6.02517639E+19
   31.7812500       6.06279640E+19
   31.8515625       6.10033108E+19
   31.9218750       6.13815121E+19
   31.9921875       6.17661520E+19
   32.0625000       6.21596276E+19
   32.1328125       6.25625943E+19
   32.2031250       6.29737324E+19
   32.2734375       6.33902626E+19
   32.3437500       6.38085740E+19
   32.4140625       6.42252274E+19
   32.4843750       6.46377641E+19
   32.5546875       6.50453355E+19
   32.6250000       6.54487595E+19
   32.6953125       6.58503891E+19
   32.7656250       6.62533909E+19
   32.8359375       6.66609403E+19
   32.9062500       6.70752231E+19
   32.9765625       6.74968242E+19
   33.0468750       6.79243055E+19
   33.1171875       6.83543421E+19
   33.1875000       6.87819554E+19
   33.2578125       6.92013399E+19
   33.3281250       6.96064396E+19
   33.3984375       6.99918624E+19
   33.4687500       7.03531311E+19
   33.5390625       7.06873695E+19
   33.6093750       7.09931744E+19
   33.6796875       7.12706164E+19
   33.7500000       7.15207025E+19
   33.8203125       7.17449149E+19
   33.8906250       7.19445818E+19
   33.9609375       7.21204465E+19
   34.0312500       7.22723550E+19
   34.1015625       7.23993354E+19
   34.1718750       7.24997516E+19
   34.2421875       7.25716509E+19
   34.3125000       7.26128826E+19
   34.3828125       7.26213708E+19
   34.4531250       7.25950133E+19
   34.5234375       7.25317518E+19
   34.5937500       7.24292202E+19
   34.6640625       7.22849686E+19
   34.7343750       7.20964112E+19
   34.8046875       7.18610937E+19
   34.8750000       7.15768304E+19
   34.9453125       7.12418664E+19
   35.0156250       7.08550010E+19
   35.0859375       7.04155042E+19
   35.1562500       6.99230945E+19
   35.2265625       6.93780094E+19
   35.2968750       6.87811154E+19
   35.3671875       6.81339956E+19
   35.4375000       6.74387568E+19
   35.5078125       6.66979806E+19
   35.5781250       6.59143807E+19
   35.6484375       6.50907145E+19
   35.7187500       6.42295770E+19
   35.7890625       6.33337917E+19
   35.8593750       6.24064416E+19
   35.9296875       6.14511155E+19
   36.0000000       6.04715079E+19
   36.0703125       5.94710314E+19
   36.1406250       5.84523339E+19
   36.2109375       5.74168842E+19
   36.2812500       5.63646780E+19
   36.3515625       5.52945761E+19
   36.4218750       5.42047314E+19
   36.4921875       5.30932747E+19
   36.5625000       5.19588074E+19
   36.6328125       5.08008941E+19
   36.7031250       4.96201417E+19
   36.7734375       4.84181556E+19
   36.8437500       4.71970512E+19
   36.9140625       4.59592474E+19
   36.9843750       4.47070488E+19
   37.0546875       4.34426280E+19
   37.1250000       4.21677663E+19
   37.1953125       4.08841084E+19
   37.2656250       3.95931982E+19
   37.3359375       3.82968608E+19
   37.4062500       3.69972776E+19
   37.4765625       3.56973624E+19
   37.5468750       3.44008029E+19
   37.6171875       3.31121445E+19
   37.6875000       3.18363064E+19
   37.7578125       3.05782342E+19
   37.8281250       2.93422270E+19
   37.8984375       2.81315570E+19
   37.9687500       2.69478821E+19
   38.0390625       2.57913344E+19
   38.1093750       2.46606230E+19
   38.1796875       2.35535578E+19
   38.2500000       2.24674734E+19
   38.3203125       2.13999004E+19
   38.3906250       2.03489168E+19
   38.4609375       1.93136584E+19
   38.5312500       1.82943232E+19
   38.6015625       1.72923635E+19
   38.6718750       1.58537218E+19
   38.7421875       1.50210990E+19
   38.8125000       1.42096419E+19
   38.8828125       1.30188246E+19
   38.9531250       1.23946780E+19
   39.0234375       1.17754991E+19
   39.0937500       1.11571403E+19
   39.1640625       1.05362065E+19
   39.2343750       9.91017978E+18
   39.3046875       9.27772310E+18
   39.3750000       8.63822954E+18
   39.4453125       7.99185139E+18
   39.5156250       7.33929014E+18
   39.5859375       6.16220467E+18
   39.6562500       5.57726229E+18
   39.7265625       4.31878299E+18
   39.7968750       3.16937993E+18
   39.8671875       2.94783108E+18
   39.9375000       2.73021382E+18
   40.0078125       2.51731785E+18
   40.0781250       1.95641120E+18
   40.1484375       1.78739703E+18
   40.2187500       1.16833625E+18
   40.2890625       6.56027117E+17
   40.3593750       6.03914046E+17
   40.4296875       5.53794011E+17
   40.5000000       5.06681381E+17
   40.5703125       4.63523316E+17
   40.6406250       4.24999349E+17
   40.7109375       0.00000000    
   40.7812500       0.00000000    
   40.8515625       0.00000000    
   40.9218750       0.00000000    
   40.9921875       0.00000000    
   41.0625000       0.00000000    
   41.1328125       0.00000000    
   41.2031250       0.00000000    
   41.2734375       0.00000000    
   41.3437500       0.00000000    
   41.4140625       0.00000000    
   41.4843750       0.00000000    
   41.5546875       0.00000000    
   41.6250000       0.00000000    
   41.6953125       0.00000000    
   41.7656250       0.00000000    
   41.8359375       0.00000000    
   41.9062500       0.00000000    
   41.9765625       0.00000000    
   42.0468750       0.00000000    
   42.1171875       0.00000000    
   42.1875000       0.00000000    
   42.2578125       0.00000000    
   42.3281250       0.00000000    
   42.3984375       0.00000000    
   42.4687500       0.00000000    
   42.5390625       0.00000000    
   42.6093750       0.00000000    
   42.6796875       0.00000000    
   42.7500000       0.00000000    
   42.8203125       0.00000000    
   42.8906250       0.00000000    
   42.9609375       0.00000000    
   43.0312500       0.00000000    
   43.1015625       0.00000000    
   43.1718750       0.00000000    
   43.2421875       0.00000000    
   43.3125000       0.00000000    
   43.3828125       0.00000000    
   43.4531250       0.00000000    
   43.5234375       0.00000000    
   43.5937500       0.00000000    
   43.6640625       0.00000000    
   43.7343750       0.00000000    
   43.8046875       0.00000000    
   43.8750000       0.00000000    
   43.9453125       0.00000000    
   44.0156250       0.00000000    
   44.0859375       0.00000000    
   44.1562500       0.00000000    
   44.2265625       0.00000000    
   44.2968750       0.00000000    
   44.3671875       0.00000000    
   44.4375000       0.00000000    
   44.5078125       0.00000000    
   44.5781250       0.00000000    
   44.6484375       0.00000000    
   44.7187500       0.00000000    
   44.7890625       0.00000000    
   44.8593750       0.00000000    
   44.9296875       0.00000000    
   45.0000000       0.00000000    
   45.0703125       0.00000000    
   45.1406250       0.00000000    
   45.2109375       0.00000000    
   45.2812500       0.00000000    
   45.3515625       0.00000000    
   45.4218750       0.00000000    
   45.4921875       0.00000000    
   45.5625000       0.00000000    
   45.6328125       0.00000000    
   45.7031250       0.00000000    
   45.7734375       0.00000000    
   45.8437500       0.00000000    
   45.9140625       0.00000000    
   45.9843750       0.00000000    
   46.0546875       0.00000000    
   46.1250000       0.00000000    
   46.1953125       0.00000000    
   46.2656250       0.00000000    
   46.3359375       0.00000000    
   46.4062500       0.00000000    
   46.4765625       0.00000000    
   46.5468750       0.00000000    
   46.6171875       0.00000000    
   46.6875000       0.00000000    
   46.7578125       0.00000000    
   46.8281250       0.00000000    
   46.8984375       0.00000000    
   46.9687500       0.00000000    
   47.0390625       0.00000000    
   47.1093750       0.00000000    
   47.1796875       0.00000000    
   47.2500000       0.00000000    
   47.3203125       0.00000000    
   47.3906250       0.00000000    
   47.4609375       0.00000000    
   47.5312500       0.00000000    
   47.6015625       0.00000000    
   47.6718750       0.00000000    
   47.7421875       0.00000000    
   47.8125000       0.00000000    
