2014 04 01 23 46 47.0 -19.610 -70.769
27. 1.040E+21 7.945 352 23 97 164 67 87
  -1.12500000       0.00000000    
  -1.05468750       0.00000000    
 -0.984375000       0.00000000    
 -0.914062500       0.00000000    
 -0.843750000       0.00000000    
 -0.773437500       0.00000000    
 -0.703125000       0.00000000    
 -0.632812500       0.00000000    
 -0.562500000       0.00000000    
 -0.492187500       0.00000000    
 -0.421875000       0.00000000    
 -0.351562500       0.00000000    
 -0.281250000       0.00000000    
 -0.210937500       0.00000000    
 -0.140625000       0.00000000    
  -7.03125000E-02   0.00000000    
   0.00000000       0.00000000    
   7.03125000E-02   6.66176434E+17
  0.140625000       6.98079314E+17
  0.210937500       7.30539440E+17
  0.281250000       7.63047257E+17
  0.351562500       7.95392003E+17
  0.421875000       8.26128232E+17
  0.492187500       8.54453919E+17
  0.562500000       8.78771749E+17
  0.632812500       8.98533134E+17
  0.703125000       9.12615473E+17
  0.773437500       9.20951420E+17
  0.843750000       9.22798669E+17
  0.914062500       9.18378082E+17
  0.984375000       9.07186085E+17
   1.05468750       8.89696772E+17
   1.12500000       8.65792908E+17
   1.19531250       8.36554420E+17
   1.26562500       8.02654346E+17
   1.33593750       7.65992505E+17
   1.40625000       7.27973592E+17
   1.47656250       6.91058245E+17
   1.54687500       6.56965894E+17
   1.61718750       6.28195729E+17
   1.68750000       6.06271193E+17
   1.75781250       5.93351725E+17
   1.82812500       5.90527904E+17
   1.89843750       5.99497445E+17
   1.96875000       6.20956064E+17
   2.03906250       6.56379442E+17
   2.10937500       7.06365027E+17
   2.17968750       7.72277795E+17
   2.25000000       8.54494876E+17
   2.32031250       9.53999510E+17
   2.39062500       1.07054816E+18
   2.46093750       1.20415572E+18
   2.53125000       1.35329321E+18
   2.60156250       1.51650169E+18
   2.67187500       1.69074844E+18
   2.74218750       1.87326600E+18
   2.81250000       2.06023080E+18
   2.88281250       2.24892624E+18
   2.95312500       2.43654883E+18
   3.02343750       2.62226651E+18
   3.09375000       2.80572690E+18
   3.16406250       2.98866062E+18
   3.23437500       3.17280380E+18
   3.30468750       3.36095581E+18
   3.37500000       3.55464578E+18
   3.44531250       3.75528603E+18
   3.51562500       3.96217811E+18
   3.58593750       4.17414334E+18
   3.65625000       4.38808933E+18
   3.72656250       4.60112493E+18
   3.79687500       4.80934687E+18
   3.86718750       5.00993408E+18
   3.93750000       5.19977191E+18
   4.00781250       5.37732489E+18
   4.07812500       5.54098115E+18
   4.14843750       5.69069505E+18
   4.21875000       5.82625274E+18
   4.28906250       5.94895659E+18
   4.35937500       6.05988192E+18
   4.42968750       6.16144601E+18
   4.50000000       6.25552132E+18
   4.57031250       6.34485829E+18
   4.64062500       6.43100833E+18
   4.71093750       6.51554428E+18
   4.78125000       6.59800600E+18
   4.85156250       6.67736545E+18
   4.92187500       6.75038182E+18
   4.99218750       6.81354986E+18
   5.06250000       6.86197016E+18
   5.13281250       6.89173119E+18
   5.20312500       6.89890000E+18
   5.27343750       6.88172453E+18
   5.34375000       6.83920092E+18
   5.41406250       6.77276293E+18
   5.48437500       6.68430502E+18
   5.55468750       6.57738301E+18
   5.62500000       6.45501891E+18
   5.69531250       6.32089444E+18
   5.76562500       6.17730701E+18
   5.83593750       6.02656067E+18
   5.90625000       5.86920132E+18
   5.97656250       5.70577540E+18
   6.04687500       5.53539178E+18
   6.11718750       5.35772445E+18
   6.18750000       5.17171842E+18
   6.25781250       4.97761173E+18
   6.32812500       4.77547422E+18
   6.39843750       4.56697933E+18
   6.46875000       4.35375983E+18
   6.53906250       4.13911592E+18
   6.60937500       3.92629747E+18
   6.67968750       3.72009534E+18
   6.75000000       3.52497298E+18
   6.82031250       3.34644500E+18
   6.89062500       3.18892100E+18
   6.96093750       3.05680340E+18
   7.03125000       2.95236767E+18
   7.10156250       2.87723474E+18
   7.17187500       2.83083507E+18
   7.24218750       2.81249357E+18
   7.31250000       2.82033089E+18
   7.38281250       2.85342124E+18
   7.45312500       2.91027314E+18
   7.52343750       2.99029669E+18
   7.59375000       3.09168349E+18
   7.66406250       3.21267320E+18
   7.73437500       3.34966300E+18
   7.80468750       3.49904127E+18
   7.87500000       3.65599793E+18
   7.94531250       3.81684411E+18
   8.01562500       3.97779557E+18
   8.08593750       4.13675252E+18
   8.15625000       4.29139938E+18
   8.22656250       4.44043956E+18
   8.29687500       4.58144258E+18
   8.36718750       4.71219952E+18
   8.43750000       4.82898305E+18
   8.50781250       4.92844212E+18
   8.57812500       5.00628150E+18
   8.64843750       5.05941760E+18
   8.71875000       5.08482786E+18
   8.78906250       5.08174428E+18
   8.85937500       5.05030485E+18
   8.92968750       4.99331276E+18
   9.00000000       4.91438102E+18
   9.07031250       4.81921664E+18
   9.14062500       4.71334631E+18
   9.21093750       4.60309801E+18
   9.28125000       4.49331590E+18
   9.35156250       4.38863084E+18
   9.42187500       4.29162863E+18
   9.49218750       4.20464407E+18
   9.56250000       4.12843939E+18
   9.63281250       4.06429223E+18
   9.70312500       4.01255691E+18
   9.77343750       3.97430160E+18
   9.84375000       3.94934983E+18
   9.91406250       3.93760733E+18
   9.98437500       3.93712079E+18
   10.0546875       3.94580034E+18
   10.1250000       3.96019459E+18
   10.1953125       3.97789233E+18
   10.2656250       3.99654005E+18
   10.3359375       4.01591564E+18
   10.4062500       4.03629152E+18
   10.4765625       4.05980265E+18
   10.5468750       4.08828495E+18
   10.6171875       4.12445861E+18
   10.6875000       4.16989153E+18
   10.7578125       4.22644491E+18
   10.8281250       4.29434607E+18
   10.8984375       4.37360024E+18
   10.9687500       4.46205018E+18
   11.0390625       4.55697322E+18
   11.1093750       4.65344657E+18
   11.1796875       4.74639598E+18
   11.2500000       4.82953391E+18
   11.3203125       4.89794607E+18
   11.3906250       4.94726411E+18
   11.4609375       4.97604053E+18
   11.5312500       4.98445784E+18
   11.6015625       4.97596632E+18
   11.6718750       4.95507889E+18
   11.7421875       4.92813371E+18
   11.8125000       4.90055081E+18
   11.8828125       4.87754243E+18
   11.9531250       4.86161876E+18
   12.0234375       4.85378473E+18
   12.0937500       4.85173799E+18
   12.1640625       4.85188258E+18
   12.2343750       4.84835150E+18
   12.3046875       4.83576264E+18
   12.3750000       4.80886749E+18
   12.4453125       4.76556267E+18
   12.5156250       4.70613956E+18
   12.5859375       4.63520127E+18
   12.6562500       4.55946224E+18
   12.7265625       4.48823010E+18
   12.7968750       4.43010140E+18
   12.8671875       4.39296622E+18
   12.9375000       4.38101535E+18
   13.0078125       4.39576887E+18
   13.0781250       4.43444145E+18
   13.1484375       4.49242034E+18
   13.2187500       4.56289272E+18
   13.2890625       4.64013038E+18
   13.3593750       4.71915668E+18
   13.4296875       4.79831492E+18
   13.5000000       4.87779312E+18
   13.5703125       4.96088926E+18
   13.6406250       5.05127187E+18
   13.7109375       5.15329005E+18
   13.7812500       5.26898561E+18
   13.8515625       5.39889071E+18
   13.9218750       5.54008890E+18
   13.9921875       5.68834265E+18
   14.0625000       5.83745622E+18
   14.1328125       5.98232402E+18
   14.2031250       6.11840563E+18
   14.2734375       6.24414028E+18
   14.3437500       6.35936580E+18
   14.4140625       6.46666274E+18
   14.4843750       6.56893326E+18
   14.5546875       6.67030494E+18
   14.6250000       6.77378602E+18
   14.6953125       6.88260139E+18
   14.7656250       6.99826287E+18
   14.8359375       7.12216683E+18
   14.9062500       7.25392241E+18
   14.9765625       7.39322889E+18
   15.0468750       7.53845513E+18
   15.1171875       7.68869075E+18
   15.1875000       7.84243216E+18
   15.2578125       7.99960515E+18
   15.3281250       8.16001015E+18
   15.3984375       8.32499627E+18
   15.4687500       8.49560144E+18
   15.5390625       8.67409781E+18
   15.6093750       8.86195102E+18
   15.6796875       9.06120177E+18
   15.7500000       9.27247183E+18
   15.8203125       9.49662157E+18
   15.8906250       9.73305945E+18
   15.9609375       9.98153368E+18
   16.0312500       1.02405632E+19
   16.1015625       1.05092597E+19
   16.1718750       1.07856725E+19
   16.2421875       1.10684548E+19
   16.3125000       1.13551547E+19
   16.3828125       1.16440217E+19
   16.4531250       1.19323400E+19
   16.5234375       1.22182504E+19
   16.5937500       1.24990800E+19
   16.6640625       1.27731541E+19
   16.7343750       1.30379891E+19
   16.8046875       1.32918289E+19
   16.8750000       1.35317303E+19
   16.9453125       1.37553160E+19
   17.0156250       1.39592479E+19
   17.0859375       1.41413688E+19
   17.1562500       1.42996358E+19
   17.2265625       1.44345965E+19
   17.2968750       1.45482849E+19
   17.3671875       1.46462063E+19
   17.4375000       1.47354173E+19
   17.5078125       1.48255476E+19
   17.5781250       1.49258616E+19
   17.6484375       1.50455775E+19
   17.7187500       1.51908461E+19
   17.7890625       1.53658487E+19
   17.8593750       1.55709978E+19
   17.9296875       1.58052938E+19
   18.0000000       1.60656208E+19
   18.0703125       1.63496785E+19
   18.1406250       1.66550140E+19
   18.2109375       1.69809071E+19
   18.2812500       1.73261878E+19
   18.3515625       1.76902548E+19
   18.4218750       1.80706352E+19
   18.4921875       1.84644462E+19
   18.5625000       1.88669202E+19
   18.6328125       1.92739111E+19
   18.7031250       1.96808975E+19
   18.7734375       2.00851154E+19
   18.8437500       2.04836685E+19
   18.9140625       2.08748132E+19
   18.9843750       2.12555499E+19
   19.0546875       2.16229121E+19
   19.1250000       2.19722797E+19
   19.1953125       2.22998023E+19
   19.2656250       2.26015610E+19
   19.3359375       2.28761772E+19
   19.4062500       2.31236091E+19
   19.4765625       2.33470497E+19
   19.5468750       2.35508772E+19
   19.6171875       2.37416952E+19
   19.6875000       2.39256787E+19
   19.7578125       2.41094159E+19
   19.8281250       2.42972652E+19
   19.8984375       2.44924615E+19
   19.9687500       2.46950949E+19
   20.0390625       2.49042045E+19
   20.1093750       2.51166477E+19
   20.1796875       2.53296297E+19
   20.2500000       2.55396584E+19
   20.3203125       2.57447591E+19
   20.3906250       2.59428031E+19
   20.4609375       2.61329307E+19
   20.5312500       2.63133495E+19
   20.6015625       2.64827953E+19
   20.6718750       2.66388072E+19
   20.7421875       2.67797778E+19
   20.8125000       2.69038819E+19
   20.8828125       2.70116714E+19
   20.9531250       2.71049671E+19
   21.0234375       2.71887895E+19
   21.0937500       2.72692078E+19
   21.1640625       2.73542308E+19
   21.2343750       2.74509834E+19
   21.3046875       2.75663794E+19
   21.3750000       2.77048761E+19
   21.4453125       2.78702976E+19
   21.5156250       2.80646385E+19
   21.5859375       2.82903374E+19
   21.6562500       2.85488964E+19
   21.7265625       2.88426507E+19
   21.7968750       2.91727637E+19
   21.8671875       2.95405921E+19
   21.9375000       2.99457555E+19
   22.0078125       3.03880407E+19
   22.0781250       3.08659764E+19
   22.1484375       3.13788414E+19
   22.2187500       3.19248017E+19
   22.2890625       3.25022652E+19
   22.3593750       3.31073001E+19
   22.4296875       3.37344373E+19
   22.5000000       3.43742981E+19
   22.5703125       3.50154123E+19
   22.6406250       3.56432972E+19
   22.7109375       3.62434987E+19
   22.7812500       3.68014700E+19
   22.8515625       3.73060425E+19
   22.9218750       3.77490709E+19
   22.9921875       3.81280638E+19
   23.0625000       3.84447055E+19
   23.1328125       3.87063497E+19
   23.2031250       3.89234461E+19
   23.2734375       3.91098881E+19
   23.3437500       3.92793580E+19
   23.4140625       3.94449269E+19
   23.4843750       3.96152456E+19
   23.5546875       3.97946375E+19
   23.6250000       3.99807101E+19
   23.6953125       4.01668090E+19
   23.7656250       4.03421503E+19
   23.8359375       4.04960864E+19
   23.9062500       4.06189854E+19
   23.9765625       4.07061195E+19
   24.0468750       4.07572116E+19
   24.1171875       4.07781859E+19
   24.1875000       4.07784673E+19
   24.2578125       4.07711226E+19
   24.3281250       4.07690731E+19
   24.3984375       4.07848709E+19
   24.4687500       4.08273252E+19
   24.5390625       4.09024527E+19
   24.6093750       4.10117837E+19
   24.6796875       4.11547686E+19
   24.7500000       4.13282891E+19
   24.8203125       4.15298296E+19
   24.8906250       4.17569359E+19
   24.9609375       4.20091419E+19
   25.0312500       4.22856999E+19
   25.1015625       4.25859897E+19
   25.1718750       4.29065149E+19
   25.2421875       4.32417604E+19
   25.3125000       4.35823539E+19
   25.3828125       4.39179425E+19
   25.4531250       4.42367833E+19
   25.5234375       4.45291258E+19
   25.5937500       4.47864995E+19
   25.6640625       4.50041016E+19
   25.7343750       4.51791747E+19
   25.8046875       4.53124135E+19
   25.8750000       4.54058456E+19
   25.9453125       4.54641549E+19
   26.0156250       4.54925531E+19
   26.0859375       4.54978439E+19
   26.1562500       4.54857273E+19
   26.2265625       4.54615732E+19
   26.2968750       4.54276555E+19
   26.3671875       4.53841808E+19
   26.4375000       4.53273317E+19
   26.5078125       4.52514346E+19
   26.5781250       4.51484279E+19
   26.6484375       4.50111561E+19
   26.7187500       4.48333607E+19
   26.7890625       4.46130977E+19
   26.8593750       4.43521484E+19
   26.9296875       4.40579983E+19
   27.0000000       4.37415280E+19
   27.0703125       4.34174844E+19
   27.1406250       4.31011417E+19
   27.2109375       4.28081526E+19
   27.2812500       4.25510076E+19
   27.3515625       4.23394528E+19
   27.4218750       4.21779785E+19
   27.4921875       4.20674996E+19
   27.5625000       4.20040490E+19
   27.6328125       4.19816233E+19
   27.7031250       4.19917213E+19
   27.7734375       4.20266154E+19
   27.8437500       4.20789301E+19
   27.9140625       4.21445842E+19
   27.9843750       4.22219106E+19
   28.0546875       4.23134164E+19
   28.1250000       4.24234819E+19
   28.1953125       4.25587966E+19
   28.2656250       4.27251483E+19
   28.3359375       4.29275200E+19
   28.4062500       4.31670288E+19
   28.4765625       4.34420079E+19
   28.5468750       4.37463219E+19
   28.6171875       4.40717422E+19
   28.6875000       4.44073659E+19
   28.7578125       4.47428225E+19
   28.8281250       4.50678953E+19
   28.8984375       4.53754507E+19
   28.9687500       4.56603649E+19
   29.0390625       4.59217365E+19
   29.1093750       4.61612717E+19
   29.1796875       4.63847716E+19
   29.2500000       4.65997261E+19
   29.3203125       4.68161276E+19
   29.3906250       4.70435506E+19
   29.4609375       4.72913013E+19
   29.5312500       4.75651545E+19
   29.6015625       4.78679600E+19
   29.6718750       4.81975716E+19
   29.7421875       4.85491778E+19
   29.8125000       4.89150293E+19
   29.8828125       4.92884015E+19
   29.9531250       4.96640958E+19
   30.0234375       5.00418572E+19
   30.0937500       5.04252349E+19
   30.1640625       5.08229371E+19
   30.2343750       5.12455366E+19
   30.3046875       5.17050313E+19
   30.3750000       5.22105823E+19
   30.4453125       5.27681887E+19
   30.5156250       5.33778854E+19
   30.5859375       5.40353010E+19
   30.6562500       5.47308125E+19
   30.7265625       5.54529454E+19
   30.7968750       5.61887209E+19
   30.8671875       5.69270694E+19
   30.9375000       5.76582314E+19
   31.0078125       5.83759486E+19
   31.0781250       5.90753524E+19
   31.1484375       5.97538786E+19
   31.2187500       6.04085366E+19
   31.2890625       6.10371714E+19
   31.3593750       6.16369506E+19
   31.4296875       6.22066164E+19
   31.5000000       6.27454430E+19
   31.5703125       6.32554669E+19
   31.6406250       6.37398677E+19
   31.7109375       6.42041167E+19
   31.7812500       6.46533948E+19
   31.8515625       6.50932786E+19
   31.9218750       6.55272250E+19
   31.9921875       6.59577234E+19
   32.0625000       6.63842636E+19
   32.1328125       6.68053897E+19
   32.2031250       6.72176934E+19
   32.2734375       6.76185489E+19
   32.3437500       6.80052340E+19
   32.4140625       6.83775374E+19
   32.4843750       6.87366907E+19
   32.5546875       6.90872590E+19
   32.6250000       6.94352236E+19
   32.6953125       6.97892400E+19
   32.7656250       7.01582317E+19
   32.8359375       7.05520855E+19
   32.9062500       7.09786345E+19
   32.9765625       7.14441501E+19
   33.0468750       7.19505984E+19
   33.1171875       7.24968137E+19
   33.1875000       7.30767709E+19
   33.2578125       7.36822764E+19
   33.3281250       7.43027176E+19
   33.3984375       7.49282606E+19
   33.4687500       7.55491592E+19
   33.5390625       7.61579544E+19
   33.6093750       7.67477500E+19
   33.6796875       7.73134092E+19
   33.7500000       7.78491528E+19
   33.8203125       7.83497824E+19
   33.8906250       7.88088593E+19
   33.9609375       7.92203757E+19
   34.0312500       7.95771101E+19
   34.1015625       7.98727380E+19
   34.1718750       8.01006184E+19
   34.2421875       8.02560365E+19
   34.3125000       8.03346384E+19
   34.3828125       8.03343042E+19
   34.4531250       8.02536616E+19
   34.5234375       8.00937838E+19
   34.5937500       7.98565004E+19
   34.6640625       7.95458927E+19
   34.7343750       7.91663325E+19
   34.8046875       7.87233173E+19
   34.8750000       7.82206734E+19
   34.9453125       7.76610395E+19
   35.0156250       7.70434922E+19
   35.0859375       7.63649088E+19
   35.1562500       7.56184636E+19
   35.2265625       7.47962048E+19
   35.2968750       7.38888175E+19
   35.3671875       7.28892031E+19
   35.4375000       7.17925766E+19
   35.5078125       7.05996768E+19
   35.5781250       6.93162389E+19
   35.6484375       6.79548500E+19
   35.7187500       6.65325833E+19
   35.7890625       6.50710069E+19
   35.8593750       6.35926387E+19
   35.9296875       6.21202607E+19
   36.0000000       6.06731143E+19
   36.0703125       5.92666938E+19
   36.1406250       5.79104506E+19
   36.2109375       5.66092841E+19
   36.2812500       5.53621609E+19
   36.3515625       5.41644497E+19
   36.4218750       5.30072841E+19
   36.4921875       5.18803330E+19
   36.5625000       5.07715063E+19
   36.6328125       4.96699980E+19
   36.7031250       4.85662554E+19
   36.7734375       4.74548119E+19
   36.8437500       4.63333584E+19
   36.9140625       4.52041512E+19
   36.9843750       4.40716674E+19
   37.0546875       4.29428604E+19
   37.1250000       4.18240061E+19
   37.1953125       4.07206858E+19
   37.2656250       3.96355030E+19
   37.3359375       3.85693506E+19
   37.4062500       3.75200954E+19
   37.4765625       3.64847315E+19
   37.5468750       3.54587178E+19
   37.6171875       3.44383600E+19
   37.6875000       3.34199022E+19
   37.7578125       3.24015214E+19
   37.8281250       3.13821267E+19
   37.8984375       3.03628729E+19
   37.9687500       2.93451561E+19
   38.0390625       2.83313294E+19
   38.1093750       2.73224637E+19
   38.1796875       2.63192231E+19
   38.2500000       2.53200134E+19
   38.3203125       2.43225320E+19
   38.3906250       2.33229572E+19
   38.4609375       2.23184170E+19
   38.5312500       2.13063781E+19
   38.6015625       2.02867086E+19
   38.6718750       1.92603673E+19
   38.7421875       1.82306571E+19
   38.8125000       1.72010469E+19
   38.8828125       1.61758853E+19
   38.9531250       1.51583588E+19
   39.0234375       1.41518318E+19
   39.0937500       1.31586066E+19
   39.1640625       1.21819786E+19
   39.2343750       1.12256091E+19
   39.3046875       1.02956411E+19
   39.3750000       9.39928510E+18
   39.4453125       8.54552202E+18
   39.5156250       7.74226995E+18
   39.5859375       6.99615181E+18
   39.6562500       6.30931988E+18
   39.7265625       5.67988081E+18
   39.7968750       0.00000000    
   39.8671875       0.00000000    
   39.9375000       0.00000000    
   40.0078125       0.00000000    
   40.0781250       0.00000000    
   40.1484375       0.00000000    
   40.2187500       0.00000000    
   40.2890625       0.00000000    
   40.3593750       0.00000000    
   40.4296875       0.00000000    
   40.5000000       0.00000000    
   40.5703125       0.00000000    
   40.6406250       0.00000000    
   40.7109375       0.00000000    
   40.7812500       0.00000000    
   40.8515625       0.00000000    
   40.9218750       0.00000000    
   40.9921875       0.00000000    
   41.0625000       0.00000000    
   41.1328125       0.00000000    
   41.2031250       0.00000000    
   41.2734375       0.00000000    
   41.3437500       0.00000000    
   41.4140625       0.00000000    
   41.4843750       0.00000000    
   41.5546875       0.00000000    
   41.6250000       0.00000000    
   41.6953125       0.00000000    
   41.7656250       0.00000000    
   41.8359375       0.00000000    
   41.9062500       0.00000000    
   41.9765625       0.00000000    
   42.0468750       0.00000000    
   42.1171875       0.00000000    
   42.1875000       0.00000000    
   42.2578125       0.00000000    
   42.3281250       0.00000000    
   42.3984375       0.00000000    
   42.4687500       0.00000000    
   42.5390625       0.00000000    
   42.6093750       0.00000000    
   42.6796875       0.00000000    
   42.7500000       0.00000000    
   42.8203125       0.00000000    
   42.8906250       0.00000000    
   42.9609375       0.00000000    
   43.0312500       0.00000000    
   43.1015625       0.00000000    
   43.1718750       0.00000000    
   43.2421875       0.00000000    
   43.3125000       0.00000000    
   43.3828125       0.00000000    
   43.4531250       0.00000000    
   43.5234375       0.00000000    
   43.5937500       0.00000000    
   43.6640625       0.00000000    
   43.7343750       0.00000000    
   43.8046875       0.00000000    
   43.8750000       0.00000000    
   43.9453125       0.00000000    
   44.0156250       0.00000000    
   44.0859375       0.00000000    
   44.1562500       0.00000000    
   44.2265625       0.00000000    
   44.2968750       0.00000000    
   44.3671875       0.00000000    
   44.4375000       0.00000000    
   44.5078125       0.00000000    
   44.5781250       0.00000000    
   44.6484375       0.00000000    
   44.7187500       0.00000000    
   44.7890625       0.00000000    
   44.8593750       0.00000000    
   44.9296875       0.00000000    
   45.0000000       0.00000000    
   45.0703125       0.00000000    
   45.1406250       0.00000000    
   45.2109375       0.00000000    
   45.2812500       0.00000000    
   45.3515625       0.00000000    
   45.4218750       0.00000000    
   45.4921875       0.00000000    
   45.5625000       0.00000000    
   45.6328125       0.00000000    
   45.7031250       0.00000000    
   45.7734375       0.00000000    
   45.8437500       0.00000000    
   45.9140625       0.00000000    
   45.9843750       0.00000000    
   46.0546875       0.00000000    
   46.1250000       0.00000000    
   46.1953125       0.00000000    
   46.2656250       0.00000000    
   46.3359375       0.00000000    
   46.4062500       0.00000000    
   46.4765625       0.00000000    
   46.5468750       0.00000000    
   46.6171875       0.00000000    
   46.6875000       0.00000000    
   46.7578125       0.00000000    
   46.8281250       0.00000000    
   46.8984375       0.00000000    
   46.9687500       0.00000000    
   47.0390625       0.00000000    
   47.1093750       0.00000000    
   47.1796875       0.00000000    
   47.2500000       0.00000000    
   47.3203125       0.00000000    
   47.3906250       0.00000000    
   47.4609375       0.00000000    
   47.5312500       0.00000000    
   47.6015625       0.00000000    
   47.6718750       0.00000000    
   47.7421875       0.00000000    
   47.8125000       0.00000000    
