2021 02 10 13 19 55.0 -23.051 171.657
14. 5.071E+20 7.737 282 19 97 94 71 87
  -1.12695312       0.00000000    
  -1.05651855       0.00000000    
 -0.986083984       0.00000000    
 -0.915649414       0.00000000    
 -0.845214844       0.00000000    
 -0.774780273       0.00000000    
 -0.704345703       0.00000000    
 -0.633911133       0.00000000    
 -0.563476562       0.00000000    
 -0.493041992       0.00000000    
 -0.422607422       0.00000000    
 -0.352172852       0.00000000    
 -0.281738281       0.00000000    
 -0.211303711       0.00000000    
 -0.140869141       0.00000000    
  -7.04345703E-02   0.00000000    
   0.00000000       0.00000000    
   7.04345703E-02   2.84521449E+17
  0.140869141       2.96362914E+17
  0.211303711       3.03568323E+17
  0.281738281       3.10130621E+17
  0.352172852       3.18450522E+17
  0.422607422       3.29654649E+17
  0.493041992       3.43782789E+17
  0.563476562       3.60507529E+17
  0.633911133       3.79239977E+17
  0.704345703       3.99548575E+17
  0.774780273       4.20950879E+17
  0.845214844       4.43102464E+17
  0.915649414       4.65504224E+17
  0.986083984       4.87738823E+17
   1.05651855       5.09299421E+17
   1.12695312       5.29884306E+17
   1.19738770       5.49215541E+17
   1.26782227       5.67293643E+17
   1.33825684       5.84161938E+17
   1.40869141       6.00076407E+17
   1.47912598       6.15183971E+17
   1.54956055       6.29703916E+17
   1.61999512       6.43691971E+17
   1.69042969       6.57323098E+17
   1.76086426       6.70727863E+17
   1.83129883       6.84300097E+17
   1.90173340       6.98486408E+17
   1.97216797       7.13969250E+17
   2.04260254       7.31330126E+17
   2.11303711       7.51179266E+17
   2.18347168       7.73856487E+17
   2.25390625       7.99618182E+17
   2.32434082       8.28394119E+17
   2.39477539       8.60049334E+17
   2.46520996       8.94224217E+17
   2.53564453       9.30647464E+17
   2.60607910       9.68977264E+17
   2.67651367       1.00910415E+18
   2.74694824       1.05093630E+18
   2.81738281       1.09457510E+18
   2.88781738       1.13996417E+18
   2.95825195       1.18699894E+18
   3.02868652       1.23521761E+18
   3.09912109       1.28400995E+18
   3.16955566       1.33244440E+18
   3.23999023       1.37963036E+18
   3.31042480       1.42466786E+18
   3.38085938       1.46700250E+18
   3.45129395       1.50625630E+18
   3.52172852       1.54244343E+18
   3.59216309       1.57568744E+18
   3.66259766       1.60634828E+18
   3.73303223       1.63469328E+18
   3.80346680       1.66108486E+18
   3.87390137       1.68576683E+18
   3.94433594       1.70914190E+18
   4.01477051       1.73157551E+18
   4.08520508       1.75365164E+18
   4.15563965       1.77592170E+18
   4.22607422       1.79907109E+18
   4.29650879       1.82360491E+18
   4.36694336       1.85001641E+18
   4.43737793       1.87856070E+18
   4.50781250       1.90951607E+18
   4.57824707       1.94302383E+18
   4.64868164       1.97941010E+18
   4.71911621       2.01904585E+18
   4.78955078       2.06259297E+18
   4.85998535       2.11069935E+18
   4.93041992       2.16406909E+18
   5.00085449       2.22300855E+18
   5.07128906       2.28738441E+18
   5.14172363       2.35615006E+18
   5.21215820       2.42745312E+18
   5.28259277       2.49847855E+18
   5.35302734       2.56593633E+18
   5.42346191       2.62626983E+18
   5.49389648       2.67641224E+18
   5.56433105       2.71407958E+18
   5.63476562       2.73834058E+18
   5.70520020       2.74950337E+18
   5.77563477       2.74921668E+18
   5.84606934       2.73994779E+18
   5.91650391       2.72478388E+18
   5.98693848       2.70675656E+18
   6.05737305       2.68872319E+18
   6.12780762       2.67294493E+18
   6.19824219       2.66126976E+18
   6.26867676       2.65494840E+18
   6.33911133       2.65498358E+18
   6.40954590       2.66200121E+18
   6.47998047       2.67652549E+18
   6.55041504       2.69873562E+18
   6.62084961       2.72864976E+18
   6.69128418       2.76586466E+18
   6.76171875       2.80975716E+18
   6.83215332       2.85926295E+18
   6.90258789       2.91315771E+18
   6.97302246       2.96994941E+18
   7.04345703       3.02818971E+18
   7.11389160       3.08629313E+18
   7.18432617       3.14276570E+18
   7.25476074       3.19595815E+18
   7.32519531       3.24427508E+18
   7.39562988       3.28597599E+18
   7.46606445       3.31951659E+18
   7.53649902       3.34351810E+18
   7.60693359       3.35719108E+18
   7.67736816       3.36027301E+18
   7.74780273       3.35334581E+18
   7.81823730       3.33762087E+18
   7.88867188       3.31502206E+18
   7.95910645       3.28772641E+18
   8.02954102       3.25810969E+18
   8.09997559       3.22830880E+18
   8.17041016       3.20027235E+18
   8.24084473       3.17546022E+18
   8.31127930       3.15509012E+18
   8.38171387       3.14001912E+18
   8.45214844       3.13107184E+18
   8.52258301       3.12888519E+18
   8.59301758       3.13417301E+18
   8.66345215       3.14749525E+18
   8.73388672       3.16942858E+18
   8.80432129       3.20027565E+18
   8.87475586       3.24024427E+18
   8.94519043       3.28922862E+18
   9.01562500       3.34703269E+18
   9.08605957       3.41315375E+18
   9.15649414       3.48702251E+18
   9.22692871       3.56780638E+18
   9.29736328       3.65463289E+18
   9.36779785       3.74630412E+18
   9.43823242       3.84145613E+18
   9.50866699       3.93831211E+18
   9.57910156       4.03494681E+18
   9.64953613       4.12922526E+18
   9.71997070       4.21930908E+18
   9.79040527       4.30378043E+18
   9.86083984       4.38213218E+18
   9.93127441       4.45468593E+18
   10.0017090       4.52277319E+18
   10.0721436       4.58837307E+18
   10.1425781       4.65403206E+18
   10.2130127       4.72230788E+18
   10.2834473       4.79566180E+18
   10.3538818       4.87602401E+18
   10.4243164       4.96486400E+18
   10.4947510       5.06290855E+18
   10.5651855       5.17036327E+18
   10.6356201       5.28675207E+18
   10.7060547       5.41117116E+18
   10.7764893       5.54209496E+18
   10.8469238       5.67762461E+18
   10.9173584       5.81537197E+18
   10.9877930       5.95278124E+18
   11.0582275       6.08711572E+18
   11.1286621       6.21594715E+18
   11.1990967       6.33730135E+18
   11.2695312       6.45019645E+18
   11.3399658       6.55459563E+18
   11.4104004       6.65159565E+18
   11.4808350       6.74295847E+18
   11.5512695       6.83087487E+18
   11.6217041       6.91722831E+18
   11.6921387       7.00340089E+18
   11.7625732       7.08991266E+18
   11.8330078       7.17671580E+18
   11.9034424       7.26326221E+18
   11.9738770       7.34906425E+18
   12.0443115       7.43380361E+18
   12.1147461       7.51768645E+18
   12.1851807       7.60124384E+18
   12.2556152       7.68543619E+18
   12.3260498       7.77137182E+18
   12.3964844       7.86039928E+18
   12.4669189       7.95380994E+18
   12.5373535       8.05296665E+18
   12.6077881       8.15908656E+18
   12.6782227       8.27339509E+18
   12.7486572       8.39683451E+18
   12.8190918       8.53018493E+18
   12.8895264       8.67379269E+18
   12.9599609       8.82772597E+18
   13.0303955       8.99155760E+18
   13.1008301       9.16457345E+18
   13.1712646       9.34565532E+18
   13.2416992       9.53353217E+18
   13.3121338       9.72665149E+18
   13.3825684       9.92350696E+18
   13.4530029       1.01226769E+19
   13.5234375       1.03232674E+19
   13.5938721       1.05248771E+19
   13.6643066       1.07278316E+19
   13.7347412       1.09328388E+19
   13.8051758       1.11409401E+19
   13.8756104       1.13529710E+19
   13.9460449       1.15695770E+19
   14.0164795       1.17910231E+19
   14.0869141       1.20175807E+19
   14.1573486       1.22495469E+19
   14.2277832       1.24876110E+19
   14.2982178       1.27326602E+19
   14.3686523       1.29857623E+19
   14.4390869       1.32476352E+19
   14.5095215       1.35184856E+19
   14.5799561       1.37976791E+19
   14.6503906       1.40839193E+19
   14.7208252       1.43752107E+19
   14.7912598       1.46692531E+19
   14.8616943       1.49635308E+19
   14.9321289       1.52557788E+19
   15.0025635       1.55439465E+19
   15.0729980       1.58265584E+19
   15.1434326       1.61026502E+19
   15.2138672       1.63720195E+19
   15.2843018       1.66349776E+19
   15.3547363       1.68923799E+19
   15.4251709       1.71452236E+19
   15.4956055       1.73945664E+19
   15.5660400       1.76410780E+19
   15.6364746       1.78850421E+19
   15.7069092       1.81261661E+19
   15.7773438       1.83638816E+19
   15.8477783       1.85973002E+19
   15.9182129       1.88255500E+19
   15.9886475       1.90476800E+19
   16.0590820       1.92629379E+19
   16.1295166       1.94705653E+19
   16.1999512       1.96700189E+19
   16.2703857       1.98608810E+19
   16.3408203       2.00432020E+19
   16.4112549       2.02173734E+19
   16.4816895       2.03842639E+19
   16.5521240       2.05448783E+19
   16.6225586       2.07001844E+19
   16.6929932       2.08505272E+19
   16.7634277       2.09954230E+19
   16.8338623       2.11332996E+19
   16.9042969       2.12618149E+19
   16.9747314       2.13780883E+19
   17.0451660       2.14793621E+19
   17.1156006       2.15633516E+19
   17.1860352       2.16288517E+19
   17.2564697       2.16756579E+19
   17.3269043       2.17046410E+19
   17.3973389       2.17173008E+19
   17.4677734       2.17156977E+19
   17.5382080       2.17020198E+19
   17.6086426       2.16786112E+19
   17.6790771       2.16477699E+19
   17.7495117       2.16119060E+19
   17.8199463       2.15732516E+19
   17.8903809       2.15338934E+19
   17.9608154       2.14953798E+19
   18.0312500       2.14588122E+19
   18.1016846       2.14245800E+19
   18.1721191       2.13925974E+19
   18.2425537       2.13622443E+19
   18.3129883       2.13328741E+19
   18.3834229       2.13037899E+19
   18.4538574       2.12745846E+19
   18.5242920       2.12449924E+19
   18.5947266       2.12150329E+19
   18.6651611       2.11847105E+19
   18.7355957       2.11540584E+19
   18.8060303       2.11228762E+19
   18.8764648       2.10909046E+19
   18.9468994       2.10575894E+19
   19.0173340       2.10222665E+19
   19.0877686       2.09840343E+19
   19.1582031       2.09421143E+19
   19.2286377       2.08958710E+19
   19.2990723       2.08451638E+19
   19.3695068       2.07903047E+19
   19.4399414       2.07322791E+19
   19.5103760       2.06723711E+19
   19.5808105       2.06120497E+19
   19.6512451       2.05524738E+19
   19.7216797       2.04945581E+19
   19.7921143       2.04387491E+19
   19.8625488       2.03853854E+19
   19.9329834       2.03346759E+19
   20.0034180       2.02870187E+19
   20.0738525       2.02427106E+19
   20.1442871       2.02019429E+19
   20.2147217       2.01643242E+19
   20.2851562       2.01289991E+19
   20.3555908       2.00945206E+19
   20.4260254       2.00592878E+19
   20.4964600       2.00217241E+19
   20.5668945       1.99808575E+19
   20.6373291       1.99362283E+19
   20.7077637       1.98880125E+19
   20.7781982       1.98365246E+19
   20.8486328       1.97821471E+19
   20.9190674       1.97248384E+19
   20.9895020       1.96641651E+19
   21.0599365       1.95990564E+19
   21.1303711       1.95280962E+19
   21.2008057       1.94493535E+19
   21.2712402       1.93607043E+19
   21.3416748       1.92597384E+19
   21.4121094       1.91442545E+19
   21.4825439       1.90123482E+19
   21.5529785       1.88629752E+19
   21.6234131       1.86959924E+19
   21.6938477       1.85125586E+19
   21.7642822       1.83147906E+19
   21.8347168       1.81056404E+19
   21.9051514       1.78882285E+19
   21.9755859       1.76657071E+19
   22.0460205       1.74407921E+19
   22.1164551       1.72159156E+19
   22.1868896       1.69930424E+19
   22.2573242       1.67739592E+19
   22.3277588       1.65599744E+19
   22.3981934       1.63519919E+19
   22.4686279       1.61501194E+19
   22.5390625       1.59538818E+19
   22.6094971       1.57621204E+19
   22.6799316       1.55735212E+19
   22.7503662       1.53866944E+19
   22.8208008       1.52007647E+19
   22.8912354       1.50152431E+19
   22.9616699       1.48302381E+19
   23.0321045       1.46460512E+19
   23.1025391       1.44632277E+19
   23.1729736       1.42822074E+19
   23.2434082       1.41034510E+19
   23.3138428       1.39272279E+19
   23.3842773       1.37539152E+19
   23.4547119       1.35837669E+19
   23.5251465       1.34171491E+19
   23.5955811       1.32542597E+19
   23.6660156       1.30954111E+19
   23.7364502       1.29408198E+19
   23.8068848       1.27909310E+19
   23.8773193       1.26462925E+19
   23.9477539       1.25078980E+19
   24.0181885       1.23769385E+19
   24.0886230       1.22549026E+19
   24.1590576       1.21431175E+19
   24.2294922       1.20428090E+19
   24.2999268       1.19546997E+19
   24.3703613       1.18791995E+19
   24.4407959       1.18162008E+19
   24.5112305       1.17653956E+19
   24.5816650       1.17261024E+19
   24.6520996       1.16975393E+19
   24.7225342       1.16786475E+19
   24.7929688       1.16684385E+19
   24.8634033       1.16658602E+19
   24.9338379       1.16701241E+19
   25.0042725       1.16805012E+19
   25.0747070       1.16965431E+19
   25.1451416       1.17177098E+19
   25.2155762       1.17433636E+19
   25.2860107       1.17723182E+19
   25.3564453       1.18029242E+19
   25.4268799       1.18328826E+19
   25.4973145       1.18597304E+19
   25.5677490       1.18810500E+19
   25.6381836       1.18952238E+19
   25.7086182       1.19016042E+19
   25.7790527       1.19009247E+19
   25.8494873       1.18949335E+19
   25.9199219       1.18863056E+19
   25.9903564       1.18778614E+19
   26.0607910       1.18722638E+19
   26.1312256       1.18713259E+19
   26.2016602       1.18760417E+19
   26.2720947       1.18862661E+19
   26.3425293       1.19010765E+19
   26.4129639       1.19187632E+19
   26.4833984       1.19373505E+19
   26.5538330       1.19546370E+19
   26.6242676       1.19686415E+19
   26.6947021       1.19775288E+19
   26.7651367       1.19799477E+19
   26.8355713       1.19748394E+19
   26.9060059       1.19616640E+19
   26.9764404       1.19401795E+19
   27.0468750       1.19106719E+19
   27.1173096       1.18736865E+19
   27.1877441       1.18302294E+19
   27.2581787       1.17814518E+19
   27.3286133       1.17288644E+19
   27.3990479       1.16740295E+19
   27.4694824       1.16187153E+19
   27.5399170       1.15645325E+19
   27.6103516       1.15130665E+19
   27.6807861       1.14655478E+19
   27.7512207       1.14230473E+19
   27.8216553       1.13862906E+19
   27.8920898       1.13560090E+19
   27.9625244       1.13327785E+19
   28.0329590       1.13172600E+19
   28.1033936       1.13098922E+19
   28.1738281       1.13110115E+19
   28.2442627       1.13204893E+19
   28.3146973       1.13378747E+19
   28.3851318       1.13621750E+19
   28.4555664       1.13922071E+19
   28.5260010       1.14265229E+19
   28.5964355       1.14637897E+19
   28.6668701       1.15027157E+19
   28.7373047       1.15424719E+19
   28.8077393       1.15825952E+19
   28.8781738       1.16233365E+19
   28.9486084       1.16655006E+19
   29.0190430       1.17106367E+19
   29.0894775       1.17606578E+19
   29.1599121       1.18178204E+19
   29.2303467       1.18841880E+19
   29.3007812       1.19616233E+19
   29.3712158       1.20513764E+19
   29.4416504       1.21542632E+19
   29.5120850       1.22704926E+19
   29.5825195       1.24000349E+19
   29.6529541       1.25424964E+19
   29.7233887       1.26973956E+19
   29.7938232       1.28639111E+19
   29.8642578       1.30411227E+19
   29.9346924       1.32277461E+19
   30.0051270       1.34224058E+19
   30.0755615       1.36234592E+19
   30.1459961       1.38292999E+19
   30.2164307       1.40381159E+19
   30.2868652       1.42480368E+19
   30.3572998       1.44568462E+19
   30.4277344       1.46622349E+19
   30.4981689       1.48615830E+19
   30.5686035       1.50523505E+19
   30.6390381       1.52319942E+19
   30.7094727       1.53984481E+19
   30.7799072       1.55500455E+19
   30.8503418       1.56858473E+19
   30.9207764       1.58054368E+19
   30.9912109       1.59091042E+19
   31.0616455       1.59975269E+19
   31.1320801       1.60718407E+19
   31.2025146       1.61333144E+19
   31.2729492       1.61835203E+19
   31.3433838       1.62240516E+19
   31.4138184       1.62567291E+19
   31.4842529       1.62833362E+19
   31.5546875       1.63058410E+19
   31.6251221       1.63261160E+19
   31.6955566       1.63460304E+19
   31.7659912       1.63670673E+19
   31.8364258       1.63903967E+19
   31.9068604       1.64164464E+19
   31.9772949       1.64450337E+19
   32.0477295       1.64751658E+19
   32.1181641       1.65055255E+19
   32.1885986       1.65345845E+19
   32.2590332       1.65612246E+19
   32.3294678       1.65847717E+19
   32.3999023       1.66053348E+19
   32.4703369       1.66233998E+19
   32.5407715       1.66397110E+19
   32.6112061       1.66546578E+19
   32.6816406       1.66682763E+19
   32.7520752       1.66799136E+19
   32.8225098       1.66885920E+19
   32.8929443       1.66930120E+19
   32.9633789       1.66921654E+19
   33.0338135       1.66853275E+19
   33.1042480       1.66724050E+19
   33.1746826       1.66536198E+19
   33.2451172       1.66295845E+19
   33.3155518       1.66008906E+19
   33.3859863       1.65681999E+19
   33.4564209       1.65319820E+19
   33.5268555       1.64928250E+19
   33.5972900       1.64512404E+19
   33.6677246       1.64079329E+19
   33.7381592       1.63634774E+19
   33.8085938       1.63184854E+19
   33.8790283       1.62731536E+19
   33.9494629       1.62272853E+19
   34.0198975       1.61798656E+19
   34.0903320       1.61292770E+19
   34.1607666       1.60731525E+19
   34.2312012       1.60088277E+19
   34.3016357       1.59334441E+19
   34.3720703       1.58445981E+19
   34.4425049       1.57404952E+19
   34.5129395       1.56204945E+19
   34.5833740       1.54850347E+19
   34.6538086       1.53359310E+19
   34.7242432       1.51760026E+19
   34.7946777       1.50090066E+19
   34.8651123       1.48390342E+19
   34.9355469       1.46703999E+19
   35.0059814       1.45070345E+19
   35.0764160       1.43524728E+19
   35.1468506       1.42093901E+19
   35.2172852       1.40798423E+19
   35.2877197       1.39650093E+19
   35.3581543       1.38655013E+19
   35.4285889       1.37811908E+19
   35.4990234       1.37116203E+19
   35.5694580       1.36559168E+19
   35.6398926       1.36131887E+19
   35.7103271       1.35823914E+19
   35.7807617       1.35626628E+19
   35.8511963       1.35530157E+19
   35.9216309       1.35524759E+19
   35.9920654       1.35596590E+19
   36.0625000       1.35729554E+19
   36.1329346       1.35902287E+19
   36.2033691       1.36091172E+19
   36.2738037       1.36268534E+19
   36.3442383       1.36407128E+19
   36.4146729       1.36479267E+19
   36.4851074       1.36461466E+19
   36.5555420       1.36333922E+19
   36.6259766       1.36085400E+19
   36.6964111       1.35711929E+19
   36.7668457       1.35219490E+19
   36.8372803       1.34620355E+19
   36.9077148       1.33933831E+19
   36.9781494       1.33181095E+19
   37.0485840       1.32384938E+19
   37.1190186       1.31564472E+19
   37.1894531       1.30736550E+19
   37.2598877       1.29912280E+19
   37.3303223       1.29100048E+19
   37.4007568       1.28303562E+19
   37.4711914       1.27526295E+19
   37.5416260       1.26769743E+19
   37.6120605       1.26035534E+19
   37.6824951       1.25321467E+19
   37.7529297       1.24623024E+19
   37.8233643       1.23929969E+19
   37.8937988       1.23228953E+19
   37.9642334       1.22502000E+19
   38.0346680       1.21730748E+19
   38.1051025       1.20895108E+19
   38.1755371       1.19977115E+19
   38.2459717       1.18958901E+19
   38.3164062       1.17826283E+19
   38.3868408       1.16566913E+19
   38.4572754       1.15173227E+19
   38.5277100       1.13640090E+19
   38.5981445       1.11968294E+19
   38.6685791       1.10162577E+19
   38.7390137       1.08234231E+19
   38.8094482       1.06197595E+19
   38.8798828       1.04071096E+19
   38.9503174       1.01872204E+19
   39.0207520       9.96178535E+18
   39.0911865       9.73200612E+18
   39.1616211       9.49885687E+18
   39.2320557       9.26288739E+18
   39.3024902       9.02462267E+18
   39.3729248       8.78442940E+18
   39.4433594       8.54297775E+18
   39.5137939       8.30106760E+18
   39.5842285       8.05993975E+18
   39.6546631       7.82089658E+18
   39.7250977       7.58546145E+18
   39.7955322       7.35491255E+18
   39.8659668       7.13034170E+18
   39.9364014       6.91221729E+18
   40.0068359       6.70061902E+18
   40.0772705       6.49503289E+18
   40.1477051       6.29477444E+18
   40.2181396       6.09889369E+18
   40.2885742       5.90666223E+18
   40.3590088       5.71741813E+18
   40.4294434       5.53092172E+18
   40.4998779       5.34708283E+18
   40.5703125       5.16631267E+18
   40.6407471       4.98932813E+18
   40.7111816       4.81753604E+18
   40.7816162       4.65278961E+18
   40.8520508       4.49763780E+18
   40.9224854       4.35484038E+18
   40.9929199       4.22729455E+18
   41.0633545       4.11729364E+18
   41.1337891       4.02640471E+18
   41.2042236       3.95493673E+18
   41.2746582       3.90217117E+18
   41.3450928       3.86625644E+18
   41.4155273       3.84483823E+18
   41.4859619       3.83517270E+18
   41.5563965       3.83473674E+18
   41.6268311       3.84114690E+18
   41.6972656       3.85255928E+18
   41.7677002       3.86741780E+18
   41.8381348       3.88471532E+18
   41.9085693       3.90364973E+18
   41.9790039       3.92384776E+18
   42.0494385       3.94500484E+18
   42.1198730       3.96703081E+18
   42.1903076       3.98964886E+18
   42.2607422       4.01259649E+18
   42.3311768       4.03535858E+18
   42.4016113       4.05751402E+18
   42.4720459       4.07856472E+18
   42.5424805       4.09829738E+18
   42.6129150       4.11651354E+18
   42.6833496       4.13322474E+18
   42.7537842       4.14824791E+18
   42.8242188       4.16142089E+18
   42.8946533       4.17234893E+18
   42.9650879       4.18079428E+18
   43.0355225       4.18654390E+18
   43.1059570       4.18982595E+18
   43.1763916       4.19108571E+18
   43.2468262       4.19119374E+18
   43.3172607       4.19102139E+18
   43.3876953       4.19154971E+18
   43.4581299       4.19346368E+18
   43.5285645       4.19732132E+18
   43.5989990       4.20321882E+18
   43.6694336       4.21102838E+18
   43.7398682       4.22008313E+18
   43.8103027       4.22939819E+18
   43.8807373       4.23736416E+18
   43.9511719       4.24208601E+18
   44.0216064       4.24124873E+18
   44.0920410       4.23259942E+18
   44.1624756       4.21389975E+18
   44.2329102       4.18344576E+18
   44.3033447       4.13998838E+18
   44.3737793       4.08312522E+18
   44.4442139       4.01307093E+18
   44.5146484       3.93092532E+18
   44.5850830       3.83836156E+18
   44.6555176       3.73779143E+18
   44.7259521       3.63194502E+18
   44.7963867       3.52395181E+18
   44.8668213       3.41682034E+18
   44.9372559       3.31343931E+18
   45.0076904       3.21603990E+18
   45.0781250       3.12631260E+18
   45.1485596       3.04508536E+18
   45.2189941       2.97265695E+18
   45.2894287       2.90865851E+18
   45.3598633       2.85251882E+18
   45.4302979       2.80337340E+18
   45.5007324       2.76047320E+18
   45.5711670       2.72299855E+18
   45.6416016       2.69038676E+18
   45.7120361       2.66209137E+18
   45.7824707       2.63785264E+18
   45.8529053       2.61740612E+18
   45.9233398       2.60073258E+18
   45.9937744       2.58774130E+18
   46.0642090       2.57849825E+18
   46.1346436       2.57289624E+18
   46.2050781       2.57092674E+18
   46.2755127       2.57242757E+18
   46.3459473       2.57740891E+18
   46.4163818       2.58585041E+18
   46.4868164       2.59806929E+18
   46.5572510       2.61453502E+18
   46.6276855       2.63618798E+18
   46.6981201       2.66416395E+18
   46.7685547       2.69999841E+18
   46.8389893       2.74522985E+18
   46.9094238       2.80148333E+18
   46.9798584       2.86998483E+18
   47.0502930       2.95162192E+18
   47.1207275       3.04649493E+18
   47.1911621       3.15406895E+18
   47.2615967       3.27289070E+18
   47.3320312       3.40096346E+18
   47.4024658       3.53567948E+18
   47.4729004       3.67432954E+18
   47.5433350       3.81406702E+18
   47.6137695       3.95234820E+18
   47.6842041       4.08676020E+18
   47.7546387       4.21530218E+18
   47.8250732       4.33609700E+18
   47.8955078       4.44764686E+18
   47.9659424       4.54859577E+18
   48.0363770       4.63806110E+18
   48.1068115       4.71547937E+18
   48.1772461       4.78100311E+18
   48.2476807       4.83532558E+18
   48.3181152       4.87994651E+18
   48.3885498       4.91679390E+18
   48.4589844       4.94829381E+18
   48.5294189       4.97685582E+18
   48.5998535       5.00489831E+18
   48.6702881       5.03442295E+18
   48.7407227       5.06724007E+18
   48.8111572       5.10471913E+18
   48.8815918       5.14808442E+18
   48.9520264       5.19812924E+18
   49.0224609       5.25542204E+18
   49.0928955       5.31996282E+18
   49.1633301       5.39138875E+18
   49.2337646       5.46872235E+18
   49.3041992       5.55073272E+18
   49.3746338       5.63581788E+18
   49.4450684       5.72239672E+18
   49.5155029       5.80872323E+18
   49.5859375       5.89318551E+18
   49.6563721       5.97401501E+18
   49.7268066       6.04952452E+18
   49.7972412       6.11786082E+18
   49.8676758       6.17738398E+18
   49.9381104       6.22656788E+18
   50.0085449       6.26443451E+18
   50.0789795       6.29039288E+18
   50.1494141       6.30453425E+18
   50.2198486       6.30731547E+18
   50.2902832       6.29972444E+18
   50.3607178       6.28293325E+18
   50.4311523       6.25852134E+18
   50.5015869       6.22817702E+18
   50.5720215       6.19391734E+18
   50.6424561       6.15771592E+18
   50.7128906       6.12166788E+18
   50.7833252       6.08757917E+18
   50.8537598       6.05709686E+18
   50.9241943       6.03129682E+18
   50.9946289       6.01087119E+18
   51.0650635       5.99578699E+18
   51.1354980       5.98553404E+18
   51.2059326       5.97888310E+18
   51.2763672       5.97430033E+18
   51.3468018       5.96990064E+18
   51.4172363       5.96398197E+18
   51.4876709       5.95505998E+18
   51.5581055       5.94237326E+18
   51.6285400       5.92573930E+18
   51.6989746       5.90576448E+18
   51.7694092       5.88338447E+18
   51.8398438       5.85988735E+18
   51.9102783       5.83640233E+18
   51.9807129       5.81400143E+18
   52.0511475       5.79334546E+18
   52.1215820       5.77496932E+18
   52.1920166       5.75905664E+18
   52.2624512       5.74574375E+18
   52.3328857       5.73487288E+18
   52.4033203       5.72630054E+18
   52.4737549       5.71968588E+18
   52.5441895       5.71482109E+18
   52.6146240       5.71143019E+18
   52.6850586       5.70949670E+18
   52.7554932       5.70898873E+18
   52.8259277       5.71006405E+18
   52.8963623       5.71268584E+18
   52.9667969       5.71681120E+18
   53.0372314       5.72205532E+18
   53.1076660       5.72792507E+18
   53.1781006       5.73354247E+18
   53.2485352       5.73797295E+18
   53.3189697       5.74002079E+18
   53.3894043       5.73859088E+18
   53.4598389       5.73252872E+18
   53.5302734       5.72104487E+18
   53.6007080       5.70359727E+18
   53.6711426       5.68027278E+18
   53.7415771       5.65155849E+18
   53.8120117       5.61855774E+18
   53.8824463       5.58256963E+18
   53.9528809       5.54514005E+18
   54.0233154       5.50757359E+18
   54.0937500       5.47107970E+18
   54.1641846       5.43644948E+18
   54.2346191       5.40432505E+18
   54.3050537       5.37494445E+18
   54.3754883       5.34845172E+18
   54.4459229       5.32467203E+18
   54.5163574       5.30342122E+18
   54.5867920       5.28430566E+18
   54.6572266       5.26707301E+18
   54.7276611       5.25141597E+18
   54.7980957       5.23725536E+18
   54.8685303       5.22443395E+18
   54.9389648       5.21293196E+18
   55.0093994       5.20248385E+18
   55.0798340       5.19275262E+18
   55.1502686       5.18296697E+18
   55.2207031       5.17219671E+18
   55.2911377       5.15913231E+18
   55.3615723       5.14245602E+18
   55.4320068       5.12068953E+18
   55.5024414       5.09262835E+18
   55.5728760       5.05724826E+18
   55.6433105       5.01412597E+18
   55.7137451       4.96327685E+18
   55.7841797       4.90549477E+18
   55.8546143       4.84203645E+18
   55.9250488       4.77475789E+18
   55.9954834       4.70563214E+18
   56.0659180       4.63680931E+18
   56.1363525       4.57013712E+18
   56.2067871       4.50725633E+18
   56.2772217       4.44918425E+18
   56.3476562       4.39651159E+18
   56.4180908       4.34909186E+18
   56.4885254       4.30631233E+18
   56.5589600       4.26685856E+18
   56.6293945       4.22910133E+18
   56.6998291       4.19097549E+18
   56.7702637       4.15043842E+18
   56.8406982       4.10538483E+18
   56.9111328       4.05410443E+18
   56.9815674       3.99518490E+18
   57.0520020       3.92789864E+18
   57.1224365       3.85202684E+18
   57.1928711       3.76819347E+18
   57.2633057       3.67758767E+18
   57.3337402       3.58212395E+18
   57.4041748       3.48394443E+18
   57.4746094       3.38542736E+18
   57.5450439       3.28864093E+18
   57.6154785       3.19541224E+18
   57.6859131       3.10694911E+18
   57.7563477       3.02415945E+18
   57.8267822       2.94750068E+18
   57.8972168       2.87736998E+18
   57.9676514       2.81388857E+18
   58.0380859       2.75716285E+18
   58.1085205       2.70693358E+18
   58.1789551       2.66275520E+18
   58.2493896       2.62367059E+18
   58.3198242       2.58853982E+18
   58.3902588       2.55590301E+18
   58.4606934       2.52443444E+18
   58.5311279       2.49283338E+18
   58.6015625       2.46024578E+18
   58.6719971       2.42607928E+18
   58.7424316       2.39030309E+18
   58.8128662       2.35313850E+18
   58.8833008       2.31526802E+18
   58.9537354       2.27746283E+18
   59.0241699       2.24073062E+18
   59.0946045       2.20591692E+18
   59.1650391       2.17388636E+18
   59.2354736       2.14520519E+18
   59.3059082       2.12041381E+18
   59.3763428       2.09979274E+18
   59.4467773       2.08371197E+18
   59.5172119       2.07241752E+18
   59.5876465       2.06632760E+18
   59.6580811       2.06572561E+18
   59.7285156       2.07100519E+18
   59.7989502       2.08236700E+18
   59.8693848       2.10007765E+18
   59.9398193       2.12417991E+18
   60.0102539       2.15476681E+18
   60.0806885       2.19170381E+18
   60.1511230       2.23487737E+18
   60.2215576       2.28388288E+18
   60.2919922       2.33824562E+18
   60.3624268       2.39707059E+18
   60.4328613       2.45920756E+18
   60.5032959       2.52286791E+18
   60.5737305       2.58584684E+18
   60.6441650       2.64529441E+18
   60.7145996       2.69815810E+18
   60.7850342       2.74118089E+18
   60.8554688       2.77153704E+18
   60.9259033       2.78692003E+18
   60.9963379       2.78609787E+18
   61.0667725       2.76880612E+18
   61.1372070       2.73606652E+18
   61.2076416       2.68983645E+18
   61.2780762       2.63308571E+18
   61.3485107       2.56922800E+18
   61.4189453       2.50204234E+18
   61.4893799       2.43502848E+18
   61.5598145       2.37132800E+18
   61.6302490       2.31316576E+18
   61.7006836       2.26197676E+18
   61.7711182       2.21811586E+18
   61.8415527       2.18122202E+18
   61.9119873       2.15010557E+18
   61.9824219       2.12323571E+18
   62.0528564       2.09866313E+18
   62.1232910       2.07445024E+18
   62.1937256       2.04850492E+18
   62.2641602       2.01895610E+18
   62.3345947       1.98397967E+18
   62.4050293       1.94215342E+18
   62.4754639       1.89225580E+18
   62.5458984       1.83360180E+18
   62.6163330       1.76582076E+18
   62.6867676       1.68915484E+18
   62.7572021       1.60420437E+18
   62.8276367       1.51222899E+18
   62.8980713       0.00000000    
   62.9685059       0.00000000    
   63.0389404       0.00000000    
   63.1093750       0.00000000    
   63.1798096       0.00000000    
   63.2502441       0.00000000    
   63.3206787       0.00000000    
   63.3911133       0.00000000    
   63.4615479       0.00000000    
   63.5319824       0.00000000    
   63.6024170       0.00000000    
   63.6728516       0.00000000    
   63.7432861       0.00000000    
   63.8137207       0.00000000    
   63.8841553       0.00000000    
   63.9545898       0.00000000    
   64.0250244       0.00000000    
   64.0954590       0.00000000    
   64.1658936       0.00000000    
   64.2363281       0.00000000    
   64.3067627       0.00000000    
   64.3771973       0.00000000    
   64.4476318       0.00000000    
   64.5180664       0.00000000    
   64.5885010       0.00000000    
   64.6589355       0.00000000    
   64.7293701       0.00000000    
   64.7998047       0.00000000    
   64.8702393       0.00000000    
   64.9406738       0.00000000    
   65.0111084       0.00000000    
   65.0815430       0.00000000    
   65.1519775       0.00000000    
   65.2224121       0.00000000    
   65.2928467       0.00000000    
   65.3632812       0.00000000    
   65.4337158       0.00000000    
   65.5041504       0.00000000    
   65.5745850       0.00000000    
   65.6450195       0.00000000    
   65.7154541       0.00000000    
   65.7858887       0.00000000    
   65.8563232       0.00000000    
   65.9267578       0.00000000    
   65.9971924       0.00000000    
   66.0676270       0.00000000    
   66.1380615       0.00000000    
   66.2084961       0.00000000    
   66.2789307       0.00000000    
   66.3493652       0.00000000    
   66.4197998       0.00000000    
   66.4902344       0.00000000    
   66.5606689       0.00000000    
   66.6311035       0.00000000    
   66.7015381       0.00000000    
   66.7719727       0.00000000    
   66.8424072       0.00000000    
   66.9128418       0.00000000    
   66.9832764       0.00000000    
   67.0537109       0.00000000    
   67.1241455       0.00000000    
   67.1945801       0.00000000    
   67.2650146       0.00000000    
   67.3354492       0.00000000    
   67.4058838       0.00000000    
   67.4763184       0.00000000    
   67.5467529       0.00000000    
   67.6171875       0.00000000    
   67.6876221       0.00000000    
   67.7580566       0.00000000    
   67.8284912       0.00000000    
   67.8989258       0.00000000    
   67.9693604       0.00000000    
   68.0397949       0.00000000    
   68.1102295       0.00000000    
   68.1806641       0.00000000    
   68.2510986       0.00000000    
   68.3215332       0.00000000    
   68.3919678       0.00000000    
   68.4624023       0.00000000    
   68.5328369       0.00000000    
   68.6032715       0.00000000    
   68.6737061       0.00000000    
   68.7441406       0.00000000    
   68.8145752       0.00000000    
   68.8850098       0.00000000    
   68.9554443       0.00000000    
   69.0258789       0.00000000    
   69.0963135       0.00000000    
   69.1667480       0.00000000    
   69.2371826       0.00000000    
   69.3076172       0.00000000    
   69.3780518       0.00000000    
   69.4484863       0.00000000    
   69.5189209       0.00000000    
   69.5893555       0.00000000    
   69.6597900       0.00000000    
   69.7302246       0.00000000    
   69.8006592       0.00000000    
   69.8710938       0.00000000    
   69.9415283       0.00000000    
   70.0119629       0.00000000    
   70.0823975       0.00000000    
   70.1528320       0.00000000    
   70.2232666       0.00000000    
   70.2937012       0.00000000    
   70.3641357       0.00000000    
   70.4345703       0.00000000    
   70.5050049       0.00000000    
   70.5754395       0.00000000    
   70.6458740       0.00000000    
   70.7163086       0.00000000    
   70.7867432       0.00000000    
   70.8571777       0.00000000    
   70.9276123       0.00000000    
   70.9980469       0.00000000    
   71.0684814       0.00000000    
   71.1389160       0.00000000    
   71.2093506       0.00000000    
   71.2797852       0.00000000    
   71.3502197       0.00000000    
   71.4206543       0.00000000    
   71.4910889       0.00000000    
   71.5615234       0.00000000    
   71.6319580       0.00000000    
   71.7023926       0.00000000    
   71.7728271       0.00000000    
   71.8432617       0.00000000    
   71.9136963       0.00000000    
   71.9841309       0.00000000    
   72.0545654       0.00000000    
   72.1250000       0.00000000    
   72.1954346       0.00000000    
   72.2658691       0.00000000    
   72.3363037       0.00000000    
   72.4067383       0.00000000    
   72.4771729       0.00000000    
   72.5476074       0.00000000    
   72.6180420       0.00000000    
   72.6884766       0.00000000    
   72.7589111       0.00000000    
   72.8293457       0.00000000    
   72.8997803       0.00000000    
   72.9702148       0.00000000    
   73.0406494       0.00000000    
   73.1110840       0.00000000    
   73.1815186       0.00000000    
   73.2519531       0.00000000    
   73.3223877       0.00000000    
   73.3928223       0.00000000    
   73.4632568       0.00000000    
   73.5336914       0.00000000    
   73.6041260       0.00000000    
   73.6745605       0.00000000    
   73.7449951       0.00000000    
   73.8154297       0.00000000    
   73.8858643       0.00000000    
   73.9562988       0.00000000    
   74.0267334       0.00000000    
   74.0971680       0.00000000    
   74.1676025       0.00000000    
   74.2380371       0.00000000    
   74.3084717       0.00000000    
   74.3789062       0.00000000    
   74.4493408       0.00000000    
   74.5197754       0.00000000    
   74.5902100       0.00000000    
   74.6606445       0.00000000    
   74.7310791       0.00000000    
   74.8015137       0.00000000    
   74.8719482       0.00000000    
   74.9423828       0.00000000    
   75.0128174       0.00000000    
   75.0832520       0.00000000    
   75.1536865       0.00000000    
   75.2241211       0.00000000    
   75.2945557       0.00000000    
   75.3649902       0.00000000    
   75.4354248       0.00000000    
   75.5058594       0.00000000    
