2007 01 21 11 27 45.0 1.070 126.280
17. 2.549E+20 7.538 31 40 103 194 51 79
  -1.12500000       0.00000000    
  -1.05468750       0.00000000    
 -0.984375000       0.00000000    
 -0.914062500       0.00000000    
 -0.843750000       0.00000000    
 -0.773437500       0.00000000    
 -0.703125000       0.00000000    
 -0.632812500       0.00000000    
 -0.562500000       0.00000000    
 -0.492187500       0.00000000    
 -0.421875000       0.00000000    
 -0.351562500       0.00000000    
 -0.281250000       0.00000000    
 -0.210937500       0.00000000    
 -0.140625000       0.00000000    
  -7.03125000E-02   0.00000000    
   0.00000000       0.00000000    
   7.03125000E-02   5.44334947E+17
  0.140625000       7.81730983E+17
  0.210937500       1.04012371E+18
  0.281250000       1.30825762E+18
  0.351562500       1.57498897E+18
  0.421875000       1.82979997E+18
  0.492187500       2.06322312E+18
  0.562500000       2.26722198E+18
  0.632812500       2.43540011E+18
  0.703125000       2.56327029E+18
  0.773437500       2.64851818E+18
  0.843750000       2.69133316E+18
  0.914062500       2.69455693E+18
  0.984375000       2.66367852E+18
   1.05468750       2.60650336E+18
   1.12500000       2.53257000E+18
   1.19531250       2.45218223E+18
   1.26562500       2.37528541E+18
   1.33593750       2.31032159E+18
   1.40625000       2.26348157E+18
   1.47656250       2.23841024E+18
   1.54687500       2.23647688E+18
   1.61718750       2.25729352E+18
   1.68750000       2.29936386E+18
   1.75781250       2.36050413E+18
   1.82812500       2.43811398E+18
   1.89843750       2.52919945E+18
   1.96875000       2.63033198E+18
   2.03906250       2.73740270E+18
   2.10937500       2.84531811E+18
   2.17968750       2.94763702E+18
   2.25000000       3.03646216E+18
   2.32031250       3.10265304E+18
   2.39062500       3.13653999E+18
   2.46093750       3.12888739E+18
   2.53125000       3.07196182E+18
   2.60156250       2.96040290E+18
   2.67187500       2.79200197E+18
   2.74218750       2.56837010E+18
   2.81250000       2.29557192E+18
   2.88281250       1.98438113E+18
   2.95312500       1.64995326E+18
   3.02343750       1.31065676E+18
   3.09375000       9.86224066E+17
   3.16406250       6.95392520E+17
   3.23437500       4.53542087E+17
   3.30468750       2.70668358E+17
   3.37500000       1.50129706E+17
   3.44531250       8.82822797E+16
   3.51562500       7.51429697E+16
   3.58593750       9.59203035E+16
   3.65625000       1.33307057E+17
   3.72656250       1.70139666E+17
   3.79687500       1.92150034E+17
   3.86718750       1.90317113E+17
   3.93750000       1.62613818E+17
   4.00781250       1.14866435E+17
   4.07812500       6.08551940E+16
   4.14843750       2.15912838E+16
   4.21875000       2.72123088E+15
   4.28906250       0.00000000    
   4.35937500       0.00000000    
   4.42968750       0.00000000    
   4.50000000       0.00000000    
   4.57031250       0.00000000    
   4.64062500       0.00000000    
   4.71093750       0.00000000    
   4.78125000       2.34577026E+16
   4.85156250       1.06044143E+17
   4.92187500       2.74199062E+17
   4.99218750       5.21684801E+17
   5.06250000       8.21496402E+17
   5.13281250       1.14842327E+18
   5.20312500       1.48054670E+18
   5.27343750       1.80024413E+18
   5.34375000       2.09478763E+18
   5.41406250       2.35632654E+18
   5.48437500       2.58139629E+18
   5.55468750       2.76987512E+18
   5.62500000       2.92369900E+18
   5.69531250       3.04547706E+18
   5.76562500       3.13747512E+18
   5.83593750       3.20107857E+18
   5.90625000       3.23690946E+18
   5.97656250       3.24535673E+18
   6.04687500       3.22753804E+18
   6.11718750       3.18633165E+18
   6.18750000       3.12735687E+18
   6.25781250       3.05928528E+18
   6.32812500       2.99336351E+18
   6.39843750       2.94199625E+18
   6.46875000       2.91690347E+18
   6.53906250       2.92721194E+18
   6.60937500       2.97812015E+18
   6.67968750       3.07029029E+18
   6.75000000       3.20007444E+18
   6.82031250       3.36021886E+18
   6.89062500       3.54092442E+18
   6.96093750       3.73095082E+18
   7.03125000       3.91879468E+18
   7.10156250       4.09362473E+18
   7.17187500       4.24602693E+18
   7.24218750       4.36837207E+18
   7.31250000       4.45513480E+18
   7.38281250       4.50320050E+18
   7.45312500       4.51245592E+18
   7.52343750       4.48632740E+18
   7.59375000       4.43208492E+18
   7.66406250       4.36036075E+18
   7.73437500       4.28398702E+18
   7.80468750       4.21624584E+18
   7.87500000       4.16906359E+18
   7.94531250       4.15137740E+18
   8.01562500       4.16810262E+18
   8.08593750       4.21974806E+18
   8.15625000       4.30281286E+18
   8.22656250       4.41056308E+18
   8.29687500       4.53411053E+18
   8.36718750       4.66344993E+18
   8.43750000       4.78860514E+18
   8.50781250       4.90061513E+18
   8.57812500       4.99243590E+18
   8.64843750       5.05943244E+18
   8.71875000       5.09955527E+18
   8.78906250       5.11295172E+18
   8.85937500       5.10128755E+18
   8.92968750       5.06684645E+18
   9.00000000       5.01180105E+18
   9.07031250       4.93771650E+18
   9.14062500       4.84555324E+18
   9.21093750       4.73605013E+18
   9.28125000       4.61052603E+18
   9.35156250       4.47172671E+18
   9.42187500       4.32461398E+18
   9.49218750       4.17665352E+18
   9.56250000       4.03755431E+18
   9.63281250       3.91824383E+18
   9.70312500       3.82948190E+18
   9.77343750       3.78038293E+18
   9.84375000       3.77740023E+18
   9.91406250       3.82374547E+18
   9.98437500       3.91937440E+18
   10.0546875       4.06125675E+18
   10.1250000       4.24394089E+18
   10.1953125       4.46007876E+18
   10.2656250       4.70098176E+18
   10.3359375       4.95708550E+18
   10.4062500       5.21862853E+18
   10.4765625       5.47638649E+18
   10.5468750       5.72255010E+18
   10.6171875       5.95130350E+18
   10.6875000       6.15913429E+18
   10.7578125       6.34458671E+18
   10.8281250       6.50781306E+18
   10.8984375       6.64995078E+18
   10.9687500       6.77271675E+18
   11.0390625       6.87807965E+18
   11.1093750       6.96824950E+18
   11.1796875       7.04584423E+18
   11.2500000       7.11435700E+18
   11.3203125       7.17854704E+18
   11.3906250       7.24463923E+18
   11.4609375       7.31994259E+18
   11.5312500       7.41200854E+18
   11.6015625       7.52731873E+18
   11.6718750       7.67012110E+18
   11.7421875       7.84163282E+18
   11.8125000       8.04009631E+18
   11.8828125       8.26132905E+18
   11.9531250       8.49965754E+18
   12.0234375       8.74870902E+18
   12.0937500       9.00216074E+18
   12.1640625       9.25414517E+18
   12.2343750       9.49951988E+18
   12.3046875       9.73383460E+18
   12.3750000       9.95335100E+18
   12.4453125       1.01550630E+19
   12.5156250       1.03370949E+19
   12.5859375       1.04991915E+19
   12.6562500       1.06432781E+19
   12.7265625       1.07736164E+19
   12.7968750       1.08966011E+19
   12.8671875       1.10200708E+19
   12.9375000       1.11524344E+19
   13.0078125       1.13015381E+19
   13.0781250       1.14736611E+19
   13.1484375       1.16726782E+19
   13.2187500       1.18997791E+19
   13.2890625       1.21534892E+19
   13.3593750       1.24300427E+19
   13.4296875       1.27237553E+19
   13.5000000       1.30275965E+19
   13.5703125       1.33336401E+19
   13.6406250       1.36336814E+19
   13.7109375       1.39197776E+19
   13.7812500       1.41849919E+19
   13.8515625       1.44238663E+19
   13.9218750       1.46327933E+19
   13.9921875       1.48099488E+19
   14.0625000       1.49551448E+19
   14.1328125       1.50694578E+19
   14.2031250       1.51549470E+19
   14.2734375       1.52143294E+19
   14.3437500       1.52508783E+19
   14.4140625       1.52683594E+19
   14.4843750       1.52711533E+19
   14.5546875       1.52642308E+19
   14.6250000       1.52531158E+19
   14.6953125       1.52434434E+19
   14.7656250       1.52404109E+19
   14.8359375       1.52482340E+19
   14.9062500       1.52700758E+19
   14.9765625       1.53083399E+19
   15.0468750       1.53653374E+19
   15.1171875       1.54438602E+19
   15.1875000       1.55476310E+19
   15.2578125       1.56811183E+19
   15.3281250       1.58487454E+19
   15.3984375       1.60534184E+19
   15.4687500       1.62950196E+19
   15.5390625       1.65691147E+19
   15.6093750       1.68664358E+19
   15.6796875       1.71732281E+19
   15.7500000       1.74726746E+19
   15.8203125       1.77469225E+19
   15.8906250       1.79794219E+19
   15.9609375       1.81568150E+19
   16.0312500       1.82702494E+19
   16.1015625       1.83157977E+19
   16.1718750       1.82943540E+19
   16.2421875       1.82111143E+19
   16.3125000       1.80751531E+19
   16.3828125       1.78989014E+19
   16.4531250       1.76976006E+19
   16.5234375       1.74883053E+19
   16.5937500       1.72885603E+19
   16.6640625       1.71145681E+19
   16.7343750       1.69792666E+19
   16.8046875       1.68906108E+19
   16.8750000       1.68506666E+19
   16.9453125       1.68555242E+19
   17.0156250       1.68961479E+19
   17.0859375       1.69598657E+19
   17.1562500       1.70324445E+19
   17.2265625       1.71002426E+19
   17.2968750       1.71521813E+19
   17.3671875       1.71809863E+19
   17.4375000       1.71837560E+19
   17.5078125       1.71617393E+19
   17.5781250       1.71196313E+19
   17.6484375       1.70644831E+19
   17.7187500       1.70046004E+19
   17.7890625       1.69484308E+19
   17.8593750       1.69035641E+19
   17.9296875       1.68758916E+19
   18.0000000       1.68692571E+19
   18.0703125       1.68856586E+19
   18.1406250       1.69259535E+19
   18.2109375       1.69905850E+19
   18.2812500       1.70800654E+19
   18.3515625       1.71948236E+19
   18.4218750       1.73346342E+19
   18.4921875       1.74977457E+19
   18.5625000       1.76803053E+19
   18.6328125       1.78761250E+19
   18.7031250       1.80769717E+19
   18.7734375       1.82731741E+19
   18.8437500       1.84546496E+19
   18.9140625       1.86119633E+19
   18.9843750       1.87372153E+19
   19.0546875       1.88245121E+19
   19.1250000       1.88699989E+19
   19.1953125       1.88714942E+19
   19.2656250       1.88280371E+19
   19.3359375       1.87394407E+19
   19.4062500       1.86062678E+19
   19.4765625       1.84301403E+19
   19.5468750       1.82143249E+19
   19.6171875       1.79642080E+19
   19.6875000       1.76874598E+19
   19.7578125       1.73936153E+19
   19.8281250       1.70931034E+19
   19.8984375       1.67959098E+19
   19.9687500       1.65103777E+19
   20.0390625       1.62423838E+19
   20.1093750       1.59950937E+19
   20.1796875       1.57691804E+19
   20.2500000       1.55634145E+19
   20.3203125       1.53752935E+19
   20.3906250       1.52014695E+19
   20.4609375       1.50377523E+19
   20.5312500       1.48788904E+19
   20.6015625       1.47183067E+19
   20.6718750       1.45481529E+19
   20.7421875       1.43599803E+19
   20.8125000       1.41461209E+19
   20.8828125       1.39015224E+19
   20.9531250       1.36253669E+19
   21.0234375       1.33219050E+19
   21.0937500       1.30001824E+19
   21.1640625       1.26727731E+19
   21.2343750       1.23537949E+19
   21.3046875       1.20567970E+19
   21.3750000       1.17930890E+19
   21.4453125       1.15709316E+19
   21.5156250       1.13955826E+19
   21.5859375       1.12699150E+19
   21.6562500       1.11952032E+19
   21.7265625       1.11716242E+19
   21.7968750       1.11982620E+19
   21.8671875       1.12725923E+19
   21.9375000       1.13897937E+19
   22.0078125       1.15421640E+19
   22.0781250       1.17189842E+19
   22.1484375       1.19069984E+19
   22.2187500       1.20916218E+19
   22.2890625       1.22586574E+19
   22.3593750       1.23961008E+19
   22.4296875       1.24956407E+19
   22.5000000       1.25536201E+19
   22.5703125       1.25712805E+19
   22.6406250       1.25543524E+19
   22.7109375       1.25119937E+19
   22.7812500       1.24553084E+19
   22.8515625       1.23956390E+19
   22.9218750       1.23429009E+19
   22.9921875       1.23042509E+19
   23.0625000       1.22833987E+19
   23.1328125       1.22806345E+19
   23.2031250       1.22934141E+19
   23.2734375       1.23171163E+19
   23.3437500       1.23457718E+19
   23.4140625       1.23725778E+19
   23.4843750       1.23901579E+19
   23.5546875       1.23905813E+19
   23.6250000       1.23653530E+19
   23.6953125       1.23055692E+19
   23.7656250       1.22024141E+19
   23.8359375       1.20480955E+19
   23.9062500       1.18371443E+19
   23.9765625       1.15678926E+19
   24.0468750       1.12436081E+19
   24.1171875       1.08729177E+19
   24.1875000       1.04692045E+19
   24.2578125       1.00490888E+19
   24.3281250       9.63028700E+18
   24.3984375       9.22942595E+18
   24.4687500       8.86031055E+18
   24.5390625       8.53298044E+18
   24.6093750       8.25339277E+18
   24.6796875       8.02352503E+18
   24.7500000       7.84172957E+18
   24.8203125       7.70330051E+18
   24.8906250       7.60113169E+18
   24.9609375       7.52639624E+18
   25.0312500       7.46912762E+18
   25.1015625       7.41878044E+18
   25.1718750       7.36486149E+18
   25.2421875       7.29780282E+18
   25.3125000       7.21005849E+18
   25.3828125       7.09726180E+18
   25.4531250       6.95886242E+18
   25.5234375       6.79787467E+18
   25.5937500       6.61964714E+18
   25.6640625       6.43012597E+18
   25.7343750       6.23432879E+18
   25.8046875       6.03570476E+18
   25.8750000       5.83656836E+18
   25.9453125       5.63931817E+18
   26.0156250       5.44772167E+18
   26.0859375       5.26762827E+18
   26.1562500       5.10676422E+18
   26.2265625       4.97367054E+18
   26.2968750       4.87610592E+18
   26.3671875       4.81944699E+18
   26.4375000       4.80551617E+18
   26.5078125       4.83216449E+18
   26.5781250       4.89360905E+18
   26.6484375       4.98138856E+18
   26.7187500       5.08572781E+18
   26.7890625       5.19706546E+18
   26.8593750       5.30737616E+18
   26.9296875       5.41099414E+18
   27.0000000       5.50477643E+18
   27.0703125       5.58765927E+18
   27.1406250       5.65981802E+18
   27.2109375       5.72174801E+18
   27.2812500       5.77358174E+18
   27.3515625       5.81489918E+18
   27.4218750       5.84502635E+18
   27.4921875       5.86366198E+18
   27.5625000       5.87155757E+18
   27.6328125       5.87098417E+18
   27.7031250       5.86579503E+18
   27.7734375       5.86103634E+18
   27.8437500       5.86217928E+18
   27.9140625       5.87413592E+18
   27.9843750       5.90023503E+18
   28.0546875       5.94141944E+18
   28.1250000       5.99592113E+18
   28.1953125       6.05956691E+18
   28.2656250       6.12671409E+18
   28.3359375       6.19161331E+18
   28.4062500       6.24990502E+18
   28.4765625       6.29979756E+18
   28.5468750       6.34251798E+18
   28.6171875       6.38183157E+18
   28.6875000       6.42282466E+18
   28.7578125       6.47043022E+18
   28.8281250       6.52819141E+18
   28.8984375       6.59763327E+18
   28.9687500       6.67828684E+18
   29.0390625       6.76821480E+18
   29.1093750       6.86466341E+18
   29.1796875       6.96458977E+18
   29.2500000       7.06491966E+18
   29.3203125       7.16256674E+18
   29.3906250       7.25426161E+18
   29.4609375       7.33625219E+18
   29.5312500       7.40410690E+18
   29.6015625       7.45275315E+18
   29.6718750       7.47690942E+18
   29.7421875       7.47183572E+18
   29.8125000       7.43421428E+18
   29.8828125       7.36288566E+18
   29.9531250       7.25912365E+18
   30.0234375       7.12633343E+18
   30.0937500       6.96922367E+18
   30.1640625       6.79274105E+18
   30.2343750       6.60101152E+18
   30.3046875       6.39664309E+18
   30.3750000       6.18056322E+18
   30.4453125       5.95239751E+18
   30.5156250       5.71108220E+18
   30.5859375       5.45535284E+18
   30.6562500       5.18392959E+18
   30.7265625       4.89551120E+18
   30.7968750       4.58868891E+18
   30.8671875       4.26201301E+18
   30.9375000       3.91419570E+18
   31.0078125       3.54451817E+18
   31.0781250       3.15324899E+18
   31.1484375       2.74213747E+18
   31.2187500       2.31494202E+18
   31.2890625       1.87822699E+18
   31.3593750       1.44235433E+18
   31.4296875       0.00000000    
   31.5000000       0.00000000    
   31.5703125       0.00000000    
   31.6406250       0.00000000    
   31.7109375       0.00000000    
   31.7812500       0.00000000    
   31.8515625       0.00000000    
   31.9218750       0.00000000    
   31.9921875       0.00000000    
   32.0625000       0.00000000    
   32.1328125       0.00000000    
   32.2031250       0.00000000    
   32.2734375       0.00000000    
   32.3437500       0.00000000    
   32.4140625       0.00000000    
   32.4843750       0.00000000    
   32.5546875       0.00000000    
   32.6250000       0.00000000    
   32.6953125       0.00000000    
   32.7656250       0.00000000    
   32.8359375       0.00000000    
   32.9062500       0.00000000    
   32.9765625       0.00000000    
   33.0468750       0.00000000    
   33.1171875       0.00000000    
   33.1875000       0.00000000    
   33.2578125       0.00000000    
   33.3281250       0.00000000    
   33.3984375       0.00000000    
   33.4687500       0.00000000    
   33.5390625       0.00000000    
   33.6093750       0.00000000    
   33.6796875       0.00000000    
   33.7500000       0.00000000    
   33.8203125       0.00000000    
   33.8906250       0.00000000    
   33.9609375       0.00000000    
   34.0312500       0.00000000    
   34.1015625       0.00000000    
   34.1718750       0.00000000    
   34.2421875       0.00000000    
   34.3125000       0.00000000    
   34.3828125       0.00000000    
   34.4531250       0.00000000    
   34.5234375       0.00000000    
   34.5937500       0.00000000    
   34.6640625       0.00000000    
   34.7343750       0.00000000    
   34.8046875       0.00000000    
   34.8750000       0.00000000    
   34.9453125       0.00000000    
   35.0156250       0.00000000    
   35.0859375       0.00000000    
   35.1562500       0.00000000    
   35.2265625       0.00000000    
   35.2968750       0.00000000    
   35.3671875       0.00000000    
   35.4375000       0.00000000    
   35.5078125       0.00000000    
   35.5781250       0.00000000    
   35.6484375       0.00000000    
   35.7187500       0.00000000    
   35.7890625       0.00000000    
   35.8593750       0.00000000    
   35.9296875       0.00000000    
   36.0000000       0.00000000    
   36.0703125       0.00000000    
   36.1406250       0.00000000    
   36.2109375       0.00000000    
   36.2812500       0.00000000    
   36.3515625       0.00000000    
   36.4218750       0.00000000    
   36.4921875       0.00000000    
   36.5625000       0.00000000    
   36.6328125       0.00000000    
   36.7031250       0.00000000    
   36.7734375       0.00000000    
   36.8437500       0.00000000    
   36.9140625       0.00000000    
   36.9843750       0.00000000    
   37.0546875       0.00000000    
   37.1250000       0.00000000    
   37.1953125       0.00000000    
   37.2656250       0.00000000    
   37.3359375       0.00000000    
   37.4062500       0.00000000    
   37.4765625       0.00000000    
   37.5468750       0.00000000    
   37.6171875       0.00000000    
   37.6875000       0.00000000    
   37.7578125       0.00000000    
