1995 05 16 20 12 44.0 -23.010 169.900
17. 2.981E+20 7.583 261 50 -116 118 47 -63
  -1.12500000       0.00000000    
  -1.05468750       4.32591580E+17
 -0.984375000       4.86704526E+17
 -0.914062500       5.22696077E+17
 -0.843750000       5.42268964E+17
 -0.773437500       5.49510142E+17
 -0.703125000       5.49903698E+17
 -0.632812500       5.46622824E+17
 -0.562500000       5.41037099E+17
 -0.492187500       5.32944178E+17
 -0.421875000       5.23395607E+17
 -0.351562500       5.13700560E+17
 -0.281250000       5.07851914E+17
 -0.210937500       5.10638351E+17
 -0.140625000       5.26334533E+17
  -7.03125000E-02   5.79176821E+17
   0.00000000       6.92823923E+17
   7.03125000E-02   9.51976752E+17
  0.140625000       1.37887705E+18
  0.210937500       1.95982381E+18
  0.281250000       2.59830733E+18
  0.351562500       3.22504435E+18
  0.421875000       3.80053561E+18
  0.492187500       4.30579226E+18
  0.562500000       4.73486815E+18
  0.632812500       5.08948319E+18
  0.703125000       5.37574819E+18
  0.773437500       5.60216238E+18
  0.843750000       5.77844378E+18
  0.914062500       5.91449955E+18
  0.984375000       6.01961725E+18
   1.05468750       6.10162873E+18
   1.12500000       6.16643614E+18
   1.19531250       6.21772506E+18
   1.26562500       6.25724921E+18
   1.33593750       6.28542144E+18
   1.40625000       6.30233083E+18
   1.47656250       6.30868436E+18
   1.54687500       6.30662772E+18
   1.61718750       6.30001746E+18
   1.68750000       6.29050448E+18
   1.75781250       6.27569791E+18
   1.82812500       6.25320190E+18
   1.89843750       6.22459866E+18
   1.96875000       6.20411751E+18
   2.03906250       6.20511531E+18
   2.10937500       6.23909132E+18
   2.17968750       6.30765192E+18
   2.25000000       6.41094224E+18
   2.32031250       6.54754886E+18
   2.39062500       6.71471806E+18
   2.46093750       6.90870930E+18
   2.53125000       7.12552639E+18
   2.60156250       7.36166026E+18
   2.67187500       7.61488053E+18
   2.74218750       7.88472378E+18
   2.81250000       8.17274305E+18
   2.88281250       8.48223083E+18
   2.95312500       8.81762036E+18
   3.02343750       9.18341304E+18
   3.09375000       9.58303988E+18
   3.16406250       1.00177373E+19
   3.23437500       1.04859797E+19
   3.30468750       1.09835032E+19
   3.37500000       1.15041627E+19
   3.44531250       1.20411180E+19
   3.51562500       1.25881481E+19
   3.58593750       1.31404075E+19
   3.65625000       1.36946361E+19
   3.72656250       1.42487108E+19
   3.79687500       1.48011000E+19
   3.86718750       1.53503786E+19
   3.93750000       1.58953021E+19
   4.00781250       1.64351359E+19
   4.07812500       1.69702946E+19
   4.14843750       1.75027529E+19
   4.21875000       1.80362876E+19
   4.28906250       1.85761962E+19
   4.35937500       1.91288745E+19
   4.42968750       1.97011571E+19
   4.50000000       2.02997026E+19
   4.57031250       2.09302330E+19
   4.64062500       2.15968251E+19
   4.71093750       2.23010975E+19
   4.78125000       2.30416713E+19
   4.85156250       2.38138188E+19
   4.92187500       2.46098146E+19
   4.99218750       2.54196995E+19
   5.06250000       2.62327180E+19
   5.13281250       2.70386556E+19
   5.20312500       2.78290197E+19
   5.27343750       2.85974882E+19
   5.34375000       2.93399070E+19
   5.41406250       3.00538441E+19
   5.48437500       3.07382725E+19
   5.55468750       3.13934363E+19
   5.62500000       3.20212311E+19
   5.69531250       3.26256260E+19
   5.76562500       3.32130951E+19
   5.83593750       3.37925179E+19
   5.90625000       3.43746961E+19
   5.97656250       3.49711196E+19
   6.04687500       3.55926010E+19
   6.11718750       3.62475690E+19
   6.18750000       3.69407759E+19
   6.25781250       3.76722942E+19
   6.32812500       3.84372289E+19
   6.39843750       3.92260977E+19
   6.46875000       4.00259044E+19
   6.53906250       4.08214758E+19
   6.60937500       4.15970274E+19
   6.67968750       4.23372758E+19
   6.75000000       4.30283848E+19
   6.82031250       4.36583742E+19
   6.89062500       4.42173351E+19
   6.96093750       4.46975314E+19
   7.03125000       4.50936239E+19
   7.10156250       4.54028549E+19
   7.17187500       4.56252290E+19
   7.24218750       4.57632572E+19
   7.31250000       4.58215534E+19
   7.38281250       4.58060195E+19
   7.45312500       4.57230767E+19
   7.52343750       4.55790143E+19
   7.59375000       4.53796948E+19
   7.66406250       4.51303520E+19
   7.73437500       4.48355729E+19
   7.80468750       4.44991355E+19
   7.87500000       4.41238898E+19
   7.94531250       4.37114982E+19
   8.01562500       4.32622157E+19
   8.08593750       4.27748110E+19
   8.15625000       4.22467376E+19
   8.22656250       4.16745165E+19
   8.29687500       4.10545019E+19
   8.36718750       4.03837163E+19
   8.43750000       3.96608666E+19
   8.50781250       3.88872150E+19
   8.57812500       3.80671464E+19
   8.64843750       3.72081596E+19
   8.71875000       3.63205326E+19
   8.78906250       3.54164724E+19
   8.85937500       3.45092610E+19
   8.92968750       3.36122552E+19
   9.00000000       3.27380225E+19
   9.07031250       3.18975646E+19
   9.14062500       3.10997062E+19
   9.21093750       3.03506419E+19
   9.28125000       2.96538264E+19
   9.35156250       2.90100843E+19
   9.42187500       2.84179643E+19
   9.49218750       2.78741415E+19
   9.56250000       2.73739253E+19
   9.63281250       2.69117016E+19
   9.70312500       2.64814671E+19
   9.77343750       2.60771679E+19
   9.84375000       2.56931656E+19
   9.91406250       2.53244906E+19
   9.98437500       2.49670877E+19
   10.0546875       2.46177443E+19
   10.1250000       2.42741623E+19
   10.1953125       2.39348266E+19
   10.2656250       2.35991611E+19
   10.3359375       2.32675572E+19
   10.4062500       2.29415322E+19
   10.4765625       2.26236722E+19
   10.5468750       2.23175110E+19
   10.6171875       2.20271300E+19
   10.6875000       2.17567513E+19
   10.7578125       2.15102254E+19
   10.8281250       2.12906023E+19
   10.8984375       2.10997139E+19
   10.9687500       2.09379340E+19
   11.0390625       2.08039936E+19
   11.1093750       2.06949419E+19
   11.1796875       2.06061607E+19
   11.2500000       2.05315633E+19
   11.3203125       2.04639323E+19
   11.3906250       2.03954679E+19
   11.4609375       2.03183350E+19
   11.5312500       2.02252305E+19
   11.6015625       2.01096960E+19
   11.6718750       1.99662362E+19
   11.7421875       1.97902791E+19
   11.8125000       1.95782251E+19
   11.8828125       1.93276068E+19
   11.9531250       1.90374897E+19
   12.0234375       1.87087225E+19
   12.0937500       1.83440200E+19
   12.1640625       1.79474679E+19
   12.2343750       1.75237041E+19
   12.3046875       1.70768131E+19
   12.3750000       1.66094975E+19
   12.4453125       1.61226712E+19
   12.5156250       1.56157941E+19
   12.5859375       1.50876547E+19
   12.6562500       1.45374162E+19
   12.7265625       1.39653920E+19
   12.7968750       1.33732181E+19
   12.8671875       1.27633487E+19
   12.9375000       1.21382972E+19
   13.0078125       1.15000153E+19
   13.0781250       1.08500775E+19
   13.1484375       1.01907488E+19
   13.2187500       9.52718249E+18
   13.2890625       8.54072650E+18
   13.3593750       8.08157924E+18
   13.4296875       7.61902019E+18
   13.5000000       7.14814719E+18
   13.5703125       6.66541541E+18
   13.6406250       6.17142518E+18
   13.7109375       5.19283399E+18
   13.7812500       4.91518146E+18
   13.8515625       4.38419816E+18
   13.9218750       4.28517669E+18
   13.9921875       4.19119786E+18
   14.0625000       3.74264440E+18
   14.1328125       3.74879974E+18
   14.2031250       3.74952844E+18
   14.2734375       3.73972959E+18
   14.3437500       3.71487541E+18
   14.4140625       3.67112969E+18
   14.4843750       3.60530138E+18
   14.5546875       3.51531954E+18
   14.6250000       2.98786018E+18
   14.6953125       2.99342755E+18
   14.7656250       2.97380155E+18
   14.8359375       2.92448378E+18
   14.9062500       2.84111853E+18
   14.9765625       2.71971128E+18
   15.0468750       2.55684832E+18
   15.1171875       2.35008158E+18
   15.1875000       2.09853421E+18
   15.2578125       1.80399223E+18
   15.3281250       1.47254761E+18
   15.3984375       1.11691731E+18
   15.4687500       0.00000000    
   15.5390625       0.00000000    
   15.6093750       0.00000000    
   15.6796875       0.00000000    
   15.7500000       0.00000000    
   15.8203125       0.00000000    
   15.8906250       0.00000000    
   15.9609375       0.00000000    
   16.0312500       0.00000000    
   16.1015625       0.00000000    
   16.1718750       0.00000000    
   16.2421875       0.00000000    
   16.3125000       0.00000000    
   16.3828125       0.00000000    
   16.4531250       0.00000000    
   16.5234375       0.00000000    
   16.5937500       0.00000000    
   16.6640625       0.00000000    
