1995 05 16 20 12 44.0 -23.010 169.900
17. 2.981E+20 7.583 261 50 -116 118 47 -63
  -1.12500000       0.00000000    
  -1.05468750       0.00000000    
 -0.984375000       0.00000000    
 -0.914062500       0.00000000    
 -0.843750000       0.00000000    
 -0.773437500       0.00000000    
 -0.703125000       0.00000000    
 -0.632812500       0.00000000    
 -0.562500000       0.00000000    
 -0.492187500       0.00000000    
 -0.421875000       0.00000000    
 -0.351562500       0.00000000    
 -0.281250000       0.00000000    
 -0.210937500       0.00000000    
 -0.140625000       0.00000000    
  -7.03125000E-02   0.00000000    
   0.00000000       0.00000000    
   7.03125000E-02   1.28779365E+18
  0.140625000       2.11549830E+18
  0.210937500       2.95303452E+18
  0.281250000       3.73698274E+18
  0.351562500       4.43921772E+18
  0.421875000       5.05431641E+18
  0.492187500       5.58913811E+18
  0.562500000       6.05545694E+18
  0.632812500       6.46530319E+18
  0.703125000       6.82865385E+18
  0.773437500       7.15259087E+18
  0.843750000       7.44148920E+18
  0.914062500       7.69747805E+18
  0.984375000       7.92112146E+18
   1.05468750       8.11198513E+18
   1.12500000       8.26930546E+18
   1.19531250       8.39240788E+18
   1.26562500       8.48113187E+18
   1.33593750       8.53602554E+18
   1.40625000       8.55858477E+18
   1.47656250       8.55121694E+18
   1.54687500       8.51716067E+18
   1.61718750       8.46023510E+18
   1.68750000       8.38469260E+18
   1.75781250       8.29499939E+18
   1.82812500       8.19576847E+18
   1.89843750       8.09168540E+18
   1.96875000       7.98761333E+18
   2.03906250       7.88852699E+18
   2.10937500       7.79948744E+18
   2.17968750       7.72540069E+18
   2.25000000       7.67087041E+18
   2.32031250       7.63988068E+18
   2.39062500       7.63558434E+18
   2.46093750       7.66006936E+18
   2.53125000       7.71437919E+18
   2.60156250       7.79854406E+18
   2.67187500       7.91182729E+18
   2.74218750       8.05301228E+18
   2.81250000       8.22087692E+18
   2.88281250       8.41452126E+18
   2.95312500       8.63365282E+18
   3.02343750       8.87857674E+18
   3.09375000       9.15012917E+18
   3.16406250       9.44931398E+18
   3.23437500       9.77697174E+18
   3.30468750       1.01333630E+19
   3.37500000       1.05179953E+19
   3.44531250       1.09293886E+19
   3.51562500       1.13650657E+19
   3.58593750       1.18215521E+19
   3.65625000       1.22947115E+19
   3.72656250       1.27800733E+19
   3.79687500       1.32733626E+19
   3.86718750       1.37709609E+19
   3.93750000       1.42705735E+19
   4.00781250       1.47716100E+19
   4.07812500       1.52755744E+19
   4.14843750       1.57860997E+19
   4.21875000       1.63090560E+19
   4.28906250       1.68522983E+19
   4.35937500       1.74254209E+19
   4.42968750       1.80391221E+19
   4.50000000       1.87044762E+19
   4.57031250       1.94315041E+19
   4.64062500       2.02274229E+19
   4.71093750       2.10945638E+19
   4.78125000       2.20290651E+19
   4.85156250       2.30204881E+19
   4.92187500       2.40530769E+19
   4.99218750       2.51080671E+19
   5.06250000       2.61668132E+19
   5.13281250       2.72133724E+19
   5.20312500       2.82363008E+19
   5.27343750       2.92290631E+19
   5.34375000       3.01896404E+19
   5.41406250       3.11191675E+19
   5.48437500       3.20204812E+19
   5.55468750       3.28965633E+19
   5.62500000       3.37496985E+19
   5.69531250       3.45809029E+19
   5.76562500       3.53899016E+19
   5.83593750       3.61752036E+19
   5.90625000       3.69346011E+19
   5.97656250       3.76655564E+19
   6.04687500       3.83655847E+19
   6.11718750       3.90323549E+19
   6.18750000       3.96639232E+19
   6.25781250       4.02587502E+19
   6.32812500       4.08156616E+19
   6.39843750       4.13336679E+19
   6.46875000       4.18119379E+19
   6.53906250       4.22496359E+19
   6.60937500       4.26458779E+19
   6.67968750       4.29995028E+19
   6.75000000       4.33091913E+19
   6.82031250       4.35735754E+19
   6.89062500       4.37914855E+19
   6.96093750       4.39619889E+19
   7.03125000       4.40846416E+19
   7.10156250       4.41595580E+19
   7.17187500       4.41874988E+19
   7.24218750       4.41696471E+19
   7.31250000       4.41075467E+19
   7.38281250       4.40029171E+19
   7.45312500       4.38575265E+19
   7.52343750       4.36728042E+19
   7.59375000       4.34497792E+19
   7.66406250       4.31889179E+19
   7.73437500       4.28902905E+19
   7.80468750       4.25536377E+19
   7.87500000       4.21788449E+19
   7.94531250       4.17663873E+19
   8.01562500       4.13175799E+19
   8.08593750       4.08345248E+19
   8.15625000       4.03197203E+19
   8.22656250       3.97755940E+19
   8.29687500       3.92039051E+19
   8.36718750       3.86052035E+19
   8.43750000       3.79786358E+19
   8.50781250       3.73222713E+19
   8.57812500       3.66338297E+19
   8.64843750       3.59118947E+19
   8.71875000       3.51574231E+19
   8.78906250       3.43753360E+19
   8.85937500       3.35757140E+19
   8.92968750       3.27740711E+19
   9.00000000       3.19904447E+19
   9.07031250       3.12472167E+19
   9.14062500       3.05657416E+19
   9.21093750       2.99626616E+19
   9.28125000       2.94468895E+19
   9.35156250       2.90183549E+19
   9.42187500       2.86687234E+19
   9.49218750       2.83836860E+19
   9.56250000       2.81459847E+19
   9.63281250       2.79382804E+19
   9.70312500       2.77452523E+19
   9.77343750       2.75547268E+19
   9.84375000       2.73581253E+19
   9.91406250       2.71503616E+19
   9.98437500       2.69294411E+19
   10.0546875       2.66957289E+19
   10.1250000       2.64512327E+19
   10.1953125       2.61989432E+19
   10.2656250       2.59422248E+19
   10.3359375       2.56842486E+19
   10.4062500       2.54275126E+19
   10.4765625       2.51736024E+19
   10.5468750       2.49230149E+19
   10.6171875       2.46751674E+19
   10.6875000       2.44285711E+19
   10.7578125       2.41812909E+19
   10.8281250       2.39313830E+19
   10.8984375       2.36773958E+19
   10.9687500       2.34187027E+19
   11.0390625       2.31557127E+19
   11.1093750       2.28897892E+19
   11.1796875       2.26228937E+19
   11.2500000       2.23570648E+19
   11.3203125       2.20939781E+19
   11.3906250       2.18345351E+19
   11.4609375       2.15785952E+19
   11.5312500       2.13248191E+19
   11.6015625       2.10708055E+19
   11.6718750       2.08132427E+19
   11.7421875       2.05482143E+19
   11.8125000       2.02714738E+19
   11.8828125       1.99788629E+19
   11.9531250       1.96666390E+19
   12.0234375       1.93317432E+19
   12.0937500       1.89719434E+19
   12.1640625       1.85859884E+19
   12.2343750       1.81735726E+19
   12.3046875       1.77352809E+19
   12.3750000       1.72723601E+19
   12.4453125       1.67866058E+19
   12.5156250       1.62800234E+19
   12.5859375       1.57544667E+19
   12.6562500       1.52111782E+19
   12.7265625       1.46505999E+19
   12.7968750       1.40723470E+19
   12.8671875       1.34754881E+19
   12.9375000       1.28588984E+19
   13.0078125       1.22217336E+19
   13.0781250       1.15635550E+19
   13.1484375       1.08840876E+19
   13.2187500       1.01823771E+19
   13.2890625       9.45576481E+18
   13.3593750       8.69862077E+18
   13.4296875       7.90161667E+18
   13.5000000       7.05193993E+18
   13.5703125       6.13567840E+18
   13.6406250       5.14290846E+18
   13.7109375       4.07637806E+18
   13.7812500       2.96362886E+18
   13.8515625       0.00000000    
   13.9218750       0.00000000    
   13.9921875       0.00000000    
   14.0625000       0.00000000    
   14.1328125       0.00000000    
   14.2031250       0.00000000    
   14.2734375       0.00000000    
   14.3437500       0.00000000    
   14.4140625       0.00000000    
   14.4843750       0.00000000    
   14.5546875       0.00000000    
   14.6250000       0.00000000    
   14.6953125       0.00000000    
   14.7656250       0.00000000    
   14.8359375       0.00000000    
   14.9062500       0.00000000    
   14.9765625       0.00000000    
   15.0468750       0.00000000    
   15.1171875       0.00000000    
   15.1875000       0.00000000    
   15.2578125       0.00000000    
   15.3281250       0.00000000    
   15.3984375       0.00000000    
   15.4687500       0.00000000    
   15.5390625       0.00000000    
   15.6093750       0.00000000    
   15.6796875       0.00000000    
   15.7500000       0.00000000    
   15.8203125       0.00000000    
   15.8906250       0.00000000    
   15.9609375       0.00000000    
   16.0312500       0.00000000    
   16.1015625       0.00000000    
   16.1718750       0.00000000    
   16.2421875       0.00000000    
   16.3125000       0.00000000    
   16.3828125       0.00000000    
   16.4531250       0.00000000    
   16.5234375       0.00000000    
   16.5937500       0.00000000    
   16.6640625       0.00000000    
