2000 06 18 14 44 13.0 -13.800 97.450
18. 6.218E+20 7.796 253 73 162 349 73 18
  -1.12500000       0.00000000    
  -1.05468750       0.00000000    
 -0.984375000       0.00000000    
 -0.914062500       0.00000000    
 -0.843750000       0.00000000    
 -0.773437500       0.00000000    
 -0.703125000       0.00000000    
 -0.632812500       0.00000000    
 -0.562500000       0.00000000    
 -0.492187500       0.00000000    
 -0.421875000       0.00000000    
 -0.351562500       0.00000000    
 -0.281250000       0.00000000    
 -0.210937500       0.00000000    
 -0.140625000       0.00000000    
  -7.03125000E-02   0.00000000    
   0.00000000       0.00000000    
   7.03125000E-02   1.44969261E+18
  0.140625000       1.76344966E+18
  0.210937500       2.05379399E+18
  0.281250000       2.32571613E+18
  0.351562500       2.58712887E+18
  0.421875000       2.84608447E+18
  0.492187500       3.10951317E+18
  0.562500000       3.38278936E+18
  0.632812500       3.67043617E+18
  0.703125000       3.97687941E+18
  0.773437500       4.30730766E+18
  0.843750000       4.66761048E+18
  0.914062500       5.06375847E+18
  0.984375000       5.49989020E+18
   1.05468750       5.97580392E+18
   1.12500000       6.48413783E+18
   1.19531250       7.00910680E+18
   1.26562500       7.52769256E+18
   1.33593750       8.01401315E+18
   1.40625000       8.44544942E+18
   1.47656250       8.80874785E+18
   1.54687500       9.10343126E+18
   1.61718750       9.34165970E+18
   1.68750000       9.54446792E+18
   1.75781250       9.73645914E+18
   1.82812500       9.94021074E+18
   1.89843750       1.01721901E+19
   1.96875000       1.04403269E+19
   2.03906250       1.07439592E+19
   2.10937500       1.10752432E+19
   2.17968750       1.14218774E+19
   2.25000000       1.17700191E+19
   2.32031250       1.21073185E+19
   2.39062500       1.24251554E+19
   2.46093750       1.27200994E+19
   2.53125000       1.29940559E+19
   2.60156250       1.32537232E+19
   2.67187500       1.35092255E+19
   2.74218750       1.37726872E+19
   2.81250000       1.40566668E+19
   2.88281250       1.43732448E+19
   2.95312500       1.47332876E+19
   3.02343750       1.51461377E+19
   3.09375000       1.56190135E+19
   3.16406250       1.61565658E+19
   3.23437500       1.67602505E+19
   3.30468750       1.74280487E+19
   3.37500000       1.81543674E+19
   3.44531250       1.89307051E+19
   3.51562500       1.97467824E+19
   3.58593750       2.05920452E+19
   3.65625000       2.14570002E+19
   3.72656250       2.23344435E+19
   3.79687500       2.32200913E+19
   3.86718750       2.41126924E+19
   3.93750000       2.50133310E+19
   4.00781250       2.59246260E+19
   4.07812500       2.68496605E+19
   4.14843750       2.77911701E+19
   4.21875000       2.87505886E+19
   4.28906250       2.97275399E+19
   4.35937500       3.07194929E+19
   4.42968750       3.17219198E+19
   4.50000000       3.27286942E+19
   4.57031250       3.37330057E+19
   4.64062500       3.47284442E+19
   4.71093750       3.57100926E+19
   4.78125000       3.66750680E+19
   4.85156250       3.76227942E+19
   4.92187500       3.85546963E+19
   4.99218750       3.94736461E+19
   5.06250000       4.03827443E+19
   5.13281250       4.12841943E+19
   5.20312500       4.21780577E+19
   5.27343750       4.30614449E+19
   5.34375000       4.39280316E+19
   5.41406250       4.47681904E+19
   5.48437500       4.55697300E+19
   5.55468750       4.63192011E+19
   5.62500000       4.70032601E+19
   5.69531250       4.76100366E+19
   5.76562500       4.81303211E+19
   5.83593750       4.85584973E+19
   5.90625000       4.88928148E+19
   5.97656250       4.91354682E+19
   6.04687500       4.92924961E+19
   6.11718750       4.93736048E+19
   6.18750000       4.93916588E+19
   6.25781250       4.93623282E+19
   6.32812500       4.93034076E+19
   6.39843750       4.92344418E+19
   6.46875000       4.91758379E+19
   6.53906250       4.91479543E+19
   6.60937500       4.91697554E+19
   6.67968750       4.92574832E+19
   6.75000000       4.94231444E+19
   6.82031250       4.96733889E+19
   6.89062500       5.00088939E+19
   6.96093750       5.04245664E+19
   7.03125000       5.09099568E+19
   7.10156250       5.14502480E+19
   7.17187500       5.20274081E+19
   7.24218750       5.26217821E+19
   7.31250000       5.32133061E+19
   7.38281250       5.37828840E+19
   7.45312500       5.43133587E+19
   7.52343750       5.47904588E+19
   7.59375000       5.52031935E+19
   7.66406250       5.55439585E+19
   7.73437500       5.58082108E+19
   7.80468750       5.59937467E+19
   7.87500000       5.60994186E+19
   7.94531250       5.61238761E+19
   8.01562500       5.60643706E+19
   8.08593750       5.59165918E+19
   8.15625000       5.56747081E+19
   8.22656250       5.53323465E+19
   8.29687500       5.48837810E+19
   8.36718750       5.43258536E+19
   8.43750000       5.36594308E+19
   8.50781250       5.28909425E+19
   8.57812500       5.20331783E+19
   8.64843750       5.11058106E+19
   8.71875000       5.01347571E+19
   8.78906250       4.91509845E+19
   8.85937500       4.81885072E+19
   8.92968750       4.72822194E+19
   9.00000000       4.64653262E+19
   9.07031250       4.57669384E+19
   9.14062500       4.52098818E+19
   9.21093750       4.48093869E+19
   9.28125000       4.45720903E+19
   9.35156250       4.44960481E+19
   9.42187500       4.45712547E+19
   9.49218750       4.47811295E+19
   9.56250000       4.51042276E+19
   9.63281250       4.55161486E+19
   9.70312500       4.59912388E+19
   9.77343750       4.65041038E+19
   9.84375000       4.70303696E+19
   9.91406250       4.75474128E+19
   9.98437500       4.80348351E+19
   10.0546875       4.84752423E+19
   10.1250000       4.88548201E+19
   10.1953125       4.91640555E+19
   10.2656250       4.93979788E+19
   10.3359375       4.95564624E+19
   10.4062500       4.96436537E+19
   10.4765625       4.96675131E+19
   10.5468750       4.96386531E+19
   10.6171875       4.95698325E+19
   10.6875000       4.94746543E+19
   10.7578125       4.93666647E+19
   10.8281250       4.92576591E+19
   10.8984375       4.91563721E+19
   10.9687500       4.90668411E+19
   11.0390625       4.89876762E+19
   11.1093750       4.89120914E+19
   11.1796875       4.88294653E+19
   11.2500000       4.87272899E+19
   11.3203125       4.85937916E+19
   11.3906250       4.84200160E+19
   11.4609375       4.82015826E+19
   11.5312500       4.79391512E+19
   11.6015625       4.76381709E+19
   11.6718750       4.73076181E+19
   11.7421875       4.69585715E+19
   11.8125000       4.66021978E+19
   11.8828125       4.62481639E+19
   11.9531250       4.59030096E+19
   12.0234375       4.55698092E+19
   12.0937500       4.52483164E+19
   12.1640625       4.49361474E+19
   12.2343750       4.46302501E+19
   12.3046875       4.43288036E+19
   12.3750000       4.40321685E+19
   12.4453125       4.37433708E+19
   12.5156250       4.34672835E+19
   12.5859375       4.32096063E+19
   12.6562500       4.29750409E+19
   12.7265625       4.27660149E+19
   12.7968750       4.25816972E+19
   12.8671875       4.24184461E+19
   12.9375000       4.22706981E+19
   13.0078125       4.21328238E+19
   13.0781250       4.20005130E+19
   13.1484375       4.18722659E+19
   13.2187500       4.17495032E+19
   13.2890625       4.16361348E+19
   13.3593750       4.15370776E+19
   13.4296875       4.14568572E+19
   13.5000000       4.13978618E+19
   13.5703125       4.13593877E+19
   13.6406250       4.13369313E+19
   13.7109375       4.13227036E+19
   13.7812500       4.13062901E+19
   13.8515625       4.12760447E+19
   13.9218750       4.12203611E+19
   13.9921875       4.11292379E+19
   14.0625000       4.09950272E+19
   14.1328125       4.08129348E+19
   14.2031250       4.05804805E+19
   14.2734375       4.02970660E+19
   14.3437500       3.99628848E+19
   14.4140625       3.95783724E+19
   14.4843750       3.91437311E+19
   14.5546875       3.86592906E+19
   14.6250000       3.81256361E+19
   14.6953125       3.75439944E+19
   14.7656250       3.69160105E+19
   14.8359375       3.62437427E+19
   14.9062500       3.55288447E+19
   14.9765625       3.47721542E+19
   15.0468750       3.39730665E+19
   15.1171875       3.31301831E+19
   15.1875000       3.22419558E+19
   15.2578125       3.13081846E+19
   15.3281250       3.03309386E+19
   15.3984375       2.93156848E+19
   15.4687500       2.82711883E+19
   15.5390625       2.72093438E+19
   15.6093750       2.61439170E+19
   15.6796875       2.50899054E+19
   15.7500000       2.40623898E+19
   15.8203125       2.30762928E+19
   15.8906250       2.21457607E+19
   15.9609375       2.12844670E+19
   16.0312500       2.05051992E+19
   16.1015625       1.98198186E+19
   16.1718750       1.92384056E+19
   16.2421875       1.87689823E+19
   16.3125000       1.84166603E+19
   16.3828125       1.81834121E+19
   16.4531250       1.80672718E+19
   16.5234375       1.80621624E+19
   16.5937500       1.81571888E+19
   16.6640625       1.83366500E+19
   16.7343750       1.85800357E+19
   16.8046875       1.88633556E+19
   16.8750000       1.91606350E+19
   16.9453125       1.94465036E+19
   17.0156250       1.96983314E+19
   17.0859375       1.98987217E+19
   17.1562500       2.00367061E+19
   17.2265625       2.01084756E+19
   17.2968750       2.01165988E+19
   17.3671875       2.00689108E+19
   17.4375000       1.99762395E+19
   17.5078125       1.98502223E+19
   17.5781250       1.97007657E+19
   17.6484375       1.95346756E+19
   17.7187500       1.93546570E+19
   17.7890625       1.91598829E+19
   17.8593750       1.89468262E+19
   17.9296875       1.87110513E+19
   18.0000000       1.84484021E+19
   18.0703125       1.81562487E+19
   18.1406250       1.78336179E+19
   18.2109375       1.74815037E+19
   18.2812500       1.71021601E+19
   18.3515625       1.66987647E+19
   18.4218750       1.62743950E+19
   18.4921875       1.58317459E+19
   18.5625000       1.53725239E+19
   18.6328125       1.48978240E+19
   18.7031250       1.44084072E+19
   18.7734375       1.39059656E+19
   18.8437500       1.33938537E+19
   18.9140625       1.28779783E+19
   18.9843750       1.23664778E+19
   19.0546875       1.18693204E+19
   19.1250000       1.13968877E+19
   19.1953125       1.09589676E+19
   19.2656250       1.05633590E+19
   19.3359375       1.02155647E+19
   19.4062500       9.91824799E+18
   19.4765625       9.67155936E+18
   19.5468750       9.47299526E+18
   19.6171875       9.31808177E+18
   19.6875000       9.20064348E+18
   19.7578125       9.11370675E+18
   19.8281250       9.04978939E+18
   19.8984375       9.00158460E+18
   19.9687500       8.96178008E+18
   20.0390625       8.92320921E+18
   20.1093750       8.87840521E+18
   20.1796875       8.81995352E+18
   20.2500000       8.74051656E+18
   20.3203125       8.63362753E+18
   20.3906250       8.49394613E+18
   20.4609375       8.31808804E+18
   20.5312500       8.10462610E+18
   20.6015625       7.85438440E+18
   20.6718750       7.56981870E+18
   20.7421875       7.25482566E+18
   20.8125000       6.91391823E+18
   20.8828125       6.55201013E+18
   20.9531250       6.17380672E+18
   21.0234375       5.78403150E+18
   21.0937500       5.38724799E+18
   21.1640625       4.98828359E+18
   21.2343750       4.59195253E+18
   21.3046875       4.20318996E+18
   21.3750000       3.82640767E+18
   21.4453125       0.00000000    
   21.5156250       0.00000000    
   21.5859375       0.00000000    
   21.6562500       0.00000000    
   21.7265625       0.00000000    
   21.7968750       0.00000000    
   21.8671875       0.00000000    
   21.9375000       0.00000000    
   22.0078125       0.00000000    
   22.0781250       0.00000000    
   22.1484375       0.00000000    
   22.2187500       0.00000000    
   22.2890625       0.00000000    
   22.3593750       0.00000000    
   22.4296875       0.00000000    
   22.5000000       0.00000000    
   22.5703125       0.00000000    
   22.6406250       0.00000000    
   22.7109375       0.00000000    
   22.7812500       0.00000000    
   22.8515625       0.00000000    
   22.9218750       0.00000000    
   22.9921875       0.00000000    
   23.0625000       0.00000000    
   23.1328125       0.00000000    
   23.2031250       0.00000000    
   23.2734375       0.00000000    
   23.3437500       0.00000000    
   23.4140625       0.00000000    
   23.4843750       0.00000000    
   23.5546875       0.00000000    
   23.6250000       0.00000000    
   23.6953125       0.00000000    
   23.7656250       0.00000000    
   23.8359375       0.00000000    
   23.9062500       0.00000000    
   23.9765625       0.00000000    
   24.0468750       0.00000000    
   24.1171875       0.00000000    
   24.1875000       0.00000000    
   24.2578125       0.00000000    
   24.3281250       0.00000000    
   24.3984375       0.00000000    
   24.4687500       0.00000000    
   24.5390625       0.00000000    
   24.6093750       0.00000000    
   24.6796875       0.00000000    
   24.7500000       0.00000000    
   24.8203125       0.00000000    
   24.8906250       0.00000000    
   24.9609375       0.00000000    
   25.0312500       0.00000000    
   25.1015625       0.00000000    
   25.1718750       0.00000000    
   25.2421875       0.00000000    
   25.3125000       0.00000000    
   25.3828125       0.00000000    
   25.4531250       0.00000000    
   25.5234375       0.00000000    
   25.5937500       0.00000000    
   25.6640625       0.00000000    
   25.7343750       0.00000000    
   25.8046875       0.00000000    
   25.8750000       0.00000000    
   25.9453125       0.00000000    
   26.0156250       0.00000000    
   26.0859375       0.00000000    
   26.1562500       0.00000000    
   26.2265625       0.00000000    
   26.2968750       0.00000000    
   26.3671875       0.00000000    
   26.4375000       0.00000000    
   26.5078125       0.00000000    
   26.5781250       0.00000000    
