2005 10 08 03 50 40.0 34.540 73.590
12. 3.361E+20 7.618 333 28 121 118 66 74
  -1.12500000       0.00000000    
  -1.05468750       8.50127341E+17
 -0.984375000       9.49748798E+17
 -0.914062500       1.05854424E+18
 -0.843750000       1.17084189E+18
 -0.773437500       1.29434303E+18
 -0.703125000       1.43722786E+18
 -0.632812500       1.60178572E+18
 -0.562500000       1.77352229E+18
 -0.492187500       1.93798380E+18
 -0.421875000       2.08735012E+18
 -0.351562500       2.21848832E+18
 -0.281250000       2.33123541E+18
 -0.210937500       2.42708643E+18
 -0.140625000       2.50821060E+18
  -7.03125000E-02   2.57677367E+18
   0.00000000       2.63450050E+18
   7.03125000E-02   2.68252332E+18
  0.140625000       2.72148452E+18
  0.210937500       2.75186540E+18
  0.281250000       2.77439439E+18
  0.351562500       2.79040438E+18
  0.421875000       2.80196932E+18
  0.492187500       2.81180363E+18
  0.562500000       2.82293316E+18
  0.632812500       2.83829251E+18
  0.703125000       2.86032370E+18
  0.773437500       2.89070760E+18
  0.843750000       2.93022817E+18
  0.914062500       2.97881147E+18
  0.984375000       3.03563313E+18
   1.05468750       3.09930942E+18
   1.12500000       3.16811246E+18
   1.19531250       3.24027616E+18
   1.26562500       3.31429886E+18
   1.33593750       3.38925559E+18
   1.40625000       3.46498665E+18
   1.47656250       3.54217044E+18
   1.54687500       3.62222726E+18
   1.61718750       3.70711175E+18
   1.68750000       3.79904055E+18
   1.75781250       3.90022915E+18
   1.82812500       4.01266274E+18
   1.89843750       4.13792048E+18
   1.96875000       4.27704636E+18
   2.03906250       4.43053186E+18
   2.10937500       4.59836214E+18
   2.17968750       4.78014659E+18
   2.25000000       4.97525603E+18
   2.32031250       5.18296147E+18
   2.39062500       5.40246907E+18
   2.46093750       5.63286074E+18
   2.53125000       5.87291711E+18
   2.60156250       6.12094440E+18
   2.67187500       6.37462647E+18
   2.74218750       6.63104907E+18
   2.81250000       6.88684606E+18
   2.88281250       7.13857594E+18
   2.95312500       7.38310293E+18
   3.02343750       7.61798720E+18
   3.09375000       7.84168614E+18
   3.16406250       8.05362196E+18
   3.23437500       8.25404643E+18
   3.30468750       8.44378256E+18
   3.37500000       8.62382649E+18
   3.44531250       8.79495228E+18
   3.51562500       8.95733915E+18
   3.58593750       9.11039337E+18
   3.65625000       9.25278177E+18
   3.72656250       9.38271876E+18
   3.79687500       9.49836869E+18
   3.86718750       9.59827142E+18
   3.93750000       9.68165728E+18
   4.00781250       9.74868791E+18
   4.07812500       9.80061124E+18
   4.14843750       9.83992208E+18
   4.21875000       9.87037196E+18
   4.28906250       9.89686029E+18
   4.35937500       9.92503418E+18
   4.42968750       9.96068364E+18
   4.50000000       1.00090061E+19
   4.57031250       1.00740444E+19
   4.64062500       1.01583879E+19
   4.71093750       1.02632121E+19
   4.78125000       1.03884882E+19
   4.85156250       1.05333247E+19
   4.92187500       1.06961734E+19
   4.99218750       1.08750067E+19
   5.06250000       1.10673608E+19
   5.13281250       1.12704901E+19
   5.20312500       1.14815468E+19
   5.27343750       1.16979549E+19
   5.34375000       1.19176868E+19
   5.41406250       1.21395869E+19
   5.48437500       1.23633914E+19
   5.55468750       1.25896335E+19
   5.62500000       1.28192896E+19
   5.69531250       1.30534086E+19
   5.76562500       1.32927162E+19
   5.83593750       1.35373686E+19
   5.90625000       1.37867796E+19
   5.97656250       1.40396706E+19
   6.04687500       1.42941734E+19
   6.11718750       1.45480935E+19
   6.18750000       1.47991274E+19
   6.25781250       1.50451751E+19
   6.32812500       1.52846036E+19
   6.39843750       1.55165291E+19
   6.46875000       1.57410131E+19
   6.53906250       1.59591463E+19
   6.60937500       1.61729683E+19
   6.67968750       1.63852180E+19
   6.75000000       1.65989477E+19
   6.82031250       1.68170633E+19
   6.89062500       1.70418717E+19
   6.96093750       1.72747416E+19
   7.03125000       1.75159140E+19
   7.10156250       1.77646312E+19
   7.17187500       1.80195057E+19
   7.24218750       1.82790136E+19
   7.31250000       1.85418870E+19
   7.38281250       1.88071816E+19
   7.45312500       1.90740067E+19
   7.52343750       1.93411396E+19
   7.59375000       1.96067508E+19
   7.66406250       1.98685204E+19
   7.73437500       2.01240842E+19
   7.80468750       2.03717251E+19
   7.87500000       2.06108270E+19
   7.94531250       2.08420521E+19
   8.01562500       2.10671552E+19
   8.08593750       2.12884055E+19
   8.15625000       2.15078856E+19
   8.22656250       2.17268182E+19
   8.29687500       2.19449195E+19
   8.36718750       2.21601247E+19
   8.43750000       2.23685921E+19
   8.50781250       2.25651914E+19
   8.57812500       2.27442798E+19
   8.64843750       2.29006920E+19
   8.71875000       2.30305619E+19
   8.78906250       2.31320292E+19
   8.85937500       2.32055645E+19
   8.92968750       2.32540178E+19
   9.00000000       2.32822687E+19
   9.07031250       2.32965843E+19
   9.14062500       2.33036674E+19
   9.21093750       2.33096575E+19
   9.28125000       2.33190759E+19
   9.35156250       2.33342272E+19
   9.42187500       2.33549860E+19
   9.49218750       2.33792456E+19
   9.56250000       2.34036350E+19
   9.63281250       2.34244399E+19
   9.70312500       2.34383619E+19
   9.77343750       2.34430591E+19
   9.84375000       2.34372602E+19
   9.91406250       2.34208049E+19
   9.98437500       2.33944299E+19
   10.0546875       2.33595138E+19
   10.1250000       2.33176993E+19
   10.1953125       2.32705699E+19
   10.2656250       2.32194184E+19
   10.3359375       2.31651707E+19
   10.4062500       2.31084755E+19
   10.4765625       2.30498165E+19
   10.5468750       2.29896095E+19
   10.6171875       2.29281907E+19
   10.6875000       2.28656769E+19
   10.7578125       2.28018744E+19
   10.8281250       2.27362182E+19
   10.8984375       2.26678440E+19
   10.9687500       2.25956039E+19
   11.0390625       2.25182730E+19
   11.1093750       2.24347585E+19
   11.1796875       2.23444952E+19
   11.2500000       2.22477712E+19
   11.3203125       2.21459630E+19
   11.3906250       2.20414588E+19
   11.4609375       2.19373394E+19
   11.5312500       2.18368485E+19
   11.6015625       2.17427765E+19
   11.6718750       2.16569552E+19
   11.7421875       2.15799652E+19
   11.8125000       2.15109247E+19
   11.8828125       2.14477313E+19
   11.9531250       2.13873857E+19
   12.0234375       2.13265937E+19
   12.0937500       2.12623866E+19
   12.1640625       2.11926842E+19
   12.2343750       2.11166530E+19
   12.3046875       2.10347460E+19
   12.3750000       2.09484409E+19
   12.4453125       2.08597939E+19
   12.5156250       2.07709907E+19
   12.5859375       2.06839732E+19
   12.6562500       2.06001970E+19
   12.7265625       2.05204560E+19
   12.7968750       2.04448052E+19
   12.8671875       2.03724859E+19
   12.9375000       2.03019456E+19
   13.0078125       2.02309590E+19
   13.0781250       2.01569091E+19
   13.1484375       2.00771131E+19
   13.2187500       1.99891456E+19
   13.2890625       1.98910010E+19
   13.3593750       1.97810718E+19
   13.4296875       1.96580365E+19
   13.5000000       1.95206921E+19
   13.5703125       1.93678094E+19
   13.6406250       1.91981767E+19
   13.7109375       1.90107298E+19
   13.7812500       1.88047253E+19
   13.8515625       1.85799917E+19
   13.9218750       1.83371360E+19
   13.9921875       1.80777381E+19
   14.0625000       1.78044545E+19
   14.1328125       1.75210268E+19
   14.2031250       1.72321158E+19
   14.2734375       1.69429442E+19
   14.3437500       1.66588194E+19
   14.4140625       1.63845155E+19
   14.4843750       1.61237201E+19
   14.5546875       1.58785950E+19
   14.6250000       1.56496008E+19
   14.6953125       1.54356248E+19
   14.7656250       1.52344637E+19
   14.8359375       1.50434466E+19
   14.9062500       1.48600822E+19
   14.9765625       1.46825429E+19
   15.0468750       1.45099614E+19
   15.1171875       1.43424948E+19
   15.1875000       1.41812162E+19
   15.2578125       1.40278981E+19
   15.3281250       1.38846988E+19
   15.3984375       1.37537986E+19
   15.4687500       1.36370448E+19
   15.5390625       1.35356204E+19
   15.6093750       1.34497925E+19
   15.6796875       1.33787805E+19
   15.7500000       1.33207230E+19
   15.8203125       1.32727491E+19
   15.8906250       1.32312052E+19
   15.9609375       1.31919295E+19
   16.0312500       1.31506462E+19
   16.1015625       1.31033232E+19
   16.1718750       1.30465851E+19
   16.2421875       1.29780756E+19
   16.3125000       1.28967766E+19
   16.3828125       1.28031444E+19
   16.4531250       1.26990272E+19
   16.5234375       1.25872597E+19
   16.5937500       1.24710358E+19
   16.6640625       1.23532671E+19
   16.7343750       1.22361845E+19
   16.8046875       1.21212416E+19
   16.8750000       1.20093278E+19
   16.9453125       1.19010699E+19
   17.0156250       1.17970572E+19
   17.0859375       1.16978383E+19
   17.1562500       1.16036839E+19
   17.2265625       1.15142265E+19
   17.2968750       1.14281106E+19
   17.3671875       1.13428280E+19
   17.4375000       1.12548044E+19
   17.5078125       1.11598165E+19
   17.5781250       1.10537433E+19
   17.6484375       1.09334183E+19
   17.7187500       1.07974219E+19
   17.7890625       1.06465271E+19
   17.8593750       1.04837466E+19
   17.9296875       1.03139369E+19
   18.0000000       1.01431377E+19
   18.0703125       9.97785032E+18
   18.1406250       9.82437499E+18
   18.2109375       9.68829613E+18
   18.2812500       9.57408436E+18
   18.3515625       9.48478203E+18
   18.4218750       9.42179760E+18
   18.4921875       9.38479574E+18
   18.5625000       9.37178961E+18
   18.6328125       9.37939274E+18
   18.7031250       9.40325874E+18
   18.7734375       9.43856296E+18
   18.8437500       9.48047634E+18
   18.9140625       9.52456675E+18
   18.9843750       9.56712225E+18
   19.0546875       9.60538416E+18
   19.1250000       9.63758116E+18
   19.1953125       9.66274568E+18
   19.2656250       9.68042583E+18
   19.3359375       9.69031593E+18
   19.4062500       9.69202457E+18
   19.4765625       9.68504048E+18
   19.5468750       9.66893923E+18
   19.6171875       9.64363727E+18
   19.6875000       9.60962717E+18
   19.7578125       9.56801396E+18
   19.8281250       9.52039961E+18
   19.8984375       9.46867968E+18
   19.9687500       9.41481240E+18
   20.0390625       9.36063067E+18
   20.1093750       9.30774966E+18
   20.1796875       9.25751957E+18
   20.2500000       9.21108389E+18
   20.3203125       9.16940526E+18
   20.3906250       9.13326706E+18
   20.4609375       9.10317013E+18
   20.5312500       9.07912491E+18
   20.6015625       9.06043651E+18
   20.6718750       9.04564478E+18
   20.7421875       9.03265350E+18
   20.8125000       9.01905144E+18
   20.8828125       9.00247300E+18
   20.9531250       8.98090663E+18
   21.0234375       8.95286029E+18
   21.0937500       8.91745217E+18
   21.1640625       8.87442278E+18
   21.2343750       8.82411902E+18
   21.3046875       8.76742106E+18
   21.3750000       8.70555264E+18
   21.4453125       8.63980294E+18
   21.5156250       8.57124344E+18
   21.5859375       8.50046953E+18
   21.6562500       8.42745096E+18
   21.7265625       8.35150220E+18
   21.7968750       8.27139948E+18
   21.8671875       8.18561338E+18
   21.9375000       8.09261944E+18
   22.0078125       7.99123787E+18
   22.0781250       7.88099039E+18
   22.1484375       7.76235363E+18
   22.2187500       7.63683833E+18
   22.2890625       7.50682603E+18
   22.3593750       7.37522328E+18
   22.4296875       7.24506969E+18
   22.5000000       7.11926962E+18
   22.5703125       7.00049543E+18
   22.6406250       6.89123201E+18
   22.7109375       6.79379933E+18
   22.7812500       6.71022875E+18
   22.8515625       6.64196063E+18
   22.9218750       6.58951557E+18
   22.9921875       6.55225587E+18
   23.0625000       6.52835359E+18
   23.1328125       6.51492690E+18
   23.2031250       6.50834358E+18
   23.2734375       6.50457115E+18
   23.3437500       6.49956618E+18
   23.4140625       6.48962659E+18
   23.4843750       6.47178921E+18
   23.5546875       6.44415739E+18
   23.6250000       6.40615112E+18
   23.6953125       6.35855051E+18
   23.7656250       6.30334073E+18
   23.8359375       6.24332939E+18
   23.9062500       6.18165338E+18
   23.9765625       6.12125281E+18
   24.0468750       6.06442840E+18
   24.1171875       6.01252760E+18
   24.1875000       5.96581870E+18
   24.2578125       5.92350564E+18
   24.3281250       5.88395896E+18
   24.3984375       5.84505604E+18
   24.4687500       5.80461490E+18
   24.5390625       5.76075978E+18
   24.6093750       5.71219215E+18
   24.6796875       5.65827485E+18
   24.7500000       5.59898754E+18
   24.8203125       5.53478265E+18
   24.8906250       5.46644911E+18
   24.9609375       5.39501164E+18
   25.0312500       5.32163133E+18
   25.1015625       5.24746542E+18
   25.1718750       5.17348478E+18
   25.2421875       5.10026775E+18
   25.3125000       5.02787096E+18
   25.3828125       4.95580072E+18
   25.4531250       4.88316808E+18
   25.5234375       4.80893401E+18
   25.5937500       4.73219909E+18
   25.6640625       4.65238774E+18
   25.7343750       4.56932019E+18
   25.8046875       4.48313029E+18
   25.8750000       4.39411411E+18
   25.9453125       4.30260588E+18
   26.0156250       4.20899208E+18
   26.0859375       4.11384035E+18
   26.1562500       4.01806464E+18
   26.2265625       3.92297035E+18
   26.2968750       3.83015288E+18
   26.3671875       3.74123977E+18
   26.4375000       3.65761999E+18
   26.5078125       3.58023499E+18
   26.5781250       3.50956030E+18
   26.6484375       3.32357846E+18
   26.7187500       3.29764978E+18
   26.7890625       3.27886435E+18
   26.8593750       3.26621886E+18
   26.9296875       3.25834718E+18
   27.0000000       3.25355029E+18
   27.0703125       3.24980618E+18
   27.1406250       3.24485398E+18
   27.2109375       3.23635475E+18
   27.2812500       3.22215126E+18
   27.3515625       3.20058269E+18
   27.4218750       3.06143839E+18
   27.4921875       3.02923370E+18
   27.5625000       2.99142369E+18
   27.6328125       2.95005924E+18
   27.7031250       2.90750869E+18
   27.7734375       2.74653662E+18
   27.8437500       2.71187616E+18
   27.9140625       2.68058736E+18
   27.9843750       2.65363091E+18
   28.0546875       2.63138174E+18
   28.1250000       2.50294091E+18
   28.1953125       2.50289116E+18
   28.2656250       2.50428864E+18
   28.3359375       2.50468941E+18
   28.4062500       2.50116713E+18
   28.4765625       2.49071957E+18
   28.5468750       2.36040160E+18
   28.6171875       2.35049830E+18
   28.6875000       2.32961857E+18
   28.7578125       2.18309202E+18
   28.8281250       2.15600239E+18
   28.8984375       2.12557258E+18
   28.9687500       2.09361527E+18
   29.0390625       2.06141388E+18
   29.1093750       2.02960487E+18
   29.1796875       1.99822068E+18
   29.2500000       1.96681258E+18
   29.3203125       1.93462150E+18
   29.3906250       1.90074733E+18
   29.4609375       1.86433040E+18
   29.5312500       1.82471321E+18
   29.6015625       1.78158363E+18
   29.6718750       1.73506178E+18
   29.7421875       1.68571694E+18
   29.8125000       1.63447379E+18
   29.8828125       1.58244696E+18
   29.9531250       1.53073885E+18
   30.0234375       1.48028886E+18
   30.0937500       1.43181112E+18
   30.1640625       1.38581882E+18
   30.2343750       1.34268058E+18
   30.3046875       1.20120505E+18
   30.3750000       1.07691646E+18
   30.4453125       1.06149347E+18
   30.5156250       1.04828545E+18
   30.5859375       1.03726992E+18
   30.6562500       9.10891027E+17
   30.7265625       9.11537608E+17
   30.7968750       9.11879556E+17
   30.8671875       9.11972877E+17
   30.9375000       9.11879900E+17
   31.0078125       9.11559186E+17
   31.0781250       9.10847871E+17
   31.1484375       8.05492804E+17
   31.2187500       8.14348477E+17
   31.2890625       8.21902603E+17
   31.3593750       8.27429641E+17
   31.4296875       8.30331321E+17
   31.5000000       8.30152238E+17
   31.5703125       8.26553262E+17
   31.6406250       8.19324179E+17
   31.7109375       6.97222932E+17
   31.7812500       6.91338689E+17
   31.8515625       6.82505075E+17
   31.9218750       6.70941168E+17
   31.9921875       6.57056810E+17
   32.0625000       6.41389457E+17
   32.1328125       6.24507967E+17
   32.2031250       6.06930006E+17
   32.2734375       5.89071051E+17
   32.3437500       5.71246765E+17
   32.4140625       5.53707802E+17
   32.4843750       5.36699491E+17
   32.5546875       5.20495748E+17
   32.6250000       5.05395845E+17
   32.6953125       4.91670951E+17
   32.7656250       4.79497605E+17
   32.8359375       4.68896148E+17
   32.9062500       3.48760656E+17
   32.9765625       3.49384251E+17
   33.0468750       3.50489638E+17
   33.1171875       3.51891309E+17
   33.1875000       3.53394685E+17
   33.2578125       3.54811097E+17
   33.3281250       3.55963660E+17
   33.3984375       3.56679888E+17
   33.4687500       3.56790905E+17
   33.5390625       3.56132710E+17
   33.6093750       3.54557247E+17
   33.6796875       3.51937214E+17
   33.7500000       3.48171764E+17
   33.8203125       3.43187094E+17
   33.8906250       3.36944582E+17
   33.9609375       3.29444848E+17
   34.0312500       3.20729913E+17
   34.1015625       3.10875540E+17
   34.1718750       1.86059770E+17
   34.2421875       1.76004839E+17
   34.3125000       1.65288209E+17
   34.3828125       1.53979182E+17
   34.4531250       1.42084467E+17
   34.5234375       1.29574276E+17
   34.5937500       1.16415638E+17
   34.6640625       1.02615350E+17
   34.7343750       0.00000000    
   34.8046875       0.00000000    
   34.8750000       0.00000000    
   34.9453125       0.00000000    
   35.0156250       0.00000000    
   35.0859375       0.00000000    
   35.1562500       0.00000000    
   35.2265625       0.00000000    
   35.2968750       0.00000000    
   35.3671875       0.00000000    
   35.4375000       0.00000000    
   35.5078125       0.00000000    
   35.5781250       0.00000000    
   35.6484375       0.00000000    
   35.7187500       0.00000000    
   35.7890625       0.00000000    
   35.8593750       0.00000000    
   35.9296875       0.00000000    
   36.0000000       0.00000000    
   36.0703125       0.00000000    
   36.1406250       0.00000000    
   36.2109375       0.00000000    
   36.2812500       0.00000000    
   36.3515625       0.00000000    
   36.4218750       0.00000000    
   36.4921875       0.00000000    
   36.5625000       0.00000000    
   36.6328125       0.00000000    
   36.7031250       0.00000000    
   36.7734375       0.00000000    
   36.8437500       0.00000000    
   36.9140625       0.00000000    
   36.9843750       0.00000000    
   37.0546875       0.00000000    
   37.1250000       0.00000000    
   37.1953125       0.00000000    
   37.2656250       0.00000000    
   37.3359375       0.00000000    
   37.4062500       0.00000000    
