2005 10 08 03 50 40.0 34.540 73.590
12. 3.361E+20 7.618 333 28 121 118 66 74
  -1.12500000       0.00000000    
  -1.05468750       0.00000000    
 -0.984375000       0.00000000    
 -0.914062500       0.00000000    
 -0.843750000       0.00000000    
 -0.773437500       0.00000000    
 -0.703125000       0.00000000    
 -0.632812500       0.00000000    
 -0.562500000       0.00000000    
 -0.492187500       0.00000000    
 -0.421875000       0.00000000    
 -0.351562500       0.00000000    
 -0.281250000       0.00000000    
 -0.210937500       0.00000000    
 -0.140625000       0.00000000    
  -7.03125000E-02   0.00000000    
   0.00000000       0.00000000    
   7.03125000E-02   1.09824052E+18
  0.140625000       1.10355680E+18
  0.210937500       1.11244209E+18
  0.281250000       1.12450373E+18
  0.351562500       1.14032818E+18
  0.421875000       1.16261865E+18
  0.492187500       1.19680370E+18
  0.562500000       1.25077502E+18
  0.632812500       1.33396187E+18
  0.703125000       1.45582885E+18
  0.773437500       1.62427595E+18
  0.843750000       1.84404785E+18
  0.914062500       2.11543728E+18
  0.984375000       2.43323737E+18
   1.05468750       2.78631667E+18
   1.12500000       3.15806650E+18
   1.19531250       3.52808982E+18
   1.26562500       3.87490960E+18
   1.33593750       4.17925524E+18
   1.40625000       4.42698813E+18
   1.47656250       4.61101779E+18
   1.54687500       4.73167682E+18
   1.61718750       4.79584542E+18
   1.68750000       4.81509952E+18
   1.75781250       4.80359808E+18
   1.82812500       4.77595855E+18
   1.89843750       4.74562248E+18
   1.96875000       4.72380597E+18
   2.03906250       4.71920286E+18
   2.10937500       4.73816394E+18
   2.17968750       4.78523788E+18
   2.25000000       4.86369518E+18
   2.32031250       4.97589760E+18
   2.39062500       5.12323875E+18
   2.46093750       5.30577088E+18
   2.53125000       5.52165009E+18
   2.60156250       5.76677851E+18
   2.67187500       6.03470585E+18
   2.74218750       6.31709727E+18
   2.81250000       6.60461956E+18
   2.88281250       6.88833425E+18
   2.95312500       7.16108405E+18
   3.02343750       7.41874965E+18
   3.09375000       7.66087530E+18
   3.16406250       7.89067708E+18
   3.23437500       8.11409455E+18
   3.30468750       8.33815797E+18
   3.37500000       8.56880143E+18
   3.44531250       8.80872256E+18
   3.51562500       9.05567122E+18
   3.58593750       9.30182769E+18
   3.65625000       9.53452943E+18
   3.72656250       9.73849433E+18
   3.79687500       9.89893727E+18
   3.86718750       1.00050215E+19
   3.93750000       1.00525841E+19
   4.00781250       1.00456660E+19
   4.07812500       9.99621326E+18
   4.14843750       9.92229200E+18
   4.21875000       9.84509528E+18
   4.28906250       9.78552704E+18
   4.35937500       9.76076054E+18
   4.42968750       9.78150393E+18
   4.50000000       9.85029048E+18
   4.57031250       9.96136314E+18
   4.64062500       1.01019863E+19
   4.71093750       1.02550537E+19
   4.78125000       1.04022200E+19
   4.85156250       1.05270718E+19
   4.92187500       1.06176034E+19
   4.99218750       1.06678917E+19
   5.06250000       1.06788714E+19
   5.13281250       1.06584832E+19
   5.20312500       1.06209756E+19
   5.27343750       1.05854800E+19
   5.34375000       1.05736383E+19
   5.41406250       1.06066412E+19
   5.48437500       1.07019150E+19
   5.55468750       1.08703657E+19
   5.62500000       1.11148212E+19
   5.69531250       1.14303228E+19
   5.76562500       1.18058775E+19
   5.83593750       1.22271004E+19
   5.90625000       1.26786478E+19
   5.97656250       1.31459963E+19
   6.04687500       1.36161717E+19
   6.11718750       1.40779061E+19
   6.18750000       1.45214425E+19
   6.25781250       1.49385983E+19
   6.32812500       1.53229524E+19
   6.39843750       1.56702892E+19
   6.46875000       1.59789254E+19
   6.53906250       1.62499858E+19
   6.60937500       1.64871087E+19
   6.67968750       1.66957003E+19
   6.75000000       1.68816860E+19
   6.82031250       1.70503489E+19
   6.89062500       1.72055450E+19
   6.96093750       1.73497756E+19
   7.03125000       1.74850342E+19
   7.10156250       1.76143225E+19
   7.17187500       1.77429247E+19
   7.24218750       1.78790156E+19
   7.31250000       1.80329396E+19
   7.38281250       1.82154849E+19
   7.45312500       1.84353828E+19
   7.52343750       1.86970017E+19
   7.59375000       1.89988243E+19
   7.66406250       1.93335552E+19
   7.73437500       1.96895616E+19
   7.80468750       2.00534142E+19
   7.87500000       2.04126225E+19
   7.94531250       2.07579109E+19
   8.01562500       2.10842790E+19
   8.08593750       2.13906623E+19
   8.15625000       2.16783737E+19
   8.22656250       2.19490866E+19
   8.29687500       2.22028121E+19
   8.36718750       2.24364891E+19
   8.43750000       2.26434238E+19
   8.50781250       2.28138261E+19
   8.57812500       2.29362941E+19
   8.64843750       2.30001692E+19
   8.71875000       2.29982186E+19
   8.78906250       2.29293012E+19
   8.85937500       2.28001218E+19
   8.92968750       2.26256337E+19
   9.00000000       2.24276733E+19
   9.07031250       2.22321581E+19
   9.14062500       2.20651841E+19
   9.21093750       2.19489877E+19
   9.28125000       2.18983882E+19
   9.35156250       2.19186038E+19
   9.42187500       2.20045614E+19
   9.49218750       2.21418794E+19
   9.56250000       2.23091239E+19
   9.63281250       2.24812283E+19
   9.70312500       2.26334557E+19
   9.77343750       2.27453683E+19
   9.84375000       2.28041284E+19
   9.91406250       2.28065716E+19
   9.98437500       2.27593211E+19
   10.0546875       2.26768094E+19
   10.1250000       2.25774663E+19
   10.1953125       2.24793283E+19
   10.2656250       2.23962096E+19
   10.3359375       2.23355254E+19
   10.4062500       2.22979881E+19
   10.4765625       2.22790435E+19
   10.5468750       2.22710698E+19
   10.6171875       2.22657636E+19
   10.6875000       2.22560109E+19
   10.7578125       2.22371807E+19
   10.8281250       2.22074785E+19
   10.8984375       2.21675266E+19
   10.9687500       2.21191921E+19
   11.0390625       2.20642781E+19
   11.1093750       2.20036290E+19
   11.1796875       2.19368952E+19
   11.2500000       2.18630806E+19
   11.3203125       2.17815980E+19
   11.3906250       2.16932655E+19
   11.4609375       2.16006404E+19
   11.5312500       2.15073490E+19
   11.6015625       2.14165602E+19
   11.6718750       2.13291138E+19
   11.7421875       2.12421842E+19
   11.8125000       2.11491369E+19
   11.8828125       2.10409494E+19
   11.9531250       2.09089069E+19
   12.0234375       2.07475601E+19
   12.0937500       2.05570148E+19
   12.1640625       2.03436919E+19
   12.2343750       2.01192750E+19
   12.3046875       1.98980422E+19
   12.3750000       1.96934517E+19
   12.4453125       1.95151857E+19
   12.5156250       1.93675719E+19
   12.5859375       1.92498054E+19
   12.6562500       1.91575629E+19
   12.7265625       1.90853734E+19
   12.7968750       1.90288057E+19
   12.8671875       1.89857467E+19
   12.9375000       1.89565986E+19
   13.0078125       1.89435166E+19
   13.0781250       1.89491439E+19
   13.1484375       1.89752485E+19
   13.2187500       1.90215468E+19
   13.2890625       1.90849710E+19
   13.3593750       1.91593815E+19
   13.4296875       1.92355381E+19
   13.5000000       1.93014143E+19
   13.5703125       1.93429692E+19
   13.6406250       1.93455882E+19
   13.7109375       1.92961036E+19
   13.7812500       1.91850134E+19
   13.8515625       1.90084428E+19
   13.9218750       1.87691913E+19
   13.9921875       1.84765342E+19
   14.0625000       1.81447896E+19
   14.1328125       1.77908733E+19
   14.2031250       1.74314418E+19
   14.2734375       1.70799060E+19
   14.3437500       1.67440074E+19
   14.4140625       1.64244387E+19
   14.4843750       1.61149966E+19
   14.5546875       1.58041338E+19
   14.6250000       1.54776921E+19
   14.6953125       1.51222277E+19
   14.7656250       1.47283409E+19
   14.8359375       1.42933235E+19
   14.9062500       1.38226006E+19
   14.9765625       1.33296313E+19
   15.0468750       1.28342826E+19
   15.1171875       1.23599939E+19
   15.1875000       1.19305478E+19
   15.2578125       1.15673461E+19
   15.3281250       1.12877183E+19
   15.3984375       1.11040647E+19
   15.4687500       1.10233803E+19
   15.5390625       1.10465503E+19
   15.6093750       1.11675802E+19
   15.6796875       1.13731537E+19
   15.7500000       1.16432201E+19
   15.8203125       1.19529624E+19
   15.8906250       1.22759341E+19
   15.9609375       1.25875895E+19
   16.0312500       1.28682960E+19
   16.1015625       1.31051901E+19
   16.1718750       1.32925579E+19
   16.2421875       1.34308732E+19
   16.3125000       1.35249056E+19
   16.3828125       1.35814447E+19
   16.4531250       1.36071777E+19
   16.5234375       1.36070358E+19
   16.5937500       1.35833326E+19
   16.6640625       1.35358546E+19
   16.7343750       1.34629503E+19
   16.8046875       1.33631444E+19
   16.8750000       1.32367159E+19
   16.9453125       1.30865589E+19
   17.0156250       1.29179807E+19
   17.0859375       1.27373958E+19
   17.1562500       1.25504832E+19
   17.2265625       1.23605019E+19
   17.2968750       1.21674925E+19
   17.3671875       1.19685920E+19
   17.4375000       1.17594726E+19
   17.5078125       1.15363894E+19
   17.5781250       1.12983110E+19
   17.6484375       1.10483030E+19
   17.7187500       1.07938540E+19
   17.7890625       1.05459933E+19
   17.8593750       1.03176005E+19
   17.9296875       1.01213036E+19
   18.0000000       9.96753250E+18
   18.0703125       9.86306460E+18
   18.1406250       9.81030564E+18
   18.2109375       9.80722700E+18
   18.2812500       9.84786605E+18
   18.3515625       9.92317820E+18
   18.4218750       1.00221134E+19
   18.4921875       1.01326660E+19
   18.5625000       1.02428953E+19
   18.6328125       1.03417953E+19
   18.7031250       1.04201553E+19
   18.7734375       1.04712694E+19
   18.8437500       1.04914432E+19
   18.9140625       1.04801655E+19
   18.9843750       1.04400234E+19
   19.0546875       1.03761572E+19
   19.1250000       1.02954443E+19
   19.1953125       1.02053250E+19
   19.2656250       1.01125416E+19
   19.3359375       1.00218253E+19
   19.4062500       9.93484402E+18
   19.4765625       9.84956040E+18
   19.5468750       9.76030864E+18
   19.6171875       9.65849277E+18
   19.6875000       9.53393459E+18
   19.7578125       9.37661207E+18
   19.8281250       9.17871647E+18
   19.8984375       8.93660731E+18
   19.9687500       8.65240829E+18
   20.0390625       8.33478027E+18
   20.1093750       7.99863813E+18
   20.1796875       7.66353392E+18
   20.2500000       7.35099280E+18
   20.3203125       7.08120233E+18
   20.3906250       6.86984266E+18
   20.4609375       6.72554495E+18
   20.5312500       6.64852141E+18
   20.6015625       6.63060212E+18
   20.6718750       6.65690189E+18
   20.7421875       6.70884172E+18
   20.8125000       6.76799655E+18
   20.8828125       6.81981708E+18
   20.9531250       6.85633956E+18
   21.0234375       6.87704171E+18
   21.0937500       6.88769048E+18
   21.1640625       6.89755145E+18
   21.2343750       6.91591659E+18
   21.3046875       6.94885906E+18
   21.3750000       6.99715236E+18
   21.4453125       7.05576128E+18
   21.5156250       7.11502551E+18
   21.5859375       7.16301424E+18
   21.6562500       7.18836183E+18
   21.7265625       7.18268725E+18
   21.7968750       7.14202786E+18
   21.8671875       7.06689493E+18
   21.9375000       6.96123736E+18
   22.0078125       6.83081824E+18
   22.0781250       6.68181957E+18
   22.1484375       6.52003523E+18
   22.2187500       6.35083194E+18
   22.2890625       6.17950989E+18
   22.3593750       6.01175135E+18
   22.4296875       5.85363223E+18
   22.5000000       5.71119105E+18
   22.5703125       5.58958616E+18
   22.6406250       5.49229808E+18
   22.7109375       5.42056374E+18
   22.7812500       5.37331607E+18
   22.8515625       5.34755672E+18
   22.9218750       5.33910862E+18
   22.9921875       5.34340166E+18
   23.0625000       5.35615490E+18
   23.1328125       5.37374708E+18
   23.2031250       5.39336457E+18
   23.2734375       5.41280778E+18
   23.3437500       5.43014708E+18
   23.4140625       5.44328624E+18
   23.4843750       5.44979590E+18
   23.5546875       5.44710540E+18
   23.6250000       5.43320867E+18
   23.6953125       5.40765272E+18
   23.7656250       5.37253597E+18
   23.8359375       5.33298489E+18
   23.9062500       5.29680821E+18
   23.9765625       5.27319564E+18
   24.0468750       5.27079926E+18
   24.1171875       5.29557950E+18
   24.1875000       5.34908998E+18
   24.2578125       5.42755773E+18
   24.3281250       5.52210089E+18
   24.3984375       5.61985902E+18
   24.4687500       5.70578640E+18
   24.5390625       5.76461467E+18
   24.6093750       5.78280114E+18
   24.6796875       5.75014400E+18
   24.7500000       5.66106212E+18
   24.8203125       5.51531910E+18
   24.8906250       5.31825693E+18
   24.9609375       5.08038309E+18
   25.0312500       4.81640849E+18
   25.1015625       4.54374884E+18
   25.1718750       4.28066925E+18
   25.2421875       4.04419316E+18
   25.3125000       3.84816728E+18
   25.3828125       3.70178764E+18
   25.4531250       3.60904824E+18
   25.5234375       3.56905927E+18
   25.5937500       3.57716185E+18
   25.6640625       3.62630260E+18
   25.7343750       3.70838114E+18
   25.8046875       3.81506538E+18
   25.8750000       3.93806390E+18
   25.9453125       4.06889479E+18
   26.0156250       4.19859620E+18
   26.0859375       4.31764555E+18
   26.1562500       4.41638994E+18
   26.2265625       4.48592525E+18
   26.2968750       4.51930643E+18
   26.3671875       4.51262497E+18
   26.4375000       4.46568214E+18
   26.5078125       4.38192492E+18
   26.5781250       4.26774449E+18
   26.6484375       4.13118157E+18
   26.7187500       3.98046684E+18
   26.7890625       3.82272678E+18
   26.8593750       3.66333635E+18
   26.9296875       3.50593549E+18
   27.0000000       3.35305939E+18
   27.0703125       3.20691973E+18
   27.1406250       3.07003410E+18
   27.2109375       2.94529176E+18
   27.2812500       2.83548628E+18
   27.3515625       2.74244616E+18
   27.4218750       2.66629288E+18
   27.4921875       2.60512733E+18
   27.5625000       2.55546403E+18
   27.6328125       2.51322162E+18
   27.7031250       2.47507737E+18
   27.7734375       2.43957001E+18
   27.8437500       2.40765889E+18
   27.9140625       2.38241355E+18
   27.9843750       2.36804403E+18
   28.0546875       2.36841127E+18
   28.1250000       2.38553121E+18
   28.1953125       2.41836263E+18
   28.2656250       2.46235629E+18
   28.3359375       2.50981314E+18
   28.4062500       2.55115312E+18
   28.4765625       2.57680418E+18
   28.5468750       2.57942926E+18
   28.6171875       2.55582935E+18
   28.6875000       2.50803165E+18
   28.7578125       2.44307470E+18
   28.8281250       2.37158418E+18
   28.8984375       2.30542547E+18
   28.9687500       2.25517105E+18
   29.0390625       2.22798412E+18
   29.1093750       2.22646762E+18
   29.1796875       2.24850664E+18
   29.2500000       2.28802199E+18
   29.3203125       2.33624725E+18
   29.3906250       2.38329096E+18
   29.4609375       2.41960563E+18
   29.5312500       2.43724949E+18
   29.6015625       2.43081707E+18
   29.6718750       2.39813327E+18
   29.7421875       2.34060160E+18
   29.8125000       2.26319790E+18
   29.8828125       2.17391508E+18
   29.9531250       2.08274798E+18
   30.0234375       2.00020943E+18
   30.0937500       1.93568775E+18
   30.1640625       1.89583650E+18
   30.2343750       1.88340899E+18
   30.3046875       1.89669549E+18
   30.3750000       1.92980591E+18
   30.4453125       1.97368247E+18
   30.5156250       2.01772437E+18
   30.5859375       2.05153119E+18
   30.6562500       2.06644373E+18
   30.7265625       2.05646979E+18
   30.7968750       2.01857017E+18
   30.8671875       1.95229340E+18
   30.9375000       1.85916820E+18
   31.0078125       1.74218263E+18
   31.0781250       1.60577475E+18
   31.1484375       0.00000000    
   31.2187500       0.00000000    
   31.2890625       0.00000000    
   31.3593750       0.00000000    
   31.4296875       0.00000000    
   31.5000000       0.00000000    
   31.5703125       0.00000000    
   31.6406250       0.00000000    
   31.7109375       0.00000000    
   31.7812500       0.00000000    
   31.8515625       0.00000000    
   31.9218750       0.00000000    
   31.9921875       0.00000000    
   32.0625000       0.00000000    
   32.1328125       0.00000000    
   32.2031250       0.00000000    
   32.2734375       0.00000000    
   32.3437500       0.00000000    
   32.4140625       0.00000000    
   32.4843750       0.00000000    
   32.5546875       0.00000000    
   32.6250000       0.00000000    
   32.6953125       0.00000000    
   32.7656250       0.00000000    
   32.8359375       0.00000000    
   32.9062500       0.00000000    
   32.9765625       0.00000000    
   33.0468750       0.00000000    
   33.1171875       0.00000000    
   33.1875000       0.00000000    
   33.2578125       0.00000000    
   33.3281250       0.00000000    
   33.3984375       0.00000000    
   33.4687500       0.00000000    
   33.5390625       0.00000000    
   33.6093750       0.00000000    
   33.6796875       0.00000000    
   33.7500000       0.00000000    
   33.8203125       0.00000000    
   33.8906250       0.00000000    
   33.9609375       0.00000000    
   34.0312500       0.00000000    
   34.1015625       0.00000000    
   34.1718750       0.00000000    
   34.2421875       0.00000000    
   34.3125000       0.00000000    
   34.3828125       0.00000000    
   34.4531250       0.00000000    
   34.5234375       0.00000000    
   34.5937500       0.00000000    
   34.6640625       0.00000000    
   34.7343750       0.00000000    
   34.8046875       0.00000000    
   34.8750000       0.00000000    
   34.9453125       0.00000000    
   35.0156250       0.00000000    
   35.0859375       0.00000000    
   35.1562500       0.00000000    
   35.2265625       0.00000000    
   35.2968750       0.00000000    
   35.3671875       0.00000000    
   35.4375000       0.00000000    
   35.5078125       0.00000000    
   35.5781250       0.00000000    
   35.6484375       0.00000000    
   35.7187500       0.00000000    
   35.7890625       0.00000000    
   35.8593750       0.00000000    
   35.9296875       0.00000000    
   36.0000000       0.00000000    
   36.0703125       0.00000000    
   36.1406250       0.00000000    
   36.2109375       0.00000000    
   36.2812500       0.00000000    
   36.3515625       0.00000000    
   36.4218750       0.00000000    
   36.4921875       0.00000000    
   36.5625000       0.00000000    
   36.6328125       0.00000000    
   36.7031250       0.00000000    
   36.7734375       0.00000000    
   36.8437500       0.00000000    
   36.9140625       0.00000000    
   36.9843750       0.00000000    
   37.0546875       0.00000000    
   37.1250000       0.00000000    
   37.1953125       0.00000000    
   37.2656250       0.00000000    
   37.3359375       0.00000000    
   37.4062500       0.00000000    
