1994 12 28 12 19 23.0 40.530 143.420
25. 4.615E+20 7.709 170 17 58 24 76 99
  -1.12500000       0.00000000    
  -1.05468750       0.00000000    
 -0.984375000       0.00000000    
 -0.914062500       0.00000000    
 -0.843750000       0.00000000    
 -0.773437500       0.00000000    
 -0.703125000       0.00000000    
 -0.632812500       0.00000000    
 -0.562500000       0.00000000    
 -0.492187500       0.00000000    
 -0.421875000       0.00000000    
 -0.351562500       0.00000000    
 -0.281250000       0.00000000    
 -0.210937500       0.00000000    
 -0.140625000       0.00000000    
  -7.03125000E-02   0.00000000    
   0.00000000       0.00000000    
   7.03125000E-02   7.71248789E+17
  0.140625000       7.80387449E+17
  0.210937500       7.95101182E+17
  0.281250000       8.15044674E+17
  0.351562500       8.39771866E+17
  0.421875000       8.68553713E+17
  0.492187500       9.00645502E+17
  0.562500000       9.35103372E+17
  0.632812500       9.71059739E+17
  0.703125000       1.00753734E+18
  0.773437500       1.04370914E+18
  0.843750000       1.07871100E+18
  0.914062500       1.11190381E+18
  0.984375000       1.14267605E+18
   1.05468750       1.17068466E+18
   1.12500000       1.19564729E+18
   1.19531250       1.21758048E+18
   1.26562500       1.23655737E+18
   1.33593750       1.25289048E+18
   1.40625000       1.26683503E+18
   1.47656250       1.27872804E+18
   1.54687500       1.28865154E+18
   1.61718750       1.29655593E+18
   1.68750000       1.30197913E+18
   1.75781250       1.30428619E+18
   1.82812500       1.30252367E+18
   1.89843750       1.29577225E+18
   1.96875000       1.28309447E+18
   2.03906250       1.26392861E+18
   2.10937500       1.23799512E+18
   2.17968750       1.20558536E+18
   2.25000000       1.16733940E+18
   2.32031250       1.12441886E+18
   2.39062500       1.07818571E+18
   2.46093750       1.03031125E+18
   2.53125000       9.82440165E+17
   2.60156250       9.36317370E+17
   2.67187500       8.93476068E+17
   2.74218750       8.55384587E+17
   2.81250000       8.23176249E+17
   2.88281250       7.97854084E+17
   2.95312500       7.80065910E+17
   3.02343750       7.70335026E+17
   3.09375000       7.68860306E+17
   3.16406250       7.75763384E+17
   3.23437500       7.90881875E+17
   3.30468750       8.13995602E+17
   3.37500000       8.44606350E+17
   3.44531250       8.82161063E+17
   3.51562500       9.25828648E+17
   3.58593750       9.74739461E+17
   3.65625000       1.02780650E+18
   3.72656250       1.08401862E+18
   3.79687500       1.14227218E+18
   3.86718750       1.20163495E+18
   3.93750000       1.26113310E+18
   4.00781250       1.31995807E+18
   4.07812500       1.37716525E+18
   4.14843750       1.43179146E+18
   4.21875000       1.48253338E+18
   4.28906250       1.52792795E+18
   4.35937500       1.56616086E+18
   4.42968750       1.59540896E+18
   4.50000000       1.61381754E+18
   4.57031250       1.61996711E+18
   4.64062500       1.61285684E+18
   4.71093750       1.59225309E+18
   4.78125000       1.55847912E+18
   4.85156250       1.51255059E+18
   4.92187500       1.45578721E+18
   4.99218750       1.38985114E+18
   5.06250000       1.31637793E+18
   5.13281250       1.23712637E+18
   5.20312500       1.15373404E+18
   5.27343750       1.06795667E+18
   5.34375000       9.81482353E+17
   5.41406250       8.96174751E+17
   5.48437500       8.13850604E+17
   5.55468750       7.36470893E+17
   5.62500000       6.65881284E+17
   5.69531250       6.03995822E+17
   5.76562500       5.52520398E+17
   5.83593750       5.13112012E+17
   5.90625000       4.87084270E+17
   5.97656250       4.75555959E+17
   6.04687500       4.79135660E+17
   6.11718750       4.98054681E+17
   6.18750000       5.31888750E+17
   6.25781250       5.79777635E+17
   6.32812500       6.40244040E+17
   6.39843750       7.11501533E+17
   6.46875000       7.91366347E+17
   6.53906250       8.77627707E+17
   6.60937500       9.67951557E+17
   6.67968750       1.06018265E+18
   6.75000000       1.15216312E+18
   6.82031250       1.24196861E+18
   6.89062500       1.32767184E+18
   6.96093750       1.40756400E+18
   7.03125000       1.47995076E+18
   7.10156250       1.54343835E+18
   7.17187500       1.59677030E+18
   7.24218750       1.63911043E+18
   7.31250000       1.66984975E+18
   7.38281250       1.68883529E+18
   7.45312500       1.69609014E+18
   7.52343750       1.69194760E+18
   7.59375000       1.67672665E+18
   7.66406250       1.65087740E+18
   7.73437500       1.61470471E+18
   7.80468750       1.56858322E+18
   7.87500000       1.51278561E+18
   7.94531250       1.44782138E+18
   8.01562500       1.37436370E+18
   8.08593750       1.29363563E+18
   8.15625000       1.20732754E+18
   8.22656250       1.11790261E+18
   8.29687500       1.02833021E+18
   8.36718750       9.42141758E+17
   8.43750000       8.62918510E+17
   8.50781250       7.94155808E+17
   8.57812500       7.38647239E+17
   8.64843750       6.98379618E+17
   8.71875000       6.74140197E+17
   8.78906250       6.65770027E+17
   8.85937500       6.72143209E+17
   8.92968750       6.91700978E+17
   9.00000000       7.22567156E+17
   9.07031250       7.63060245E+17
   9.14062500       8.11643816E+17
   9.21093750       8.67200283E+17
   9.28125000       9.28747370E+17
   9.35156250       9.95539197E+17
   9.42187500       1.06667519E+18
   9.49218750       1.14118731E+18
   9.56250000       1.21774431E+18
   9.63281250       1.29490392E+18
   9.70312500       1.37096634E+18
   9.77343750       1.44431737E+18
   9.84375000       1.51331750E+18
   9.91406250       1.57661268E+18
   9.98437500       1.63293530E+18
   10.0546875       1.68130034E+18
   10.1250000       1.72073185E+18
   10.1953125       1.75044766E+18
   10.2656250       1.76961710E+18
   10.3359375       1.77760945E+18
   10.4062500       1.77382410E+18
   10.4765625       1.75798481E+18
   10.5468750       1.72994205E+18
   10.6171875       1.68985303E+18
   10.6875000       1.63784283E+18
   10.7578125       1.57405645E+18
   10.8281250       1.49823014E+18
   10.8984375       1.40975093E+18
   10.9687500       1.30738695E+18
   11.0390625       1.18966471E+18
   11.1093750       1.05506799E+18
   11.1796875       9.03016874E+17
   11.2500000       7.34783142E+17
   11.3203125       5.55220833E+17
   11.3906250       3.74315917E+17
   11.4609375       2.09264276E+17
   11.5312500       8.59104957E+16
   11.6015625       2.04235337E+16
   11.6718750       0.00000000    
   11.7421875       0.00000000    
   11.8125000       0.00000000    
   11.8828125       0.00000000    
   11.9531250       0.00000000    
   12.0234375       0.00000000    
   12.0937500       0.00000000    
   12.1640625       0.00000000    
   12.2343750       0.00000000    
   12.3046875       0.00000000    
   12.3750000       0.00000000    
   12.4453125       0.00000000    
   12.5156250       0.00000000    
   12.5859375       0.00000000    
   12.6562500       0.00000000    
   12.7265625       0.00000000    
   12.7968750       0.00000000    
   12.8671875       0.00000000    
   12.9375000       0.00000000    
   13.0078125       0.00000000    
   13.0781250       0.00000000    
   13.1484375       0.00000000    
   13.2187500       0.00000000    
   13.2890625       0.00000000    
   13.3593750       0.00000000    
   13.4296875       0.00000000    
   13.5000000       0.00000000    
   13.5703125       0.00000000    
   13.6406250       0.00000000    
   13.7109375       0.00000000    
   13.7812500       0.00000000    
   13.8515625       0.00000000    
   13.9218750       0.00000000    
   13.9921875       0.00000000    
   14.0625000       0.00000000    
   14.1328125       0.00000000    
   14.2031250       0.00000000    
   14.2734375       0.00000000    
   14.3437500       0.00000000    
   14.4140625       0.00000000    
   14.4843750       0.00000000    
   14.5546875       0.00000000    
   14.6250000       0.00000000    
   14.6953125       0.00000000    
   14.7656250       0.00000000    
   14.8359375       0.00000000    
   14.9062500       0.00000000    
   14.9765625       0.00000000    
   15.0468750       0.00000000    
   15.1171875       0.00000000    
   15.1875000       0.00000000    
   15.2578125       0.00000000    
   15.3281250       0.00000000    
   15.3984375       0.00000000    
   15.4687500       0.00000000    
   15.5390625       0.00000000    
   15.6093750       0.00000000    
   15.6796875       0.00000000    
   15.7500000       0.00000000    
   15.8203125       0.00000000    
   15.8906250       0.00000000    
   15.9609375       4.83323783E+15
   16.0312500       2.60240336E+16
   16.1015625       6.95503510E+16
   16.1718750       1.32628186E+17
   16.2421875       2.03450247E+17
   16.3125000       2.74476242E+17
   16.3828125       3.41761646E+17
   16.4531250       4.03742216E+17
   16.5234375       4.60539619E+17
   16.5937500       5.12957737E+17
   16.6640625       5.62148238E+17
   16.7343750       6.09009458E+17
   16.8046875       6.54235188E+17
   16.8750000       6.98068456E+17
   16.9453125       7.40626634E+17
   17.0156250       7.81774345E+17
   17.0859375       8.21448161E+17
   17.1562500       8.59469891E+17
   17.2265625       8.95822495E+17
   17.2968750       9.30394439E+17
   17.3671875       9.63201598E+17
   17.4375000       9.94148658E+17
   17.5078125       1.02330915E+18
   17.5781250       1.05070974E+18
   17.6484375       1.07656461E+18
   17.7187500       1.10103459E+18
   17.7890625       1.12444615E+18
   17.8593750       1.14702242E+18
   17.9296875       1.16907635E+18
   18.0000000       1.19075254E+18
   18.0703125       1.21226173E+18
   18.1406250       1.23363775E+18
   18.2109375       1.25500071E+18
   18.2812500       1.27637948E+18
   18.3515625       1.29806927E+18
   18.4218750       1.32050742E+18
   18.4921875       1.34462782E+18
   18.5625000       1.37171910E+18
   18.6328125       1.40372767E+18
   18.7031250       1.44296374E+18
   18.7734375       1.49218049E+18
   18.8437500       1.55408492E+18
   18.9140625       1.63128658E+18
   18.9843750       1.72575263E+18
   19.0546875       1.83880222E+18
   19.1250000       1.97074760E+18
   19.1953125       2.12116835E+18
   19.2656250       2.28878381E+18
   19.3359375       2.47187971E+18
   19.4062500       2.66825908E+18
   19.4765625       2.87570202E+18
   19.5468750       3.09183357E+18
   19.6171875       3.31444097E+18
   19.6875000       3.54126032E+18
   19.7578125       3.77026413E+18
   19.8281250       3.99941225E+18
   19.8984375       4.22688526E+18
   19.9687500       4.45084094E+18
   20.0390625       4.66970670E+18
   20.1093750       4.88195367E+18
   20.1796875       5.08635893E+18
   20.2500000       5.28176524E+18
   20.3203125       5.46733861E+18
   20.3906250       5.64229290E+18
   20.4609375       5.80610639E+18
   20.5312500       5.95824197E+18
   20.6015625       6.09843849E+18
   20.6718750       6.22648872E+18
   20.7421875       6.34252623E+18
   20.8125000       6.44681051E+18
   20.8828125       6.54002106E+18
   20.9531250       6.62302594E+18
   21.0234375       6.69709674E+18
   21.0937500       6.76362434E+18
   21.1640625       6.82432947E+18
   21.2343750       6.88095762E+18
   21.3046875       6.93546756E+18
   21.3750000       6.98972736E+18
   21.4453125       7.04574033E+18
   21.5156250       7.10534595E+18
   21.5859375       7.17043924E+18
   21.6562500       7.24269585E+18
   21.7265625       7.32385575E+18
   21.7968750       7.41546046E+18
   21.8671875       7.51905315E+18
   21.9375000       7.63583997E+18
   22.0078125       7.76688472E+18
   22.0781250       7.91278441E+18
   22.1484375       8.07384198E+18
   22.2187500       8.24976604E+18
   22.2890625       8.43991778E+18
   22.3593750       8.64306629E+18
   22.4296875       8.85764808E+18
   22.5000000       9.08154383E+18
   22.5703125       9.31239949E+18
   22.6406250       9.54742780E+18
   22.7109375       9.78372824E+18
   22.7812500       1.00181188E+19
   22.8515625       1.02475550E+19
   22.9218750       1.04690318E+19
   22.9921875       1.06800006E+19
   23.0625000       1.08782338E+19
   23.1328125       1.10622107E+19
   23.2031250       1.12308934E+19
   23.2734375       1.13839157E+19
   23.3437500       1.15212040E+19
   23.4140625       1.16430981E+19
   23.4843750       1.17499816E+19
   23.5546875       1.18424351E+19
   23.6250000       1.19209666E+19
   23.6953125       1.19863513E+19
   23.7656250       1.20394632E+19
   23.8359375       1.20816086E+19
   23.9062500       1.21143202E+19
   23.9765625       1.21396507E+19
   24.0468750       1.21598751E+19
   24.1171875       1.21776179E+19
   24.1875000       1.21954377E+19
   24.2578125       1.22159172E+19
   24.3281250       1.22412929E+19
   24.3984375       1.22735558E+19
   24.4687500       1.23141091E+19
   24.5390625       1.23640061E+19
   24.6093750       1.24237403E+19
   24.6796875       1.24935791E+19
   24.7500000       1.25734047E+19
   24.8203125       1.26631326E+19
   24.8906250       1.27625636E+19
   24.9609375       1.28716946E+19
   25.0312500       1.29904418E+19
   25.1015625       1.31188527E+19
   25.1718750       1.32567754E+19
   25.2421875       1.34039549E+19
   25.3125000       1.35596370E+19
   25.3828125       1.37227429E+19
   25.4531250       1.38915774E+19
   25.5234375       1.40641303E+19
   25.5937500       1.42379026E+19
   25.6640625       1.44103445E+19
   25.7343750       1.45787160E+19
   25.8046875       1.47404201E+19
   25.8750000       1.48927333E+19
   25.9453125       1.50330529E+19
   26.0156250       1.51586238E+19
   26.0859375       1.52668333E+19
   26.1562500       1.53550955E+19
   26.2265625       1.54213719E+19
   26.2968750       1.54642418E+19
   26.3671875       1.54833766E+19
   26.4375000       1.54794085E+19
   26.5078125       1.54541681E+19
   26.5781250       1.54102998E+19
   26.6484375       1.53512043E+19
   26.7187500       1.52804705E+19
   26.7890625       1.52018159E+19
   26.8593750       1.51186202E+19
   26.9296875       1.50340436E+19
   27.0000000       1.49507248E+19
   27.0703125       1.48710795E+19
   27.1406250       1.47970933E+19
   27.2109375       1.47305993E+19
   27.2812500       1.46730080E+19
   27.3515625       1.46255552E+19
   27.4218750       1.45890284E+19
   27.4921875       1.45639661E+19
   27.5625000       1.45503596E+19
   27.6328125       1.45478934E+19
   27.7031250       1.45557692E+19
   27.7734375       1.45729689E+19
   27.8437500       1.45981114E+19
   27.9140625       1.46297961E+19
   27.9843750       1.46665000E+19
   28.0546875       1.47069554E+19
   28.1250000       1.47500024E+19
   28.1953125       1.47949251E+19
   28.2656250       1.48412310E+19
   28.3359375       1.48888047E+19
   28.4062500       1.49375032E+19
   28.4765625       1.49871956E+19
   28.5468750       1.50373443E+19
   28.6171875       1.50870950E+19
   28.6875000       1.51350227E+19
   28.7578125       1.51795255E+19
   28.8281250       1.52188671E+19
   28.8984375       1.52516985E+19
   28.9687500       1.52769785E+19
   29.0390625       1.52942837E+19
   29.1093750       1.53034701E+19
   29.1796875       1.53047236E+19
   29.2500000       1.52981111E+19
   29.3203125       1.52837130E+19
   29.3906250       1.52614259E+19
   29.4609375       1.52313202E+19
   29.5312500       1.51936080E+19
   29.6015625       1.51491262E+19
   29.6718750       1.50992875E+19
   29.7421875       1.50463471E+19
   29.8125000       1.49930549E+19
   29.8828125       1.49426060E+19
   29.9531250       1.48980714E+19
   30.0234375       1.48622911E+19
   30.0937500       1.48373366E+19
   30.1640625       1.48245954E+19
   30.2343750       1.48245152E+19
   30.3046875       1.48368902E+19
   30.3750000       1.48607320E+19
   30.4453125       1.48946530E+19
   30.5156250       1.49367533E+19
   30.5859375       1.49849438E+19
   30.6562500       1.50367429E+19
   30.7265625       1.50895931E+19
   30.7968750       1.51407006E+19
   30.8671875       1.51873243E+19
   30.9375000       1.52265934E+19
   31.0078125       1.52558338E+19
   31.0781250       1.52724870E+19
   31.1484375       1.52745090E+19
   31.2187500       1.52602725E+19
   31.2890625       1.52289562E+19
   31.3593750       1.51804447E+19
   31.4296875       1.51156164E+19
   31.5000000       1.50360865E+19
   31.5703125       1.49443641E+19
   31.6406250       1.48434400E+19
   31.7109375       1.47367576E+19
   31.7812500       1.46276685E+19
   31.8515625       1.45193974E+19
   31.9218750       1.44146623E+19
   31.9921875       1.43158107E+19
   32.0625000       1.42245963E+19
   32.1328125       1.41424804E+19
   32.2031250       1.40704965E+19
   32.2734375       1.40095374E+19
   32.3437500       1.39600934E+19
   32.4140625       1.39224659E+19
   32.4843750       1.38965131E+19
   32.5546875       1.38818819E+19
   32.6250000       1.38778532E+19
   32.6953125       1.38836994E+19
   32.7656250       1.38986637E+19
   32.8359375       1.39223153E+19
   32.9062500       1.39544155E+19
   32.9765625       1.39951294E+19
   33.0468750       1.40447294E+19
   33.1171875       1.41036325E+19
   33.1875000       1.41719297E+19
   33.2578125       1.42494277E+19
   33.3281250       1.43352919E+19
   33.3984375       1.44281951E+19
   33.4687500       1.45260604E+19
   33.5390625       1.46263040E+19
   33.6093750       1.47257021E+19
   33.6796875       1.48207493E+19
   33.7500000       1.49075855E+19
   33.8203125       1.49824512E+19
   33.8906250       1.50416951E+19
   33.9609375       1.50821945E+19
   34.0312500       1.51012556E+19
   34.1015625       1.50969247E+19
   34.1718750       1.50678173E+19
   34.2421875       1.50133398E+19
   34.3125000       1.49333899E+19
   34.3828125       1.48285405E+19
   34.4531250       1.46997734E+19
   34.5234375       1.45486928E+19
   34.5937500       1.43772888E+19
   34.6640625       1.41881816E+19
   34.7343750       1.39843772E+19
   34.8046875       1.37694194E+19
   34.8750000       1.35469629E+19
   34.9453125       1.33207274E+19
   35.0156250       1.30939707E+19
   35.0859375       1.28694351E+19
   35.1562500       1.26489236E+19
   35.2265625       1.24335348E+19
   35.2968750       1.22236655E+19
   35.3671875       1.20195346E+19
   35.4375000       1.18213179E+19
   35.5078125       1.16296389E+19
   35.5781250       1.14455576E+19
   35.6484375       1.12707913E+19
   35.7187500       1.11073687E+19
   35.7890625       1.09576251E+19
   35.8593750       1.08237607E+19
   35.9296875       1.07078524E+19
   36.0000000       1.06114923E+19
   36.0703125       1.05359657E+19
   36.1406250       1.04820787E+19
   36.2109375       1.04504116E+19
   36.2812500       1.04411120E+19
   36.3515625       1.04540774E+19
   36.4218750       1.04886405E+19
   36.4921875       1.05436656E+19
   36.5625000       1.06171460E+19
   36.6328125       1.07063175E+19
   36.7031250       1.08074230E+19
   36.7734375       1.09160295E+19
   36.8437500       1.10269823E+19
   36.9140625       1.11349643E+19
   36.9843750       1.12347021E+19
   37.0546875       1.13216822E+19
   37.1250000       1.13923951E+19
   37.1953125       1.14449672E+19
   37.2656250       1.14791246E+19
   37.3359375       1.14963781E+19
   37.4062500       1.14994579E+19
   37.4765625       1.14919900E+19
   37.5468750       1.14776732E+19
   37.6171875       1.14598776E+19
   37.6875000       1.14409979E+19
   37.7578125       1.14225118E+19
   37.8281250       1.14048867E+19
   37.8984375       1.13881521E+19
   37.9687500       1.13720432E+19
   38.0390625       1.13565532E+19
   38.1093750       1.13418550E+19
   38.1796875       1.13284354E+19
   38.2500000       1.13165486E+19
   38.3203125       1.13060791E+19
   38.3906250       1.12960163E+19
   38.4609375       1.12845715E+19
   38.5312500       1.12690992E+19
   38.6015625       1.12466944E+19
   38.6718750       1.12144985E+19
   38.7421875       1.11703828E+19
   38.8125000       1.11130268E+19
   38.8828125       1.10422380E+19
   38.9531250       1.09586180E+19
   39.0234375       1.08635212E+19
   39.0937500       1.07585003E+19
   39.1640625       1.06452264E+19
   39.2343750       1.05251223E+19
   39.3046875       1.03995548E+19
   39.3750000       1.02696695E+19
   39.4453125       1.01367671E+19
   39.5156250       1.00022166E+19
   39.5859375       9.86773313E+18
   39.6562500       9.73512433E+18
   39.7265625       9.60638141E+18
   39.7968750       9.48332407E+18
   39.8671875       9.36762246E+18
   39.9375000       9.26038929E+18
   40.0078125       9.16226173E+18
   40.0781250       9.07314631E+18
   40.1484375       8.99252297E+18
   40.2187500       8.91942634E+18
   40.2890625       8.85295647E+18
   40.3593750       8.79241955E+18
   40.4296875       8.73780901E+18
   40.5000000       8.68971472E+18
   40.5703125       8.64945665E+18
   40.6406250       8.61861535E+18
   40.7109375       8.59885548E+18
   40.7812500       8.59129744E+18
   40.8515625       8.59641511E+18
   40.9218750       8.61370658E+18
   40.9921875       8.64196348E+18
   41.0625000       8.67930125E+18
   41.1328125       8.72372866E+18
   41.2031250       8.77330839E+18
   41.2734375       8.82663691E+18
   41.3437500       8.88269166E+18
   41.4140625       8.94092234E+18
   41.4843750       9.00076876E+18
   41.5546875       9.06156791E+18
   41.6250000       9.12212406E+18
   41.6953125       9.18088801E+18
   41.7656250       9.23592186E+18
   41.8359375       9.28541198E+18
   41.9062500       9.32776297E+18
   41.9765625       9.36208642E+18
   42.0468750       9.38810637E+18
   42.1171875       9.40635496E+18
   42.1875000       9.41779208E+18
   42.2578125       9.42375913E+18
   42.3281250       9.42553814E+18
   42.3984375       9.42430999E+18
   42.4687500       9.42078935E+18
   42.5390625       9.41539515E+18
   42.6093750       9.40813177E+18
   42.6796875       9.39899703E+18
   42.7500000       9.38796563E+18
   42.8203125       9.37542680E+18
   42.8906250       9.36211831E+18
   42.9609375       9.34935738E+18
   43.0312500       9.33874049E+18
   43.1015625       9.33216102E+18
   43.1718750       9.33136827E+18
   43.2421875       9.33791586E+18
   43.3125000       9.35269330E+18
   43.3828125       9.37595456E+18
   43.4531250       9.40705865E+18
   43.5234375       9.44474881E+18
   43.5937500       9.48708770E+18
   43.6640625       9.53194008E+18
   43.7343750       9.57707393E+18
   43.8046875       9.62068386E+18
   43.8750000       9.66140647E+18
   43.9453125       9.69863154E+18
   44.0156250       9.73223262E+18
   44.0859375       9.76253735E+18
   44.1562500       9.78977666E+18
   44.2265625       9.81396811E+18
   44.2968750       9.83449929E+18
   44.3671875       9.85028168E+18
   44.4375000       9.85961544E+18
   44.5078125       9.86061159E+18
   44.5781250       9.85128224E+18
   44.6484375       9.83001878E+18
   44.7187500       9.79557658E+18
   44.7890625       9.74742127E+18
   44.8593750       9.68556824E+18
   44.9296875       9.61077506E+18
   45.0000000       9.52424460E+18
   45.0703125       9.42772617E+18
   45.1406250       9.32317031E+18
   45.2109375       9.21280793E+18
   45.2812500       9.09877538E+18
   45.3515625       8.98320681E+18
   45.4218750       8.86796370E+18
   45.4921875       8.75484319E+18
   45.5625000       8.64542310E+18
   45.6328125       8.54138126E+18
   45.7031250       8.44443567E+18
   45.7734375       8.35664351E+18
   45.8437500       8.28017303E+18
   45.9140625       8.21737552E+18
   45.9843750       8.17032027E+18
   46.0546875       8.14066754E+18
   46.1250000       8.12911058E+18
   46.1953125       8.13533986E+18
   46.2656250       8.15777430E+18
   46.3359375       8.19388281E+18
   46.4062500       8.24026021E+18
   46.4765625       8.29326272E+18
   46.5468750       8.34928008E+18
   46.6171875       8.40538321E+18
   46.6875000       8.45938298E+18
   46.7578125       8.51016557E+18
   46.8281250       8.55741049E+18
   46.8984375       8.60160536E+18
   46.9687500       8.64354953E+18
   47.0390625       8.68430568E+18
   47.1093750       8.72480399E+18
   47.1796875       8.76594221E+18
   47.2500000       8.80832454E+18
   47.3203125       8.85246718E+18
   47.3906250       8.89859224E+18
   47.4609375       8.94682727E+18
   47.5312500       8.99694191E+18
   47.6015625       9.04852550E+18
   47.6718750       9.10076604E+18
   47.7421875       9.15267839E+18
   47.8125000       9.20293376E+18
   47.8828125       9.25016494E+18
   47.9531250       9.29287437E+18
   48.0234375       9.32980696E+18
   48.0937500       9.35987860E+18
   48.1640625       9.38258022E+18
   48.2343750       9.39793380E+18
   48.3046875       9.40684974E+18
   48.3750000       9.41098390E+18
   48.4453125       9.41291685E+18
   48.5156250       9.41580526E+18
   48.5859375       9.42330173E+18
   48.6562500       9.43889721E+18
   48.7265625       9.46564393E+18
   48.7968750       9.50549902E+18
   48.8671875       9.55916839E+18
   48.9375000       9.62575151E+18
   49.0078125       9.70306807E+18
   49.0781250       9.78783052E+18
   49.1484375       9.87640168E+18
   49.2187500       9.96512677E+18
   49.2890625       1.00510393E+19
   49.3593750       1.01319634E+19
   49.4296875       1.02068632E+19
   49.5000000       1.02755530E+19
   49.5703125       1.03387210E+19
   49.6406250       1.03974459E+19
   49.7109375       1.04530911E+19
   49.7812500       1.05068089E+19
   49.8515625       1.05595370E+19
   49.9218750       1.06116638E+19
   49.9921875       1.06632078E+19
   50.0625000       1.07136094E+19
   50.1328125       1.07620220E+19
   50.2031250       1.08072152E+19
   50.2734375       1.08479115E+19
   50.3437500       1.08826615E+19
   50.4140625       1.09101394E+19
   50.4843750       1.09290059E+19
   50.5546875       1.09381847E+19
   50.6250000       1.09367113E+19
   50.6953125       1.09240713E+19
   50.7656250       1.09001328E+19
   50.8359375       1.08654971E+19
   50.9062500       1.08213363E+19
   50.9765625       1.07695449E+19
   51.0468750       1.07123813E+19
   51.1171875       1.06524007E+19
   51.1875000       1.05919254E+19
   51.2578125       1.05329674E+19
   51.3281250       1.04768637E+19
   51.3984375       1.04244016E+19
   51.4687500       1.03755866E+19
   51.5390625       1.03298623E+19
   51.6093750       1.02859511E+19
   51.6796875       1.02421102E+19
   51.7500000       1.01960187E+19
   51.8203125       1.01451597E+19
   51.8906250       1.00868757E+19
   51.9609375       1.00188577E+19
   52.0312500       9.93917280E+18
   52.1015625       9.84665109E+18
   52.1718750       9.74079011E+18
   52.2421875       9.62197689E+18
   52.3125000       9.49120097E+18
   52.3828125       9.35010285E+18
   52.4531250       9.20058851E+18
   52.5234375       9.04480310E+18
   52.5937500       8.88469827E+18
   52.6640625       8.72206235E+18
   52.7343750       8.55824502E+18
   52.8046875       8.39441064E+18
   52.8750000       8.23141848E+18
   52.9453125       8.07016576E+18
   53.0156250       7.91147270E+18
   53.0859375       7.75629642E+18
   53.1562500       7.60543573E+18
   53.2265625       7.45960255E+18
   53.2968750       7.31916248E+18
   53.3671875       7.18432497E+18
   53.4375000       7.05500921E+18
   53.5078125       6.93115363E+18
   53.5781250       6.81269114E+18
   53.6484375       6.69989499E+18
   53.7187500       6.59327700E+18
   53.7890625       6.49380254E+18
   53.8593750       6.40264532E+18
   53.9296875       6.32124188E+18
   54.0000000       6.25087259E+18
   54.0703125       6.19263091E+18
   54.1406250       6.14705065E+18
   54.2109375       6.11419615E+18
   54.2812500       6.09344781E+18
   54.3515625       6.08378255E+18
   54.4218750       6.08373418E+18
   54.4921875       6.09178425E+18
   54.5625000       6.10633244E+18
   54.6328125       6.12603349E+18
   54.7031250       6.14971257E+18
   54.7734375       6.17661322E+18
   54.8437500       6.20618349E+18
   54.9140625       6.23822106E+18
   54.9843750       6.27258025E+18
   55.0546875       6.30928854E+18
   55.1250000       6.34824259E+18
   55.1953125       6.38933244E+18
   55.2656250       6.43220020E+18
   55.3359375       6.47642585E+18
   55.4062500       6.52136674E+18
   55.4765625       6.56641813E+18
   55.5468750       6.61094780E+18
   55.6171875       6.65458302E+18
   55.6875000       6.69705551E+18
   55.7578125       6.73837515E+18
   55.8281250       6.77859969E+18
   55.8984375       6.81795286E+18
   55.9687500       6.85655891E+18
   56.0390625       6.89457892E+18
   56.1093750       6.93198046E+18
   56.1796875       6.96873988E+18
   56.2500000       7.00465378E+18
   56.3203125       7.03960066E+18
   56.3906250       7.07340294E+18
   56.4609375       7.10606833E+18
   56.5312500       7.13752041E+18
   56.6015625       7.16770311E+18
   56.6718750       7.19625358E+18
   56.7421875       7.22266824E+18
   56.8125000       7.24614996E+18
   56.8828125       7.26601539E+18
   56.9531250       7.28175930E+18
   57.0234375       7.29347294E+18
   57.0937500       7.30170224E+18
   57.1640625       7.30755054E+18
   57.2343750       7.31224601E+18
   57.3046875       7.31707561E+18
   57.3750000       7.32292996E+18
   57.4453125       7.33041269E+18
   57.5156250       7.33966892E+18
   57.5859375       7.35074815E+18
   57.6562500       7.36356021E+18
   57.7265625       7.37823155E+18
   57.7968750       7.39497326E+18
   57.8671875       7.41424495E+18
   57.9375000       7.43640286E+18
   58.0078125       7.46168228E+18
   58.0781250       7.48981109E+18
   58.1484375       7.52009384E+18
   58.2187500       7.55116219E+18
   58.2890625       7.58125527E+18
   58.3593750       7.60816966E+18
   58.4296875       7.62967611E+18
   58.5000000       7.64351182E+18
   58.5703125       7.64776858E+18
   58.6406250       7.64084550E+18
   58.7109375       7.62176128E+18
   58.7812500       7.59000573E+18
   58.8515625       7.54576743E+18
   58.9218750       7.48973632E+18
   58.9921875       7.42323236E+18
   59.0625000       7.34783830E+18
   59.1328125       7.26532380E+18
   59.2031250       7.17715671E+18
   59.2734375       7.08441510E+18
   59.3437500       6.98740794E+18
   59.4140625       6.88589498E+18
   59.4843750       6.77910711E+18
   59.5546875       6.66626698E+18
   59.6250000       6.54667200E+18
   59.6953125       6.42003465E+18
   59.7656250       6.28628786E+18
   59.8359375       6.14570045E+18
   59.9062500       5.99857920E+18
   59.9765625       5.84543922E+18
   60.0468750       5.68689624E+18
   60.1171875       5.52399260E+18
   60.1875000       5.35812742E+18
   60.2578125       5.19132601E+18
   60.3281250       5.02607326E+18
   60.3984375       4.86544011E+18
   60.4687500       4.71270530E+18
   60.5390625       4.57129491E+18
   60.6093750       4.44428757E+18
   60.6796875       4.33431552E+18
   60.7500000       4.24307200E+18
   60.8203125       4.17126592E+18
   60.8906250       4.11826918E+18
   60.9609375       4.08223214E+18
   61.0312500       4.05991810E+18
   61.1015625       4.04705739E+18
   61.1718750       4.03850923E+18
   61.2421875       4.02896245E+18
   61.3125000       4.01334526E+18
   61.3828125       3.98761669E+18
   61.4531250       3.94906946E+18
   61.5234375       3.89679648E+18
   61.5937500       3.83147119E+18
   61.6640625       3.75525277E+18
   61.7343750       3.67114233E+18
   61.8046875       3.58268937E+18
   61.8750000       3.49337494E+18
   61.9453125       3.40654211E+18
   62.0156250       3.32508259E+18
   62.0859375       3.25161213E+18
   62.1562500       3.18823270E+18
   62.2265625       3.13662300E+18
   62.2968750       3.09769672E+18
   62.3671875       3.07164406E+18
   62.4375000       3.05765910E+18
   62.5078125       3.05422367E+18
   62.5781250       3.05918907E+18
   62.6484375       3.07037660E+18
   62.7187500       3.08577554E+18
   62.7890625       3.10402166E+18
   62.8593750       3.12429198E+18
   62.9296875       3.14638721E+18
   63.0000000       3.17026751E+18
   63.0703125       3.19595567E+18
   63.1406250       3.22316089E+18
   63.2109375       3.25148018E+18
   63.2812500       3.28040943E+18
   63.3515625       3.30986920E+18
   63.4218750       3.34033529E+18
   63.4921875       3.37317990E+18
   63.5625000       3.41032745E+18
   63.6328125       3.45405888E+18
   63.7031250       3.50630987E+18
   63.7734375       3.56846939E+18
   63.8437500       3.64097558E+18
   63.9140625       3.72355358E+18
   63.9843750       3.81520859E+18
   64.0546875       3.91466464E+18
   64.1250000       4.02034448E+18
   64.1953125       4.13068212E+18
   64.2656250       4.24396865E+18
   64.3359375       4.35857294E+18
   64.4062500       4.47276767E+18
   64.4765625       4.58501516E+18
   64.5468750       4.69391190E+18
   64.6171875       4.79854747E+18
   64.6875000       4.89840347E+18
   64.7578125       4.99354366E+18
   64.8281250       5.08429075E+18
   64.8984375       5.17118241E+18
   64.9687500       5.25448031E+18
   65.0390625       5.33411079E+18
   65.1093750       5.40932013E+18
   65.1796875       5.47888238E+18
   65.2500000       5.54100369E+18
   65.3203125       5.59369779E+18
   65.3906250       5.63474640E+18
   65.4609375       5.66200989E+18
   65.5312500       5.67327769E+18
   65.6015625       5.66654758E+18
   65.6718750       5.64002021E+18
   65.7421875       5.59264335E+18
   65.8125000       5.52436533E+18
   65.8828125       5.43679143E+18
   65.9531250       5.33326361E+18
   66.0234375       5.21894739E+18
   66.0937500       5.09998133E+18
   66.1640625       4.98258428E+18
   66.2343750       4.87157428E+18
   66.3046875       4.76953081E+18
   66.3750000       4.67617952E+18
   66.4453125       4.58904900E+18
   66.5156250       4.50445587E+18
   66.5859375       4.41919369E+18
   66.6562500       4.33155025E+18
   66.7265625       4.24209700E+18
   66.7968750       4.15339116E+18
   66.8671875       4.06953608E+18
   66.9375000       3.99513212E+18
   67.0078125       3.93463177E+18
   67.0781250       3.89152047E+18
   67.1484375       3.86811819E+18
   67.2187500       3.86520723E+18
   67.2890625       3.88223482E+18
   67.3593750       3.91726938E+18
   67.4296875       3.96745769E+18
   67.5000000       4.02912957E+18
   67.5703125       4.09832212E+18
   67.6406250       4.17091627E+18
   67.7109375       4.24314401E+18
   67.7812500       4.31167547E+18
   67.8515625       4.37404637E+18
   67.9218750       4.42861513E+18
   67.9921875       4.47478555E+18
   68.0625000       4.51267445E+18
   68.1328125       4.54307842E+18
   68.2031250       4.56702028E+18
   68.2734375       4.58573754E+18
   68.3437500       4.60032229E+18
   68.4140625       4.61181081E+18
   68.4843750       4.62085595E+18
   68.5546875       4.62777022E+18
   68.6250000       4.63209350E+18
   68.6953125       4.63260313E+18
   68.7656250       4.62703135E+18
   68.8359375       4.61240840E+18
   68.9062500       4.58525293E+18
   68.9765625       4.54240084E+18
   69.0468750       4.48162012E+18
   69.1171875       4.40258090E+18
   69.1875000       4.30715621E+18
   69.2578125       4.19962974E+18
   69.3281250       4.08595563E+18
   69.3984375       3.97294645E+18
   69.4687500       3.86688646E+18
   69.5390625       3.77275370E+18
   69.6093750       3.69356660E+18
   69.6796875       3.63071356E+18
   69.7500000       3.58431857E+18
   69.8203125       3.55415814E+18
   69.8906250       3.54006020E+18
   69.9609375       3.54238347E+18
   70.0312500       3.56173130E+18
   70.1015625       3.59878622E+18
   70.1718750       3.65364690E+18
   70.2421875       3.72562643E+18
   70.3125000       3.81284079E+18
   70.3828125       3.91246342E+18
   70.4531250       4.02085327E+18
   70.5234375       4.13425223E+18
   70.5937500       4.24909760E+18
   70.6640625       4.36260815E+18
   70.7343750       4.47275750E+18
   70.8046875       4.57839638E+18
   70.8750000       4.67879471E+18
   70.9453125       4.77352094E+18
   71.0156250       4.86198159E+18
   71.0859375       4.94344826E+18
   71.1562500       5.01675820E+18
   71.2265625       5.08048369E+18
   71.2968750       5.13277866E+18
   71.3671875       5.17171127E+18
   71.4375000       5.19528150E+18
   71.5078125       5.20193355E+18
   71.5781250       5.19071853E+18
   71.6484375       5.16178213E+18
   71.7187500       5.11626345E+18
   71.7890625       5.05635711E+18
   71.8593750       4.98477285E+18
   71.9296875       4.90445298E+18
   72.0000000       4.81789393E+18
   72.0703125       4.72698905E+18
   72.1406250       4.63273947E+18
   72.2109375       4.53559322E+18
   72.2812500       4.43556047E+18
   72.3515625       4.33275421E+18
   72.4218750       4.22748340E+18
   72.4921875       4.12057431E+18
   72.5625000       4.01312041E+18
   72.6328125       3.90647630E+18
   72.7031250       3.80182121E+18
   72.7734375       3.70013123E+18
   72.8437500       3.60182445E+18
   72.9140625       3.50692890E+18
   72.9843750       3.41498636E+18
   73.0546875       3.32545945E+18
   73.1250000       3.23777257E+18
   73.1953125       3.15173441E+18
   73.2656250       3.06750495E+18
   73.3359375       2.98582938E+18
   73.4062500       2.90774646E+18
   73.4765625       2.83456214E+18
   73.5468750       2.76742431E+18
   73.6171875       2.70730494E+18
   73.6875000       2.65466500E+18
   73.7578125       2.60957705E+18
   73.8281250       2.57154302E+18
   73.8984375       2.53971490E+18
   73.9687500       2.51268891E+18
   74.0390625       2.48868657E+18
   74.1093750       2.46539452E+18
   74.1796875       2.44030778E+18
   74.2500000       2.41079799E+18
   74.3203125       2.37464440E+18
   74.3906250       2.33017877E+18
   74.4609375       2.27668506E+18
   74.5312500       2.21421425E+18
   74.6015625       2.14357227E+18
   74.6718750       2.06584573E+18
   74.7421875       1.98232326E+18
   74.8125000       1.89414050E+18
   74.8828125       1.80242543E+18
   74.9531250       1.70815564E+18
   75.0234375       1.61237773E+18
   75.0937500       1.51593338E+18
   75.1640625       1.41945288E+18
   75.2343750       1.32292428E+18
   75.3046875       1.22571797E+18
   75.3750000       1.12636754E+18
   75.4453125       0.00000000    
   75.5156250       0.00000000    
   75.5859375       0.00000000    
   75.6562500       0.00000000    
   75.7265625       0.00000000    
   75.7968750       0.00000000    
   75.8671875       0.00000000    
   75.9375000       0.00000000    
   76.0078125       0.00000000    
   76.0781250       0.00000000    
   76.1484375       0.00000000    
   76.2187500       0.00000000    
   76.2890625       0.00000000    
   76.3593750       0.00000000    
   76.4296875       0.00000000    
   76.5000000       0.00000000    
   76.5703125       0.00000000    
   76.6406250       0.00000000    
   76.7109375       0.00000000    
   76.7812500       0.00000000    
   76.8515625       0.00000000    
   76.9218750       0.00000000    
   76.9921875       0.00000000    
   77.0625000       0.00000000    
   77.1328125       0.00000000    
   77.2031250       0.00000000    
   77.2734375       0.00000000    
   77.3437500       0.00000000    
   77.4140625       0.00000000    
   77.4843750       0.00000000    
   77.5546875       0.00000000    
   77.6250000       0.00000000    
   77.6953125       0.00000000    
   77.7656250       0.00000000    
   77.8359375       0.00000000    
   77.9062500       0.00000000    
   77.9765625       0.00000000    
   78.0468750       0.00000000    
   78.1171875       0.00000000    
   78.1875000       0.00000000    
   78.2578125       0.00000000    
   78.3281250       0.00000000    
   78.3984375       0.00000000    
   78.4687500       0.00000000    
   78.5390625       0.00000000    
   78.6093750       0.00000000    
   78.6796875       0.00000000    
   78.7500000       0.00000000    
   78.8203125       0.00000000    
   78.8906250       0.00000000    
   78.9609375       0.00000000    
   79.0312500       0.00000000    
   79.1015625       0.00000000    
   79.1718750       0.00000000    
   79.2421875       0.00000000    
   79.3125000       0.00000000    
   79.3828125       0.00000000    
   79.4531250       0.00000000    
   79.5234375       0.00000000    
   79.5937500       0.00000000    
   79.6640625       0.00000000    
   79.7343750       0.00000000    
   79.8046875       0.00000000    
   79.8750000       0.00000000    
   79.9453125       0.00000000    
   80.0156250       0.00000000    
   80.0859375       0.00000000    
   80.1562500       0.00000000    
   80.2265625       0.00000000    
   80.2968750       0.00000000    
   80.3671875       0.00000000    
   80.4375000       0.00000000    
   80.5078125       0.00000000    
   80.5781250       0.00000000    
   80.6484375       0.00000000    
   80.7187500       0.00000000    
   80.7890625       0.00000000    
   80.8593750       0.00000000    
   80.9296875       0.00000000    
   81.0000000       0.00000000    
   81.0703125       0.00000000    
   81.1406250       0.00000000    
   81.2109375       0.00000000    
   81.2812500       0.00000000    
   81.3515625       0.00000000    
   81.4218750       0.00000000    
   81.4921875       0.00000000    
   81.5625000       0.00000000    
   81.6328125       0.00000000    
   81.7031250       0.00000000    
   81.7734375       0.00000000    
   81.8437500       0.00000000    
   81.9140625       0.00000000    
   81.9843750       0.00000000    
   82.0546875       0.00000000    
   82.1250000       0.00000000    
   82.1953125       0.00000000    
   82.2656250       0.00000000    
   82.3359375       0.00000000    
   82.4062500       0.00000000    
   82.4765625       0.00000000    
   82.5468750       0.00000000    
   82.6171875       0.00000000    
   82.6875000       0.00000000    
   82.7578125       0.00000000    
   82.8281250       0.00000000    
   82.8984375       0.00000000    
   82.9687500       0.00000000    
   83.0390625       0.00000000    
   83.1093750       0.00000000    
   83.1796875       0.00000000    
   83.2500000       0.00000000    
   83.3203125       0.00000000    
   83.3906250       0.00000000    
   83.4609375       0.00000000    
   83.5312500       0.00000000    
   83.6015625       0.00000000    
   83.6718750       0.00000000    
   83.7421875       0.00000000    
   83.8125000       0.00000000    
   83.8828125       0.00000000    
   83.9531250       0.00000000    
   84.0234375       0.00000000    
   84.0937500       0.00000000    
   84.1640625       0.00000000    
   84.2343750       0.00000000    
   84.3046875       0.00000000    
   84.3750000       0.00000000    
   84.4453125       0.00000000    
   84.5156250       0.00000000    
   84.5859375       0.00000000    
   84.6562500       0.00000000    
   84.7265625       0.00000000    
   84.7968750       0.00000000    
   84.8671875       0.00000000    
   84.9375000       0.00000000    
   85.0078125       0.00000000    
   85.0781250       0.00000000    
   85.1484375       0.00000000    
   85.2187500       0.00000000    
   85.2890625       0.00000000    
   85.3593750       0.00000000    
   85.4296875       0.00000000    
   85.5000000       0.00000000    
   85.5703125       0.00000000    
   85.6406250       0.00000000    
   85.7109375       0.00000000    
   85.7812500       0.00000000    
   85.8515625       0.00000000    
   85.9218750       0.00000000    
   85.9921875       0.00000000    
   86.0625000       0.00000000    
   86.1328125       0.00000000    
   86.2031250       0.00000000    
   86.2734375       0.00000000    
   86.3437500       0.00000000    
   86.4140625       0.00000000    
   86.4843750       0.00000000    
   86.5546875       0.00000000    
   86.6250000       0.00000000    
   86.6953125       0.00000000    
   86.7656250       0.00000000    
   86.8359375       0.00000000    
   86.9062500       0.00000000    
   86.9765625       0.00000000    
   87.0468750       0.00000000    
   87.1171875       0.00000000    
   87.1875000       0.00000000    
   87.2578125       0.00000000    
   87.3281250       0.00000000    
   87.3984375       0.00000000    
   87.4687500       0.00000000    
   87.5390625       0.00000000    
   87.6093750       0.00000000    
   87.6796875       0.00000000    
   87.7500000       0.00000000    
   87.8203125       0.00000000    
   87.8906250       0.00000000    
   87.9609375       0.00000000    
   88.0312500       0.00000000    
   88.1015625       0.00000000    
   88.1718750       0.00000000    
   88.2421875       0.00000000    
   88.3125000       0.00000000    
   88.3828125       0.00000000    
   88.4531250       0.00000000    
   88.5234375       0.00000000    
   88.5937500       0.00000000    
   88.6640625       0.00000000    
   88.7343750       0.00000000    
   88.8046875       0.00000000    
   88.8750000       0.00000000    
   88.9453125       0.00000000    
   89.0156250       0.00000000    
   89.0859375       0.00000000    
   89.1562500       0.00000000    
   89.2265625       0.00000000    
   89.2968750       0.00000000    
   89.3671875       0.00000000    
   89.4375000       0.00000000    
   89.5078125       0.00000000    
   89.5781250       0.00000000    
   89.6484375       0.00000000    
   89.7187500       0.00000000    
   89.7890625       0.00000000    
   89.8593750       0.00000000    
   89.9296875       0.00000000    
   90.0000000       0.00000000    
   90.0703125       0.00000000    
   90.1406250       0.00000000    
   90.2109375       0.00000000    
   90.2812500       0.00000000    
   90.3515625       0.00000000    
   90.4218750       0.00000000    
   90.4921875       0.00000000    
   90.5625000       0.00000000    
