2010 04 06 22 15 01.0 2.380 97.050
22. 4.938E+20 7.729 296 14 74 132 77 94
  -1.12500000       0.00000000    
  -1.05468750       0.00000000    
 -0.984375000       0.00000000    
 -0.914062500       0.00000000    
 -0.843750000       0.00000000    
 -0.773437500       0.00000000    
 -0.703125000       0.00000000    
 -0.632812500       0.00000000    
 -0.562500000       0.00000000    
 -0.492187500       0.00000000    
 -0.421875000       0.00000000    
 -0.351562500       0.00000000    
 -0.281250000       0.00000000    
 -0.210937500       0.00000000    
 -0.140625000       0.00000000    
  -7.03125000E-02   0.00000000    
   0.00000000       0.00000000    
   7.03125000E-02   7.16649103E+17
  0.140625000       1.04836977E+18
  0.210937500       1.37637470E+18
  0.281250000       1.68183443E+18
  0.351562500       1.95432598E+18
  0.421875000       2.18948994E+18
  0.492187500       2.38687894E+18
  0.562500000       2.54837741E+18
  0.632812500       2.67692736E+18
  0.703125000       2.77577016E+18
  0.773437500       2.84792148E+18
  0.843750000       2.89607350E+18
  0.914062500       2.92257695E+18
  0.984375000       2.92958991E+18
   1.05468750       2.91905631E+18
   1.12500000       2.89275544E+18
   1.19531250       2.85218731E+18
   1.26562500       2.79858860E+18
   1.33593750       2.73287793E+18
   1.40625000       2.65586511E+18
   1.47656250       2.56842838E+18
   1.54687500       2.47185662E+18
   1.61718750       2.36797009E+18
   1.68750000       2.25924942E+18
   1.75781250       2.14864116E+18
   1.82812500       2.03935877E+18
   1.89843750       1.93449753E+18
   1.96875000       1.83686790E+18
   2.03906250       1.74886711E+18
   2.10937500       1.67259990E+18
   2.17968750       1.60998643E+18
   2.25000000       1.56304195E+18
   2.32031250       1.53397788E+18
   2.39062500       1.52523621E+18
   2.46093750       1.53914530E+18
   2.53125000       1.57755262E+18
   2.60156250       1.64128141E+18
   2.67187500       1.72986233E+18
   2.74218750       1.84139514E+18
   2.81250000       1.97288175E+18
   2.88281250       2.12066945E+18
   2.95312500       2.28106785E+18
   3.02343750       2.45075974E+18
   3.09375000       2.62714615E+18
   3.16406250       2.80837178E+18
   3.23437500       2.99322442E+18
   3.30468750       3.18077087E+18
   3.37500000       3.37007241E+18
   3.44531250       3.55986131E+18
   3.51562500       3.74842206E+18
   3.58593750       3.93348746E+18
   3.65625000       4.11240961E+18
   3.72656250       4.28234628E+18
   3.79687500       4.44065561E+18
   3.86718750       4.58520126E+18
   3.93750000       4.71476358E+18
   4.00781250       4.82921395E+18
   4.07812500       4.92956692E+18
   4.14843750       5.01769993E+18
   4.21875000       5.09604728E+18
   4.28906250       5.16718073E+18
   4.35937500       5.23352911E+18
   4.42968750       5.29711497E+18
   4.50000000       5.35957053E+18
   4.57031250       5.42226413E+18
   4.64062500       5.48661910E+18
   4.71093750       5.55434407E+18
   4.78125000       5.62769249E+18
   4.85156250       5.70942468E+18
   4.92187500       5.80262204E+18
   4.99218750       5.91013393E+18
   5.06250000       6.03406704E+18
   5.13281250       6.17525313E+18
   5.20312500       6.33301215E+18
   5.27343750       6.50508462E+18
   5.34375000       6.68789877E+18
   5.41406250       6.87690647E+18
   5.48437500       7.06701148E+18
   5.55468750       7.25283334E+18
   5.62500000       7.42904768E+18
   5.69531250       7.59063850E+18
   5.76562500       7.73323856E+18
   5.83593750       7.85335361E+18
   5.90625000       7.94865598E+18
   5.97656250       8.01810993E+18
   6.04687500       8.06206566E+18
   6.11718750       8.08211635E+18
   6.18750000       8.08095527E+18
   6.25781250       8.06207335E+18
   6.32812500       8.02949922E+18
   6.39843750       7.98739672E+18
   6.46875000       7.93974004E+18
   6.53906250       7.88993656E+18
   6.60937500       7.84055420E+18
   6.67968750       7.79305804E+18
   6.75000000       7.74789120E+18
   6.82031250       7.70474747E+18
   6.89062500       7.66314854E+18
   6.96093750       7.62294655E+18
   7.03125000       7.58481659E+18
   7.10156250       7.55035679E+18
   7.17187500       7.52192177E+18
   7.24218750       7.50205745E+18
   7.31250000       7.49295184E+18
   7.38281250       7.49593152E+18
   7.45312500       7.51132798E+18
   7.52343750       7.53856233E+18
   7.59375000       7.57658344E+18
   7.66406250       7.62434623E+18
   7.73437500       7.68129488E+18
   7.80468750       7.74748988E+18
   7.87500000       7.82359588E+18
   7.94531250       7.91058539E+18
   8.01562500       8.00945567E+18
   8.08593750       8.12088678E+18
   8.15625000       8.24516348E+18
   8.22656250       8.38216648E+18
   8.29687500       8.53154997E+18
   8.36718750       8.69284393E+18
   8.43750000       8.86569101E+18
   8.50781250       9.04998345E+18
   8.57812500       9.24602088E+18
   8.64843750       9.45445750E+18
   8.71875000       9.67617951E+18
   8.78906250       9.91197308E+18
   8.85937500       1.01621186E+19
   8.92968750       1.04258991E+19
   9.00000000       1.07013708E+19
   9.07031250       1.09854285E+19
   9.14062500       1.12742592E+19
   9.21093750       1.15639497E+19
   9.28125000       1.18512356E+19
   9.35156250       1.21340366E+19
   9.42187500       1.24117150E+19
   9.49218750       1.26848381E+19
   9.56250000       1.29547022E+19
   9.63281250       1.32226598E+19
   9.70312500       1.34895673E+19
   9.77343750       1.37553907E+19
   9.84375000       1.40191878E+19
   9.91406250       1.42793410E+19
   9.98437500       1.45339670E+19
   10.0546875       1.47811823E+19
   10.1250000       1.50192893E+19
   10.1953125       1.52467859E+19
   10.2656250       1.54623397E+19
   10.3359375       1.56646905E+19
   10.4062500       1.58527762E+19
   10.4765625       1.60259295E+19
   10.5468750       1.61842603E+19
   10.6171875       1.63288538E+19
   10.6875000       1.64618892E+19
   10.7578125       1.65864749E+19
   10.8281250       1.67063062E+19
   10.8984375       1.68252195E+19
   10.9687500       1.69467936E+19
   11.0390625       1.70741116E+19
   11.1093750       1.72097066E+19
   11.1796875       1.73554634E+19
   11.2500000       1.75126133E+19
   11.3203125       1.76816786E+19
   11.3906250       1.78625285E+19
   11.4609375       1.80543702E+19
   11.5312500       1.82559040E+19
   11.6015625       1.84655281E+19
   11.6718750       1.86816569E+19
   11.7421875       1.89028523E+19
   11.8125000       1.91279113E+19
   11.8828125       1.93557675E+19
   11.9531250       1.95853170E+19
   12.0234375       1.98152138E+19
   12.0937500       2.00438023E+19
   12.1640625       2.02692220E+19
   12.2343750       2.04896213E+19
   12.3046875       2.07033092E+19
   12.3750000       2.09088321E+19
   12.4453125       2.11048860E+19
   12.5156250       2.12901735E+19
   12.5859375       2.14631421E+19
   12.6562500       2.16218588E+19
   12.7265625       2.17639816E+19
   12.7968750       2.18869708E+19
   12.8671875       2.19883326E+19
   12.9375000       2.20660681E+19
   13.0078125       2.21191151E+19
   13.0781250       2.21477948E+19
   13.1484375       2.21539916E+19
   13.2187500       2.21412329E+19
   13.2890625       2.21144774E+19
   13.3593750       2.20798230E+19
   13.4296875       2.20439833E+19
   13.5000000       2.20137819E+19
   13.5703125       2.19956158E+19
   13.6406250       2.19950880E+19
   13.7109375       2.20164823E+19
   13.7812500       2.20624727E+19
   13.8515625       2.21338640E+19
   13.9218750       2.22296248E+19
   13.9921875       2.23469933E+19
   14.0625000       2.24818044E+19
   14.1328125       2.26288839E+19
   14.2031250       2.27824637E+19
   14.2734375       2.29364723E+19
   14.3437500       2.30847194E+19
   14.4140625       2.32210633E+19
   14.4843750       2.33396808E+19
   14.5546875       2.34353229E+19
   14.6250000       2.35036421E+19
   14.6953125       2.35414104E+19
   14.7656250       2.35466858E+19
   14.8359375       2.35186021E+19
   14.9062500       2.34571240E+19
   14.9765625       2.33627023E+19
   15.0468750       2.32361552E+19
   15.1171875       2.30785775E+19
   15.1875000       2.28913989E+19
   15.2578125       2.26764224E+19
   15.3281250       2.24359020E+19
   15.3984375       2.21724282E+19
   15.4687500       2.18889016E+19
   15.5390625       2.15884336E+19
   15.6093750       2.12743757E+19
   15.6796875       2.09501869E+19
   15.7500000       2.06193571E+19
   15.8203125       2.02852485E+19
   15.8906250       1.99511750E+19
   15.9609375       1.96204134E+19
   16.0312500       1.92964071E+19
   16.1015625       1.89828396E+19
   16.1718750       1.86837482E+19
   16.2421875       1.84032991E+19
   16.3125000       1.81455373E+19
   16.3828125       1.79139801E+19
   16.4531250       1.77114787E+19
   16.5234375       1.75401000E+19
   16.5937500       1.74012987E+19
   16.6640625       1.72961085E+19
   16.7343750       1.72254593E+19
   16.8046875       1.71902068E+19
   16.8750000       1.71911458E+19
   16.9453125       1.72287524E+19
   17.0156250       1.73029584E+19
   17.0859375       1.74127501E+19
   17.1562500       1.75559088E+19
   17.2265625       1.77287982E+19
   17.2968750       1.79265233E+19
   17.3671875       1.81432459E+19
   17.4375000       1.83728096E+19
   17.5078125       1.86094652E+19
   17.5781250       1.88486354E+19
   17.6484375       1.90873767E+19
   17.7187500       1.93246601E+19
   17.7890625       1.95613806E+19
   17.8593750       1.98002099E+19
   17.9296875       2.00450755E+19
   18.0000000       2.03006042E+19
   18.0703125       2.05712996E+19
   18.1406250       2.08609198E+19
   18.2109375       2.11718265E+19
   18.2812500       2.15046772E+19
   18.3515625       2.18584253E+19
   18.4218750       2.22306518E+19
   18.4921875       2.26179547E+19
   18.5625000       2.30163936E+19
   18.6328125       2.34217527E+19
   18.7031250       2.38297023E+19
   18.7734375       2.42356904E+19
   18.8437500       2.46349407E+19
   18.9140625       2.50224877E+19
   18.9843750       2.53935399E+19
   19.0546875       2.57438201E+19
   19.1250000       2.60700056E+19
   19.1953125       2.63699546E+19
   19.2656250       2.66428204E+19
   19.3359375       2.68887680E+19
   19.4062500       2.71086351E+19
   19.4765625       2.73035631E+19
   19.5468750       2.74749264E+19
   19.6171875       2.76245062E+19
   19.6875000       2.77548511E+19
   19.7578125       2.78696533E+19
   19.8281250       2.79739420E+19
   19.8984375       2.80737996E+19
   19.9687500       2.81758035E+19
   20.0390625       2.82862758E+19
   20.1093750       2.84107186E+19
   20.1796875       2.85533340E+19
   20.2500000       2.87168138E+19
   20.3203125       2.89022156E+19
   20.3906250       2.91090382E+19
   20.4609375       2.93350714E+19
   20.5312500       2.95764494E+19
   20.6015625       2.98277098E+19
   20.6718750       3.00823017E+19
   20.7421875       3.03332212E+19
   20.8125000       3.05738581E+19
   20.8828125       3.07986665E+19
   20.9531250       3.10036748E+19
   21.0234375       3.11864115E+19
   21.0937500       3.13455482E+19
   21.1640625       3.14803329E+19
   21.2343750       3.15901895E+19
   21.3046875       3.16744297E+19
   21.3750000       3.17323058E+19
   21.4453125       3.17631955E+19
   21.5156250       3.17670108E+19
   21.5859375       3.17442377E+19
   21.6562500       3.16957976E+19
   21.7265625       3.16225679E+19
   21.7968750       3.15250523E+19
   21.8671875       3.14030351E+19
   21.9375000       3.12557203E+19
   22.0078125       3.10821624E+19
   22.0781250       3.08820513E+19
   22.1484375       3.06563061E+19
   22.2187500       3.04074647E+19
   22.2890625       3.01395247E+19
   22.3593750       2.98576165E+19
   22.4296875       2.95672135E+19
   22.5000000       2.92734152E+19
   22.5703125       2.89802436E+19
   22.6406250       2.86904717E+19
   22.7109375       2.84054541E+19
   22.7812500       2.81253689E+19
   22.8515625       2.78493849E+19
   22.9218750       2.75761233E+19
   22.9921875       2.73039436E+19
   23.0625000       2.70314076E+19
   23.1328125       2.67575676E+19
   23.2031250       2.64824237E+19
   23.2734375       2.62069630E+19
   23.3437500       2.59330988E+19
   23.4140625       2.56630368E+19
   23.4843750       2.53987516E+19
   23.5546875       2.51411932E+19
   23.6250000       2.48898250E+19
   23.6953125       2.46424833E+19
   23.7656250       2.43958387E+19
   23.8359375       2.41460472E+19
   23.9062500       2.38895663E+19
   23.9765625       2.36236209E+19
   24.0468750       2.33466055E+19
   24.1171875       2.30579001E+19
   24.1875000       2.27577137E+19
   24.2578125       2.24467344E+19
   24.3281250       2.21261586E+19
   24.3984375       2.17975761E+19
   24.4687500       2.14630211E+19
   24.5390625       2.11246200E+19
   24.6093750       2.07843762E+19
   24.6796875       2.04434858E+19
   24.7500000       2.01020236E+19
   24.8203125       1.97585582E+19
   24.8906250       1.94105848E+19
   24.9609375       1.90549719E+19
   25.0312500       1.86888807E+19
   25.1015625       1.83104035E+19
   25.1718750       1.79192985E+19
   25.2421875       1.75171719E+19
   25.3125000       1.71075059E+19
   25.3828125       1.66951693E+19
   25.4531250       1.62860245E+19
   25.5234375       1.58861376E+19
   25.5937500       1.55012272E+19
   25.6640625       1.51359496E+19
   25.7343750       1.47936750E+19
   25.8046875       1.44761899E+19
   25.8750000       1.41838187E+19
   25.9453125       1.39154488E+19
   26.0156250       1.36689768E+19
   26.0859375       1.34416583E+19
   26.1562500       1.32307071E+19
   26.2265625       1.30336427E+19
   26.2968750       1.28487422E+19
   26.3671875       1.26749919E+19
   26.4375000       1.25119728E+19
   26.5078125       1.23593397E+19
   26.5781250       1.22165110E+19
   26.6484375       1.20822243E+19
   26.7187500       1.19545149E+19
   26.7890625       1.18306660E+19
   26.8593750       1.17076548E+19
   26.9296875       1.15823951E+19
   27.0000000       1.14521921E+19
   27.0703125       1.13148323E+19
   27.1406250       1.11689282E+19
   27.2109375       1.10139443E+19
   27.2812500       1.08504161E+19
   27.3515625       1.06798995E+19
   27.4218750       1.05051266E+19
   27.4921875       1.03298106E+19
   27.5625000       1.01585452E+19
   27.6328125       9.99626824E+18
   27.7031250       9.84787375E+18
   27.7734375       9.71746507E+18
   27.8437500       9.60792953E+18
   27.9140625       9.52043699E+18
   27.9843750       9.45461363E+18
   28.0546875       9.40878048E+18
   28.1250000       9.38068906E+18
   28.1953125       9.36805347E+18
   28.2656250       9.36929262E+18
   28.3359375       9.38376330E+18
   28.4062500       9.41198226E+18
   28.4765625       9.45535580E+18
   28.5468750       9.51600596E+18
   28.6171875       9.59623182E+18
   28.6875000       9.69806419E+18
   28.7578125       9.82253441E+18
   28.8281250       9.96922245E+18
   28.8984375       1.01357127E+19
   28.9687500       1.03175510E+19
   29.0390625       1.05083317E+19
   29.1093750       1.07003735E+19
   29.1796875       1.08853443E+19
   29.2500000       1.10551771E+19
   29.3203125       1.12026128E+19
   29.3906250       1.13218581E+19
   29.4609375       1.14087811E+19
   29.5312500       1.14611058E+19
   29.6015625       1.14782120E+19
   29.6718750       1.14610574E+19
   29.7421875       1.14118015E+19
   29.8125000       1.13335460E+19
   29.8828125       1.12298444E+19
   29.9531250       1.11044572E+19
   30.0234375       1.09609138E+19
   30.0937500       1.08023785E+19
   30.1640625       1.06314495E+19
   30.2343750       1.04504149E+19
   30.3046875       1.02614331E+19
   30.3750000       1.00670471E+19
   30.4453125       9.87035876E+18
   30.5156250       9.67533619E+18
   30.5859375       9.48655004E+18
   30.6562500       9.30886676E+18
   30.7265625       9.14669759E+18
   30.7968750       9.00350545E+18
   30.8671875       8.88126119E+18
   30.9375000       8.78041014E+18
   31.0078125       8.69995337E+18
   31.0781250       8.63803548E+18
   31.1484375       8.59235352E+18
   31.2187500       8.56071617E+18
   31.2890625       8.54118390E+18
   31.3593750       8.53238780E+18
   31.4296875       8.53345598E+18
   31.5000000       8.54414708E+18
   31.5703125       8.56462658E+18
   31.6406250       8.59543820E+18
   31.7109375       8.63705801E+18
   31.7812500       8.68956299E+18
   31.8515625       8.75202020E+18
   31.9218750       8.82226195E+18
   31.9921875       8.89667140E+18
   32.0625000       8.97052449E+18
   32.1328125       9.03836216E+18
   32.2031250       9.09477206E+18
   32.2734375       9.13487015E+18
   32.3437500       9.15477241E+18
   32.4140625       9.15157668E+18
   32.4843750       9.12344457E+18
   32.5546875       9.06936014E+18
   32.6250000       8.98920575E+18
   32.6953125       8.88363394E+18
   32.7656250       8.75425166E+18
   32.8359375       8.60343769E+18
   32.9062500       8.43423220E+18
   32.9765625       8.24982816E+18
   33.0468750       8.05330310E+18
   33.1171875       7.84722493E+18
   33.1875000       7.63363600E+18
   33.2578125       7.41399261E+18
   33.3281250       7.18951632E+18
   33.3984375       6.96130388E+18
   33.4687500       6.73060985E+18
   33.5390625       6.49869316E+18
   33.6093750       6.26685949E+18
   33.6796875       6.03614401E+18
   33.7500000       5.80724438E+18
   33.8203125       5.58027110E+18
   33.8906250       5.35493444E+18
   33.9609375       5.13058019E+18
   34.0312500       4.90649917E+18
   34.1015625       4.68193492E+18
   34.1718750       4.45631513E+18
   34.2421875       4.22917582E+18
   34.3125000       4.00031412E+18
   34.3828125       3.76968386E+18
   34.4531250       3.53762149E+18
   34.5234375       3.30478093E+18
   34.5937500       3.07228315E+18
   34.6640625       2.84148054E+18
   34.7343750       2.61395585E+18
   34.8046875       2.39121129E+18
   34.8750000       2.17463265E+18
   34.9453125       0.00000000    
   35.0156250       0.00000000    
   35.0859375       0.00000000    
   35.1562500       0.00000000    
   35.2265625       0.00000000    
   35.2968750       0.00000000    
   35.3671875       0.00000000    
   35.4375000       0.00000000    
   35.5078125       0.00000000    
   35.5781250       0.00000000    
   35.6484375       0.00000000    
   35.7187500       0.00000000    
   35.7890625       0.00000000    
   35.8593750       0.00000000    
   35.9296875       0.00000000    
   36.0000000       0.00000000    
   36.0703125       0.00000000    
   36.1406250       0.00000000    
   36.2109375       0.00000000    
   36.2812500       0.00000000    
   36.3515625       0.00000000    
   36.4218750       0.00000000    
   36.4921875       0.00000000    
   36.5625000       0.00000000    
   36.6328125       0.00000000    
   36.7031250       0.00000000    
   36.7734375       0.00000000    
   36.8437500       0.00000000    
   36.9140625       0.00000000    
   36.9843750       0.00000000    
   37.0546875       0.00000000    
   37.1250000       0.00000000    
   37.1953125       0.00000000    
   37.2656250       0.00000000    
   37.3359375       0.00000000    
   37.4062500       0.00000000    
   37.4765625       0.00000000    
   37.5468750       0.00000000    
   37.6171875       0.00000000    
   37.6875000       0.00000000    
   37.7578125       0.00000000    
   37.8281250       0.00000000    
   37.8984375       0.00000000    
   37.9687500       0.00000000    
   38.0390625       0.00000000    
   38.1093750       0.00000000    
   38.1796875       0.00000000    
   38.2500000       0.00000000    
   38.3203125       0.00000000    
   38.3906250       0.00000000    
   38.4609375       0.00000000    
   38.5312500       0.00000000    
   38.6015625       0.00000000    
   38.6718750       0.00000000    
   38.7421875       0.00000000    
   38.8125000       0.00000000    
   38.8828125       0.00000000    
   38.9531250       0.00000000    
   39.0234375       0.00000000    
   39.0937500       0.00000000    
   39.1640625       0.00000000    
   39.2343750       0.00000000    
   39.3046875       0.00000000    
   39.3750000       0.00000000    
   39.4453125       0.00000000    
   39.5156250       0.00000000    
   39.5859375       0.00000000    
   39.6562500       0.00000000    
   39.7265625       0.00000000    
   39.7968750       0.00000000    
   39.8671875       0.00000000    
   39.9375000       0.00000000    
   40.0078125       0.00000000    
   40.0781250       0.00000000    
   40.1484375       0.00000000    
   40.2187500       0.00000000    
   40.2890625       0.00000000    
   40.3593750       0.00000000    
   40.4296875       0.00000000    
   40.5000000       0.00000000    
   40.5703125       0.00000000    
   40.6406250       0.00000000    
   40.7109375       0.00000000    
   40.7812500       0.00000000    
   40.8515625       0.00000000    
   40.9218750       0.00000000    
   40.9921875       0.00000000    
   41.0625000       0.00000000    
   41.1328125       0.00000000    
   41.2031250       0.00000000    
   41.2734375       0.00000000    
   41.3437500       0.00000000    
   41.4140625       0.00000000    
   41.4843750       0.00000000    
   41.5546875       0.00000000    
   41.6250000       0.00000000    
   41.6953125       0.00000000    
   41.7656250       0.00000000    
   41.8359375       0.00000000    
   41.9062500       0.00000000    
   41.9765625       0.00000000    
   42.0468750       0.00000000    
   42.1171875       0.00000000    
   42.1875000       0.00000000    
   42.2578125       0.00000000    
   42.3281250       0.00000000    
   42.3984375       0.00000000    
   42.4687500       0.00000000    
   42.5390625       0.00000000    
   42.6093750       0.00000000    
   42.6796875       0.00000000    
   42.7500000       0.00000000    
   42.8203125       0.00000000    
   42.8906250       0.00000000    
   42.9609375       0.00000000    
   43.0312500       0.00000000    
   43.1015625       0.00000000    
   43.1718750       0.00000000    
   43.2421875       0.00000000    
   43.3125000       0.00000000    
   43.3828125       0.00000000    
   43.4531250       0.00000000    
   43.5234375       0.00000000    
   43.5937500       0.00000000    
   43.6640625       0.00000000    
   43.7343750       0.00000000    
   43.8046875       0.00000000    
   43.8750000       0.00000000    
   43.9453125       0.00000000    
   44.0156250       0.00000000    
   44.0859375       0.00000000    
   44.1562500       0.00000000    
   44.2265625       0.00000000    
   44.2968750       0.00000000    
   44.3671875       0.00000000    
   44.4375000       0.00000000    
   44.5078125       0.00000000    
   44.5781250       0.00000000    
   44.6484375       0.00000000    
   44.7187500       0.00000000    
   44.7890625       0.00000000    
   44.8593750       0.00000000    
   44.9296875       0.00000000    
   45.0000000       0.00000000    
   45.0703125       0.00000000    
   45.1406250       0.00000000    
   45.2109375       0.00000000    
   45.2812500       0.00000000    
   45.3515625       0.00000000    
   45.4218750       0.00000000    
   45.4921875       0.00000000    
   45.5625000       0.00000000    
