2009 08 10 19 55 38.0 14.100 92.900
17. 2.426E+20 7.523 226 18 -90 45 72 -90
  -1.12500000       0.00000000    
  -1.05468750       2.48277439E+17
 -0.984375000       2.44003603E+17
 -0.914062500       2.38866204E+17
 -0.843750000       2.32894258E+17
 -0.773437500       2.26181808E+17
 -0.703125000       2.18878096E+17
 -0.632812500       2.11183920E+17
 -0.562500000       2.03334867E+17
 -0.492187500       1.95590148E+17
 -0.421875000       1.88209590E+17
 -0.351562500       1.81439828E+17
 -0.281250000       1.75492364E+17
 -0.210937500       1.70538617E+17
 -0.140625000       1.66703916E+17
  -7.03125000E-02   1.64570605E+17
   0.00000000       1.64725396E+17
   7.03125000E-02   1.67482954E+17
  0.140625000       1.72496968E+17
  0.210937500       1.79323475E+17
  0.281250000       1.88666179E+17
  0.351562500       2.01537630E+17
  0.421875000       2.18693756E+17
  0.492187500       2.40147908E+17
  0.562500000       2.67294884E+17
  0.632812500       3.02158062E+17
  0.703125000       3.45974734E+17
  0.773437500       3.97564060E+17
  0.843750000       4.54629057E+17
  0.914062500       5.14751212E+17
  0.984375000       5.75645018E+17
   1.05468750       6.35118804E+17
   1.12500000       6.91110815E+17
   1.19531250       7.43587344E+17
   1.26562500       7.92137517E+17
   1.33593750       8.36273632E+17
   1.40625000       8.73807660E+17
   1.47656250       9.03398473E+17
   1.54687500       9.24220612E+17
   1.61718750       9.35687281E+17
   1.68750000       9.37250581E+17
   1.75781250       9.28439713E+17
   1.82812500       9.09080612E+17
   1.89843750       8.80800898E+17
   1.96875000       8.46540391E+17
   2.03906250       8.10267502E+17
   2.10937500       7.76280292E+17
   2.17968750       7.51642504E+17
   2.25000000       7.40401784E+17
   2.32031250       7.43847929E+17
   2.39062500       7.58284791E+17
   2.46093750       7.80342163E+17
   2.53125000       8.06939005E+17
   2.60156250       8.35823657E+17
   2.67187500       8.65897842E+17
   2.74218750       8.95970929E+17
   2.81250000       9.24249337E+17
   2.88281250       9.48540779E+17
   2.95312500       9.66657019E+17
   3.02343750       9.76927283E+17
   3.09375000       9.78650149E+17
   3.16406250       9.72406915E+17
   3.23437500       9.60102556E+17
   3.30468750       9.44733238E+17
   3.37500000       9.29873614E+17
   3.44531250       9.18008715E+17
   3.51562500       9.10726100E+17
   3.58593750       9.08385789E+17
   3.65625000       9.11101377E+17
   3.72656250       9.18170068E+17
   3.79687500       9.28405697E+17
   3.86718750       9.40537846E+17
   3.93750000       9.53535035E+17
   4.00781250       9.67432725E+17
   4.07812500       9.82743699E+17
   4.14843750       1.00029239E+18
   4.21875000       1.02043791E+18
   4.28906250       1.04264873E+18
   4.35937500       1.06550167E+18
   4.42968750       1.08789378E+18
   4.50000000       1.10858349E+18
   4.57031250       1.12642932E+18
   4.64062500       1.14086502E+18
   4.71093750       1.15237285E+18
   4.78125000       1.16202093E+18
   4.85156250       1.17021132E+18
   4.92187500       1.17668333E+18
   4.99218750       1.18121139E+18
   5.06250000       1.18346800E+18
   5.13281250       1.18385324E+18
   5.20312500       1.18402463E+18
   5.27343750       1.18529058E+18
   5.34375000       1.18845593E+18
   5.41406250       1.19290566E+18
   5.48437500       1.19745324E+18
   5.55468750       1.20092989E+18
   5.62500000       1.20239224E+18
   5.69531250       1.20172869E+18
   5.76562500       1.19932667E+18
   5.83593750       1.19573319E+18
   5.90625000       1.19139960E+18
   5.97656250       1.18661796E+18
   6.04687500       1.18159278E+18
   6.11718750       1.17661035E+18
   6.18750000       1.17214990E+18
   6.25781250       1.16892421E+18
   6.32812500       1.16778333E+18
   6.39843750       1.16958996E+18
   6.46875000       1.17507501E+18
   6.53906250       1.18478796E+18
   6.60937500       1.19910017E+18
   6.67968750       1.21827386E+18
   6.75000000       1.24248813E+18
   6.82031250       1.27182338E+18
   6.89062500       1.30617267E+18
   6.96093750       1.34516479E+18
   7.03125000       1.38777458E+18
   7.10156250       1.43259878E+18
   7.17187500       1.47829764E+18
   7.24218750       1.52400489E+18
   7.31250000       1.56901313E+18
   7.38281250       1.61252286E+18
   7.45312500       1.65376252E+18
   7.52343750       1.69222866E+18
   7.59375000       1.72768818E+18
   7.66406250       1.76018411E+18
   7.73437500       1.79000026E+18
   7.80468750       1.81762109E+18
   7.87500000       1.84363828E+18
   7.94531250       1.86864709E+18
   8.01562500       1.89311356E+18
   8.08593750       1.91728096E+18
   8.15625000       1.94111191E+18
   8.22656250       1.96433676E+18
   8.29687500       1.98655775E+18
   8.36718750       2.00740848E+18
   8.43750000       2.02665103E+18
   8.50781250       2.04422576E+18
   8.57812500       2.06021459E+18
   8.64843750       2.07481225E+18
   8.71875000       2.08830202E+18
   8.78906250       2.10109745E+18
   8.85937500       2.11376671E+18
   8.92968750       2.12702696E+18
   9.00000000       2.14162531E+18
   9.07031250       2.15817296E+18
   9.14062500       2.17694767E+18
   9.21093750       2.19777710E+18
   9.28125000       2.21999781E+18
   9.35156250       2.24254316E+18
   9.42187500       2.26410541E+18
   9.49218750       2.28338095E+18
   9.56250000       2.29929308E+18
   9.63281250       2.31116959E+18
   9.70312500       2.31878481E+18
   9.77343750       2.32228758E+18
   9.84375000       2.32201545E+18
   9.91406250       2.31832412E+18
   9.98437500       2.31146454E+18
   10.0546875       2.30160151E+18
   10.1250000       2.28889761E+18
   10.1953125       2.27364615E+18
   10.2656250       2.25631757E+18
   10.3359375       2.23753296E+18
   10.4062500       2.21794338E+18
   10.4765625       2.19819711E+18
   10.5468750       2.17905626E+18
   10.6171875       2.16172975E+18
   10.6875000       2.14800537E+18
   10.7578125       2.13663738E+18
   10.8281250       2.12584938E+18
   10.8984375       2.11427001E+18
   10.9687500       2.10375786E+18
   11.0390625       2.09657928E+18
   11.1093750       2.09420722E+18
   11.1796875       2.09781032E+18
   11.2500000       2.10806162E+18
   11.3203125       2.12507876E+18
   11.3906250       2.14759387E+18
   11.4609375       2.17344999E+18
   11.5312500       2.20079581E+18
   11.6015625       2.22995678E+18
   11.6718750       2.26242261E+18
   11.7421875       2.30021269E+18
   11.8125000       2.34537897E+18
   11.8828125       2.39654172E+18
   11.9531250       2.44913164E+18
   12.0234375       2.49656155E+18
   12.0937500       2.53455929E+18
   12.1640625       2.56089150E+18
   12.2343750       2.57439653E+18
   12.3046875       2.57567828E+18
   12.3750000       2.56773074E+18
   12.4453125       2.55632550E+18
   12.5156250       2.54704782E+18
   12.5859375       2.53860522E+18
   12.6562500       2.52698778E+18
   12.7265625       2.50755199E+18
   12.7968750       2.48083276E+18
   12.8671875       2.44782267E+18
   12.9375000       2.41075044E+18
   13.0078125       2.37400998E+18
   13.0781250       2.33834677E+18
   13.1484375       2.30254131E+18
   13.2187500       2.26329081E+18
   13.2890625       2.22061230E+18
   13.3593750       2.17742019E+18
   13.4296875       2.13704763E+18
   13.5000000       2.10102846E+18
   13.5703125       2.06737612E+18
   13.6406250       2.03242154E+18
   13.7109375       1.99329281E+18
   13.7812500       1.94787556E+18
   13.8515625       1.89474551E+18
   13.9218750       1.83311211E+18
   13.9921875       1.76285029E+18
   14.0625000       1.68462677E+18
   14.1328125       1.60018139E+18
   14.2031250       1.51275730E+18
   14.2734375       1.42423782E+18
   14.3437500       1.34017191E+18
   14.4140625       1.26731772E+18
   14.4843750       1.21169494E+18
   14.5546875       1.17197315E+18
   14.6250000       1.14324367E+18
   14.6953125       1.12124602E+18
   14.7656250       1.10462779E+18
   14.8359375       1.09185999E+18
   14.9062500       1.08179286E+18
   14.9765625       1.07277102E+18
   15.0468750       1.06401170E+18
   15.1171875       1.05566592E+18
   15.1875000       1.04995087E+18
   15.2578125       1.04940352E+18
   15.3281250       1.05562057E+18
   15.3984375       1.06852306E+18
   15.4687500       1.08831427E+18
   15.5390625       1.11662669E+18
   15.6093750       1.15541396E+18
   15.6796875       1.20546991E+18
   15.7500000       1.26639097E+18
   15.8203125       1.33650875E+18
   15.8906250       1.41347704E+18
   15.9609375       1.49630545E+18
   16.0312500       1.58217222E+18
   16.1015625       1.66751246E+18
   16.1718750       1.74652873E+18
   16.2421875       1.81556308E+18
   16.3125000       1.87291264E+18
   16.3828125       1.91842789E+18
   16.4531250       1.95305220E+18
   16.5234375       1.97845078E+18
   16.5937500       1.99672947E+18
   16.6640625       2.01754295E+18
   16.7343750       2.05139980E+18
   16.8046875       2.10636384E+18
   16.8750000       2.18087128E+18
   16.9453125       2.27111054E+18
   17.0156250       2.37687146E+18
   17.0859375       2.49862780E+18
   17.1562500       2.63541942E+18
   17.2265625       2.78295134E+18
   17.2968750       2.93690221E+18
   17.3671875       3.09443584E+18
   17.4375000       3.25681007E+18
   17.5078125       3.42474260E+18
   17.5781250       3.59704047E+18
   17.6484375       3.76791255E+18
   17.7187500       3.93190608E+18
   17.7890625       4.08597790E+18
   17.8593750       4.23145566E+18
   17.9296875       4.37472862E+18
   18.0000000       4.52160028E+18
   18.0703125       4.67547858E+18
   18.1406250       4.83624258E+18
   18.2109375       5.00511877E+18
   18.2812500       5.18389441E+18
   18.3515625       5.37453543E+18
   18.4218750       5.57899787E+18
   18.4921875       5.79903488E+18
   18.5625000       6.03580262E+18
   18.6328125       6.28927578E+18
   18.7031250       6.55772759E+18
   18.7734375       6.83752801E+18
   18.8437500       7.12348735E+18
   18.9140625       7.40969682E+18
   18.9843750       7.69065393E+18
   19.0546875       7.96223165E+18
   19.1250000       8.22217379E+18
   19.1953125       8.46992620E+18
   19.2656250       8.70597045E+18
   19.3359375       8.93097561E+18
   19.4062500       9.14515663E+18
   19.4765625       9.34807315E+18
   19.5468750       9.53889449E+18
   19.6171875       9.71689333E+18
   19.6875000       9.88185966E+18
   19.7578125       1.00342641E+19
   19.8281250       1.01750796E+19
   19.8984375       1.03054069E+19
   19.9687500       1.04260695E+19
   20.0390625       1.05373016E+19
   20.1093750       1.06386997E+19
   20.1796875       1.07293951E+19
   20.2500000       1.08084632E+19
   20.3203125       1.08753300E+19
   20.3906250       1.09301373E+19
   20.4609375       1.09739276E+19
   20.5312500       1.10086436E+19
   20.6015625       1.10370154E+19
   20.6718750       1.10623624E+19
   20.7421875       1.10882658E+19
   20.8125000       1.11181846E+19
   20.8828125       1.11549776E+19
   20.9531250       1.12005545E+19
   21.0234375       1.12557126E+19
   21.0937500       1.13201781E+19
   21.1640625       1.13928382E+19
   21.2343750       1.14720470E+19
   21.3046875       1.15559761E+19
   21.3750000       1.16428430E+19
   21.4453125       1.17310304E+19
   21.5156250       1.18190584E+19
   21.5859375       1.19055900E+19
   21.6562500       1.19895839E+19
   21.7265625       1.20706454E+19
   21.7968750       1.21494858E+19
   21.8671875       1.22282505E+19
   21.9375000       1.23104565E+19
   22.0078125       1.24004637E+19
   22.0781250       1.25026094E+19
   22.1484375       1.26202714E+19
   22.2187500       1.27551617E+19
   22.2890625       1.29070021E+19
   22.3593750       1.30736880E+19
   22.4296875       1.32518386E+19
   22.5000000       1.34375318E+19
   22.5703125       1.36270458E+19
   22.6406250       1.38173658E+19
   22.7109375       1.40063829E+19
   22.7812500       1.41927655E+19
   22.8515625       1.43756099E+19
   22.9218750       1.45540496E+19
   22.9921875       1.47269533E+19
   23.0625000       1.48928399E+19
   23.1328125       1.50500591E+19
   23.2031250       1.51971594E+19
   23.2734375       1.53333120E+19
   23.3437500       1.54585441E+19
   23.4140625       1.55737180E+19
   23.4843750       1.56802475E+19
   23.5546875       1.57797467E+19
   23.6250000       1.58737439E+19
   23.6953125       1.59635531E+19
   23.7656250       1.60502276E+19
   23.8359375       1.61345745E+19
   23.9062500       1.62170939E+19
   23.9765625       1.62978728E+19
   24.0468750       1.63764450E+19
   24.1171875       1.64516670E+19
   24.1875000       1.65216378E+19
   24.2578125       1.65836348E+19
   24.3281250       1.66342145E+19
   24.3984375       1.66694968E+19
   24.4687500       1.66856079E+19
   24.5390625       1.66793319E+19
   24.6093750       1.66487061E+19
   24.6796875       1.65934864E+19
   24.7500000       1.65152969E+19
   24.8203125       1.64174502E+19
   24.8906250       1.63044435E+19
   24.9609375       1.61814434E+19
   25.0312500       1.60537648E+19
   25.1015625       1.59264787E+19
   25.1718750       1.58041152E+19
   25.2421875       1.56904344E+19
   25.3125000       1.55882876E+19
   25.3828125       1.54996065E+19
   25.4531250       1.54256259E+19
   25.5234375       1.53672022E+19
   25.5937500       1.53251360E+19
   25.6640625       1.53003145E+19
   25.7343750       1.52936317E+19
   25.8046875       1.53056812E+19
   25.8750000       1.53363246E+19
   25.9453125       1.53842842E+19
   26.0156250       1.54468783E+19
   26.0859375       1.55200937E+19
   26.1562500       1.55988462E+19
   26.2265625       1.56774657E+19
   26.2968750       1.57501544E+19
   26.3671875       1.58114665E+19
   26.4375000       1.58566432E+19
   26.5078125       1.58819111E+19
   26.5781250       1.58845510E+19
   26.6484375       1.58628027E+19
   26.7187500       1.58155930E+19
   26.7890625       1.57422083E+19
   26.8593750       1.56420812E+19
   26.9296875       1.55148007E+19
   27.0000000       1.53603457E+19
   27.0703125       1.51794474E+19
   27.1406250       1.49739201E+19
   27.2109375       1.47469424E+19
   27.2812500       1.45030301E+19
   27.3515625       1.42477487E+19
   27.4218750       1.39870853E+19
   27.4921875       1.37267474E+19
   27.5625000       1.34715342E+19
   27.6328125       1.32250061E+19
   27.7031250       1.29895017E+19
   27.7734375       1.27664020E+19
   27.8437500       1.25564778E+19
   27.9140625       1.23600819E+19
   27.9843750       1.21771594E+19
   28.0546875       1.20071651E+19
   28.1250000       1.18490377E+19
   28.1953125       1.17013348E+19
   28.2656250       1.15625072E+19
   28.3359375       1.14312716E+19
   28.4062500       1.13068333E+19
   28.4765625       1.11889877E+19
   28.5468750       1.10779590E+19
   28.6171875       1.09741904E+19
   28.6875000       1.08781304E+19
   28.7578125       1.07901629E+19
   28.8281250       1.07107012E+19
   28.8984375       1.06404028E+19
   28.9687500       1.05803167E+19
   29.0390625       1.05319360E+19
   29.1093750       1.04970133E+19
   29.1796875       1.04772397E+19
   29.2500000       1.04738279E+19
   29.3203125       1.04870880E+19
   29.3906250       1.05161679E+19
   29.4609375       1.05590192E+19
   29.5312500       1.06125852E+19
   29.6015625       1.06732068E+19
   29.6718750       1.07370521E+19
   29.7421875       1.08005676E+19
   29.8125000       1.08607889E+19
   29.8828125       1.09155490E+19
   29.9531250       1.09634800E+19
   30.0234375       1.10038970E+19
   30.0937500       1.10365129E+19
   30.1640625       1.10611639E+19
   30.2343750       1.10775412E+19
   30.3046875       1.10851465E+19
   30.3750000       1.10833488E+19
   30.4453125       1.10716335E+19
   30.5156250       1.10497785E+19
   30.5859375       1.10180180E+19
   30.6562500       1.09770040E+19
   30.7265625       1.09276843E+19
   30.7968750       1.08710463E+19
   30.8671875       1.08079442E+19
   30.9375000       1.07389828E+19
   31.0078125       1.06645822E+19
   31.0781250       1.05850853E+19
   31.1484375       1.05009375E+19
   31.2187500       1.04127500E+19
   31.2890625       1.03212608E+19
   31.3593750       1.02271107E+19
   31.4296875       1.01306011E+19
   31.5000000       1.00314218E+19
   31.5703125       9.92856031E+18
   31.6406250       9.82036397E+18
   31.7109375       9.70486467E+18
   31.7812500       9.58019105E+18
   31.8515625       9.44503688E+18
   31.9218750       9.29891728E+18
   31.9921875       9.14223193E+18
   32.0625000       8.97607043E+18
   32.1328125       8.80198256E+18
   32.2031250       8.62176655E+18
   32.2734375       8.43749885E+18
   32.3437500       8.25165005E+18
   32.4140625       8.06728339E+18
   32.4843750       7.88805090E+18
   32.5546875       7.71802462E+18
   32.6250000       7.56121997E+18
   32.6953125       7.42104433E+18
   32.7656250       7.29969618E+18
   32.8359375       7.19789515E+18
   32.9062500       7.11492160E+18
   32.9765625       7.04907240E+18
   33.0468750       6.99824912E+18
   33.1171875       6.96056171E+18
   33.1875000       6.93462808E+18
   33.2578125       6.91957522E+18
   33.3281250       6.91470218E+18
   33.3984375       6.91902656E+18
   33.4687500       6.93088644E+18
   33.5390625       6.94777439E+18
   33.6093750       6.96647984E+18
   33.6796875       6.98352611E+18
   33.7500000       6.99568946E+18
   33.8203125       7.00046299E+18
   33.8906250       6.99625626E+18
   33.9609375       6.98239692E+18
   34.0312500       6.95892564E+18
   34.1015625       6.92635316E+18
   34.1718750       6.88538041E+18
   34.2421875       6.83672702E+18
   34.3125000       6.78102026E+18
   34.3828125       6.71884563E+18
   34.4531250       6.65082104E+18
   34.5234375       6.57779808E+18
   34.5937500       6.50091473E+18
   34.6640625       6.42157397E+18
   34.7343750       6.34117658E+18
   34.8046875       6.26081822E+18
   34.8750000       6.18095134E+18
   34.9453125       6.10125984E+18
   35.0156250       6.02065904E+18
   35.0859375       5.93757170E+18
   35.1562500       5.85023309E+18
   35.2265625       5.75702639E+18
   35.2968750       5.65665087E+18
   35.3671875       5.54820989E+18
   35.4375000       5.43120646E+18
   35.5078125       5.30561749E+18
   35.5781250       5.17201254E+18
   35.6484375       5.03169891E+18
   35.7187500       4.88672226E+18
   35.7890625       4.73969831E+18
   35.8593750       4.59341488E+18
   35.9296875       4.45039289E+18
   36.0000000       4.31247262E+18
   36.0703125       4.18062441E+18
   36.1406250       4.05491065E+18
   36.2109375       3.93472056E+18
   36.2812500       3.81907970E+18
   36.3515625       3.70706008E+18
   36.4218750       3.59805285E+18
   36.4921875       3.49195382E+18
   36.5625000       3.38913409E+18
   36.6328125       3.29032565E+18
   36.7031250       3.19640647E+18
   36.7734375       3.10826110E+18
   36.8437500       2.94294952E+18
   36.9140625       2.87549806E+18
   36.9843750       2.81587567E+18
   37.0546875       2.64558303E+18
   37.1250000       2.64487769E+18
   37.1953125       2.64481282E+18
   37.2656250       2.64469188E+18
   37.3359375       2.64418830E+18
   37.4062500       2.64350248E+18
   37.4765625       2.64347087E+18
   37.5468750       2.64545219E+18
   37.6171875       2.65108196E+18
   37.6875000       2.66186927E+18
   37.7578125       2.67887267E+18
   37.8281250       2.70244730E+18
   37.8984375       2.73224296E+18
   37.9687500       2.76733140E+18
   38.0390625       2.80651937E+18
   38.1093750       2.84864661E+18
   38.1796875       2.89287337E+18
   38.2500000       2.93875764E+18
   38.3203125       2.98621146E+18
   38.3906250       3.03527359E+18
   38.4609375       3.08589731E+18
   38.5312500       3.13773488E+18
   38.6015625       3.19007851E+18
   38.6718750       3.24187073E+18
   38.7421875       3.29186497E+18
   38.8125000       3.33876986E+18
   38.8828125       3.38140810E+18
   38.9531250       3.34003567E+18
   39.0234375       3.37682561E+18
   39.0937500       3.40431890E+18
   39.1640625       3.42176842E+18
   39.2343750       3.42885615E+18
   39.3046875       3.42580528E+18
   39.3750000       3.41339124E+18
   39.4453125       3.39291366E+18
   39.5156250       3.36603967E+18
   39.5859375       3.33461618E+18
   39.6562500       3.30037684E+18
   39.7265625       3.26467542E+18
   39.7968750       3.22822056E+18
   39.8671875       3.19100237E+18
   39.9375000       3.15237570E+18
   40.0078125       3.11134963E+18
   40.0781250       3.06690049E+18
   40.1484375       3.01829438E+18
   40.2187500       2.96526659E+18
   40.2890625       2.90812607E+18
   40.3593750       2.84773731E+18
   40.4296875       2.78548489E+18
   40.5000000       2.72313406E+18
   40.5703125       2.60136397E+18
   40.6406250       2.55441180E+18
   40.7109375       2.51280573E+18
   40.7812500       2.47760019E+18
   40.8515625       2.38070381E+18
   40.9218750       2.30123138E+18
   40.9921875       2.23306840E+18
   41.0625000       2.23977047E+18
   41.1328125       2.18750518E+18
   41.2031250       2.21008654E+18
   41.2734375       2.23317477E+18
   41.3437500       2.25580671E+18
   41.4140625       2.27708006E+18
   41.4843750       2.29608154E+18
   41.5546875       2.31183315E+18
   41.6250000       2.32326230E+18
   41.6953125       2.32925601E+18
   41.7656250       2.32878927E+18
   41.8359375       2.25942493E+18
   41.9062500       2.25236029E+18
   41.9765625       2.23753049E+18
   42.0468750       2.21529974E+18
   42.1171875       2.18636678E+18
   42.1875000       2.15158125E+18
   42.2578125       2.11181783E+18
   42.3281250       2.06791625E+18
   42.3984375       2.02070762E+18
   42.4687500       1.97107099E+18
   42.5390625       1.91999799E+18
   42.6093750       1.86860036E+18
   42.6796875       1.81807821E+18
   42.7500000       1.76963771E+18
   42.8203125       1.72441741E+18
   42.8906250       1.68340838E+18
   42.9609375       1.64740597E+18
   43.0312500       1.61695499E+18
   43.1015625       1.59231480E+18
   43.1718750       1.57341749E+18
   43.2421875       1.55987880E+18
   43.3125000       1.55106786E+18
   43.3828125       1.47794346E+18
   43.4531250       1.49239531E+18
   43.5234375       1.51063676E+18
   43.5937500       1.53175755E+18
   43.6640625       1.55479493E+18
   43.7343750       1.57876758E+18
   43.8046875       1.60268553E+18
   43.8750000       1.62556225E+18
   43.9453125       1.64642465E+18
   44.0156250       1.66432910E+18
   44.0859375       1.67837138E+18
   44.1562500       1.68769675E+18
   44.2265625       1.69151673E+18
   44.2968750       1.68914563E+18
   44.3671875       1.68005748E+18
   44.4375000       1.66395623E+18
   44.5078125       1.64084257E+18
   44.5781250       1.61106367E+18
   44.6484375       1.57532968E+18
   44.7187500       1.53468733E+18
   44.7890625       1.49044793E+18
   44.8593750       1.44408249E+18
   44.9296875       1.39710586E+18
   45.0000000       1.35096320E+18
   45.0703125       1.30690398E+18
   45.1406250       1.26585248E+18
   45.2109375       1.22829852E+18
   45.2812500       1.19426259E+18
   45.3515625       1.16336728E+18
   45.4218750       1.13500806E+18
   45.4921875       1.10859064E+18
   45.5625000       1.08375425E+18
   45.6328125       1.06049903E+18
   45.7031250       1.03917098E+18
   45.7734375       1.02031119E+18
   45.8437500       1.00443143E+18
   45.9140625       9.91788557E+17
   45.9843750       9.82237992E+17
   46.0546875       9.75212594E+17
   46.1250000       9.69835570E+17
   46.1953125       9.65116947E+17
   46.2656250       9.60151072E+17
   46.3359375       9.54239891E+17
   46.4062500       9.46912196E+17
   46.4765625       9.37852701E+17
   46.5468750       9.26794981E+17
   46.6171875       9.13437770E+17
   46.6875000       8.97421391E+17
   46.7578125       8.78367129E+17
   46.8281250       8.55948843E+17
   46.8984375       8.29961885E+17
   46.9687500       8.00363239E+17
   47.0390625       6.41696976E+17
   47.1093750       6.17168590E+17
   47.1796875       5.89316174E+17
   47.2500000       5.58357568E+17
   47.3203125       5.24829232E+17
   47.3906250       4.89636202E+17
   47.4609375       4.53999243E+17
   47.5312500       4.19340609E+17
   47.6015625       3.87119559E+17
   47.6718750       2.89458050E+17
   47.7421875       2.87769612E+17
   47.8125000       2.89435956E+17
   47.8828125       2.93809539E+17
   47.9531250       3.00112764E+17
   48.0234375       3.07533883E+17
   48.0937500       3.15286643E+17
   48.1640625       3.22657219E+17
   48.2343750       3.29039163E+17
   48.3046875       3.33969270E+17
   48.3750000       2.70253172E+17
   48.4453125       2.75789265E+17
   48.5156250       2.79977614E+17
   48.5859375       2.82857080E+17
   48.6562500       2.84427234E+17
   48.7265625       2.84622243E+17
   48.7968750       2.83310405E+17
   48.8671875       2.80330918E+17
   48.9375000       2.75548334E+17
   49.0078125       2.68912266E+17
   49.0781250       2.60488014E+17
   49.1484375       2.50453373E+17
   49.2187500       2.39057519E+17
   49.2890625       2.26568510E+17
   49.3593750       2.13222449E+17
   49.4296875       1.99196237E+17
   49.5000000       1.84608208E+17
   49.5703125       1.05758759E+17
   49.6406250       1.02948648E+17
   49.7109375       1.00369271E+17
   49.7812500       9.79140359E+16
   49.8515625       9.54586890E+16
   49.9218750       9.28773106E+16
   49.9921875       9.00719668E+16
   50.0625000       8.69930164E+16
   50.1328125       8.36488432E+16
   50.2031250       8.00867605E+16
   50.2734375       7.63648278E+16
   50.3437500       7.25213732E+16
   50.4140625       6.85719102E+16
   50.4843750       6.45248141E+16
   50.5546875       0.00000000    
   50.6250000       0.00000000    
   50.6953125       0.00000000    
   50.7656250       0.00000000    
   50.8359375       0.00000000    
   50.9062500       0.00000000    
