2009 08 10 19 55 38.0 14.100 92.900
17. 2.426E+20 7.523 226 18 -90 45 72 -90
  -1.12500000       0.00000000    
  -1.05468750       0.00000000    
 -0.984375000       0.00000000    
 -0.914062500       0.00000000    
 -0.843750000       0.00000000    
 -0.773437500       0.00000000    
 -0.703125000       0.00000000    
 -0.632812500       0.00000000    
 -0.562500000       0.00000000    
 -0.492187500       0.00000000    
 -0.421875000       0.00000000    
 -0.351562500       0.00000000    
 -0.281250000       0.00000000    
 -0.210937500       0.00000000    
 -0.140625000       0.00000000    
  -7.03125000E-02   0.00000000    
   0.00000000       0.00000000    
   7.03125000E-02   3.48457466E+17
  0.140625000       3.50613539E+17
  0.210937500       3.54346312E+17
  0.281250000       3.60246086E+17
  0.351562500       3.69216692E+17
  0.421875000       3.82393033E+17
  0.492187500       4.00985122E+17
  0.562500000       4.26086216E+17
  0.632812500       4.58459103E+17
  0.703125000       4.98356738E+17
  0.773437500       5.45386045E+17
  0.843750000       5.98481977E+17
  0.914062500       6.55986848E+17
  0.984375000       7.15851889E+17
   1.05468750       7.75880482E+17
   1.12500000       8.33997299E+17
   1.19531250       8.88476726E+17
   1.26562500       9.38122494E+17
   1.33593750       9.82337567E+17
   1.40625000       1.02111418E+18
   1.47656250       1.05494499E+18
   1.54687500       1.08470231E+18
   1.61718750       1.11148174E+18
   1.68750000       1.13645398E+18
   1.75781250       1.16072226E+18
   1.82812500       1.18521457E+18
   1.89843750       1.21056601E+18
   1.96875000       1.23703964E+18
   2.03906250       1.26448345E+18
   2.10937500       1.29239112E+18
   2.17968750       1.32002088E+18
   2.25000000       1.34659086E+18
   2.32031250       1.37146511E+18
   2.39062500       1.39431062E+18
   2.46093750       1.41512300E+18
   2.53125000       1.43415102E+18
   2.60156250       1.45174059E+18
   2.67187500       1.46817953E+18
   2.74218750       1.48356747E+18
   2.81250000       1.49777590E+18
   2.88281250       1.51048557E+18
   2.95312500       1.52130958E+18
   3.02343750       1.52991133E+18
   3.09375000       1.53612082E+18
   3.16406250       1.53998973E+18
   3.23437500       1.54182028E+18
   3.30468750       1.54212704E+18
   3.37500000       1.54158292E+18
   3.44531250       1.54094809E+18
   3.51562500       1.54102300E+18
   3.58593750       1.54259475E+18
   3.65625000       1.54639631E+18
   3.72656250       1.55306375E+18
   3.79687500       1.56311177E+18
   3.86718750       1.57689346E+18
   3.93750000       1.59456605E+18
   4.00781250       1.61605051E+18
   4.07812500       1.64101822E+18
   4.14843750       1.66887050E+18
   4.21875000       1.69875275E+18
   4.28906250       1.72959433E+18
   4.35937500       1.76020665E+18
   4.42968750       1.78937903E+18
   4.50000000       1.81598928E+18
   4.57031250       1.83908562E+18
   4.64062500       1.85797165E+18
   4.71093750       1.87222531E+18
   4.78125000       1.88170255E+18
   4.85156250       1.88650453E+18
   4.92187500       1.88695932E+18
   4.99218750       1.88357598E+18
   5.06250000       1.87699884E+18
   5.13281250       1.86792553E+18
   5.20312500       1.85702978E+18
   5.27343750       1.84484637E+18
   5.34375000       1.83168302E+18
   5.41406250       1.81753450E+18
   5.48437500       1.80207537E+18
   5.55468750       1.78467532E+18
   5.62500000       1.76449392E+18
   5.69531250       1.74061322E+18
   5.76562500       1.71222919E+18
   5.83593750       1.67881792E+18
   5.90625000       1.64026629E+18
   5.97656250       1.59692230E+18
   6.04687500       1.54959286E+18
   6.11718750       1.49947602E+18
   6.18750000       1.44808265E+18
   6.25781250       1.39715314E+18
   6.32812500       1.34859417E+18
   6.39843750       1.30438459E+18
   6.46875000       1.26645611E+18
   6.53906250       1.23652699E+18
   6.60937500       1.21594056E+18
   6.67968750       1.20549300E+18
   6.75000000       1.20534058E+18
   6.82031250       1.21498591E+18
   6.89062500       1.23339242E+18
   6.96093750       1.25914821E+18
   7.03125000       1.29066640E+18
   7.10156250       1.32635902E+18
   7.17187500       1.36477815E+18
   7.24218750       1.40467819E+18
   7.31250000       1.44504841E+18
   7.38281250       1.48511901E+18
   7.45312500       1.52439879E+18
   7.52343750       1.56269355E+18
   7.59375000       1.60013439E+18
   7.66406250       1.63715343E+18
   7.73437500       1.67442564E+18
   7.80468750       1.71270706E+18
   7.87500000       1.75263816E+18
   7.94531250       1.79451485E+18
   8.01562500       1.83813330E+18
   8.08593750       1.88270132E+18
   8.15625000       1.92689880E+18
   8.22656250       1.96904528E+18
   8.29687500       2.00739185E+18
   8.36718750       2.04041169E+18
   8.43750000       2.06706825E+18
   8.50781250       2.08696103E+18
   8.57812500       2.10037356E+18
   8.64843750       2.10817281E+18
   8.71875000       2.11165482E+18
   8.78906250       2.11234793E+18
   8.85937500       2.11187555E+18
   8.92968750       2.11180917E+18
   9.00000000       2.11357251E+18
   9.07031250       2.11834123E+18
   9.14062500       2.12701170E+18
   9.21093750       2.14016557E+18
   9.28125000       2.15810163E+18
   9.35156250       2.18088557E+18
   9.42187500       2.20845665E+18
   9.49218750       2.24069873E+18
   9.56250000       2.27749279E+18
   9.63281250       2.31868970E+18
   9.70312500       2.36404896E+18
   9.77343750       2.41310092E+18
   9.84375000       2.46502783E+18
   9.91406250       2.51856965E+18
   9.98437500       2.57205182E+18
   10.0546875       2.62347845E+18
   10.1250000       2.67072804E+18
   10.1953125       2.71177583E+18
   10.2656250       2.74495002E+18
   10.3359375       2.76911014E+18
   10.4062500       2.78376828E+18
   10.4765625       2.78911328E+18
   10.5468750       2.78599424E+18
   10.6171875       2.77582458E+18
   10.6875000       2.76047045E+18
   10.7578125       2.74209706E+18
   10.8281250       2.72304143E+18
   10.8984375       2.70565073E+18
   10.9687500       2.69216494E+18
   11.0390625       2.68459700E+18
   11.1093750       2.68468744E+18
   11.1796875       2.69385132E+18
   11.2500000       2.71317468E+18
   11.3203125       2.74339916E+18
   11.3906250       2.78494503E+18
   11.4609375       2.83790136E+18
   11.5312500       2.90200261E+18
   11.6015625       2.97655912E+18
   11.6718750       3.06039111E+18
   11.7421875       3.15171957E+18
   11.8125000       3.24811403E+18
   11.8828125       3.34649860E+18
   11.9531250       3.44331555E+18
   12.0234375       3.53477953E+18
   12.0937500       3.61725252E+18
   12.1640625       3.68761027E+18
   12.2343750       3.74362241E+18
   12.3046875       3.78418312E+18
   12.3750000       3.80943203E+18
   12.4453125       3.82068663E+18
   12.5156250       3.82027761E+18
   12.5859375       3.81120664E+18
   12.6562500       3.79673900E+18
   12.7265625       3.77992389E+18
   12.7968750       3.76318218E+18
   12.8671875       3.74797208E+18
   12.9375000       3.73462511E+18
   13.0078125       3.72233010E+18
   13.0781250       3.70930281E+18
   13.1484375       3.69304350E+18
   13.2187500       3.67070528E+18
   13.2890625       3.63948602E+18
   13.3593750       3.59706851E+18
   13.4296875       3.54197885E+18
   13.5000000       3.47384129E+18
   13.5703125       3.39344143E+18
   13.6406250       3.30264293E+18
   13.7109375       3.20411377E+18
   13.7812500       3.10095512E+18
   13.8515625       2.99629700E+18
   13.9218750       2.89297260E+18
   13.9921875       2.79328840E+18
   14.0625000       2.69893903E+18
   14.1328125       2.61102236E+18
   14.2031250       2.53016372E+18
   14.2734375       2.45663910E+18
   14.3437500       2.39051310E+18
   14.4140625       2.33171452E+18
   14.4843750       2.28009533E+18
   14.5546875       2.23540994E+18
   14.6250000       2.19727462E+18
   14.6953125       2.16511129E+18
   14.7656250       2.13815704E+18
   14.8359375       2.11551411E+18
   14.9062500       2.09627994E+18
   14.9765625       2.07970453E+18
   15.0468750       2.06537171E+18
   15.1171875       2.05331625E+18
   15.1875000       2.04406784E+18
   15.2578125       2.03857812E+18
   15.3281250       2.03807262E+18
   15.3984375       2.04379269E+18
   15.4687500       2.05673903E+18
   15.5390625       2.07741095E+18
   15.6093750       2.10565342E+18
   15.6796875       2.14053377E+18
   15.7500000       2.18033211E+18
   15.8203125       2.22259678E+18
   15.8906250       2.26435294E+18
   15.9609375       2.30237845E+18
   16.0312500       2.33361118E+18
   16.1015625       2.35560196E+18
   16.1718750       2.36701984E+18
   16.2421875       2.36803496E+18
   16.3125000       2.36053107E+18
   16.3828125       2.34802440E+18
   16.4531250       2.33532696E+18
   16.5234375       2.32792230E+18
   16.5937500       2.33125025E+18
   16.6640625       2.34996504E+18
   16.7343750       2.38738609E+18
   16.8046875       2.44511622E+18
   16.8750000       2.52294103E+18
   16.9453125       2.61891960E+18
   17.0156250       2.72971491E+18
   17.0859375       2.85099132E+18
   17.1562500       2.97792471E+18
   17.2265625       3.10572178E+18
   17.2968750       3.23020134E+18
   17.3671875       3.34828723E+18
   17.4375000       3.45842806E+18
   17.5078125       3.56080139E+18
   17.5781250       3.65734593E+18
   17.6484375       3.75148804E+18
   17.7187500       3.84771483E+18
   17.7890625       3.95096887E+18
   17.8593750       4.06611632E+18
   17.9296875       4.19740818E+18
   18.0000000       4.34813253E+18
   18.0703125       4.52038972E+18
   18.1406250       4.71510388E+18
   18.2109375       4.93207711E+18
   18.2812500       5.17014007E+18
   18.3515625       5.42727186E+18
   18.4218750       5.70080451E+18
   18.4921875       5.98755385E+18
   18.5625000       6.28403936E+18
   18.6328125       6.58668543E+18
   18.7031250       6.89212206E+18
   18.7734375       7.19736573E+18
   18.8437500       7.49998542E+18
   18.9140625       7.79809710E+18
   18.9843750       8.09037753E+18
   19.0546875       8.37595424E+18
   19.1250000       8.65438027E+18
   19.1953125       8.92552918E+18
   19.2656250       9.18962143E+18
   19.3359375       9.44711716E+18
   19.4062500       9.69861725E+18
   19.4765625       9.94463517E+18
   19.5468750       1.01854117E+19
   19.6171875       1.04206885E+19
   19.6875000       1.06495596E+19
   19.7578125       1.08704031E+19
   19.8281250       1.10809958E+19
   19.8984375       1.12786594E+19
   19.9687500       1.14605341E+19
   20.0390625       1.16237851E+19
   20.1093750       1.17658882E+19
   20.1796875       1.18847575E+19
   20.2500000       1.19788823E+19
   20.3203125       1.20473291E+19
   20.3906250       1.20898868E+19
   20.4609375       1.21071986E+19
   20.5312500       1.21009567E+19
   20.6015625       1.20740066E+19
   20.6718750       1.20303669E+19
   20.7421875       1.19750373E+19
   20.8125000       1.19136527E+19
   20.8828125       1.18519701E+19
   20.9531250       1.17954255E+19
   21.0234375       1.17486479E+19
   21.0937500       1.17151414E+19
   21.1640625       1.16970126E+19
   21.2343750       1.16949686E+19
   21.3046875       1.17084091E+19
   21.3750000       1.17357484E+19
   21.4453125       1.17747712E+19
   21.5156250       1.18231783E+19
   21.5859375       1.18790610E+19
   21.6562500       1.19413428E+19
   21.7265625       1.20099919E+19
   21.7968750       1.20860803E+19
   21.8671875       1.21715684E+19
   21.9375000       1.22689225E+19
   22.0078125       1.23805559E+19
   22.0781250       1.25083554E+19
   22.1484375       1.26532348E+19
   22.2187500       1.28149477E+19
   22.2890625       1.29920130E+19
   22.3593750       1.31819547E+19
   22.4296875       1.33816041E+19
   22.5000000       1.35874898E+19
   22.5703125       1.37962024E+19
   22.6406250       1.40047831E+19
   22.7109375       1.42110394E+19
   22.7812500       1.44137365E+19
   22.8515625       1.46125931E+19
   22.9218750       1.48081412E+19
   22.9921875       1.50013364E+19
   23.0625000       1.51930770E+19
   23.1328125       1.53836124E+19
   23.2031250       1.55721809E+19
   23.2734375       1.57568263E+19
   23.3437500       1.59345711E+19
   23.4140625       1.61017980E+19
   23.4843750       1.62548687E+19
   23.5546875       1.63906859E+19
   23.6250000       1.65071396E+19
   23.6953125       1.66032006E+19
   23.7656250       1.66788470E+19
   23.8359375       1.67347484E+19
   23.9062500       1.67719163E+19
   23.9765625       1.67913238E+19
   24.0468750       1.67937086E+19
   24.1171875       1.67794908E+19
   24.1875000       1.67488331E+19
   24.2578125       1.67016883E+19
   24.3281250       1.66379760E+19
   24.3984375       1.65576742E+19
   24.4687500       1.64609689E+19
   24.5390625       1.63483195E+19
   24.6093750       1.62206574E+19
   24.6796875       1.60795648E+19
   24.7500000       1.59274397E+19
   24.8203125       1.57675168E+19
   24.8906250       1.56037984E+19
   24.9609375       1.54408706E+19
   25.0312500       1.52836272E+19
   25.1015625       1.51369282E+19
   25.1718750       1.50053430E+19
   25.2421875       1.48929653E+19
   25.3125000       1.48033353E+19
   25.3828125       1.47393558E+19
   25.4531250       1.47032742E+19
   25.5234375       1.46965826E+19
   25.5937500       1.47198768E+19
   25.6640625       1.47727029E+19
   25.7343750       1.48535115E+19
   25.8046875       1.49597606E+19
   25.8750000       1.50881297E+19
   25.9453125       1.52347550E+19
   26.0156250       1.53955124E+19
   26.0859375       1.55662622E+19
   26.1562500       1.57430087E+19
   26.2265625       1.59219399E+19
   26.2968750       1.60994308E+19
   26.3671875       1.62719716E+19
   26.4375000       1.64361386E+19
   26.5078125       1.65884969E+19
   26.5781250       1.67256060E+19
   26.6484375       1.68439464E+19
   26.7187500       1.69398667E+19
   26.7890625       1.70094196E+19
   26.8593750       1.70483038E+19
   26.9296875       1.70519377E+19
   27.0000000       1.70157000E+19
   27.0703125       1.69353378E+19
   27.1406250       1.68076053E+19
   27.2109375       1.66310150E+19
   27.2812500       1.64064221E+19
   27.3515625       1.61373079E+19
   27.4218750       1.58296777E+19
   27.4921875       1.54916109E+19
   27.5625000       1.51325631E+19
   27.6328125       1.47625511E+19
   27.7031250       1.43913736E+19
   27.7734375       1.40279586E+19
   27.8437500       1.36798235E+19
   27.9140625       1.33526814E+19
   27.9843750       1.30502234E+19
   28.0546875       1.27741063E+19
   28.1250000       1.25241191E+19
   28.1953125       1.22984994E+19
   28.2656250       1.20944025E+19
   28.3359375       1.19085092E+19
   28.4062500       1.17376088E+19
   28.4765625       1.15791065E+19
   28.5468750       1.14313442E+19
   28.6171875       1.12937733E+19
   28.6875000       1.11668919E+19
   28.7578125       1.10520138E+19
   28.8281250       1.09509621E+19
   28.8984375       1.08657521E+19
   28.9687500       1.07983334E+19
   29.0390625       1.07503320E+19
   29.1093750       1.07228816E+19
   29.1796875       1.07165341E+19
   29.2500000       1.07311840E+19
   29.3203125       1.07660429E+19
   29.3906250       1.08196716E+19
   29.4609375       1.08900997E+19
   29.5312500       1.09749853E+19
   29.6015625       1.10717808E+19
   29.6718750       1.11778925E+19
   29.7421875       1.12908200E+19
   29.8125000       1.14081830E+19
   29.8828125       1.15276504E+19
   29.9531250       1.16468408E+19
   30.0234375       1.17632318E+19
   30.0937500       1.18740945E+19
   30.1640625       1.19764931E+19
   30.2343750       1.20673237E+19
   30.3046875       1.21434671E+19
   30.3750000       1.22019589E+19
   30.4453125       1.22401824E+19
   30.5156250       1.22560879E+19
   30.5859375       1.22484639E+19
   30.6562500       1.22171564E+19
   30.7265625       1.21631956E+19
   30.7968750       1.20887895E+19
   30.8671875       1.19971694E+19
   30.9375000       1.18922419E+19
   31.0078125       1.17780576E+19
   31.0781250       1.16582240E+19
   31.1484375       1.15354042E+19
   31.2187500       1.14109483E+19
   31.2890625       1.12847892E+19
   31.3593750       1.11555669E+19
   31.4296875       1.10210494E+19
   31.5000000       1.08786582E+19
   31.5703125       1.07260713E+19
   31.6406250       1.05617735E+19
   31.7109375       1.03855833E+19
   31.7812500       1.01989324E+19
   31.8515625       1.00048752E+19
   31.9218750       9.80779325E+18
   31.9921875       9.61290592E+18
   32.0625000       9.42563600E+18
   32.1328125       9.25100386E+18
   32.2031250       9.09310300E+18
   32.2734375       8.95482787E+18
   32.3437500       8.83778430E+18
   32.4140625       8.74241377E+18
   32.4843750       8.66825500E+18
   32.5546875       8.61434870E+18
   32.6250000       8.57955795E+18
   32.6953125       8.56278930E+18
   32.7656250       8.56299876E+18
   32.8359375       8.57909066E+18
   32.9062500       8.60967797E+18
   32.9765625       8.65282336E+18
   33.0468750       8.70583301E+18
   33.1171875       8.76521544E+18
   33.1875000       8.82676665E+18
   33.2578125       8.88578568E+18
   33.3281250       8.93733629E+18
   33.3984375       8.97656961E+18
   33.4687500       8.99900350E+18
   33.5390625       9.00078141E+18
   33.6093750       8.97890992E+18
   33.6796875       8.93153196E+18
   33.7500000       8.85807909E+18
   33.8203125       8.75929677E+18
   33.8906250       8.63700743E+18
   33.9609375       8.49375921E+18
   34.0312500       8.33233991E+18
   34.1015625       8.15536307E+18
   34.1718750       7.96500792E+18
   34.2421875       7.76307161E+18
   34.3125000       7.55118363E+18
   34.3828125       7.33113232E+18
   34.4531250       7.10514090E+18
   34.5234375       6.87608349E+18
   34.5937500       6.64747468E+18
   34.6640625       6.42328151E+18
   34.7343750       6.20751774E+18
   34.8046875       6.00379088E+18
   34.8750000       5.81479693E+18
   34.9453125       5.64192841E+18
   35.0156250       5.48505504E+18
   35.0859375       5.34257538E+18
   35.1562500       5.21167082E+18
   35.2265625       5.08873113E+18
   35.2968750       4.96981290E+18
   35.3671875       4.85117010E+18
   35.4375000       4.72967516E+18
   35.5078125       4.60318157E+18
   35.5781250       4.47068162E+18
   35.6484375       4.33237488E+18
   35.7187500       4.18947933E+18
   35.7890625       4.04394247E+18
   35.8593750       3.89801116E+18
   35.9296875       3.75393116E+18
   36.0000000       3.61373381E+18
   36.0703125       3.47924787E+18
   36.1406250       3.35218720E+18
   36.2109375       3.23438828E+18
   36.2812500       3.12795885E+18
   36.3515625       3.03535935E+18
   36.4218750       2.95928882E+18
   36.4921875       2.90248750E+18
   36.5625000       2.86735563E+18
   36.6328125       2.85552131E+18
   36.7031250       2.86736470E+18
   36.7734375       2.90172086E+18
   36.8437500       2.95577395E+18
   36.9140625       3.02525842E+18
   36.9843750       3.10486636E+18
   37.0546875       3.18886492E+18
   37.1250000       3.27170927E+18
   37.1953125       3.34860609E+18
   37.2656250       3.41589758E+18
   37.3359375       3.47132451E+18
   37.4062500       3.51408314E+18
   37.4765625       3.54473753E+18
   37.5468750       3.56492539E+18
   37.6171875       3.57696889E+18
   37.6875000       3.58337024E+18
   37.7578125       3.58634909E+18
   37.8281250       3.58746235E+18
   37.8984375       3.58746098E+18
   37.9687500       3.58631144E+18
   38.0390625       3.58339581E+18
   38.1093750       3.57775036E+18
   38.1796875       3.56837208E+18
   38.2500000       3.55442093E+18
   38.3203125       3.53537244E+18
   38.3906250       3.51101798E+18
   38.4609375       3.48144579E+18
   38.5312500       3.44691728E+18
   38.6015625       3.40773728E+18
   38.6718750       3.36410151E+18
   38.7421875       3.31606550E+18
   38.8125000       3.26356244E+18
   38.8828125       3.20653517E+18
   38.9531250       3.14507110E+18
   39.0234375       3.07960040E+18
   39.0937500       3.01101149E+18
   39.1640625       2.94073071E+18
   39.2343750       2.87064042E+18
   39.3046875       2.80294623E+18
   39.3750000       2.73990381E+18
   39.4453125       2.68353680E+18
   39.5156250       2.63532871E+18
   39.5859375       2.59605223E+18
   39.6562500       2.56566448E+18
   39.7265625       2.54331581E+18
   39.7968750       2.52737124E+18
   39.8671875       2.51549981E+18
   39.9375000       2.50473284E+18
   40.0078125       2.49158351E+18
   40.0781250       2.47217988E+18
   40.1484375       2.44256783E+18
   40.2187500       2.39908517E+18
   40.2890625       2.33885172E+18
   40.3593750       2.26018579E+18
   40.4296875       2.16295350E+18
   40.5000000       2.04863109E+18
   40.5703125       1.92013282E+18
   40.6406250       1.78135466E+18
   40.7109375       1.63668614E+18
   40.7812500       1.49050291E+18
   40.8515625       1.34679166E+18
   40.9218750       1.20882494E+18
   40.9921875       0.00000000    
   41.0625000       0.00000000    
   41.1328125       0.00000000    
   41.2031250       0.00000000    
   41.2734375       0.00000000    
   41.3437500       0.00000000    
   41.4140625       0.00000000    
   41.4843750       0.00000000    
   41.5546875       0.00000000    
   41.6250000       0.00000000    
   41.6953125       0.00000000    
   41.7656250       0.00000000    
   41.8359375       0.00000000    
   41.9062500       0.00000000    
   41.9765625       0.00000000    
   42.0468750       0.00000000    
   42.1171875       0.00000000    
   42.1875000       0.00000000    
   42.2578125       0.00000000    
   42.3281250       0.00000000    
   42.3984375       0.00000000    
   42.4687500       0.00000000    
   42.5390625       0.00000000    
   42.6093750       0.00000000    
   42.6796875       0.00000000    
   42.7500000       0.00000000    
   42.8203125       0.00000000    
   42.8906250       0.00000000    
   42.9609375       0.00000000    
   43.0312500       0.00000000    
   43.1015625       0.00000000    
   43.1718750       0.00000000    
   43.2421875       0.00000000    
   43.3125000       0.00000000    
   43.3828125       0.00000000    
   43.4531250       0.00000000    
   43.5234375       0.00000000    
   43.5937500       0.00000000    
   43.6640625       0.00000000    
   43.7343750       0.00000000    
   43.8046875       0.00000000    
   43.8750000       0.00000000    
   43.9453125       0.00000000    
   44.0156250       0.00000000    
   44.0859375       0.00000000    
   44.1562500       0.00000000    
   44.2265625       0.00000000    
   44.2968750       0.00000000    
   44.3671875       0.00000000    
   44.4375000       0.00000000    
   44.5078125       0.00000000    
   44.5781250       0.00000000    
   44.6484375       0.00000000    
   44.7187500       0.00000000    
   44.7890625       0.00000000    
   44.8593750       0.00000000    
   44.9296875       0.00000000    
   45.0000000       0.00000000    
   45.0703125       0.00000000    
   45.1406250       0.00000000    
   45.2109375       0.00000000    
   45.2812500       0.00000000    
   45.3515625       0.00000000    
   45.4218750       0.00000000    
   45.4921875       0.00000000    
   45.5625000       0.00000000    
   45.6328125       0.00000000    
   45.7031250       0.00000000    
   45.7734375       0.00000000    
   45.8437500       0.00000000    
   45.9140625       0.00000000    
   45.9843750       0.00000000    
   46.0546875       0.00000000    
   46.1250000       0.00000000    
   46.1953125       0.00000000    
   46.2656250       0.00000000    
   46.3359375       0.00000000    
   46.4062500       0.00000000    
   46.4765625       0.00000000    
   46.5468750       0.00000000    
   46.6171875       0.00000000    
   46.6875000       0.00000000    
   46.7578125       0.00000000    
   46.8281250       0.00000000    
   46.8984375       0.00000000    
   46.9687500       0.00000000    
   47.0390625       0.00000000    
   47.1093750       0.00000000    
   47.1796875       0.00000000    
   47.2500000       0.00000000    
   47.3203125       0.00000000    
   47.3906250       0.00000000    
   47.4609375       0.00000000    
   47.5312500       0.00000000    
   47.6015625       0.00000000    
   47.6718750       0.00000000    
   47.7421875       0.00000000    
   47.8125000       0.00000000    
   47.8828125       0.00000000    
   47.9531250       0.00000000    
   48.0234375       0.00000000    
   48.0937500       0.00000000    
   48.1640625       0.00000000    
   48.2343750       0.00000000    
   48.3046875       0.00000000    
   48.3750000       0.00000000    
   48.4453125       0.00000000    
   48.5156250       0.00000000    
   48.5859375       0.00000000    
   48.6562500       0.00000000    
   48.7265625       0.00000000    
   48.7968750       0.00000000    
   48.8671875       0.00000000    
   48.9375000       0.00000000    
   49.0078125       0.00000000    
   49.0781250       0.00000000    
   49.1484375       0.00000000    
   49.2187500       0.00000000    
   49.2890625       0.00000000    
   49.3593750       0.00000000    
   49.4296875       0.00000000    
   49.5000000       0.00000000    
   49.5703125       0.00000000    
   49.6406250       0.00000000    
   49.7109375       0.00000000    
   49.7812500       0.00000000    
   49.8515625       0.00000000    
   49.9218750       0.00000000    
   49.9921875       0.00000000    
   50.0625000       0.00000000    
   50.1328125       0.00000000    
   50.2031250       0.00000000    
   50.2734375       0.00000000    
   50.3437500       0.00000000    
   50.4140625       0.00000000    
   50.4843750       0.00000000    
   50.5546875       0.00000000    
   50.6250000       0.00000000    
   50.6953125       0.00000000    
   50.7656250       0.00000000    
   50.8359375       0.00000000    
   50.9062500       0.00000000    
