2013 09 24 11 29 47.0 26.951 65.501
16. 5.271E+20 7.748 222 61 -7 315 84 -150
  -1.12500000       0.00000000    
  -1.05468750       9.65429689E+17
 -0.984375000       9.95689280E+17
 -0.914062500       1.03897980E+18
 -0.843750000       1.09679281E+18
 -0.773437500       1.16878155E+18
 -0.703125000       1.25161422E+18
 -0.632812500       1.34188825E+18
 -0.562500000       1.43626579E+18
 -0.492187500       1.53151456E+18
 -0.421875000       1.62469679E+18
 -0.351562500       1.71322383E+18
 -0.281250000       1.79503121E+18
 -0.210937500       1.87298617E+18
 -0.140625000       1.94917848E+18
  -7.03125000E-02   2.02858232E+18
   0.00000000       2.10973013E+18
   7.03125000E-02   2.19119322E+18
  0.140625000       2.27196225E+18
  0.210937500       2.35335923E+18
  0.281250000       2.43611287E+18
  0.351562500       2.51710427E+18
  0.421875000       2.59302830E+18
  0.492187500       2.66304520E+18
  0.562500000       2.72821160E+18
  0.632812500       2.79089394E+18
  0.703125000       2.85416204E+18
  0.773437500       2.92112862E+18
  0.843750000       2.99428517E+18
  0.914062500       3.07727521E+18
  0.984375000       3.17536814E+18
   1.05468750       3.28970828E+18
   1.12500000       3.41622111E+18
   1.19531250       3.54621994E+18
   1.26562500       3.67665886E+18
   1.33593750       3.80703592E+18
   1.40625000       3.94192428E+18
   1.47656250       4.08520687E+18
   1.54687500       4.23706234E+18
   1.61718750       4.39228452E+18
   1.68750000       4.54336347E+18
   1.75781250       4.68677662E+18
   1.82812500       4.82190879E+18
   1.89843750       4.94991009E+18
   1.96875000       5.07298282E+18
   2.03906250       5.19367402E+18
   2.10937500       5.31460490E+18
   2.17968750       5.43815043E+18
   2.25000000       5.56643540E+18
   2.32031250       5.70110798E+18
   2.39062500       5.84331936E+18
   2.46093750       5.99344118E+18
   2.53125000       6.15103198E+18
   2.60156250       6.31469484E+18
   2.67187500       6.48233793E+18
   2.74218750       6.65140928E+18
   2.81250000       6.81947128E+18
   2.88281250       6.98453821E+18
   2.95312500       7.14550177E+18
   3.02343750       7.31645384E+18
   3.09375000       7.49372645E+18
   3.16406250       7.67533608E+18
   3.23437500       7.84640305E+18
   3.30468750       8.01156839E+18
   3.37500000       8.17492338E+18
   3.44531250       8.33971048E+18
   3.51562500       8.50844484E+18
   3.58593750       8.68293184E+18
   3.65625000       8.86444856E+18
   3.72656250       9.05362998E+18
   3.79687500       9.25049809E+18
   3.86718750       9.45423210E+18
   3.93750000       9.66323166E+18
   4.00781250       9.87506907E+18
   4.07812500       1.00867910E+19
   4.14843750       1.02950803E+19
   4.21875000       1.04966219E+19
   4.28906250       1.06882426E+19
   4.35937500       1.08672563E+19
   4.42968750       1.10315849E+19
   4.50000000       1.11800849E+19
   4.57031250       1.13125541E+19
   4.64062500       1.14298676E+19
   4.71093750       1.15337263E+19
   4.78125000       1.16265130E+19
   4.85156250       1.17108104E+19
   4.92187500       1.17891066E+19
   4.99218750       1.18633258E+19
   5.06250000       1.19346940E+19
   5.13281250       1.20035554E+19
   5.20312500       1.20696118E+19
   5.27343750       1.21320509E+19
   5.34375000       1.21899633E+19
   5.41406250       1.22425144E+19
   5.48437500       1.22893008E+19
   5.55468750       1.23304413E+19
   5.62500000       1.23667691E+19
   5.69531250       1.23996885E+19
   5.76562500       1.24311477E+19
   5.83593750       1.24632282E+19
   5.90625000       1.24978903E+19
   5.97656250       1.25365161E+19
   6.04687500       1.25797830E+19
   6.11718750       1.26275183E+19
   6.18750000       1.26789326E+19
   6.25781250       1.27328031E+19
   6.32812500       1.27879195E+19
   6.39843750       1.28432579E+19
   6.46875000       1.28982654E+19
   6.53906250       1.29527495E+19
   6.60937500       1.30068729E+19
   6.67968750       1.30608347E+19
   6.75000000       1.31147427E+19
   6.82031250       1.31683274E+19
   6.89062500       1.32209764E+19
   6.96093750       1.32716452E+19
   7.03125000       1.33191012E+19
   7.10156250       1.33619965E+19
   7.17187500       1.33991853E+19
   7.24218750       1.34298396E+19
   7.31250000       1.34537331E+19
   7.38281250       1.34712681E+19
   7.45312500       1.34836541E+19
   7.52343750       1.34927471E+19
   7.59375000       1.35010605E+19
   7.66406250       1.35113882E+19
   7.73437500       1.35266362E+19
   7.80468750       1.35493060E+19
   7.87500000       1.35812787E+19
   7.94531250       1.36233845E+19
   8.01562500       1.36753760E+19
   8.08593750       1.37358139E+19
   8.15625000       1.38023025E+19
   8.22656250       1.38716542E+19
   8.29687500       1.39403858E+19
   8.36718750       1.40050568E+19
   8.43750000       1.40628109E+19
   8.50781250       1.41116072E+19
   8.57812500       1.41505629E+19
   8.64843750       1.41799309E+19
   8.71875000       1.42010965E+19
   8.78906250       1.42162785E+19
   8.85937500       1.42282863E+19
   8.92968750       1.42400148E+19
   9.00000000       1.42541105E+19
   9.07031250       1.42724933E+19
   9.14062500       1.42962570E+19
   9.21093750       1.43255106E+19
   9.28125000       1.43596680E+19
   9.35156250       1.43975935E+19
   9.42187500       1.44380016E+19
   9.49218750       1.44795654E+19
   9.56250000       1.45211588E+19
   9.63281250       1.45617902E+19
   9.70312500       1.46007294E+19
   9.77343750       1.46373849E+19
   9.84375000       1.46713851E+19
   9.91406250       1.47024540E+19
   9.98437500       1.47305696E+19
   10.0546875       1.47558968E+19
   10.1250000       1.47789261E+19
   10.1953125       1.48003523E+19
   10.2656250       1.48210968E+19
   10.3359375       1.48421205E+19
   10.4062500       1.48643813E+19
   10.4765625       1.48885925E+19
   10.5468750       1.49152150E+19
   10.6171875       1.49442289E+19
   10.6875000       1.49751922E+19
   10.7578125       1.50070990E+19
   10.8281250       1.50385461E+19
   10.8984375       1.50677249E+19
   10.9687500       1.50927025E+19
   11.0390625       1.51115053E+19
   11.1093750       1.51224641E+19
   11.1796875       1.51243476E+19
   11.2500000       1.51166455E+19
   11.3203125       1.50996053E+19
   11.3906250       1.50743561E+19
   11.4609375       1.50427473E+19
   11.5312500       1.50073145E+19
   11.6015625       1.49708800E+19
   11.6718750       1.49363553E+19
   11.7421875       1.49063243E+19
   11.8125000       1.48828761E+19
   11.8828125       1.48673730E+19
   11.9531250       1.48605055E+19
   12.0234375       1.48622977E+19
   12.0937500       1.48723142E+19
   12.1640625       1.48896920E+19
   12.2343750       1.49133062E+19
   12.3046875       1.49416626E+19
   12.3750000       1.49729998E+19
   12.4453125       1.50052364E+19
   12.5156250       1.50362140E+19
   12.5859375       1.50638173E+19
   12.6562500       1.50862836E+19
   12.7265625       1.51022386E+19
   12.7968750       1.51108577E+19
   12.8671875       1.51117494E+19
   12.9375000       1.51050226E+19
   13.0078125       1.50911170E+19
   13.0781250       1.50709520E+19
   13.1484375       1.50457787E+19
   13.2187500       1.50172727E+19
   13.2890625       1.49872935E+19
   13.3593750       1.49577782E+19
   13.4296875       1.49303487E+19
   13.5000000       1.49061836E+19
   13.5703125       1.48857195E+19
   13.6406250       1.48687749E+19
   13.7109375       1.48545263E+19
   13.7812500       1.48418688E+19
   13.8515625       1.48295256E+19
   13.9218750       1.48163931E+19
   13.9921875       1.48015750E+19
   14.0625000       1.47845820E+19
   14.1328125       1.47651536E+19
   14.2031250       1.47433074E+19
   14.2734375       1.47190995E+19
   14.3437500       1.46926397E+19
   14.4140625       1.46639018E+19
   14.4843750       1.46328087E+19
   14.5546875       1.45991362E+19
   14.6250000       1.45627050E+19
   14.6953125       1.45233798E+19
   14.7656250       1.44813664E+19
   14.8359375       1.44372287E+19
   14.9062500       1.43920618E+19
   14.9765625       1.43473799E+19
   15.0468750       1.43050971E+19
   15.1171875       1.42672167E+19
   15.1875000       1.42356739E+19
   15.2578125       1.42118992E+19
   15.3281250       1.41966731E+19
   15.3984375       1.41898177E+19
   15.4687500       1.41903026E+19
   15.5390625       1.41962454E+19
   15.6093750       1.42054209E+19
   15.6796875       1.42157112E+19
   15.7500000       1.42259927E+19
   15.8203125       1.42369801E+19
   15.8906250       1.42523546E+19
   15.9609375       1.42795587E+19
   16.0312500       1.43274952E+19
   16.1015625       1.43924753E+19
   16.1718750       1.44665681E+19
   16.2421875       1.45387917E+19
   16.3125000       1.46077442E+19
   16.3828125       1.46716951E+19
   16.4531250       1.47288500E+19
   16.5234375       1.47773912E+19
   16.5937500       1.48156245E+19
   16.6640625       1.48419336E+19
   16.7343750       1.48549573E+19
   16.8046875       1.48536412E+19
   16.8750000       1.48376510E+19
   16.9453125       1.48076717E+19
   17.0156250       1.47661190E+19
   17.0859375       1.47177097E+19
   17.1562500       1.46703087E+19
   17.2265625       1.46278455E+19
   17.2968750       1.45895803E+19
   17.3671875       1.45528742E+19
   17.4375000       1.45203111E+19
   17.5078125       1.44917590E+19
   17.5781250       1.44647649E+19
   17.6484375       1.44343381E+19
   17.7187500       1.44119069E+19
   17.7890625       1.44041708E+19
   17.8593750       1.44136068E+19
   17.9296875       1.44287130E+19
   18.0000000       1.44419709E+19
   18.0703125       1.44495179E+19
   18.1406250       1.44502062E+19
   18.2109375       1.44443722E+19
   18.2812500       1.44311341E+19
   18.3515625       1.44083093E+19
   18.4218750       1.43763311E+19
   18.4921875       1.43368884E+19
   18.5625000       1.43001086E+19
   18.6328125       1.42706032E+19
   18.7031250       1.42492265E+19
   18.7734375       1.42266051E+19
   18.8437500       1.41943059E+19
   18.9140625       1.41471610E+19
   18.9843750       1.40827758E+19
   19.0546875       1.40006082E+19
   19.1250000       1.39013036E+19
   19.1953125       1.37858956E+19
   19.2656250       1.36554770E+19
   19.3359375       1.35108121E+19
   19.4062500       1.33524824E+19
   19.4765625       1.31809256E+19
   19.5468750       1.29968531E+19
   19.6171875       1.28013962E+19
   19.6875000       1.25963516E+19
   19.7578125       1.23840095E+19
   19.8281250       1.21670252E+19
   19.8984375       1.19480245E+19
   19.9687500       1.17294449E+19
   20.0390625       1.15132974E+19
   20.1093750       1.13013028E+19
   20.1796875       1.10948893E+19
   20.2500000       1.08960965E+19
   20.3203125       1.07125517E+19
   20.3906250       1.05489718E+19
   20.4609375       1.04072118E+19
   20.5312500       1.02820379E+19
   20.6015625       1.01701747E+19
   20.6718750       1.00699542E+19
   20.7421875       9.98072664E+18
   20.8125000       9.90251728E+18
   20.8828125       9.83552733E+18
   20.9531250       9.77991734E+18
   21.0234375       9.73546078E+18
   21.0937500       9.70152216E+18
   21.1640625       9.67691619E+18
   21.2343750       9.66010905E+18
   21.3046875       9.64926237E+18
   21.3750000       9.64257514E+18
   21.4453125       9.63836621E+18
   21.5156250       9.63540962E+18
   21.5859375       9.63291703E+18
   21.6562500       9.63073780E+18
   21.7265625       9.62920948E+18
   21.7968750       9.62922707E+18
   21.8671875       9.63199894E+18
   21.9375000       9.63902152E+18
   22.0078125       9.65174397E+18
   22.0781250       9.67151758E+18
   22.1484375       9.69932643E+18
   22.2187500       9.73581812E+18
   22.2890625       9.78114989E+18
   22.3593750       9.83511062E+18
   22.4296875       9.89699113E+18
   22.5000000       9.96572820E+18
   22.5703125       1.00398232E+19
   22.6406250       1.01175686E+19
   22.7109375       1.01970995E+19
   22.7812500       1.02766701E+19
   22.8515625       1.03547046E+19
   22.9218750       1.04300586E+19
   22.9921875       1.05019941E+19
   23.0625000       1.05703299E+19
   23.1328125       1.06352604E+19
   23.2031250       1.06973542E+19
   23.2734375       1.07572820E+19
   23.3437500       1.08157903E+19
   23.4140625       1.08734905E+19
   23.4843750       1.09309565E+19
   23.5546875       1.09886764E+19
   23.6250000       1.10472188E+19
   23.6953125       1.11071686E+19
   23.7656250       1.11692514E+19
   23.8359375       1.12341864E+19
   23.9062500       1.13027003E+19
   23.9765625       1.13752614E+19
   24.0468750       1.14520513E+19
   24.1171875       1.15327819E+19
   24.1875000       1.16168219E+19
   24.2578125       1.17031666E+19
   24.3281250       1.17906547E+19
   24.3984375       1.18778845E+19
   24.4687500       1.19633000E+19
   24.5390625       1.20449960E+19
   24.6093750       1.21208436E+19
   24.6796875       1.21884877E+19
   24.7500000       1.22457206E+19
   24.8203125       1.22906972E+19
   24.8906250       1.23223643E+19
   24.9609375       1.23405909E+19
   25.0312500       1.23463842E+19
   25.1015625       1.23417365E+19
   25.1718750       1.23295748E+19
   25.2421875       1.23134230E+19
   25.3125000       1.22971514E+19
   25.3828125       1.22844498E+19
   25.4531250       1.22785091E+19
   25.5234375       1.22815735E+19
   25.5937500       1.22948952E+19
   25.6640625       1.23186688E+19
   25.7343750       1.23523754E+19
   25.8046875       1.23949892E+19
   25.8750000       1.24453655E+19
   25.9453125       1.25023048E+19
   26.0156250       1.25647274E+19
   26.0859375       1.26314875E+19
   26.1562500       1.27013175E+19
   26.2265625       1.27725395E+19
   26.2968750       1.28431424E+19
   26.3671875       1.29107602E+19
   26.4375000       1.29730651E+19
   26.5078125       1.30279780E+19
   26.5781250       1.30741102E+19
   26.6484375       1.31108581E+19
   26.7187500       1.31385152E+19
   26.7890625       1.31579942E+19
   26.8593750       1.31706243E+19
   26.9296875       1.31776963E+19
   27.0000000       1.31802923E+19
   27.0703125       1.31790377E+19
   27.1406250       1.31742043E+19
   27.2109375       1.31657754E+19
   27.2812500       1.31537039E+19
   27.3515625       1.31379754E+19
   27.4218750       1.31188395E+19
   27.4921875       1.30967107E+19
   27.5625000       1.30722466E+19
   27.6328125       1.30461123E+19
   27.7031250       1.30189521E+19
   27.7734375       1.29911862E+19
   27.8437500       1.29630937E+19
   27.9140625       1.29347197E+19
   27.9843750       1.29060488E+19
   28.0546875       1.28769590E+19
   28.1250000       1.28474437E+19
   28.1953125       1.28175392E+19
   28.2656250       1.27875170E+19
   28.3359375       1.27576895E+19
   28.4062500       1.27284062E+19
   28.4765625       1.26997496E+19
   28.5468750       1.26714493E+19
   28.6171875       1.26426487E+19
   28.6875000       1.26119767E+19
   28.7578125       1.25775378E+19
   28.8281250       1.25372946E+19
   28.8984375       1.24894218E+19
   28.9687500       1.24330246E+19
   29.0390625       1.23686647E+19
   29.1093750       1.22990502E+19
   29.1796875       1.22292862E+19
   29.2500000       1.21671495E+19
   29.3203125       1.21168303E+19
   29.3906250       1.20756437E+19
   29.4609375       1.20369992E+19
   29.5312500       1.19957048E+19
   29.6015625       1.19503907E+19
   29.6718750       1.18997626E+19
   29.7421875       1.18427100E+19
   29.8125000       1.17785238E+19
   29.8828125       1.17068291E+19
   29.9531250       1.16276664E+19
   30.0234375       1.15413218E+19
   30.0937500       1.14483965E+19
   30.1640625       1.13496417E+19
   30.2343750       1.12460171E+19
   30.3046875       1.11385036E+19
   30.3750000       1.10281170E+19
   30.4453125       1.09157139E+19
   30.5156250       1.08020651E+19
   30.5859375       1.06877423E+19
   30.6562500       1.05732776E+19
   30.7265625       1.04590549E+19
   30.7968750       1.03454193E+19
   30.8671875       1.02325203E+19
   30.9375000       1.01203481E+19
   31.0078125       1.00085564E+19
   31.0781250       9.89657222E+18
   31.1484375       9.78362819E+18
   31.2187500       9.68032027E+18
   31.2890625       9.59625601E+18
   31.3593750       9.53747392E+18
   31.4296875       9.49629721E+18
   31.5000000       9.46474892E+18
   31.5703125       9.43770973E+18
   31.6406250       9.41205593E+18
   31.7109375       9.38557639E+18
   31.7812500       9.35646132E+18
   31.8515625       9.32300318E+18
   31.9218750       9.28387156E+18
   31.9921875       9.23848592E+18
   32.0625000       9.18769728E+18
   32.1328125       9.13418185E+18
   32.2031250       9.08292812E+18
   32.2734375       9.03925277E+18
   32.3437500       9.00064781E+18
   32.4140625       8.96293841E+18
   32.4843750       8.92163416E+18
   32.5546875       8.87922160E+18
   32.6250000       8.83797617E+18
   32.6953125       8.79957737E+18
   32.7656250       8.76504061E+18
   32.8359375       8.73455116E+18
   32.9062500       8.70766590E+18
   32.9765625       8.68341397E+18
   33.0468750       8.66070466E+18
   33.1171875       8.63853411E+18
   33.1875000       8.61629373E+18
   33.2578125       8.59366798E+18
   33.3281250       8.57055625E+18
   33.3984375       8.54666166E+18
   33.4687500       8.52131792E+18
   33.5390625       8.49316602E+18
   33.6093750       8.46172494E+18
   33.6796875       8.43037621E+18
   33.7500000       8.40021166E+18
   33.8203125       8.36928460E+18
   33.8906250       8.33056640E+18
   33.9609375       8.27907572E+18
   34.0312500       8.21208357E+18
   34.1015625       8.12889837E+18
   34.1718750       8.03071198E+18
   34.2421875       7.92011651E+18
   34.3125000       7.80076122E+18
   34.3828125       7.67680118E+18
   34.4531250       7.55264598E+18
   34.5234375       7.43254192E+18
   34.5937500       7.32035710E+18
   34.6640625       7.21905250E+18
   34.7343750       7.13034500E+18
   34.8046875       7.05421701E+18
   34.8750000       6.98885765E+18
   34.9453125       6.93070063E+18
   35.0156250       6.87508293E+18
   35.0859375       6.81701717E+18
   35.1562500       6.75250443E+18
   35.2265625       6.67977173E+18
   35.2968750       6.60076577E+18
   35.3671875       6.52226944E+18
   35.4375000       6.44848122E+18
   35.5078125       6.37820043E+18
   35.5781250       6.30721211E+18
   35.6484375       6.23447117E+18
   35.7187500       6.16288032E+18
   35.7890625       6.09456162E+18
   35.8593750       6.03046614E+18
   35.9296875       5.97031625E+18
   36.0000000       5.91283049E+18
   36.0703125       5.85615891E+18
   36.1406250       5.79837957E+18
   36.2109375       5.73792732E+18
   36.2812500       5.67379501E+18
   36.3515625       5.60551644E+18
   36.4218750       5.53292613E+18
   36.4921875       5.45586246E+18
   36.5625000       5.37393730E+18
   36.6328125       5.28647774E+18
   36.7031250       5.19261684E+18
   36.7734375       5.09150959E+18
   36.8437500       4.98255129E+18
   36.9140625       4.86555226E+18
   36.9843750       4.74084510E+18
   37.0546875       4.60936385E+18
   37.1250000       4.47273276E+18
   37.1953125       4.33345625E+18
   37.2656250       4.19530014E+18
   37.3359375       4.06349234E+18
   37.4062500       3.93779507E+18
   37.4765625       3.81811433E+18
   37.5468750       3.70576238E+18
   37.6171875       3.61220631E+18
   37.6875000       3.54183124E+18
   37.7578125       3.48994474E+18
   37.8281250       3.44663937E+18
   37.8984375       3.40801628E+18
   37.9687500       3.37653644E+18
   38.0390625       3.35341041E+18
   38.1093750       3.33827343E+18
   38.1796875       3.33124370E+18
   38.2500000       3.33334130E+18
   38.3203125       3.34494170E+18
   38.3906250       3.36513065E+18
   38.4609375       3.39071162E+18
   38.5312500       3.41810870E+18
   38.6015625       3.44222154E+18
   38.6718750       3.45898936E+18
   38.7421875       3.46569529E+18
   38.8125000       3.46120186E+18
   38.8828125       3.44612398E+18
   38.9531250       3.42300427E+18
   39.0234375       3.39650714E+18
   39.0937500       3.36730906E+18
   39.1640625       3.33468408E+18
   39.2343750       3.29577071E+18
   39.3046875       3.25115858E+18
   39.3750000       3.20179903E+18
   39.4453125       3.14915029E+18
   39.5156250       3.09521814E+18
   39.5859375       3.04236902E+18
   39.6562500       2.99300424E+18
   39.7265625       2.94914390E+18
   39.7968750       2.91211290E+18
   39.8671875       2.88237688E+18
   39.9375000       2.85960187E+18
   40.0078125       2.84279858E+18
   40.0781250       2.83056377E+18
   40.1484375       2.82128197E+18
   40.2187500       2.81334679E+18
   40.2890625       2.80531926E+18
   40.3593750       2.79605147E+18
   40.4296875       2.78471138E+18
   40.5000000       2.77074154E+18
   40.5703125       2.75369389E+18
   40.6406250       2.73303214E+18
   40.7109375       2.70789345E+18
   40.7812500       2.67692681E+18
   40.8515625       2.63817315E+18
   40.9218750       2.58905769E+18
   40.9921875       2.52642648E+18
   41.0625000       2.44669567E+18
   41.1328125       2.34611235E+18
   41.2031250       2.22131269E+18
   41.2734375       2.07032432E+18
   41.3437500       1.89427629E+18
   41.4140625       1.69989006E+18
   41.4843750       1.50275257E+18
   41.5546875       1.33098040E+18
   41.6250000       1.20911053E+18
   41.6953125       1.14489576E+18
   41.7656250       1.12773678E+18
   41.8359375       1.14841694E+18
   41.9062500       1.19465787E+18
   41.9765625       1.25613596E+18
   42.0468750       1.31960046E+18
   42.1171875       1.38256963E+18
   42.1875000       1.44450924E+18
   42.2578125       1.50517617E+18
   42.3281250       1.56427409E+18
   42.3984375       1.62128817E+18
   42.4687500       1.67543266E+18
   42.5390625       1.72572363E+18
   42.6093750       1.77405473E+18
   42.6796875       1.82181999E+18
   42.7500000       1.86928934E+18
   42.8203125       1.91310584E+18
   42.8906250       1.95019127E+18
   42.9609375       1.97882805E+18
   43.0312500       1.99851975E+18
   43.1015625       2.00985860E+18
   43.1718750       2.01431080E+18
   43.2421875       2.01407468E+18
   43.3125000       2.01186054E+18
   43.3828125       2.01069354E+18
   43.4531250       2.01359021E+18
   43.5234375       2.02326811E+18
   43.5937500       2.04180148E+18
   43.6640625       2.07044939E+18
   43.7343750       2.10957606E+18
   43.8046875       2.15881398E+18
   43.8750000       2.21726415E+18
   43.9453125       2.28377471E+18
   44.0156250       2.35869406E+18
   44.0859375       2.44704861E+18
   44.1562500       2.55036642E+18
   44.2265625       2.66615764E+18
   44.2968750       2.78581447E+18
   44.3671875       2.90359525E+18
   44.4375000       3.01609206E+18
   44.5078125       3.12250719E+18
   44.5781250       3.23423214E+18
   44.6484375       3.35835354E+18
   44.7187500       3.50427275E+18
   44.7890625       3.66520442E+18
   44.8593750       3.84611779E+18
   44.9296875       4.04562170E+18
   45.0000000       4.26037501E+18
   45.0703125       4.47970944E+18
   45.1406250       4.70541719E+18
   45.2109375       4.93869727E+18
   45.2812500       5.17725996E+18
   45.3515625       5.40848065E+18
   45.4218750       5.62809931E+18
   45.4921875       5.83699497E+18
   45.5625000       6.03685925E+18
   45.6328125       6.23014899E+18
   45.7031250       6.41935350E+18
   45.7734375       6.60817923E+18
   45.8437500       6.79931119E+18
   45.9140625       6.99426175E+18
   45.9843750       7.19658398E+18
   46.0546875       7.40869187E+18
   46.1250000       7.63199003E+18
   46.1953125       7.86420799E+18
   46.2656250       8.10334517E+18
   46.3359375       8.34831636E+18
   46.4062500       8.59931233E+18
   46.4765625       8.85767337E+18
   46.5468750       9.12567933E+18
   46.6171875       9.40588657E+18
   46.6875000       9.70051170E+18
   46.7578125       1.00106246E+19
   46.8281250       1.03357425E+19
   46.8984375       1.06735388E+19
   46.9687500       1.10201324E+19
   47.0390625       1.13704038E+19
   47.1093750       1.17187280E+19
   47.1796875       1.20595018E+19
   47.2500000       1.23878325E+19
   47.3203125       1.26998695E+19
   47.3906250       1.29931565E+19
   47.4609375       1.32665710E+19
   47.5312500       1.35202822E+19
   47.6015625       1.37553028E+19
   47.6718750       1.39731930E+19
   47.7421875       1.41755218E+19
   47.8125000       1.43636098E+19
   47.8828125       1.45382078E+19
   47.9531250       1.46995898E+19
   48.0234375       1.48476093E+19
   48.0937500       1.49820774E+19
   48.1640625       1.51029874E+19
   48.2343750       1.52109033E+19
   48.3046875       1.53070457E+19
   48.3750000       1.53933761E+19
   48.4453125       1.54722990E+19
   48.5156250       1.55463391E+19
   48.5859375       1.56175841E+19
   48.6562500       1.56873800E+19
   48.7265625       1.57559148E+19
   48.7968750       1.58222142E+19
   48.8671875       1.58841277E+19
   48.9375000       1.59386360E+19
   49.0078125       1.59820590E+19
   49.0781250       1.60104913E+19
   49.1484375       1.60201175E+19
   49.2187500       1.60076359E+19
   49.2890625       1.59704680E+19
   49.3593750       1.59070239E+19
   49.4296875       1.58166650E+19
   49.5000000       1.56997792E+19
   49.5703125       1.55575860E+19
   49.6406250       1.53921413E+19
   49.7109375       1.52061106E+19
   49.7812500       1.50027273E+19
   49.8515625       1.47854594E+19
   49.9218750       1.45578935E+19
   49.9921875       1.43234336E+19
   50.0625000       1.40852464E+19
   50.1328125       1.38459542E+19
   50.2031250       1.36075515E+19
   50.2734375       1.33711026E+19
   50.3437500       1.31367945E+19
   50.4140625       1.29038828E+19
   50.4843750       1.26710766E+19
   50.5546875       1.24367937E+19
   50.6250000       1.21996203E+19
   50.6953125       1.19584127E+19
   50.7656250       1.17124553E+19
   50.8359375       1.14612245E+19
   50.9062500       1.12043281E+19
   50.9765625       1.09412050E+19
   51.0468750       1.06712199E+19
   51.1171875       1.03937098E+19
   51.1875000       1.01083821E+19
   51.2578125       9.81553821E+18
   51.3281250       9.51641498E+18
   51.3984375       9.21311634E+18
   51.4687500       8.90847301E+18
   51.5390625       8.60541736E+18
   51.6093750       8.30647005E+18
   51.6796875       8.01304228E+18
   51.7500000       7.72528360E+18
   51.8203125       7.44209833E+18
   51.8906250       7.16188944E+18
   51.9609375       6.88349529E+18
   52.0312500       6.49885039E+18
   52.1015625       6.28113445E+18
   52.1718750       5.81278757E+18
   52.2421875       5.70506732E+18
   52.3125000       5.58975604E+18
   52.3828125       5.46446229E+18
   52.4531250       5.32751262E+18
   52.5234375       5.17808129E+18
   52.5937500       5.01643384E+18
   52.6640625       4.84431629E+18
   52.7343750       4.55751500E+18
   52.8046875       4.42358212E+18
   52.8750000       4.29086942E+18
   52.9453125       4.15912291E+18
   53.0156250       4.02729476E+18
   53.0859375       3.89365572E+18
   53.1562500       3.75614365E+18
   53.2265625       3.61295068E+18
   53.2968750       3.46346245E+18
   53.3671875       3.30949674E+18
   53.4375000       3.15681691E+18
   53.5078125       2.79452590E+18
   53.5781250       2.76848424E+18
   53.6484375       2.74758445E+18
   53.7187500       2.73193730E+18
   53.7890625       2.72135533E+18
   53.8593750       2.71528767E+18
   53.9296875       2.71279205E+18
   54.0000000       2.71258754E+18
   54.0703125       2.71313263E+18
   54.1406250       2.71274368E+18
   54.2109375       2.70971617E+18
   54.2812500       2.70247396E+18
   54.3515625       2.68972980E+18
   54.4218750       2.56529064E+18
   54.4921875       2.56509383E+18
   54.5625000       2.56047478E+18
   54.6328125       2.55187083E+18
   54.7031250       2.54012832E+18
   54.7734375       2.43085033E+18
   54.8437500       2.42725768E+18
   54.9140625       2.42327250E+18
   54.9843750       2.42038216E+18
   55.0546875       2.42013065E+18
   55.1250000       2.42399735E+18
   55.1953125       2.30895188E+18
   55.2656250       2.34159500E+18
   55.3359375       2.37953310E+18
   55.4062500       2.42252566E+18
   55.4765625       2.46982582E+18
   55.5468750       2.52028873E+18
   55.6171875       2.57254302E+18
   55.6875000       2.62518434E+18
   55.7578125       2.67693835E+18
   55.8281250       2.72676877E+18
   55.8984375       2.77390731E+18
   55.9687500       2.81780256E+18
   56.0390625       2.85801060E+18
   56.1093750       2.89406936E+18
   56.1796875       2.92541589E+18
   56.2500000       2.95136601E+18
   56.3203125       2.97116382E+18
   56.3906250       2.98408913E+18
   56.4609375       2.98959603E+18
   56.5312500       2.98745501E+18
   56.6015625       2.97785819E+18
   56.6718750       2.96145485E+18
   56.7421875       2.93929805E+18
   56.8125000       2.91270691E+18
   56.8828125       2.88307177E+18
   56.9531250       2.85164498E+18
   57.0234375       2.81939108E+18
   57.0937500       2.78693295E+18
   57.1640625       2.75458037E+18
   57.2343750       2.72241773E+18
   57.3046875       2.69038868E+18
   57.3750000       2.65835413E+18
   57.4453125       2.62608704E+18
   57.5156250       2.59323363E+18
   57.5859375       2.55926944E+18
   57.6562500       2.52351278E+18
   57.7265625       2.48523410E+18
   57.7968750       2.33411008E+18
   57.8671875       2.31549095E+18
   57.9375000       2.29742652E+18
   58.0078125       2.27989344E+18
   58.0781250       2.26288220E+18
   58.1484375       2.24639984E+18
   58.2187500       2.23052550E+18
   58.2890625       2.21539842E+18
   58.3593750       2.20124441E+18
   58.4296875       2.18832899E+18
   58.5000000       2.17693737E+18
   58.5703125       2.16727939E+18
   58.6406250       2.15944895E+18
   58.7109375       2.15335573E+18
   58.7812500       2.14876485E+18
   58.8515625       2.14530978E+18
   58.9218750       2.14258381E+18
   58.9921875       2.14016956E+18
   59.0625000       2.13771174E+18
   59.1328125       2.13490345E+18
   59.2031250       2.13152066E+18
   59.2734375       2.12739969E+18
   59.3437500       2.12248062E+18
   59.4140625       2.11677965E+18
   59.4843750       2.11039135E+18
   59.5546875       2.10341165E+18
   59.6250000       2.09592329E+18
   59.6953125       2.08794344E+18
   59.7656250       2.07946786E+18
   59.8359375       2.07048210E+18
   59.9062500       2.06104444E+18
   59.9765625       2.05128119E+18
   60.0468750       2.04139301E+18
   60.1171875       2.03157176E+18
   60.1875000       2.02196972E+18
   60.2578125       2.01261590E+18
   60.3281250       2.00341601E+18
   60.3984375       1.99410947E+18
   60.4687500       1.98432217E+18
   60.5390625       1.97357060E+18
   60.6093750       1.96134719E+18
   60.6796875       1.94715799E+18
   60.7500000       1.93064360E+18
   60.8203125       1.91163112E+18
   60.8906250       1.89022487E+18
   60.9609375       1.86679620E+18
   61.0312500       1.84199740E+18
   61.1015625       1.81667468E+18
   61.1718750       1.79181376E+18
   61.2421875       1.76839169E+18
   61.3125000       1.74728423E+18
   61.3828125       1.72912964E+18
   61.4531250       1.71429943E+18
   61.5234375       1.70287715E+18
   61.5937500       1.69476441E+18
   61.6640625       1.68975311E+18
   61.7343750       1.68764864E+18
   61.8046875       1.68827853E+18
   61.8750000       1.69150326E+18
   61.9453125       1.69710678E+18
   62.0156250       1.70473107E+18
   62.0859375       1.71377496E+18
   62.1562500       1.72341548E+18
   62.2265625       1.73261111E+18
   62.2968750       1.74020255E+18
   62.3671875       1.74496440E+18
   62.4375000       1.74573323E+18
   62.5078125       1.74145063E+18
   62.5781250       1.73124620E+18
   62.6484375       1.71441186E+18
   62.7187500       1.69042752E+18
   62.7890625       1.65891030E+18
   62.8593750       1.61963670E+18
   62.9296875       1.57249981E+18
   63.0000000       1.51752946E+18
   63.0703125       1.45483090E+18
   63.1406250       1.38457953E+18
   63.2109375       1.30695154E+18
   63.2812500       1.22213879E+18
   63.3515625       1.13032895E+18
   63.4218750       1.03182212E+18
   63.4921875       9.27215063E+17
   63.5625000       8.17841488E+17
   63.6328125       7.06357949E+17
   63.7031250       5.24288994E+17
   63.7734375       4.65016796E+17
   63.8437500       4.06788241E+17
   63.9140625       3.50660234E+17
   63.9843750       2.98670205E+17
   64.0546875       2.08158528E+17
   64.1250000       2.01977108E+17
   64.1953125       1.97274462E+17
   64.2656250       1.94010768E+17
   64.3359375       1.92155600E+17
   64.4062500       1.91677020E+17
   64.4765625       1.92553761E+17
   64.5468750       1.94747355E+17
   64.6171875       1.98203704E+17
   64.6875000       2.02824488E+17
   64.7578125       2.08477730E+17
   64.8281250       2.14983626E+17
   64.8984375       2.22141498E+17
   64.9687500       2.29729589E+17
   65.0390625       2.37540399E+17
   65.1093750       2.45383044E+17
   65.1796875       2.53120307E+17
   65.2500000       2.60673024E+17
   65.3203125       2.68055420E+17
   65.3906250       2.75369268E+17
   65.4609375       2.82818288E+17
   65.5312500       2.90673216E+17
   65.6015625       2.99253496E+17
   65.6718750       3.08863949E+17
   65.7421875       3.19762171E+17
   65.8125000       3.32099894E+17
   65.8828125       3.45914433E+17
   65.9531250       3.61107931E+17
   66.0234375       3.77482477E+17
   66.0937500       3.94757625E+17
   66.1640625       4.12629809E+17
   66.2343750       4.30796352E+17
   66.3046875       4.49007082E+17
   66.3750000       4.67072265E+17
   66.4453125       4.84892393E+17
   66.5156250       5.02439912E+17
   66.5859375       5.19763714E+17
   66.6562500       5.36949218E+17
   66.7265625       5.54105035E+17
   66.7968750       5.71311877E+17
   66.8671875       5.88608775E+17
   66.9375000       6.05951029E+17
   67.0078125       6.23211643E+17
   67.0781250       6.40158004E+17
   67.1484375       6.56477299E+17
   67.2187500       6.71780439E+17
   67.2890625       6.85653183E+17
   67.3593750       6.97678130E+17
   67.4296875       7.07494432E+17
   67.5000000       7.14818279E+17
   67.5703125       7.19484675E+17
   67.6406250       7.21437889E+17
   67.7109375       7.20740249E+17
   67.7812500       7.17533592E+17
   67.8515625       7.12023252E+17
   67.9218750       7.04428994E+17
   67.9921875       6.94979035E+17
   68.0625000       6.83886612E+17
   68.1328125       6.71376231E+17
   68.2031250       6.57682707E+17
   68.2734375       6.43085385E+17
   68.3437500       6.27898586E+17
   68.4140625       6.12481990E+17
   68.4843750       5.97201665E+17
   68.5546875       5.82418250E+17
   68.6250000       5.68444763E+17
   68.6953125       5.55545224E+17
   68.7656250       5.43910020E+17
   68.8359375       5.33672742E+17
   68.9062500       5.24898983E+17
   68.9765625       5.17608808E+17
   69.0468750       5.11761537E+17
   69.1171875       5.07271097E+17
   69.1875000       5.03987405E+17
   69.2578125       5.01709973E+17
   69.3281250       5.00172959E+17
   69.3984375       4.99068912E+17
   69.4687500       4.98052413E+17
   69.5390625       4.96785914E+17
   69.6093750       4.94960827E+17
   69.6796875       4.92353370E+17
   69.7500000       4.88842767E+17
   69.8203125       4.84446885E+17
   69.8906250       4.79303610E+17
   69.9609375       4.73665039E+17
   70.0312500       4.67848760E+17
   70.1015625       4.62217027E+17
   70.1718750       4.57124090E+17
   70.2421875       4.52904473E+17
   70.3125000       4.49835667E+17
   70.3828125       4.48142385E+17
   70.4531250       4.47974091E+17
   70.5234375       4.49423007E+17
   70.5937500       4.52517686E+17
   70.6640625       4.57255172E+17
   70.7343750       4.63605711E+17
   70.8046875       4.71550404E+17
   70.8750000       4.81081280E+17
   70.9453125       4.92216755E+17
   71.0156250       5.04962775E+17
   71.0859375       5.19289137E+17
   71.1562500       5.35067610E+17
   71.2265625       5.52050598E+17
   71.2968750       5.69838394E+17
   71.3671875       5.87907837E+17
   71.4375000       6.05633132E+17
   71.5078125       6.22360484E+17
   71.5781250       6.37455816E+17
   71.6484375       6.50387928E+17
   71.7187500       6.60772266E+17
   71.7890625       6.68434144E+17
   71.8593750       6.73416169E+17
   71.9296875       6.75994317E+17
   72.0000000       6.76629629E+17
   72.0703125       6.75925392E+17
   72.1406250       6.74528531E+17
   72.2109375       6.73058553E+17
   72.2812500       6.72017796E+17
   72.3515625       6.71759067E+17
   72.4218750       6.72457395E+17
   72.4921875       6.74147756E+17
   72.5625000       6.76752499E+17
   72.6328125       6.80147722E+17
   72.7031250       6.84182793E+17
   72.7734375       6.88714773E+17
   72.8437500       6.93591314E+17
   72.9140625       6.98656558E+17
   72.9843750       7.03725787E+17
   73.0546875       7.08609131E+17
   73.1250000       7.13120564E+17
   73.1953125       7.17131651E+17
   73.2656250       7.20589890E+17
   73.3359375       7.23554517E+17
   73.4062500       7.26177334E+17
   73.4765625       7.28687725E+17
   73.5468750       7.31319887E+17
   73.6171875       7.34262936E+17
   73.6875000       7.37579956E+17
   73.7578125       7.41185118E+17
   73.8281250       7.44815774E+17
   73.8984375       7.48074451E+17
   73.9687500       7.50463621E+17
   74.0390625       7.51464795E+17
   74.1093750       7.50578726E+17
   74.1796875       7.47387944E+17
   74.2500000       7.41571527E+17
   74.3203125       7.32936100E+17
   74.3906250       7.21400231E+17
   74.4609375       7.07004393E+17
   74.5312500       6.89893450E+17
   74.6015625       6.70334925E+17
   74.6718750       6.48706225E+17
   74.7421875       6.25508454E+17
   74.8125000       6.01337340E+17
   74.8828125       5.76868809E+17
   74.9531250       5.52797647E+17
   75.0234375       5.29803526E+17
   75.0937500       5.08489562E+17
   75.1640625       4.89364073E+17
   75.2343750       4.72806286E+17
   75.3046875       4.59079915E+17
   75.3750000       4.48332876E+17
   75.4453125       4.40634095E+17
   75.5156250       4.35978969E+17
   75.5859375       4.34320493E+17
   75.6562500       4.35563319E+17
   75.7265625       4.39580969E+17
   75.7968750       4.46190546E+17
   75.8671875       4.55146480E+17
   75.9375000       4.66095211E+17
   76.0078125       4.78559206E+17
   76.0781250       4.91900852E+17
   76.1484375       5.05342863E+17
   76.2187500       5.17994359E+17
   76.2890625       5.28940616E+17
   76.3593750       5.37324495E+17
   76.4296875       5.42464574E+17
   76.5000000       5.43931701E+17
   76.5703125       5.41625578E+17
   76.6406250       5.35779578E+17
   76.7109375       5.26948644E+17
   76.7812500       5.15926452E+17
   76.8515625       5.03658411E+17
   76.9218750       4.91107451E+17
   76.9921875       4.79156585E+17
   77.0625000       4.68507677E+17
   77.1328125       4.59650286E+17
   77.2031250       4.52838502E+17
   77.2734375       4.48132180E+17
   77.3437500       4.45429959E+17
   77.4140625       4.44543237E+17
   77.4843750       4.45238128E+17
   77.5546875       4.47299541E+17
   77.6250000       4.50553374E+17
   77.6953125       4.54904416E+17
   77.7656250       4.60326348E+17
   77.8359375       4.66865831E+17
   77.9062500       4.74592684E+17
   77.9765625       4.83549786E+17
   78.0468750       4.93632239E+17
   78.1171875       5.04469266E+17
   78.1875000       5.15278909E+17
   78.2578125       5.24812877E+17
   78.3281250       5.31387476E+17
   78.3984375       5.33113949E+17
   78.4687500       5.28265034E+17
   78.5390625       5.15769566E+17
   78.6093750       4.95628334E+17
   78.6796875       4.69129004E+17
   78.7500000       4.38670058E+17
   78.8203125       4.07251170E+17
   78.8906250       3.77744229E+17
   78.9609375       3.52273561E+17
   79.0312500       3.31872776E+17
   79.1015625       3.16535207E+17
   79.1718750       3.05498378E+17
   79.2421875       2.97649824E+17
   79.3125000       2.91850415E+17
   79.3828125       2.87161479E+17
   79.4531250       2.82909255E+17
   79.5234375       2.78682681E+17
   79.5937500       2.74252783E+17
   79.6640625       2.69513613E+17
   79.7343750       2.64406124E+17
   79.8046875       2.58889599E+17
   79.8750000       2.52900199E+17
   79.9453125       2.46351731E+17
   80.0156250       2.39126101E+17
   80.0859375       2.31119045E+17
   80.1562500       2.22287441E+17
   80.2265625       2.12740021E+17
   80.2968750       2.02779837E+17
   80.3671875       1.92922492E+17
   80.4375000       1.83805565E+17
   80.5078125       1.76052221E+17
   80.5781250       1.70067906E+17
   80.6484375       1.65901599E+17
   80.7187500       1.63186973E+17
   80.7890625       1.61255045E+17
   80.8593750       1.59324870E+17
   80.9296875       1.56743818E+17
   81.0000000       1.53129603E+17
   81.0703125       1.48427370E+17
   81.1406250       1.42835829E+17
   81.2109375       1.36713456E+17
   81.2812500       1.30457046E+17
   81.3515625       1.24443018E+17
   81.4218750       1.18976779E+17
   81.4921875       1.14304353E+17
   81.5625000       1.10611935E+17
   81.6328125       1.08057580E+17
   81.7031250       1.06763636E+17
   81.7734375       0.00000000    
   81.8437500       0.00000000    
   81.9140625       0.00000000    
   81.9843750       0.00000000    
   82.0546875       0.00000000    
   82.1250000       0.00000000    
