2013 09 24 11 29 47.0 26.951 65.501
16. 5.271E+20 7.748 222 61 -7 315 84 -150
  -1.12500000       0.00000000    
  -1.05468750       0.00000000    
 -0.984375000       0.00000000    
 -0.914062500       0.00000000    
 -0.843750000       0.00000000    
 -0.773437500       0.00000000    
 -0.703125000       0.00000000    
 -0.632812500       0.00000000    
 -0.562500000       0.00000000    
 -0.492187500       0.00000000    
 -0.421875000       0.00000000    
 -0.351562500       0.00000000    
 -0.281250000       0.00000000    
 -0.210937500       0.00000000    
 -0.140625000       0.00000000    
  -7.03125000E-02   0.00000000    
   0.00000000       0.00000000    
   7.03125000E-02   4.21728199E+17
  0.140625000       7.10926214E+17
  0.210937500       1.02285168E+18
  0.281250000       1.33846189E+18
  0.351562500       1.64781238E+18
  0.421875000       1.94673248E+18
  0.492187500       2.23395350E+18
  0.562500000       2.50905805E+18
  0.632812500       2.77103511E+18
  0.703125000       3.01756541E+18
  0.773437500       3.24477426E+18
  0.843750000       3.44759760E+18
  0.914062500       3.62037706E+18
  0.984375000       3.75779292E+18
   1.05468750       3.85574099E+18
   1.12500000       3.91222235E+18
   1.19531250       3.92780793E+18
   1.26562500       3.90583584E+18
   1.33593750       3.85223025E+18
   1.40625000       3.77520176E+18
   1.47656250       3.68471855E+18
   1.54687500       3.59194313E+18
   1.61718750       3.50850285E+18
   1.68750000       3.44571688E+18
   1.75781250       3.41360427E+18
   1.82812500       3.41997622E+18
   1.89843750       3.46963456E+18
   1.96875000       3.56411862E+18
   2.03906250       3.70190117E+18
   2.10937500       3.87921886E+18
   2.17968750       4.09111537E+18
   2.25000000       4.33253101E+18
   2.32031250       4.59884812E+18
   2.39062500       4.88593665E+18
   2.46093750       5.18964870E+18
   2.53125000       5.50524922E+18
   2.60156250       5.82688771E+18
   2.67187500       6.14751959E+18
   2.74218750       6.45917891E+18
   2.81250000       6.75365122E+18
   2.88281250       7.02310798E+18
   2.95312500       7.26073663E+18
   3.02343750       7.46110504E+18
   3.09375000       7.62051223E+18
   3.16406250       7.73710005E+18
   3.23437500       7.81102681E+18
   3.30468750       7.84448660E+18
   3.37500000       7.84184062E+18
   3.44531250       7.80946221E+18
   3.51562500       7.75551192E+18
   3.58593750       7.68943237E+18
   3.65625000       7.62143967E+18
   3.72656250       7.56184559E+18
   3.79687500       7.52046767E+18
   3.86718750       7.50604098E+18
   3.93750000       7.52591960E+18
   4.00781250       7.58581769E+18
   4.07812500       7.68982270E+18
   4.14843750       7.84041291E+18
   4.21875000       8.03867355E+18
   4.28906250       8.28435832E+18
   4.35937500       8.57601258E+18
   4.42968750       8.91095240E+18
   4.50000000       9.28539549E+18
   4.57031250       9.69447319E+18
   4.64062500       1.01323526E+19
   4.71093750       1.05922750E+19
   4.78125000       1.10667517E+19
   4.85156250       1.15476121E+19
   4.92187500       1.20261085E+19
   4.99218750       1.24928743E+19
   5.06250000       1.29380886E+19
   5.13281250       1.33515764E+19
   5.20312500       1.37232740E+19
   5.27343750       1.40437893E+19
   5.34375000       1.43053203E+19
   5.41406250       1.45024066E+19
   5.48437500       1.46326097E+19
   5.55468750       1.46967332E+19
   5.62500000       1.46988443E+19
   5.69531250       1.46458720E+19
   5.76562500       1.45470028E+19
   5.83593750       1.44128151E+19
   5.90625000       1.42544855E+19
   5.97656250       1.40828748E+19
   6.04687500       1.39078028E+19
   6.11718750       1.37374060E+19
   6.18750000       1.35778900E+19
   6.25781250       1.34335021E+19
   6.32812500       1.33069329E+19
   6.39843750       1.31998064E+19
   6.46875000       1.31134101E+19
   6.53906250       1.30491667E+19
   6.60937500       1.30088872E+19
   6.67968750       1.29945507E+19
   6.75000000       1.30079350E+19
   6.82031250       1.30499892E+19
   6.89062500       1.31203293E+19
   6.96093750       1.32168708E+19
   7.03125000       1.33358600E+19
   7.10156250       1.34720455E+19
   7.17187500       1.36190535E+19
   7.24218750       1.37696998E+19
   7.31250000       1.39164758E+19
   7.38281250       1.40519587E+19
   7.45312500       1.41694019E+19
   7.52343750       1.42632629E+19
   7.59375000       1.43298482E+19
   7.66406250       1.43676868E+19
   7.73437500       1.43776901E+19
   7.80468750       1.43628544E+19
   7.87500000       1.43278064E+19
   7.94531250       1.42780557E+19
   8.01562500       1.42193440E+19
   8.08593750       1.41570775E+19
   8.15625000       1.40961679E+19
   8.22656250       1.40410790E+19
   8.29687500       1.39961244E+19
   8.36718750       1.39656547E+19
   8.43750000       1.39542704E+19
   8.50781250       1.39666586E+19
   8.57812500       1.40073163E+19
   8.64843750       1.40799578E+19
   8.71875000       1.41870029E+19
   8.78906250       1.43290279E+19
   8.85937500       1.45044737E+19
   8.92968750       1.47095073E+19
   9.00000000       1.49383201E+19
   9.07031250       1.51835486E+19
   9.14062500       1.54368904E+19
   9.21093750       1.56896186E+19
   9.28125000       1.59331176E+19
   9.35156250       1.61591980E+19
   9.42187500       1.63604043E+19
   9.49218750       1.65301843E+19
   9.56250000       1.66632087E+19
   9.63281250       1.67555556E+19
   9.70312500       1.68049599E+19
   9.77343750       1.68108192E+19
   9.84375000       1.67742220E+19
   9.91406250       1.66977674E+19
   9.98437500       1.65853259E+19
   10.0546875       1.64417132E+19
   10.1250000       1.62725291E+19
   10.1953125       1.60840552E+19
   10.2656250       1.58832987E+19
   10.3359375       1.56780012E+19
   10.4062500       1.54766850E+19
   10.4765625       1.52884574E+19
   10.5468750       1.51226378E+19
   10.6171875       1.49880433E+19
   10.6875000       1.48922396E+19
   10.7578125       1.48406362E+19
   10.8281250       1.48357599E+19
   10.8984375       1.48766166E+19
   10.9687500       1.49585544E+19
   11.0390625       1.50734402E+19
   11.1093750       1.52104361E+19
   11.1796875       1.53570625E+19
   11.2500000       1.55006444E+19
   11.3203125       1.56296073E+19
   11.3906250       1.57345205E+19
   11.4609375       1.58085594E+19
   11.5312500       1.58475854E+19
   11.6015625       1.58497779E+19
   11.6718750       1.58152323E+19
   11.7421875       1.57455255E+19
   11.8125000       1.56436744E+19
   11.8828125       1.55142080E+19
   11.9531250       1.53634056E+19
   12.0234375       1.51993343E+19
   12.0937500       1.50317346E+19
   12.1640625       1.48714225E+19
   12.2343750       1.47293755E+19
   12.3046875       1.46155266E+19
   12.3750000       1.45376823E+19
   12.4453125       1.45007101E+19
   12.5156250       1.45061769E+19
   12.5859375       1.45524289E+19
   12.6562500       1.46351562E+19
   12.7265625       1.47481387E+19
   12.7968750       1.48841428E+19
   12.8671875       1.50356412E+19
   12.9375000       1.51955080E+19
   13.0078125       1.53573891E+19
   13.0781250       1.55159431E+19
   13.1484375       1.56668334E+19
   13.2187500       1.58067166E+19
   13.2890625       1.59331648E+19
   13.3593750       1.60445827E+19
   13.4296875       1.61400533E+19
   13.5000000       1.62192501E+19
   13.5703125       1.62822466E+19
   13.6406250       1.63293892E+19
   13.7109375       1.63611222E+19
   13.7812500       1.63779734E+19
   13.8515625       1.63805869E+19
   13.9218750       1.63697963E+19
   13.9921875       1.63466109E+19
   14.0625000       1.63122380E+19
   14.1328125       1.62678881E+19
   14.2031250       1.62146475E+19
   14.2734375       1.61532508E+19
   14.3437500       1.60841025E+19
   14.4140625       1.60074577E+19
   14.4843750       1.59238146E+19
   14.5546875       1.58343374E+19
   14.6250000       1.57412825E+19
   14.6953125       1.56481494E+19
   14.7656250       1.55595673E+19
   14.8359375       1.54808236E+19
   14.9062500       1.54173465E+19
   14.9765625       1.53741555E+19
   15.0468750       1.53554825E+19
   15.1171875       1.53645062E+19
   15.1875000       1.54032937E+19
   15.2578125       1.54727817E+19
   15.3281250       1.55728703E+19
   15.3984375       1.57024939E+19
   15.4687500       1.58599308E+19
   15.5390625       1.60431281E+19
   15.6093750       1.62501287E+19
   15.6796875       1.64793494E+19
   15.7500000       1.67297544E+19
   15.8203125       1.70006642E+19
   15.8906250       1.72912981E+19
   15.9609375       1.76000355E+19
   16.0312500       1.79237878E+19
   16.1015625       1.82575797E+19
   16.1718750       1.85946064E+19
   16.2421875       1.89266303E+19
   16.3125000       1.92448202E+19
   16.3828125       1.95405448E+19
   16.4531250       1.98060791E+19
   16.5234375       2.00350216E+19
   16.5937500       2.02226247E+19
   16.6640625       2.03659878E+19
   16.7343750       2.04643061E+19
   16.8046875       2.05190068E+19
   16.8750000       2.05339294E+19
   16.9453125       2.05152025E+19
   17.0156250       2.04708284E+19
   17.0859375       2.04098429E+19
   17.1562500       2.03414159E+19
   17.2265625       2.02739257E+19
   17.2968750       2.02143102E+19
   17.3671875       2.01676799E+19
   17.4375000       2.01373202E+19
   17.5078125       2.01247879E+19
   17.5781250       2.01301316E+19
   17.6484375       2.01519041E+19
   17.7187500       2.01872600E+19
   17.7890625       2.02320937E+19
   17.8593750       2.02813606E+19
   17.9296875       2.03296050E+19
   18.0000000       2.03717404E+19
   18.0703125       2.04038110E+19
   18.1406250       2.04235560E+19
   18.2109375       2.04304939E+19
   18.2812500       2.04256121E+19
   18.3515625       2.04105730E+19
   18.4218750       2.03867620E+19
   18.4921875       2.03542758E+19
   18.5625000       2.03113003E+19
   18.6328125       2.02539322E+19
   18.7031250       2.01765419E+19
   18.7734375       2.00724820E+19
   18.8437500       1.99351640E+19
   18.9140625       1.97590662E+19
   18.9843750       1.95405602E+19
   19.0546875       1.92782190E+19
   19.1250000       1.89727526E+19
   19.1953125       1.86266264E+19
   19.2656250       1.82435158E+19
   19.3359375       1.78277740E+19
   19.4062500       1.73840837E+19
   19.4765625       1.69173432E+19
   19.5468750       1.64326939E+19
   19.6171875       1.59355640E+19
   19.6875000       1.54317216E+19
   19.7578125       1.49272249E+19
   19.8281250       1.44282270E+19
   19.8984375       1.39406134E+19
   19.9687500       1.34695661E+19
   20.0390625       1.30191885E+19
   20.1093750       1.25922361E+19
   20.1796875       1.21900171E+19
   20.2500000       1.18125691E+19
   20.3203125       1.14590387E+19
   20.3906250       1.11282792E+19
   20.4609375       1.08195188E+19
   20.5312500       1.05330223E+19
   20.6015625       1.02705832E+19
   20.6718750       1.00356297E+19
   20.7421875       9.83287201E+18
   20.8125000       9.66758793E+18
   20.8828125       9.54472190E+18
   20.9531250       9.46808704E+18
   21.0234375       9.43984718E+18
   21.0937500       9.46045753E+18
   21.1640625       9.52892962E+18
   21.2343750       9.64325134E+18
   21.3046875       9.80069920E+18
   21.3750000       9.99797798E+18
   21.4453125       1.02311877E+19
   21.5156250       1.04957060E+19
   21.5859375       1.07861321E+19
   21.6562500       1.10963769E+19
   21.7265625       1.14198609E+19
   21.7968750       1.17497595E+19
   21.8671875       1.20791402E+19
   21.9375000       1.24010431E+19
   22.0078125       1.27084336E+19
   22.0781250       1.29941703E+19
   22.1484375       1.32510437E+19
   22.2187500       1.34721445E+19
   22.2890625       1.36514880E+19
   22.3593750       1.37848632E+19
   22.4296875       1.38705855E+19
   22.5000000       1.39100755E+19
   22.5703125       1.39079821E+19
   22.6406250       1.38718686E+19
   22.7109375       1.38114658E+19
   22.7812500       1.37378096E+19
   22.8515625       1.36623358E+19
   22.9218750       1.35961012E+19
   22.9921875       1.35490707E+19
   23.0625000       1.35295664E+19
   23.1328125       1.35437754E+19
   23.2031250       1.35954162E+19
   23.2734375       1.36855674E+19
   23.3437500       1.38128919E+19
   23.4140625       1.39740715E+19
   23.4843750       1.41644179E+19
   23.5546875       1.43784114E+19
   23.6250000       1.46101368E+19
   23.6953125       1.48534730E+19
   23.7656250       1.51020957E+19
   23.8359375       1.53493352E+19
   23.9062500       1.55881447E+19
   23.9765625       1.58112774E+19
   24.0468750       1.60117458E+19
   24.1171875       1.61834884E+19
   24.1875000       1.63221973E+19
   24.2578125       1.64259604E+19
   24.3281250       1.64955595E+19
   24.3984375       1.65342305E+19
   24.4687500       1.65470431E+19
   24.5390625       1.65400436E+19
   24.6093750       1.65194365E+19
   24.6796875       1.64909933E+19
   24.7500000       1.64598650E+19
   24.8203125       1.64306719E+19
   24.8906250       1.64077064E+19
   24.9609375       1.63950191E+19
   25.0312500       1.63963715E+19
   25.1015625       1.64149005E+19
   25.1718750       1.64526049E+19
   25.2421875       1.65097037E+19
   25.3125000       1.65841945E+19
   25.3828125       1.66716914E+19
   25.4531250       1.67658195E+19
   25.5234375       1.68589349E+19
   25.5937500       1.69432730E+19
   25.6640625       1.70120210E+19
   25.7343750       1.70601884E+19
   25.8046875       1.70849868E+19
   25.8750000       1.70858269E+19
   25.9453125       1.70640257E+19
   26.0156250       1.70222718E+19
   26.0859375       1.69639735E+19
   26.1562500       1.68926031E+19
   26.2265625       1.68111106E+19
   26.2968750       1.67214476E+19
   26.3671875       1.66242574E+19
   26.4375000       1.65188373E+19
   26.5078125       1.64033886E+19
   26.5781250       1.62754681E+19
   26.6484375       1.61325151E+19
   26.7187500       1.59724427E+19
   26.7890625       1.57941921E+19
   26.8593750       1.55980744E+19
   26.9296875       1.53858642E+19
   27.0000000       1.51606700E+19
   27.0703125       1.49266367E+19
   27.1406250       1.46885847E+19
   27.2109375       1.44515718E+19
   27.2812500       1.42204457E+19
   27.3515625       1.39993724E+19
   27.4218750       1.37913096E+19
   27.4921875       1.35975086E+19
   27.5625000       1.34173030E+19
   27.6328125       1.32483268E+19
   27.7031250       1.30871812E+19
   27.7734375       1.29304404E+19
   27.8437500       1.27757149E+19
   27.9140625       1.26224957E+19
   27.9843750       1.24725059E+19
   28.0546875       1.23294682E+19
   28.1250000       1.21984240E+19
   28.1953125       1.20848543E+19
   28.2656250       1.19937752E+19
   28.3359375       1.19289953E+19
   28.4062500       1.18926718E+19
   28.4765625       1.18851017E+19
   28.5468750       1.19047378E+19
   28.6171875       1.19482763E+19
   28.6875000       1.20109100E+19
   28.7578125       1.20867664E+19
   28.8281250       1.21695299E+19
   28.8984375       1.22532237E+19
   28.9687500       1.23329723E+19
   29.0390625       1.24056006E+19
   29.1093750       1.24698538E+19
   29.1796875       1.25261411E+19
   29.2500000       1.25759248E+19
   29.3203125       1.26209190E+19
   29.3906250       1.26623398E+19
   29.4609375       1.27003928E+19
   29.5312500       1.27341764E+19
   29.6015625       1.27619501E+19
   29.6718750       1.27817105E+19
   29.7421875       1.27917502E+19
   29.8125000       1.27911377E+19
   29.8828125       1.27798897E+19
   29.9531250       1.27588044E+19
   30.0234375       1.27289527E+19
   30.0937500       1.26910723E+19
   30.1640625       1.26450973E+19
   30.2343750       1.25899601E+19
   30.3046875       1.25237827E+19
   30.3750000       1.24444683E+19
   30.4453125       1.23505557E+19
   30.5156250       1.22420977E+19
   30.5859375       1.21212680E+19
   30.6562500       1.19925284E+19
   30.7265625       1.18622989E+19
   30.7968750       1.17381541E+19
   30.8671875       1.16277390E+19
   30.9375000       1.15377187E+19
   31.0078125       1.14729288E+19
   31.0781250       1.14358522E+19
   31.1484375       1.14263909E+19
   31.2187500       1.14419468E+19
   31.2890625       1.14777546E+19
   31.3593750       1.15273602E+19
   31.4296875       1.15832000E+19
   31.5000000       1.16372300E+19
   31.5703125       1.16816085E+19
   31.6406250       1.17093590E+19
   31.7109375       1.17149522E+19
   31.7812500       1.16948158E+19
   31.8515625       1.16477215E+19
   31.9218750       1.15750119E+19
   31.9921875       1.14806430E+19
   32.0625000       1.13710184E+19
   32.1328125       1.12546417E+19
   32.2031250       1.11414778E+19
   32.2734375       1.10420522E+19
   32.3437500       1.09663311E+19
   32.4140625       1.09225804E+19
   32.4843750       1.09163704E+19
   32.5546875       1.09499659E+19
   32.6250000       1.10222478E+19
   32.6953125       1.11291984E+19
   32.7656250       1.12647264E+19
   32.8359375       1.14215476E+19
   32.9062500       1.15919785E+19
   32.9765625       1.17684446E+19
   33.0468750       1.19438013E+19
   33.1171875       1.21114537E+19
   33.1875000       1.22654425E+19
   33.2578125       1.24005747E+19
   33.3281250       1.25124709E+19
   33.3984375       1.25975192E+19
   33.4687500       1.26526081E+19
   33.5390625       1.26747401E+19
   33.6093750       1.26605476E+19
   33.6796875       1.26059855E+19
   33.7500000       1.25064104E+19
   33.8203125       1.23572199E+19
   33.8906250       1.21549438E+19
   33.9609375       1.18984871E+19
   34.0312500       1.15902094E+19
   34.1015625       1.12364910E+19
   34.1718750       1.08475453E+19
   34.2421875       1.04364742E+19
   34.3125000       1.00177780E+19
   34.3828125       9.60563595E+18
   34.4531250       9.21225487E+18
   34.5234375       8.84652157E+18
   34.5937500       8.51315075E+18
   34.6640625       8.21250359E+18
   34.7343750       7.94100393E+18
   34.8046875       7.69211903E+18
   34.8750000       7.45768665E+18
   34.9453125       7.22948137E+18
   35.0156250       7.00061362E+18
   35.0859375       6.76661336E+18
   35.1562500       6.52589783E+18
   35.2265625       6.27973092E+18
   35.2968750       6.03161897E+18
   35.3671875       5.78641029E+18
   35.4375000       5.54929731E+18
   35.5078125       5.32503267E+18
   35.5781250       5.11739100E+18
   35.6484375       4.92892976E+18
   35.7187500       4.76092108E+18
   35.7890625       4.61344304E+18
   35.8593750       4.48546786E+18
   35.9296875       4.37499717E+18
   36.0000000       4.27915687E+18
   36.0703125       4.19441009E+18
   36.1406250       4.11681700E+18
   36.2109375       4.04240535E+18
   36.2812500       3.96752696E+18
   36.3515625       3.88920517E+18
   36.4218750       3.80527313E+18
   36.4921875       3.71433500E+18
   36.5625000       3.61551254E+18
   36.6328125       3.50818151E+18
   36.7031250       3.39170722E+18
   36.7734375       3.26534750E+18
   36.8437500       3.12826891E+18
   36.9140625       2.97981587E+18
   36.9843750       2.81985315E+18
   37.0546875       2.64917816E+18
   37.1250000       2.46977827E+18
   37.1953125       2.28492549E+18
   37.2656250       2.09893925E+18
   37.3359375       1.91671581E+18
   37.4062500       1.74307489E+18
   37.4765625       1.58220191E+18
   37.5468750       1.43722415E+18
   37.6171875       1.31004653E+18
   37.6875000       1.20131555E+18
   37.7578125       1.11052461E+18
   37.8281250       1.03608190E+18
   37.8984375       9.75424662E+17
   37.9687500       9.25165505E+17
   38.0390625       8.81462873E+17
   38.1093750       8.40528536E+17
   38.1796875       7.99226825E+17
   38.2500000       7.55495674E+17
   38.3203125       7.08518971E+17
   38.3906250       6.58531118E+17
   38.4609375       6.06408769E+17
   38.5312500       5.53185878E+17
   38.6015625       4.99762051E+17
   38.6718750       4.46878290E+17
   38.7421875       3.95414240E+17
   38.8125000       3.46836133E+17
   38.8828125       3.03672124E+17
   38.9531250       2.69754715E+17
   39.0234375       2.50169957E+17
   39.0937500       2.50840246E+17
   39.1640625       2.77911563E+17
   39.2343750       3.37032853E+17
   39.3046875       4.32695793E+17
   39.3750000       5.67665965E+17
   39.4453125       7.42581772E+17
   39.5156250       9.55700317E+17
   39.5859375       1.20283755E+18
   39.6562500       1.47753871E+18
   39.7265625       1.77156777E+18
   39.7968750       2.07569516E+18
   39.8671875       2.38066175E+18
   39.9375000       2.67807965E+18
   40.0078125       2.96101038E+18
   40.0781250       3.22406056E+18
   40.1484375       3.46301688E+18
   40.2187500       3.67421822E+18
   40.2890625       3.85395648E+18
   40.3593750       3.99810081E+18
   40.4296875       4.10206788E+18
   40.5000000       4.16109598E+18
   40.5703125       4.17073705E+18
   40.6406250       4.12745313E+18
   40.7109375       4.02925217E+18
   40.7812500       3.87629251E+18
   40.8515625       3.67143260E+18
   40.9218750       3.42062218E+18
   40.9921875       3.13308807E+18
   41.0625000       2.82123249E+18
   41.1328125       2.50021495E+18
   41.2031250       2.18715114E+18
   41.2734375       1.89995582E+18
   41.3437500       1.65590038E+18
   41.4140625       1.47007206E+18
   41.4843750       1.35394480E+18
   41.5546875       1.31428982E+18
   41.6250000       1.35255598E+18
   41.6953125       1.46479221E+18
   41.7656250       1.64207883E+18
   41.8359375       1.87141689E+18
   41.9062500       2.13698139E+18
   41.9765625       2.42161801E+18
   42.0468750       2.70840720E+18
   42.1171875       2.98212183E+18
   42.1875000       3.23040117E+18
   42.2578125       3.44451842E+18
   42.3281250       3.61968244E+18
   42.3984375       3.75489406E+18
   42.4687500       3.85245730E+18
   42.5390625       3.91724987E+18
   42.6093750       3.95587406E+18
   42.6796875       3.97582195E+18
   42.7500000       3.98478215E+18
   42.8203125       3.99017388E+18
   42.8906250       3.99894468E+18
   42.9609375       4.01757123E+18
   43.0312500       4.05218578E+18
   43.1015625       4.10865010E+18
   43.1718750       4.19249336E+18
   43.2421875       4.30863423E+18
   43.3125000       4.46093280E+18
   43.3828125       4.65160984E+18
   43.4531250       4.88069143E+18
   43.5234375       5.14563635E+18
   43.5937500       5.44132801E+18
   43.6640625       5.76041893E+18
   43.7343750       6.09393599E+18
   43.8046875       6.43188299E+18
   43.8750000       6.76374199E+18
   43.9453125       7.07878780E+18
   44.0156250       7.36643489E+18
   44.0859375       7.61674805E+18
   44.1562500       7.82132539E+18
   44.2265625       7.97439005E+18
   44.2968750       8.07392774E+18
   44.3671875       8.12245633E+18
   44.4375000       8.12716994E+18
   44.5078125       8.09923135E+18
   44.5781250       8.05234377E+18
   44.6484375       8.00085145E+18
   44.7187500       7.95786329E+18
   44.7890625       7.93370152E+18
   44.8593750       7.93494892E+18
   44.9296875       7.96408488E+18
   45.0000000       8.01974435E+18
   45.0703125       8.09741770E+18
   45.1406250       8.19050621E+18
   45.2109375       8.29155188E+18
   45.2812500       8.39356566E+18
   45.3515625       8.49123033E+18
   45.4218750       8.58183779E+18
   45.4921875       8.66570139E+18
   45.5625000       8.74602401E+18
   45.6328125       8.82812729E+18
   45.7031250       8.91830814E+18
   45.7734375       9.02255174E+18
   45.8437500       9.14557884E+18
   45.9140625       9.29031910E+18
   45.9843750       9.45790007E+18
   46.0546875       9.64786709E+18
   46.1250000       9.85852032E+18
   46.1953125       1.00871088E+19
   46.2656250       1.03298733E+19
   46.3359375       1.05820496E+19
   46.4062500       1.08381126E+19
   46.4765625       1.10923021E+19
   46.5468750       1.13394690E+19
   46.6171875       1.15758717E+19
   46.6875000       1.17996498E+19
   46.7578125       1.20106329E+19
   46.8281250       1.22095731E+19
   46.8984375       1.23969881E+19
   46.9687500       1.25722316E+19
   47.0390625       1.27330703E+19
   47.1093750       1.28761036E+19
   47.1796875       1.29978239E+19
   47.2500000       1.30961533E+19
   47.3203125       1.31718920E+19
   47.3906250       1.32296208E+19
   47.4609375       1.32776628E+19
   47.5312500       1.33270947E+19
   47.6015625       1.33900021E+19
   47.6718750       1.34774353E+19
   47.7421875       1.35975866E+19
   47.8125000       1.37546442E+19
   47.8828125       1.39484584E+19
   47.9531250       1.41749468E+19
   48.0234375       1.44269900E+19
   48.0937500       1.46955688E+19
   48.1640625       1.49708986E+19
   48.2343750       1.52434060E+19
   48.3046875       1.55043762E+19
   48.3750000       1.57463545E+19
   48.4453125       1.59632618E+19
   48.5156250       1.61502315E+19
   48.5859375       1.63033176E+19
   48.6562500       1.64192732E+19
   48.7265625       1.64955046E+19
   48.7968750       1.65302238E+19
   48.8671875       1.65226515E+19
   48.9375000       1.64732329E+19
   49.0078125       1.63837216E+19
   49.0781250       1.62570931E+19
   49.1484375       1.60972483E+19
   49.2187500       1.59085918E+19
   49.2890625       1.56955747E+19
   49.3593750       1.54622638E+19
   49.4296875       1.52120787E+19
   49.5000000       1.49478067E+19
   49.5703125       1.46720151E+19
   49.6406250       1.43876605E+19
   49.7109375       1.40987231E+19
   49.7812500       1.38106093E+19
   49.8515625       1.35301294E+19
   49.9218750       1.32649118E+19
   49.9921875       1.30223870E+19
   50.0625000       1.28085661E+19
   50.1328125       1.26269982E+19
   50.2031250       1.24780826E+19
   50.2734375       1.23589659E+19
   50.3437500       1.22640121E+19
   50.4140625       1.21857675E+19
   50.4843750       1.21161113E+19
   50.5546875       1.20473313E+19
   50.6250000       1.19728911E+19
   50.6953125       1.18879604E+19
   50.7656250       1.17895651E+19
   50.8359375       1.16764913E+19
   50.9062500       1.15489524E+19
   50.9765625       1.14081808E+19
   51.0468750       1.12559369E+19
   51.1171875       1.10940228E+19
   51.1875000       1.09238998E+19
   51.2578125       1.07465299E+19
   51.3281250       1.05623705E+19
   51.3984375       1.03715151E+19
   51.4687500       1.01738152E+19
   51.5390625       9.96903993E+18
   51.6093750       9.75677701E+18
   51.6796875       9.53619079E+18
   51.7500000       9.30560451E+18
   51.8203125       9.06227874E+18
   51.8906250       8.80240367E+18
   51.9609375       8.52154497E+18
   52.0312500       8.21538431E+18
   52.1015625       7.88068472E+18
   52.1718750       7.51609326E+18
   52.2421875       7.12263907E+18
   52.3125000       6.70373889E+18
   52.3828125       6.26493864E+18
   52.4531250       5.81334118E+18
   52.5234375       5.35704220E+18
   52.5937500       4.90449806E+18
   52.6640625       4.46405844E+18
   52.7343750       4.04342900E+18
   52.8046875       3.64916337E+18
   52.8750000       3.28605103E+18
   52.9453125       2.95672173E+18
   53.0156250       2.66141133E+18
   53.0859375       2.39811567E+18
   53.1562500       2.16305905E+18
   53.2265625       1.95158517E+18
   53.2968750       1.75918906E+18
   53.3671875       1.58258673E+18
   53.4375000       1.42045619E+18
   53.5078125       0.00000000    
   53.5781250       0.00000000    
   53.6484375       0.00000000    
   53.7187500       0.00000000    
   53.7890625       0.00000000    
   53.8593750       0.00000000    
   53.9296875       0.00000000    
   54.0000000       0.00000000    
   54.0703125       0.00000000    
   54.1406250       0.00000000    
   54.2109375       0.00000000    
   54.2812500       0.00000000    
   54.3515625       0.00000000    
   54.4218750       0.00000000    
   54.4921875       0.00000000    
   54.5625000       0.00000000    
   54.6328125       0.00000000    
   54.7031250       0.00000000    
   54.7734375       0.00000000    
   54.8437500       0.00000000    
   54.9140625       0.00000000    
   54.9843750       0.00000000    
   55.0546875       0.00000000    
   55.1250000       0.00000000    
   55.1953125       0.00000000    
   55.2656250       0.00000000    
   55.3359375       0.00000000    
   55.4062500       0.00000000    
   55.4765625       0.00000000    
   55.5468750       0.00000000    
   55.6171875       0.00000000    
   55.6875000       0.00000000    
   55.7578125       0.00000000    
   55.8281250       0.00000000    
   55.8984375       0.00000000    
   55.9687500       0.00000000    
   56.0390625       0.00000000    
   56.1093750       0.00000000    
   56.1796875       0.00000000    
   56.2500000       0.00000000    
   56.3203125       0.00000000    
   56.3906250       0.00000000    
   56.4609375       0.00000000    
   56.5312500       0.00000000    
   56.6015625       0.00000000    
   56.6718750       0.00000000    
   56.7421875       0.00000000    
   56.8125000       0.00000000    
   56.8828125       0.00000000    
   56.9531250       0.00000000    
   57.0234375       0.00000000    
   57.0937500       0.00000000    
   57.1640625       0.00000000    
   57.2343750       0.00000000    
   57.3046875       0.00000000    
   57.3750000       0.00000000    
   57.4453125       0.00000000    
   57.5156250       0.00000000    
   57.5859375       0.00000000    
   57.6562500       0.00000000    
   57.7265625       0.00000000    
   57.7968750       0.00000000    
   57.8671875       0.00000000    
   57.9375000       0.00000000    
   58.0078125       0.00000000    
   58.0781250       0.00000000    
   58.1484375       0.00000000    
   58.2187500       0.00000000    
   58.2890625       0.00000000    
   58.3593750       0.00000000    
   58.4296875       0.00000000    
   58.5000000       0.00000000    
   58.5703125       0.00000000    
   58.6406250       0.00000000    
   58.7109375       0.00000000    
   58.7812500       0.00000000    
   58.8515625       0.00000000    
   58.9218750       0.00000000    
   58.9921875       0.00000000    
   59.0625000       0.00000000    
   59.1328125       0.00000000    
   59.2031250       0.00000000    
   59.2734375       0.00000000    
   59.3437500       0.00000000    
   59.4140625       0.00000000    
   59.4843750       0.00000000    
   59.5546875       0.00000000    
   59.6250000       0.00000000    
   59.6953125       0.00000000    
   59.7656250       0.00000000    
   59.8359375       0.00000000    
   59.9062500       0.00000000    
   59.9765625       0.00000000    
   60.0468750       0.00000000    
   60.1171875       0.00000000    
   60.1875000       0.00000000    
   60.2578125       0.00000000    
   60.3281250       0.00000000    
   60.3984375       0.00000000    
   60.4687500       0.00000000    
   60.5390625       0.00000000    
   60.6093750       0.00000000    
   60.6796875       0.00000000    
   60.7500000       0.00000000    
   60.8203125       0.00000000    
   60.8906250       0.00000000    
   60.9609375       0.00000000    
   61.0312500       0.00000000    
   61.1015625       0.00000000    
   61.1718750       0.00000000    
   61.2421875       0.00000000    
   61.3125000       0.00000000    
   61.3828125       0.00000000    
   61.4531250       0.00000000    
   61.5234375       0.00000000    
   61.5937500       0.00000000    
   61.6640625       0.00000000    
   61.7343750       0.00000000    
   61.8046875       0.00000000    
   61.8750000       0.00000000    
   61.9453125       0.00000000    
   62.0156250       0.00000000    
   62.0859375       0.00000000    
   62.1562500       0.00000000    
   62.2265625       0.00000000    
   62.2968750       0.00000000    
   62.3671875       0.00000000    
   62.4375000       0.00000000    
   62.5078125       0.00000000    
   62.5781250       0.00000000    
   62.6484375       0.00000000    
   62.7187500       0.00000000    
   62.7890625       0.00000000    
   62.8593750       0.00000000    
   62.9296875       0.00000000    
   63.0000000       0.00000000    
   63.0703125       0.00000000    
   63.1406250       0.00000000    
   63.2109375       0.00000000    
   63.2812500       0.00000000    
   63.3515625       0.00000000    
   63.4218750       0.00000000    
   63.4921875       0.00000000    
   63.5625000       0.00000000    
   63.6328125       0.00000000    
   63.7031250       0.00000000    
   63.7734375       0.00000000    
   63.8437500       0.00000000    
   63.9140625       0.00000000    
   63.9843750       0.00000000    
   64.0546875       0.00000000    
   64.1250000       0.00000000    
   64.1953125       0.00000000    
   64.2656250       0.00000000    
   64.3359375       0.00000000    
   64.4062500       0.00000000    
   64.4765625       0.00000000    
   64.5468750       0.00000000    
   64.6171875       0.00000000    
   64.6875000       0.00000000    
   64.7578125       0.00000000    
   64.8281250       0.00000000    
   64.8984375       0.00000000    
   64.9687500       0.00000000    
   65.0390625       0.00000000    
   65.1093750       0.00000000    
   65.1796875       0.00000000    
   65.2500000       0.00000000    
   65.3203125       0.00000000    
   65.3906250       0.00000000    
   65.4609375       0.00000000    
   65.5312500       0.00000000    
   65.6015625       0.00000000    
   65.6718750       0.00000000    
   65.7421875       0.00000000    
   65.8125000       0.00000000    
   65.8828125       0.00000000    
   65.9531250       0.00000000    
   66.0234375       0.00000000    
   66.0937500       0.00000000    
   66.1640625       0.00000000    
   66.2343750       0.00000000    
   66.3046875       0.00000000    
   66.3750000       0.00000000    
   66.4453125       0.00000000    
   66.5156250       0.00000000    
   66.5859375       0.00000000    
   66.6562500       0.00000000    
   66.7265625       0.00000000    
   66.7968750       0.00000000    
   66.8671875       0.00000000    
   66.9375000       0.00000000    
   67.0078125       0.00000000    
   67.0781250       0.00000000    
   67.1484375       0.00000000    
   67.2187500       0.00000000    
   67.2890625       0.00000000    
   67.3593750       0.00000000    
   67.4296875       0.00000000    
   67.5000000       0.00000000    
   67.5703125       0.00000000    
   67.6406250       0.00000000    
   67.7109375       0.00000000    
   67.7812500       0.00000000    
   67.8515625       0.00000000    
   67.9218750       0.00000000    
   67.9921875       0.00000000    
   68.0625000       0.00000000    
   68.1328125       0.00000000    
   68.2031250       0.00000000    
   68.2734375       0.00000000    
   68.3437500       0.00000000    
   68.4140625       0.00000000    
   68.4843750       0.00000000    
   68.5546875       0.00000000    
   68.6250000       0.00000000    
   68.6953125       0.00000000    
   68.7656250       0.00000000    
   68.8359375       0.00000000    
   68.9062500       0.00000000    
   68.9765625       0.00000000    
   69.0468750       0.00000000    
   69.1171875       0.00000000    
   69.1875000       0.00000000    
   69.2578125       0.00000000    
   69.3281250       0.00000000    
   69.3984375       0.00000000    
   69.4687500       0.00000000    
   69.5390625       0.00000000    
   69.6093750       0.00000000    
   69.6796875       0.00000000    
   69.7500000       0.00000000    
   69.8203125       0.00000000    
   69.8906250       0.00000000    
   69.9609375       0.00000000    
   70.0312500       0.00000000    
   70.1015625       0.00000000    
   70.1718750       0.00000000    
   70.2421875       0.00000000    
   70.3125000       0.00000000    
   70.3828125       0.00000000    
   70.4531250       0.00000000    
   70.5234375       0.00000000    
   70.5937500       0.00000000    
   70.6640625       0.00000000    
   70.7343750       0.00000000    
   70.8046875       0.00000000    
   70.8750000       0.00000000    
   70.9453125       0.00000000    
   71.0156250       0.00000000    
   71.0859375       0.00000000    
   71.1562500       0.00000000    
   71.2265625       0.00000000    
   71.2968750       0.00000000    
   71.3671875       0.00000000    
   71.4375000       0.00000000    
   71.5078125       0.00000000    
   71.5781250       0.00000000    
   71.6484375       0.00000000    
   71.7187500       0.00000000    
   71.7890625       0.00000000    
   71.8593750       0.00000000    
   71.9296875       0.00000000    
   72.0000000       0.00000000    
   72.0703125       0.00000000    
   72.1406250       0.00000000    
   72.2109375       0.00000000    
   72.2812500       0.00000000    
   72.3515625       0.00000000    
   72.4218750       0.00000000    
   72.4921875       0.00000000    
   72.5625000       0.00000000    
   72.6328125       0.00000000    
   72.7031250       0.00000000    
   72.7734375       0.00000000    
   72.8437500       0.00000000    
   72.9140625       0.00000000    
   72.9843750       0.00000000    
   73.0546875       0.00000000    
   73.1250000       0.00000000    
   73.1953125       0.00000000    
   73.2656250       0.00000000    
   73.3359375       0.00000000    
   73.4062500       0.00000000    
   73.4765625       0.00000000    
   73.5468750       0.00000000    
   73.6171875       0.00000000    
   73.6875000       0.00000000    
   73.7578125       0.00000000    
   73.8281250       0.00000000    
   73.8984375       0.00000000    
   73.9687500       0.00000000    
   74.0390625       0.00000000    
   74.1093750       0.00000000    
   74.1796875       0.00000000    
   74.2500000       0.00000000    
   74.3203125       0.00000000    
   74.3906250       0.00000000    
   74.4609375       0.00000000    
   74.5312500       0.00000000    
   74.6015625       0.00000000    
   74.6718750       0.00000000    
   74.7421875       0.00000000    
   74.8125000       0.00000000    
   74.8828125       0.00000000    
   74.9531250       0.00000000    
   75.0234375       0.00000000    
   75.0937500       0.00000000    
   75.1640625       0.00000000    
   75.2343750       0.00000000    
   75.3046875       0.00000000    
   75.3750000       0.00000000    
   75.4453125       0.00000000    
   75.5156250       0.00000000    
   75.5859375       0.00000000    
   75.6562500       0.00000000    
   75.7265625       0.00000000    
   75.7968750       0.00000000    
   75.8671875       0.00000000    
   75.9375000       0.00000000    
   76.0078125       0.00000000    
   76.0781250       0.00000000    
   76.1484375       0.00000000    
   76.2187500       0.00000000    
   76.2890625       0.00000000    
   76.3593750       0.00000000    
   76.4296875       0.00000000    
   76.5000000       0.00000000    
   76.5703125       0.00000000    
   76.6406250       0.00000000    
   76.7109375       0.00000000    
   76.7812500       0.00000000    
   76.8515625       0.00000000    
   76.9218750       0.00000000    
   76.9921875       0.00000000    
   77.0625000       0.00000000    
   77.1328125       0.00000000    
   77.2031250       0.00000000    
   77.2734375       0.00000000    
   77.3437500       0.00000000    
   77.4140625       0.00000000    
   77.4843750       0.00000000    
   77.5546875       0.00000000    
   77.6250000       0.00000000    
   77.6953125       0.00000000    
   77.7656250       0.00000000    
   77.8359375       0.00000000    
   77.9062500       0.00000000    
   77.9765625       0.00000000    
   78.0468750       0.00000000    
   78.1171875       0.00000000    
   78.1875000       0.00000000    
   78.2578125       0.00000000    
   78.3281250       0.00000000    
   78.3984375       0.00000000    
   78.4687500       0.00000000    
   78.5390625       0.00000000    
   78.6093750       0.00000000    
   78.6796875       0.00000000    
   78.7500000       0.00000000    
   78.8203125       0.00000000    
   78.8906250       0.00000000    
   78.9609375       0.00000000    
   79.0312500       0.00000000    
   79.1015625       0.00000000    
   79.1718750       0.00000000    
   79.2421875       0.00000000    
   79.3125000       0.00000000    
   79.3828125       0.00000000    
   79.4531250       0.00000000    
   79.5234375       0.00000000    
   79.5937500       0.00000000    
   79.6640625       0.00000000    
   79.7343750       0.00000000    
   79.8046875       0.00000000    
   79.8750000       0.00000000    
   79.9453125       0.00000000    
   80.0156250       0.00000000    
   80.0859375       0.00000000    
   80.1562500       0.00000000    
   80.2265625       0.00000000    
   80.2968750       0.00000000    
   80.3671875       0.00000000    
   80.4375000       0.00000000    
   80.5078125       0.00000000    
   80.5781250       0.00000000    
   80.6484375       0.00000000    
   80.7187500       0.00000000    
   80.7890625       0.00000000    
   80.8593750       0.00000000    
   80.9296875       0.00000000    
   81.0000000       0.00000000    
   81.0703125       0.00000000    
   81.1406250       0.00000000    
   81.2109375       0.00000000    
   81.2812500       0.00000000    
   81.3515625       0.00000000    
   81.4218750       0.00000000    
   81.4921875       0.00000000    
   81.5625000       0.00000000    
   81.6328125       0.00000000    
   81.7031250       0.00000000    
   81.7734375       0.00000000    
   81.8437500       0.00000000    
   81.9140625       0.00000000    
   81.9843750       0.00000000    
   82.0546875       0.00000000    
   82.1250000       0.00000000    
