1994 06 09 00 33 16.0 -13.840 -67.550
664. 2.855E+21 8.237 310 10 -53 93 82 -96
  -1.12500000       0.00000000    
  -1.05468750       0.00000000    
 -0.984375000       0.00000000    
 -0.914062500       0.00000000    
 -0.843750000       0.00000000    
 -0.773437500       0.00000000    
 -0.703125000       0.00000000    
 -0.632812500       0.00000000    
 -0.562500000       0.00000000    
 -0.492187500       0.00000000    
 -0.421875000       0.00000000    
 -0.351562500       0.00000000    
 -0.281250000       0.00000000    
 -0.210937500       0.00000000    
 -0.140625000       0.00000000    
  -7.03125000E-02   0.00000000    
   0.00000000       0.00000000    
   7.03125000E-02   0.00000000    
  0.140625000       0.00000000    
  0.210937500       0.00000000    
  0.281250000       0.00000000    
  0.351562500       0.00000000    
  0.421875000       0.00000000    
  0.492187500       0.00000000    
  0.562500000       0.00000000    
  0.632812500       0.00000000    
  0.703125000       0.00000000    
  0.773437500       0.00000000    
  0.843750000       0.00000000    
  0.914062500       0.00000000    
  0.984375000       0.00000000    
   1.05468750       0.00000000    
   1.12500000       0.00000000    
   1.19531250       0.00000000    
   1.26562500       0.00000000    
   1.33593750       0.00000000    
   1.40625000       0.00000000    
   1.47656250       0.00000000    
   1.54687500       0.00000000    
   1.61718750       0.00000000    
   1.68750000       0.00000000    
   1.75781250       0.00000000    
   1.82812500       0.00000000    
   1.89843750       0.00000000    
   1.96875000       0.00000000    
   2.03906250       0.00000000    
   2.10937500       0.00000000    
   2.17968750       0.00000000    
   2.25000000       0.00000000    
   2.32031250       0.00000000    
   2.39062500       0.00000000    
   2.46093750       0.00000000    
   2.53125000       0.00000000    
   2.60156250       0.00000000    
   2.67187500       0.00000000    
   2.74218750       0.00000000    
   2.81250000       0.00000000    
   2.88281250       0.00000000    
   2.95312500       0.00000000    
   3.02343750       0.00000000    
   3.09375000       0.00000000    
   3.16406250       0.00000000    
   3.23437500       0.00000000    
   3.30468750       0.00000000    
   3.37500000       0.00000000    
   3.44531250       0.00000000    
   3.51562500       0.00000000    
   3.58593750       0.00000000    
   3.65625000       0.00000000    
   3.72656250       0.00000000    
   3.79687500       0.00000000    
   3.86718750       0.00000000    
   3.93750000       0.00000000    
   4.00781250       0.00000000    
   4.07812500       0.00000000    
   4.14843750       0.00000000    
   4.21875000       0.00000000    
   4.28906250       0.00000000    
   4.35937500       0.00000000    
   4.42968750       0.00000000    
   4.50000000       0.00000000    
   4.57031250       0.00000000    
   4.64062500       0.00000000    
   4.71093750       0.00000000    
   4.78125000       0.00000000    
   4.85156250       0.00000000    
   4.92187500       0.00000000    
   4.99218750       0.00000000    
   5.06250000       0.00000000    
   5.13281250       0.00000000    
   5.20312500       0.00000000    
   5.27343750       0.00000000    
   5.34375000       0.00000000    
   5.41406250       0.00000000    
   5.48437500       0.00000000    
   5.55468750       0.00000000    
   5.62500000       0.00000000    
   5.69531250       0.00000000    
   5.76562500       0.00000000    
   5.83593750       0.00000000    
   5.90625000       0.00000000    
   5.97656250       0.00000000    
   6.04687500       0.00000000    
   6.11718750       0.00000000    
   6.18750000       0.00000000    
   6.25781250       0.00000000    
   6.32812500       0.00000000    
   6.39843750       0.00000000    
   6.46875000       0.00000000    
   6.53906250       0.00000000    
   6.60937500       0.00000000    
   6.67968750       0.00000000    
   6.75000000       0.00000000    
   6.82031250       0.00000000    
   6.89062500       0.00000000    
   6.96093750       0.00000000    
   7.03125000       0.00000000    
   7.10156250       0.00000000    
   7.17187500       0.00000000    
   7.24218750       0.00000000    
   7.31250000       0.00000000    
   7.38281250       0.00000000    
   7.45312500       0.00000000    
   7.52343750       0.00000000    
   7.59375000       0.00000000    
   7.66406250       0.00000000    
   7.73437500       0.00000000    
   7.80468750       0.00000000    
   7.87500000       0.00000000    
   7.94531250       0.00000000    
   8.01562500       0.00000000    
   8.08593750       0.00000000    
   8.15625000       0.00000000    
   8.22656250       0.00000000    
   8.29687500       0.00000000    
   8.36718750       0.00000000    
   8.43750000       0.00000000    
   8.50781250       0.00000000    
   8.57812500       0.00000000    
   8.64843750       0.00000000    
   8.71875000       0.00000000    
   8.78906250       0.00000000    
   8.85937500       9.68057024E+16
   8.92968750       6.07752235E+17
   9.00000000       1.73155049E+18
   9.07031250       3.50946574E+18
   9.14062500       5.73747213E+18
   9.21093750       8.31893246E+18
   9.28125000       1.12054166E+19
   9.35156250       1.43538791E+19
   9.42187500       1.77094424E+19
   9.49218750       2.12102368E+19
   9.56250000       2.48075772E+19
   9.63281250       2.84890456E+19
   9.70312500       3.22962849E+19
   9.77343750       3.63278136E+19
   9.84375000       4.07249959E+19
   9.91406250       4.56399360E+19
   9.98437500       5.11913922E+19
   10.0546875       5.74160090E+19
   10.1250000       6.42295155E+19
   10.1953125       7.14108701E+19
   10.2656250       7.86222150E+19
   10.3359375       8.54644935E+19
   10.4062500       9.15596670E+19
   10.4765625       9.66326289E+19
   10.5468750       1.00565951E+20
   10.6171875       1.03405357E+20
   10.6875000       1.05319202E+20
   10.7578125       1.06529395E+20
   10.8281250       1.07243884E+20
   10.8984375       1.07611050E+20
   10.9687500       1.07710789E+20
   11.0390625       1.07578813E+20
   11.1093750       1.07250419E+20
   11.1796875       1.06797473E+20
   11.2500000       1.06338792E+20
   11.3203125       1.06018641E+20
   11.3906250       1.05966937E+20
   11.4609375       1.06260692E+20
   11.5312500       1.06904988E+20
   11.6015625       1.07839599E+20
   11.6718750       1.08969246E+20
   11.7421875       1.10202397E+20
   11.8125000       1.11482607E+20
   11.8828125       1.12797895E+20
   11.9531250       1.14166277E+20
   12.0234375       1.15604816E+20
   12.0937500       1.17098903E+20
   12.1640625       1.18584326E+20
   12.2343750       1.19951406E+20
   12.3046875       1.21068395E+20
   12.3750000       1.21817268E+20
   12.4453125       1.22127295E+20
   12.5156250       1.21994070E+20
   12.5859375       1.21474458E+20
   12.6562500       1.20662016E+20
   12.7265625       1.19654370E+20
   12.7968750       1.18528110E+20
   12.8671875       1.17328613E+20
   12.9375000       1.16078996E+20
   13.0078125       1.14803923E+20
   13.0781250       1.13560226E+20
   13.1484375       1.12454751E+20
   13.2187500       1.11635755E+20
   13.2890625       1.11255298E+20
   13.3593750       1.11423268E+20
   13.4296875       1.12174868E+20
   13.5000000       1.13465158E+20
   13.5703125       1.15183114E+20
   13.6406250       1.17173837E+20
   13.7109375       1.19260455E+20
   13.7812500       1.21267943E+20
   13.8515625       1.23050700E+20
   13.9218750       1.24520976E+20
   13.9921875       1.25668602E+20
   14.0625000       1.26565039E+20
   14.1328125       1.27345806E+20
   14.2031250       1.28173536E+20
   14.2734375       1.29185878E+20
   14.3437500       1.30444335E+20
   14.4140625       1.31902033E+20
   14.4843750       1.33410853E+20
   14.5546875       1.34771829E+20
   14.6250000       1.35817754E+20
   14.6953125       1.36496813E+20
   14.7656250       1.36921858E+20
   14.8359375       1.37356226E+20
   14.9062500       1.38133255E+20
   14.9765625       1.39535977E+20
   15.0468750       1.41685628E+20
   15.1171875       1.44483727E+20
   15.1875000       1.47633185E+20
   15.2578125       1.50728073E+20
   15.3281250       1.53374835E+20
   15.3984375       1.55292946E+20
   15.4687500       1.56357168E+20
   15.5390625       1.56570966E+20
   15.6093750       1.55996124E+20
   15.6796875       1.54680123E+20
   15.7500000       1.52621872E+20
   15.8203125       1.49790973E+20
   15.8906250       1.46186554E+20
   15.9609375       1.41896611E+20
   16.0312500       1.37123077E+20
   16.1015625       1.32156609E+20
   16.1718750       1.27312900E+20
   16.2421875       1.22855304E+20
   16.3125000       1.18932765E+20
   16.3828125       1.15553861E+20
   16.4531250       1.12606774E+20
   16.5234375       1.09915090E+20
   16.5937500       1.07307356E+20
   16.6640625       1.04673428E+20
   16.7343750       1.01990083E+20
   16.8046875       9.93141003E+19
   16.8750000       9.67526076E+19
   16.9453125       9.44245281E+19
   17.0156250       9.24251146E+19
   17.0859375       9.08002211E+19
   17.1562500       8.95352725E+19
   17.2265625       8.85603488E+19
   17.2968750       8.77715679E+19
   17.3671875       8.70629195E+19
   17.4375000       8.63590034E+19
   17.5078125       8.56363427E+19
   17.5781250       8.49252490E+19
   17.6484375       8.42899336E+19
   17.7187500       8.37954700E+19
   17.7890625       8.34757848E+19
   17.8593750       8.33167954E+19
   17.9296875       8.32582750E+19
   18.0000000       8.32094567E+19
   18.0703125       8.30708830E+19
   18.1406250       8.27588768E+19
   18.2109375       8.22282349E+19
   18.2812500       8.14864516E+19
   18.3515625       8.05914052E+19
   18.4218750       7.96332028E+19
   18.4921875       7.87096922E+19
   18.5625000       7.79093533E+19
   18.6328125       7.73073135E+19
   18.7031250       7.69704935E+19
   18.7734375       7.69610641E+19
   18.8437500       7.73331300E+19
   18.9140625       7.81248751E+19
   18.9843750       7.93536629E+19
   19.0546875       8.10165907E+19
   19.1250000       8.30934802E+19
   19.1953125       8.55454263E+19
   19.2656250       8.83082176E+19
   19.3359375       9.12866626E+19
   19.4062500       9.43618911E+19
   19.4765625       9.74156131E+19
   19.5468750       1.00365673E+20
   19.6171875       1.03194998E+20
   19.6875000       1.05959408E+20
   19.7578125       1.08766232E+20
   19.8281250       1.11731439E+20
   19.8984375       1.14929646E+20
   19.9687500       1.18357307E+20
   20.0390625       1.21920930E+20
   20.1093750       1.25454681E+20
   20.1796875       1.28756999E+20
   20.2500000       1.31632828E+20
   20.3203125       1.33928336E+20
   20.3906250       1.35554857E+20
   20.4609375       1.36501483E+20
   20.5312500       1.36837019E+20
   20.6015625       1.36697935E+20
   20.6718750       1.36263294E+20
   20.7421875       1.35719889E+20
   20.8125000       1.35227959E+20
   20.8828125       1.34895220E+20
   20.9531250       1.34767642E+20
   21.0234375       1.34835996E+20
   21.0937500       1.35054588E+20
   21.1640625       1.35362099E+20
   21.2343750       1.35700590E+20
   21.3046875       1.36030294E+20
   21.3750000       1.36341368E+20
   21.4453125       1.36658019E+20
   21.5156250       1.37028765E+20
   21.5859375       1.37502021E+20
   21.6562500       1.38098133E+20
   21.7265625       1.38793983E+20
   21.7968750       1.39528870E+20
   21.8671875       1.40225723E+20
   21.9375000       1.40815369E+20
   22.0078125       1.41253115E+20
   22.0781250       1.41527202E+20
   22.1484375       1.41661131E+20
   22.2187500       1.41712351E+20
   22.2890625       1.41764063E+20
   22.3593750       1.41906683E+20
   22.4296875       1.42210104E+20
   22.5000000       1.42696466E+20
   22.5703125       1.43327656E+20
   22.6406250       1.44016258E+20
   22.7109375       1.44657247E+20
   22.7812500       1.45168793E+20
   22.8515625       1.45526565E+20
   22.9218750       1.45779532E+20
   22.9921875       1.46040653E+20
   23.0625000       1.46458450E+20
   23.1328125       1.47180609E+20
   23.2031250       1.48324875E+20
   23.2734375       1.49963605E+20
   23.3437500       1.52123239E+20
   23.4140625       1.54791552E+20
   23.4843750       1.57923963E+20
   23.5546875       1.61440553E+20
   23.6250000       1.65214957E+20
   23.6953125       1.69066098E+20
   23.7656250       1.72767969E+20
   23.8359375       1.76081123E+20
   23.9062500       1.78796863E+20
   23.9765625       1.80776371E+20
   24.0468750       1.81972869E+20
   24.1171875       1.82430917E+20
   24.1875000       1.82266183E+20
   24.2578125       1.81629698E+20
   24.3281250       1.80666403E+20
   24.3984375       1.79479458E+20
   24.4687500       1.78114111E+20
   24.5390625       1.76567933E+20
   24.6093750       1.74822349E+20
   24.6796875       1.72878729E+20
   24.7500000       1.70779383E+20
   24.8203125       1.68604250E+20
   24.8906250       1.66448433E+20
   24.9609375       1.64396129E+20
   25.0312500       1.62510352E+20
   25.1015625       1.60847239E+20
   25.1718750       1.59488489E+20
   25.2421875       1.58567820E+20
   25.3125000       1.58268330E+20
   25.3828125       1.58780527E+20
   25.4531250       1.60235154E+20
   25.5234375       1.62636787E+20
   25.5937500       1.65826321E+20
   25.6640625       1.69491195E+20
   25.7343750       1.73225752E+20
   25.8046875       1.76621519E+20
   25.8750000       1.79354166E+20
   25.9453125       1.81235791E+20
   26.0156250       1.82221130E+20
   26.0859375       1.82377911E+20
   26.1562500       1.81842088E+20
   26.2265625       1.80773082E+20
   26.2968750       1.79318489E+20
   26.3671875       1.77592256E+20
   26.4375000       1.75670451E+20
   26.5078125       1.73606219E+20
   26.5781250       1.71457069E+20
   26.6484375       1.69309222E+20
   26.7187500       1.67282619E+20
   26.7890625       1.65510981E+20
   26.8593750       1.64104591E+20
   26.9296875       1.63113166E+20
   27.0000000       1.62503596E+20
   27.0703125       1.62160813E+20
   27.1406250       1.61909508E+20
   27.2109375       1.61547778E+20
   27.2812500       1.60881632E+20
   27.3515625       1.59753058E+20
   27.4218750       1.58058403E+20
   27.4921875       1.55757028E+20
   27.5625000       1.52867828E+20
   27.6328125       1.49455965E+20
   27.7031250       1.45615898E+20
   27.7734375       1.41460263E+20
   27.8437500       1.37115266E+20
   27.9140625       1.32718372E+20
   27.9843750       1.28410142E+20
   28.0546875       1.24320364E+20
   28.1250000       1.20552021E+20
   28.1953125       1.17170310E+20
   28.2656250       1.14199429E+20
   28.3359375       1.11627364E+20
   28.4062500       1.09416396E+20
   28.4765625       1.07516299E+20
   28.5468750       1.05877358E+20
   28.6171875       1.04458777E+20
   28.6875000       1.03230314E+20
   28.7578125       1.02168362E+20
   28.8281250       1.01250164E+20
   28.8984375       1.00449693E+20
   28.9687500       9.97372363E+19
   29.0390625       9.90879879E+19
   29.1093750       9.85020538E+19
   29.1796875       9.80301873E+19
   29.2500000       9.77888313E+19
   29.3203125       9.79482605E+19
   29.3906250       9.86909235E+19
   29.4609375       1.00153599E+20
   29.5312500       1.02375343E+20
   29.6015625       1.05272292E+20
   29.6718750       1.08649253E+20
   29.7421875       1.12243090E+20
   29.8125000       1.15780765E+20
   29.8828125       1.19029127E+20
   29.9531250       1.21820092E+20
   30.0234375       1.24049233E+20
   30.0937500       1.25660132E+20
   30.1640625       1.26634598E+20
   30.2343750       1.26998229E+20
   30.3046875       1.26836152E+20
   30.3750000       1.26297127E+20
   30.4453125       1.25569453E+20
   30.5156250       1.24827546E+20
   30.5859375       1.24173486E+20
   30.6562500       1.23605663E+20
   30.7265625       1.23034955E+20
   30.7968750       1.22341621E+20
   30.8671875       1.21440971E+20
   30.9375000       1.20322794E+20
   31.0078125       1.19048372E+20
   31.0781250       1.17714454E+20
   31.1484375       1.16408938E+20
   31.2187500       1.15177845E+20
   31.2890625       1.14012073E+20
   31.3593750       1.12853187E+20
   31.4296875       1.11615859E+20
   31.5000000       1.10219611E+20
   31.5703125       1.08617895E+20
   31.6406250       1.06812558E+20
   31.7109375       1.04847872E+20
   31.7812500       1.02789560E+20
   31.8515625       1.00702159E+20
   31.9218750       9.86349011E+19
   31.9921875       9.66197778E+19
   32.0625000       9.46745922E+19
   32.1328125       9.28044021E+19
   32.2031250       9.09974735E+19
   32.2734375       8.92200118E+19
   32.3437500       8.74137605E+19
   32.4140625       8.55032842E+19
   32.4843750       8.34139131E+19
   32.5546875       8.11001888E+19
   32.6250000       7.85750680E+19
   32.6953125       7.59281037E+19
   32.7656250       7.33185975E+19
   32.8359375       7.09405870E+19
   32.9062500       6.89681467E+19
   32.9765625       6.75024537E+19
   33.0468750       6.65409220E+19
   33.1171875       6.59805141E+19
   33.1875000       6.56505639E+19
   33.2578125       6.53607546E+19
   33.3281250       6.49448841E+19
   33.3984375       6.42886604E+19
   33.4687500       6.33369319E+19
   33.5390625       6.20862550E+19
   33.6093750       6.05703979E+19
   33.6796875       5.88476567E+19
   33.7500000       5.69921341E+19
   33.8203125       5.50884089E+19
   33.8906250       5.32257702E+19
   33.9609375       5.14909476E+19
   34.0312500       4.99585010E+19
   34.1015625       4.86803891E+19
   34.1718750       4.76759545E+19
   34.2421875       4.69271563E+19
   34.3125000       4.63828057E+19
   34.3828125       4.59740776E+19
   34.4531250       4.56361317E+19
   34.5234375       4.53277583E+19
   34.5937500       4.50381557E+19
   34.6640625       4.47787281E+19
   34.7343750       4.45639363E+19
   34.8046875       4.43931778E+19
   34.8750000       4.42413396E+19
   34.9453125       4.40616794E+19
   35.0156250       4.37960638E+19
   35.0859375       4.33873885E+19
   35.1562500       4.27895533E+19
   35.2265625       4.19768559E+19
   35.2968750       4.09534348E+19
   35.3671875       3.97612520E+19
   35.4375000       3.84793182E+19
   35.5078125       3.72102838E+19
   35.5781250       3.60548049E+19
   35.6484375       3.50836304E+19
   35.7187500       3.43181834E+19
   35.7890625       3.37302900E+19
   35.8593750       3.32611767E+19
   35.9296875       3.28531040E+19
   36.0000000       3.24782079E+19
   36.0703125       3.21523412E+19
   36.1406250       3.19270073E+19
   36.2109375       3.18650718E+19
   36.2812500       3.20112233E+19
   36.3515625       3.23696685E+19
   36.4218750       3.28943027E+19
   36.4921875       3.34922479E+19
   36.5625000       3.40394264E+19
   36.6328125       3.44093593E+19
   36.7031250       3.45112863E+19
   36.7734375       3.43271642E+19
   36.8437500       3.39285121E+19
   36.9140625       3.34611163E+19
   36.9843750       3.30993264E+19
   37.0546875       3.29899030E+19
   37.1250000       3.32080637E+19
   37.1953125       3.37426617E+19
   37.2656250       3.45112709E+19
   37.3359375       3.53948252E+19
   37.4062500       3.62734494E+19
   37.4765625       3.70498035E+19
   37.5468750       3.76539456E+19
   37.6171875       3.80363117E+19
   37.6875000       3.81585686E+19
   37.7578125       3.79913241E+19
   37.8281250       3.75193038E+19
   37.8984375       3.67502130E+19
   37.9687500       3.57201047E+19
   38.0390625       3.44920976E+19
   38.1093750       3.31468979E+19
   38.1796875       3.17677892E+19
   38.2500000       3.04229106E+19
   38.3203125       2.91521236E+19
   38.3906250       2.79639782E+19
   38.4609375       2.68459574E+19
   38.5312500       2.57822854E+19
   38.6015625       2.47711965E+19
   38.6718750       2.38320267E+19
   38.7421875       2.29979218E+19
   38.8125000       2.22951557E+19
   38.8828125       2.17202585E+19
   38.9531250       2.12289571E+19
   39.0234375       2.07475095E+19
   39.0937500       2.02009489E+19
   39.1640625       1.95439005E+19
   39.2343750       1.87766437E+19
   39.3046875       1.79406708E+19
   39.3750000       1.70964382E+19
   39.4453125       1.62954935E+19
   39.5156250       1.55588867E+19
   39.5859375       1.48717953E+19
   39.6562500       1.41946720E+19
   39.7265625       1.34847449E+19
   39.7968750       1.27160125E+19
   39.8671875       0.00000000    
   39.9375000       0.00000000    
   40.0078125       0.00000000    
   40.0781250       0.00000000    
   40.1484375       0.00000000    
   40.2187500       0.00000000    
   40.2890625       0.00000000    
   40.3593750       0.00000000    
   40.4296875       0.00000000    
   40.5000000       0.00000000    
   40.5703125       0.00000000    
   40.6406250       0.00000000    
   40.7109375       0.00000000    
   40.7812500       0.00000000    
   40.8515625       0.00000000    
   40.9218750       0.00000000    
   40.9921875       0.00000000    
   41.0625000       0.00000000    
   41.1328125       0.00000000    
   41.2031250       0.00000000    
   41.2734375       0.00000000    
   41.3437500       0.00000000    
   41.4140625       0.00000000    
   41.4843750       0.00000000    
   41.5546875       0.00000000    
   41.6250000       0.00000000    
   41.6953125       0.00000000    
   41.7656250       0.00000000    
   41.8359375       0.00000000    
   41.9062500       0.00000000    
   41.9765625       0.00000000    
   42.0468750       0.00000000    
   42.1171875       0.00000000    
   42.1875000       0.00000000    
   42.2578125       0.00000000    
   42.3281250       0.00000000    
   42.3984375       0.00000000    
   42.4687500       0.00000000    
   42.5390625       0.00000000    
   42.6093750       0.00000000    
   42.6796875       0.00000000    
   42.7500000       0.00000000    
   42.8203125       0.00000000    
   42.8906250       0.00000000    
   42.9609375       0.00000000    
   43.0312500       0.00000000    
   43.1015625       0.00000000    
   43.1718750       0.00000000    
   43.2421875       0.00000000    
   43.3125000       0.00000000    
   43.3828125       0.00000000    
   43.4531250       0.00000000    
   43.5234375       0.00000000    
   43.5937500       0.00000000    
   43.6640625       0.00000000    
   43.7343750       0.00000000    
   43.8046875       0.00000000    
   43.8750000       0.00000000    
   43.9453125       0.00000000    
   44.0156250       0.00000000    
   44.0859375       0.00000000    
   44.1562500       0.00000000    
   44.2265625       0.00000000    
   44.2968750       0.00000000    
   44.3671875       0.00000000    
   44.4375000       0.00000000    
   44.5078125       0.00000000    
   44.5781250       0.00000000    
   44.6484375       0.00000000    
   44.7187500       0.00000000    
   44.7890625       0.00000000    
   44.8593750       0.00000000    
   44.9296875       0.00000000    
   45.0000000       0.00000000    
   45.0703125       0.00000000    
   45.1406250       0.00000000    
   45.2109375       0.00000000    
   45.2812500       0.00000000    
   45.3515625       0.00000000    
   45.4218750       0.00000000    
   45.4921875       0.00000000    
   45.5625000       0.00000000    
   45.6328125       0.00000000    
   45.7031250       0.00000000    
   45.7734375       0.00000000    
   45.8437500       0.00000000    
   45.9140625       0.00000000    
   45.9843750       0.00000000    
   46.0546875       0.00000000    
   46.1250000       0.00000000    
   46.1953125       0.00000000    
   46.2656250       0.00000000    
   46.3359375       0.00000000    
   46.4062500       0.00000000    
   46.4765625       0.00000000    
   46.5468750       0.00000000    
   46.6171875       0.00000000    
   46.6875000       0.00000000    
   46.7578125       0.00000000    
   46.8281250       0.00000000    
   46.8984375       0.00000000    
   46.9687500       0.00000000    
   47.0390625       0.00000000    
   47.1093750       0.00000000    
   47.1796875       0.00000000    
   47.2500000       0.00000000    
   47.3203125       0.00000000    
   47.3906250       0.00000000    
   47.4609375       0.00000000    
   47.5312500       0.00000000    
   47.6015625       0.00000000    
   47.6718750       0.00000000    
   47.7421875       0.00000000    
   47.8125000       0.00000000    
   47.8828125       0.00000000    
