2018 08 19 00 19 40.0 -18.112 -178.153
576. 2.519E+21 8.201 209 20 -77 15 71 -95
  -1.12695312       0.00000000    
  -1.05651855       0.00000000    
 -0.986083984       0.00000000    
 -0.915649414       0.00000000    
 -0.845214844       0.00000000    
 -0.774780273       0.00000000    
 -0.704345703       0.00000000    
 -0.633911133       0.00000000    
 -0.563476562       0.00000000    
 -0.493041992       0.00000000    
 -0.422607422       0.00000000    
 -0.352172852       0.00000000    
 -0.281738281       0.00000000    
 -0.211303711       0.00000000    
 -0.140869141       0.00000000    
  -7.04345703E-02   0.00000000    
   0.00000000       0.00000000    
   7.04345703E-02   2.90667615E+17
  0.140869141       3.15274480E+17
  0.211303711       4.02571099E+17
  0.281738281       5.79994789E+17
  0.352172852       8.39917001E+17
  0.422607422       1.14233974E+18
  0.493041992       1.44866553E+18
  0.563476562       1.72314775E+18
  0.633911133       1.93759911E+18
  0.704345703       2.07430524E+18
  0.774780273       2.13042514E+18
  0.845214844       2.11788273E+18
  0.915649414       2.06283239E+18
  0.986083984       2.00045393E+18
   1.05651855       1.97005779E+18
   1.12695312       2.00698517E+18
   1.19738770       2.13773277E+18
   1.26782227       2.37587036E+18
   1.33825684       2.72379624E+18
   1.40869141       3.17392366E+18
   1.47912598       3.71208430E+18
   1.54956055       4.31830553E+18
   1.61999512       4.97083709E+18
   1.69042969       5.64911372E+18
   1.76086426       6.33899295E+18
   1.83129883       7.03353905E+18
   1.90173340       7.73306209E+18
   1.97216797       8.43998869E+18
   2.04260254       9.15472898E+18
   2.11303711       9.87020703E+18
   2.18347168       1.05720792E+19
   2.25390625       1.12411342E+19
   2.32434082       1.18610597E+19
   2.39477539       1.24232137E+19
   2.46520996       1.29297323E+19
   2.53564453       1.33894293E+19
   2.60607910       1.38138848E+19
   2.67651367       1.42121389E+19
   2.74694824       1.45904852E+19
   2.81738281       1.49514384E+19
   2.88781738       1.52948621E+19
   2.95825195       1.56158865E+19
   3.02868652       1.59059904E+19
   3.09912109       1.61539501E+19
   3.16955566       1.63510298E+19
   3.23999023       1.64938047E+19
   3.31042480       1.65878317E+19
   3.38085938       1.66469491E+19
   3.45129395       1.66922435E+19
   3.52172852       1.67452289E+19
   3.59216309       1.68216692E+19
   3.66259766       1.69256313E+19
   3.73303223       1.70525699E+19
   3.80346680       1.71956142E+19
   3.87390137       1.73545651E+19
   3.94433594       1.75376525E+19
   4.01477051       1.77605763E+19
   4.08520508       1.80412266E+19
   4.15563965       1.83982281E+19
   4.22607422       1.88486266E+19
   4.29650879       1.94075611E+19
   4.36694336       2.00838135E+19
   4.43737793       2.08767571E+19
   4.50781250       2.17720015E+19
   4.57824707       2.27425998E+19
   4.64868164       2.37514919E+19
   4.71911621       2.47592382E+19
   4.78955078       2.57293374E+19
   4.85998535       2.66338374E+19
   4.93041992       2.74529692E+19
   5.00085449       2.81757155E+19
   5.07128906       2.87980941E+19
   5.14172363       2.93251912E+19
   5.21215820       2.97706737E+19
   5.28259277       3.01586166E+19
   5.35302734       3.05230871E+19
   5.42346191       3.09103945E+19
   5.49389648       3.13770712E+19
   5.56433105       3.19866734E+19
   5.63476562       3.28005539E+19
   5.70520020       3.38698268E+19
   5.77563477       3.52248649E+19
   5.84606934       3.68680652E+19
   5.91650391       3.87662907E+19
   5.98693848       4.08526184E+19
   6.05737305       4.30365124E+19
   6.12780762       4.52273245E+19
   6.19824219       4.73593655E+19
   6.26867676       4.94134379E+19
   6.33911133       5.14202314E+19
   6.40954590       5.34475593E+19
   6.47998047       5.55697883E+19
   6.55041504       5.78347690E+19
   6.62084961       6.02369600E+19
   6.69128418       6.27156023E+19
   6.76171875       6.51766612E+19
   6.83215332       6.75336271E+19
   6.90258789       6.97403997E+19
   6.97302246       7.18052561E+19
   7.04345703       7.37778328E+19
   7.11389160       7.57256352E+19
   7.18432617       7.77075885E+19
   7.25476074       7.97600160E+19
   7.32519531       8.18927607E+19
   7.39562988       8.40985218E+19
   7.46606445       8.63626889E+19
   7.53649902       8.86715050E+19
   7.60693359       9.10080816E+19
   7.67736816       9.33425119E+19
   7.74780273       9.56159149E+19
   7.81823730       9.77341021E+19
   7.88867188       9.95743855E+19
   7.95910645       1.01014060E+20
   8.02954102       1.01967758E+20
   8.09997559       1.02425489E+20
   8.17041016       1.02469021E+20
   8.24084473       1.02261161E+20
   8.31127930       1.02001483E+20
   8.38171387       1.01868266E+20
   8.45214844       1.01967565E+20
   8.52258301       1.02316216E+20
   8.59301758       1.02859225E+20
   8.66345215       1.03512335E+20
   8.73388672       1.04200260E+20
   8.80432129       1.04877022E+20
   8.87475586       1.05518240E+20
   8.94519043       1.06102036E+20
   9.01562500       1.06592225E+20
   9.08605957       1.06941676E+20
   9.15649414       1.07109286E+20
   9.22692871       1.07083179E+20
   9.29736328       1.06892682E+20
   9.36779785       1.06610213E+20
   9.43823242       1.06339293E+20
   9.50866699       1.06198829E+20
   9.57910156       1.06302420E+20
   9.64953613       1.06741530E+20
   9.71997070       1.07567738E+20
   9.79040527       1.08779347E+20
   9.86083984       1.10310378E+20
   9.93127441       1.12037068E+20
   10.0017090       1.13804590E+20
   10.0721436       1.15475707E+20
   10.1425781       1.16976857E+20
   10.2130127       1.18324102E+20
   10.2834473       1.19611120E+20
   10.3538818       1.20971207E+20
   10.4243164       1.22526699E+20
   10.4947510       1.24352425E+20
   10.5651855       1.26460814E+20
   10.6356201       1.28815809E+20
   10.7060547       1.31360053E+20
   10.7764893       1.34044629E+20
   10.8469238       1.36842086E+20
   10.9173584       1.39747066E+20
   10.9877930       1.42766158E+20
   11.0582275       1.45913004E+20
   11.1286621       1.49204819E+20
   11.1990967       1.52661894E+20
   11.2695312       1.56297918E+20
   11.3399658       1.60105729E+20
   11.4104004       1.64037530E+20
   11.4808350       1.67994311E+20
   11.5512695       1.71826540E+20
   11.6217041       1.75356923E+20
   11.6921387       1.78414620E+20
   11.7625732       1.80874307E+20
   11.8330078       1.82678491E+20
   11.9034424       1.83843270E+20
   11.9738770       1.84446066E+20
   12.0443115       1.84611574E+20
   12.1147461       1.84495289E+20
   12.1851807       1.84270707E+20
   12.2556152       1.84115755E+20
   12.3260498       1.84206302E+20
   12.3964844       1.84711145E+20
   12.4669189       1.85788807E+20
   12.5373535       1.87572884E+20
   12.6077881       1.90150121E+20
   12.6782227       1.93529035E+20
   12.7486572       1.97617213E+20
   12.8190918       2.02214825E+20
   12.8895264       2.07038831E+20
   12.9599609       2.11768614E+20
   13.0303955       2.16102589E+20
   13.1008301       2.19800080E+20
   13.1712646       2.22701999E+20
   13.2416992       2.24726437E+20
   13.3121338       2.25854061E+20
   13.3825684       2.26105489E+20
   13.4530029       2.25517048E+20
   13.5234375       2.24116323E+20
   13.5938721       2.21914678E+20
   13.6643066       2.18919327E+20
   13.7347412       2.15163800E+20
   13.8051758       2.10733736E+20
   13.8756104       2.05780269E+20
   13.9460449       2.00513397E+20
   14.0164795       1.95181856E+20
   14.0869141       1.90039924E+20
   14.1573486       1.85316088E+20
   14.2277832       1.81191142E+20
   14.2982178       1.77798032E+20
   14.3686523       1.75235185E+20
   14.4390869       1.73583190E+20
   14.5095215       1.72904836E+20
   14.5799561       1.73228620E+20
   14.6503906       1.74523211E+20
   14.7208252       1.76685062E+20
   14.7912598       1.79541206E+20
   14.8616943       1.82862805E+20
   14.9321289       1.86371971E+20
   15.0025635       1.89749530E+20
   15.0729980       1.92654352E+20
   15.1434326       1.94768897E+20
   15.2138672       1.95855690E+20
   15.2843018       1.95802544E+20
   15.3547363       1.94630517E+20
   15.4251709       1.92468947E+20
   15.4956055       1.89509555E+20
   15.5660400       1.85967280E+20
   15.6364746       1.82056836E+20
   15.7069092       1.77990895E+20
   15.7773438       1.73982076E+20
   15.8477783       1.70236805E+20
   15.9182129       1.66927855E+20
   15.9886475       1.64159267E+20
   16.0590820       1.61941913E+20
   16.1295166       1.60204896E+20
   16.1999512       1.58836453E+20
   16.2703857       1.57733159E+20
   16.3408203       1.56824276E+20
   16.4112549       1.56067618E+20
   16.4816895       1.55428160E+20
   16.5521240       1.54863715E+20
   16.6225586       1.54324391E+20
   16.6929932       1.53766895E+20
   16.7634277       1.53170045E+20
   16.8338623       1.52542056E+20
   16.9042969       1.51907612E+20
   16.9747314       1.51283599E+20
   17.0451660       1.50656121E+20
   17.1156006       1.49978136E+20
   17.1860352       1.49185731E+20
   17.2564697       1.48227221E+20
   17.3269043       1.47088320E+20
   17.3973389       1.45808823E+20
   17.4677734       1.44485099E+20
   17.5382080       1.43261809E+20
   17.6086426       1.42307916E+20
   17.6790771       1.41781787E+20
   17.7495117       1.41789536E+20
   17.8199463       1.42354729E+20
   17.8903809       1.43405176E+20
   17.9608154       1.44784861E+20
   18.0312500       1.46282844E+20
   18.1016846       1.47677606E+20
   18.1721191       1.48781867E+20
   18.2425537       1.49479697E+20
   18.3129883       1.49742489E+20
   18.3834229       1.49626943E+20
   18.4538574       1.49257296E+20
   18.5242920       1.48803541E+20
   18.5947266       1.48456517E+20
   18.6651611       1.48404409E+20
   18.7355957       1.48804332E+20
   18.8060303       1.49753079E+20
   18.8764648       1.51259779E+20
   18.9468994       1.53235013E+20
   19.0173340       1.55499127E+20
   19.0877686       1.57813344E+20
   19.1582031       1.59921011E+20
   19.2286377       1.61590298E+20
   19.2990723       1.62644228E+20
   19.3695068       1.62978445E+20
   19.4399414       1.62564571E+20
   19.5103760       1.61445075E+20
   19.5808105       1.59715569E+20
   19.6512451       1.57499200E+20
   19.7216797       1.54916509E+20
   19.7921143       1.52066381E+20
   19.8625488       1.49022493E+20
   19.9329834       1.45846681E+20
   20.0034180       1.42601732E+20
   20.0738525       1.39353502E+20
   20.1442871       1.36154205E+20
   20.2147217       1.33023535E+20
   20.2851562       1.29942298E+20
   20.3555908       1.26875118E+20
   20.4260254       1.23811747E+20
   20.4964600       1.20807266E+20
   20.5668945       1.17992639E+20
   20.6373291       1.15548768E+20
   20.7077637       1.13653342E+20
   20.7781982       1.12431265E+20
   20.8486328       1.11932808E+20
   20.9190674       1.12149553E+20
   20.9895020       1.13047229E+20
   21.0599365       1.14586466E+20
   21.1303711       1.16707890E+20
   21.2008057       1.19292227E+20
   21.2712402       1.22120074E+20
   21.3416748       1.24864763E+20
   21.4121094       1.27128798E+20
   21.4825439       1.28520779E+20
   21.5529785       1.28743523E+20
   21.6234131       1.27661973E+20
   21.6938477       1.25320655E+20
   21.7642822       1.21910392E+20
   21.8347168       1.17704004E+20
   21.9051514       1.12993520E+20
   21.9755859       1.08048691E+20
   22.0460205       1.03104346E+20
   22.1164551       9.83674208E+19
   22.1868896       9.40318441E+19
   22.2573242       9.02816738E+19
   22.3277588       8.72741753E+19
   22.3981934       8.51023407E+19
   22.4686279       8.37580338E+19
   22.5390625       8.31154177E+19
   22.6094971       8.29520918E+19
   22.6799316       8.29989310E+19
   22.7503662       8.30012356E+19
   22.8208008       8.27656938E+19
   22.8912354       8.21835948E+19
   22.9616699       8.12260081E+19
   23.0321045       7.99180730E+19
   23.1025391       7.83014655E+19
   23.1729736       7.64053621E+19
   23.2434082       7.42388404E+19
   23.3138428       7.18074288E+19
   23.3842773       6.91360201E+19
   23.4547119       6.62831965E+19
   23.5251465       6.33364173E+19
   23.5955811       6.03947575E+19
   23.6660156       5.75456678E+19
   23.7364502       5.48477961E+19
   23.8068848       5.23232867E+19
   23.8773193       4.99629035E+19
   23.9477539       4.77383979E+19
   24.0181885       4.56185307E+19
   24.0886230       4.35811533E+19
   24.1590576       4.16198928E+19
   24.2294922       3.97412936E+19
   24.2999268       3.79551898E+19
   24.3703613       3.62599012E+19
   24.4407959       3.46331539E+19
   24.5112305       3.30343189E+19
   24.5816650       3.14221863E+19
   24.6520996       2.97765627E+19
   24.7225342       2.81124936E+19
   24.7929688       2.64757320E+19
   24.8634033       2.49251106E+19
   24.9338379       2.35100589E+19
   25.0042725       2.22561802E+19
   25.0747070       2.11610622E+19
   25.1451416       2.02026817E+19
   25.2155762       1.93544151E+19
   25.2860107       1.86018764E+19
   25.3564453       1.79506719E+19
   25.4268799       1.74225215E+19
   25.4973145       1.70403093E+19
   25.5677490       1.68138429E+19
   25.6381836       1.67323097E+19
   25.7086182       1.67681428E+19
   25.7790527       1.68834024E+19
   25.8494873       1.70341773E+19
   25.9199219       1.71683573E+19
   25.9903564       1.72250899E+19
   26.0607910       1.71396523E+19
   26.1312256       1.68566875E+19
   26.2016602       1.63429297E+19
   26.2720947       1.55955763E+19
   26.3425293       0.00000000    
   26.4129639       0.00000000    
   26.4833984       0.00000000    
   26.5538330       0.00000000    
   26.6242676       0.00000000    
   26.6947021       0.00000000    
   26.7651367       0.00000000    
   26.8355713       0.00000000    
   26.9060059       0.00000000    
   26.9764404       0.00000000    
   27.0468750       0.00000000    
   27.1173096       0.00000000    
   27.1877441       0.00000000    
   27.2581787       0.00000000    
   27.3286133       0.00000000    
   27.3990479       0.00000000    
   27.4694824       0.00000000    
   27.5399170       0.00000000    
   27.6103516       0.00000000    
   27.6807861       0.00000000    
   27.7512207       0.00000000    
   27.8216553       0.00000000    
   27.8920898       0.00000000    
   27.9625244       0.00000000    
   28.0329590       0.00000000    
   28.1033936       0.00000000    
   28.1738281       0.00000000    
   28.2442627       0.00000000    
   28.3146973       0.00000000    
   28.3851318       0.00000000    
   28.4555664       0.00000000    
   28.5260010       0.00000000    
   28.5964355       0.00000000    
   28.6668701       0.00000000    
   28.7373047       0.00000000    
   28.8077393       0.00000000    
   28.8781738       0.00000000    
   28.9486084       0.00000000    
   29.0190430       0.00000000    
   29.0894775       0.00000000    
   29.1599121       0.00000000    
   29.2303467       0.00000000    
   29.3007812       0.00000000    
   29.3712158       0.00000000    
   29.4416504       0.00000000    
   29.5120850       0.00000000    
   29.5825195       0.00000000    
   29.6529541       0.00000000    
   29.7233887       0.00000000    
   29.7938232       0.00000000    
   29.8642578       0.00000000    
   29.9346924       0.00000000    
   30.0051270       0.00000000    
   30.0755615       0.00000000    
   30.1459961       0.00000000    
   30.2164307       0.00000000    
   30.2868652       0.00000000    
   30.3572998       0.00000000    
   30.4277344       0.00000000    
   30.4981689       0.00000000    
   30.5686035       0.00000000    
   30.6390381       0.00000000    
   30.7094727       0.00000000    
   30.7799072       0.00000000    
   30.8503418       0.00000000    
   30.9207764       0.00000000    
   30.9912109       0.00000000    
   31.0616455       0.00000000    
   31.1320801       0.00000000    
   31.2025146       0.00000000    
   31.2729492       0.00000000    
   31.3433838       0.00000000    
   31.4138184       0.00000000    
   31.4842529       0.00000000    
   31.5546875       0.00000000    
   31.6251221       0.00000000    
   31.6955566       0.00000000    
   31.7659912       0.00000000    
   31.8364258       0.00000000    
   31.9068604       0.00000000    
   31.9772949       0.00000000    
   32.0477295       0.00000000    
   32.1181641       0.00000000    
   32.1885986       0.00000000    
   32.2590332       0.00000000    
   32.3294678       0.00000000    
   32.3999023       0.00000000    
   32.4703369       0.00000000    
   32.5407715       0.00000000    
   32.6112061       0.00000000    
   32.6816406       0.00000000    
   32.7520752       0.00000000    
   32.8225098       0.00000000    
   32.8929443       0.00000000    
   32.9633789       0.00000000    
   33.0338135       0.00000000    
   33.1042480       0.00000000    
   33.1746826       0.00000000    
   33.2451172       0.00000000    
   33.3155518       0.00000000    
   33.3859863       0.00000000    
   33.4564209       0.00000000    
   33.5268555       0.00000000    
   33.5972900       0.00000000    
   33.6677246       0.00000000    
   33.7381592       0.00000000    
   33.8085938       0.00000000    
   33.8790283       0.00000000    
   33.9494629       0.00000000    
   34.0198975       0.00000000    
   34.0903320       0.00000000    
   34.1607666       0.00000000    
   34.2312012       0.00000000    
   34.3016357       0.00000000    
   34.3720703       0.00000000    
   34.4425049       0.00000000    
   34.5129395       0.00000000    
   34.5833740       0.00000000    
   34.6538086       0.00000000    
   34.7242432       0.00000000    
   34.7946777       0.00000000    
   34.8651123       0.00000000    
   34.9355469       0.00000000    
   35.0059814       0.00000000    
   35.0764160       0.00000000    
   35.1468506       0.00000000    
   35.2172852       0.00000000    
   35.2877197       0.00000000    
   35.3581543       0.00000000    
