1993 06 08 13 03 36.0 51.220 157.830
37. 2.545E+20 7.537 222 30 92 40 60 89
  -1.12500000       0.00000000    
  -1.05468750       1.87264663E+17
 -0.984375000       2.02170553E+17
 -0.914062500       2.19154640E+17
 -0.843750000       2.37305258E+17
 -0.773437500       2.56026900E+17
 -0.703125000       2.74943534E+17
 -0.632812500       2.94806143E+17
 -0.562500000       3.17262156E+17
 -0.492187500       3.43103119E+17
 -0.421875000       3.71392625E+17
 -0.351562500       4.00287413E+17
 -0.281250000       4.28931546E+17
 -0.210937500       4.56644531E+17
 -0.140625000       4.82579845E+17
  -7.03125000E-02   5.05730956E+17
   0.00000000       5.25770105E+17
   7.03125000E-02   5.42871428E+17
  0.140625000       5.57691230E+17
  0.210937500       5.71321910E+17
  0.281250000       5.87392853E+17
  0.351562500       6.10050695E+17
  0.421875000       6.43011167E+17
  0.492187500       6.86283547E+17
  0.562500000       7.36317167E+17
  0.632812500       7.89038269E+17
  0.703125000       8.41058707E+17
  0.773437500       8.91481416E+17
  0.843750000       9.39779732E+17
  0.914062500       9.85719940E+17
  0.984375000       1.02934760E+18
   1.05468750       1.07089361E+18
   1.12500000       1.11075963E+18
   1.19531250       1.14943214E+18
   1.26562500       1.18746610E+18
   1.33593750       1.22538138E+18
   1.40625000       1.26497095E+18
   1.47656250       1.30784970E+18
   1.54687500       1.35509049E+18
   1.61718750       1.40590236E+18
   1.68750000       1.45915309E+18
   1.75781250       1.51602766E+18
   1.82812500       1.57789787E+18
   1.89843750       1.64504972E+18
   1.96875000       1.71505933E+18
   2.03906250       1.78538396E+18
   2.10937500       1.85491061E+18
   2.17968750       1.92346558E+18
   2.25000000       1.99143326E+18
   2.32031250       2.05931642E+18
   2.39062500       2.12753535E+18
   2.46093750       2.19623544E+18
   2.53125000       2.26533082E+18
   2.60156250       2.33452047E+18
   2.67187500       2.40345875E+18
   2.74218750       2.47180110E+18
   2.81250000       2.53931633E+18
   2.88281250       2.60584283E+18
   2.95312500       2.67132397E+18
   3.02343750       2.73570505E+18
   3.09375000       2.79895858E+18
   3.16406250       2.86100815E+18
   3.23437500       2.92180124E+18
   3.30468750       2.98128565E+18
   3.37500000       3.03952155E+18
   3.44531250       3.09665465E+18
   3.51562500       3.15297026E+18
   3.58593750       3.20875976E+18
   3.65625000       3.26425706E+18
   3.72656250       3.31945557E+18
   3.79687500       3.37409195E+18
   3.86718750       3.42760600E+18
   3.93750000       3.47931026E+18
   4.00781250       3.52852248E+18
   4.07812500       3.57480972E+18
   4.14843750       3.61807550E+18
   4.21875000       3.65867717E+18
   4.28906250       3.69735689E+18
   4.35937500       3.73522847E+18
   4.42968750       3.77359675E+18
   4.50000000       3.81385647E+18
   4.57031250       3.85724402E+18
   4.64062500       3.90469180E+18
   4.71093750       3.95659149E+18
   4.78125000       4.01274053E+18
   4.85156250       4.07226671E+18
   4.92187500       4.13378301E+18
   4.99218750       4.19550355E+18
   5.06250000       4.25554101E+18
   5.13281250       4.31210318E+18
   5.20312500       4.36378793E+18
   5.27343750       4.40970353E+18
   5.34375000       4.44960344E+18
   5.41406250       4.48381474E+18
   5.48437500       4.51318270E+18
   5.55468750       4.53885052E+18
   5.62500000       4.56212938E+18
   5.69531250       4.58429031E+18
   5.76562500       4.60652051E+18
   5.83593750       4.62980267E+18
   5.90625000       4.65494465E+18
   5.97656250       4.68251326E+18
   6.04687500       4.71290816E+18
   6.11718750       4.74634761E+18
   6.18750000       4.78299983E+18
   6.25781250       4.82302150E+18
   6.32812500       4.86668421E+18
   6.39843750       4.91434089E+18
   6.46875000       4.96643025E+18
   6.53906250       5.02333767E+18
   6.60937500       5.08534133E+18
   6.67968750       5.15246652E+18
   6.75000000       5.22450762E+18
   6.82031250       5.30098470E+18
   6.89062500       5.38125070E+18
   6.96093750       5.46449088E+18
   7.03125000       5.54980858E+18
   7.10156250       5.63617467E+18
   7.17187500       5.72246214E+18
   7.24218750       5.80738072E+18
   7.31250000       5.88952249E+18
   7.38281250       5.96734482E+18
   7.45312500       6.03932160E+18
   7.52343750       6.10402072E+18
   7.59375000       6.16034155E+18
   7.66406250       6.20761725E+18
   7.73437500       6.24579724E+18
   7.80468750       6.27542468E+18
   7.87500000       6.29762162E+18
   7.94531250       6.31387405E+18
   8.01562500       6.32586973E+18
   8.08593750       6.33519194E+18
   8.15625000       6.34317879E+18
   8.22656250       6.35074123E+18
   8.29687500       6.35840263E+18
   8.36718750       6.36632021E+18
   8.43750000       6.37447199E+18
   8.50781250       6.38274746E+18
   8.57812500       6.39113234E+18
   8.64843750       6.39972282E+18
   8.71875000       6.40879764E+18
   8.78906250       6.41871799E+18
   8.85937500       6.42989452E+18
   8.92968750       6.44261202E+18
   9.00000000       6.45698154E+18
   9.07031250       6.47279252E+18
   9.14062500       6.48956502E+18
   9.21093750       6.50653873E+18
   9.28125000       6.52285548E+18
   9.35156250       6.53764776E+18
   9.42187500       6.55024706E+18
   9.49218750       6.56022513E+18
   9.56250000       6.56747586E+18
   9.63281250       6.57211635E+18
   9.70312500       6.57445721E+18
   9.77343750       6.57482720E+18
   9.84375000       6.57355671E+18
   9.91406250       6.57084422E+18
   9.98437500       6.56680901E+18
   10.0546875       6.56144889E+18
   10.1250000       6.55475121E+18
   10.1953125       6.54670389E+18
   10.2656250       6.53741192E+18
   10.3359375       6.52707761E+18
   10.4062500       6.51605500E+18
   10.4765625       6.50476357E+18
   10.5468750       6.49368874E+18
   10.6171875       6.48325657E+18
   10.6875000       6.47379967E+18
   10.7578125       6.46544668E+18
   10.8281250       6.45814702E+18
   10.8984375       6.45163681E+18
   10.9687500       6.44558070E+18
   11.0390625       6.43963674E+18
   11.1093750       6.43364111E+18
   11.1796875       6.42768230E+18
   11.2500000       6.42225017E+18
   11.3203125       6.41822760E+18
   11.3906250       6.41692358E+18
   11.4609375       6.41990216E+18
   11.5312500       6.42885328E+18
   11.6015625       6.44530363E+18
   11.6718750       6.47047200E+18
   11.7421875       6.50502965E+18
   11.8125000       6.54907059E+18
   11.8828125       6.60203131E+18
   11.9531250       6.66280737E+18
   12.0234375       6.72979182E+18
   12.0937500       6.80107975E+18
   12.1640625       6.87454307E+18
   12.2343750       6.94803058E+18
   12.3046875       7.01942132E+18
   12.3750000       7.08677245E+18
   12.4453125       7.14832586E+18
   12.5156250       7.20264009E+18
   12.5859375       7.24861067E+18
   12.6562500       7.28562573E+18
   12.7265625       7.31360005E+18
   12.7968750       7.33312848E+18
   12.8671875       7.34542597E+18
   12.9375000       7.35230011E+18
   13.0078125       7.35588892E+18
   13.0781250       7.35843539E+18
   13.1484375       7.36191919E+18
   13.2187500       7.36786590E+18
   13.2890625       7.37713313E+18
   13.3593750       7.38995509E+18
   13.4296875       7.40597113E+18
   13.5000000       7.42443357E+18
   13.5703125       7.44430780E+18
   13.6406250       7.46448768E+18
   13.7109375       7.48388637E+18
   13.7812500       7.50165063E+18
   13.8515625       7.51724775E+18
   13.9218750       7.53061451E+18
   13.9921875       7.54209506E+18
   14.0625000       7.55234966E+18
   14.1328125       7.56205890E+18
   14.2031250       7.57174229E+18
   14.2734375       7.58153015E+18
   14.3437500       7.59118716E+18
   14.4140625       7.60014268E+18
   14.4843750       7.60771447E+18
   14.5546875       7.61322522E+18
   14.6250000       7.61623238E+18
   14.6953125       7.61660072E+18
   14.7656250       7.61465788E+18
   14.8359375       7.61119882E+18
   14.9062500       7.60752755E+18
   14.9765625       7.60531203E+18
   15.0468750       7.60644013E+18
   15.1171875       7.61266337E+18
   15.1875000       7.62531270E+18
   15.2578125       7.64493129E+18
   15.3281250       7.67114529E+18
   15.3984375       7.70259737E+18
   15.4687500       7.73719680E+18
   15.5390625       7.77239437E+18
   15.6093750       7.80563536E+18
   15.6796875       7.83467951E+18
   15.7500000       7.85795342E+18
   15.8203125       7.87466819E+18
   15.8906250       7.88493268E+18
   15.9609375       7.88964244E+18
   16.0312500       7.89039836E+18
   16.1015625       7.88924167E+18
   16.1718750       7.88847916E+18
   16.2421875       7.89034888E+18
   16.3125000       7.89683655E+18
   16.3828125       7.90943475E+18
   16.4531250       7.92911216E+18
   16.5234375       7.95629704E+18
   16.5937500       7.99106524E+18
   16.6640625       8.03326285E+18
   16.7343750       8.08274637E+18
   16.8046875       8.13943664E+18
   16.8750000       8.20338863E+18
   16.9453125       8.27463864E+18
   17.0156250       8.35308439E+18
   17.0859375       8.43823332E+18
   17.1562500       8.52912775E+18
   17.2265625       8.62426464E+18
   17.2968750       8.72175119E+18
   17.3671875       8.81942961E+18
   17.4375000       8.91516738E+18
   17.5078125       9.00701399E+18
   17.5781250       9.09343670E+18
   17.6484375       9.17337394E+18
   17.7187500       9.24635183E+18
   17.7890625       9.31243028E+18
   17.8593750       9.37222172E+18
   17.9296875       9.42674650E+18
   18.0000000       9.47736802E+18
   18.0703125       9.52559700E+18
   18.1406250       9.57302333E+18
   18.2109375       9.62116875E+18
   18.2812500       9.67148790E+18
   18.3515625       9.72527051E+18
   18.4218750       9.78365238E+18
   18.4921875       9.84747023E+18
   18.5625000       9.91718586E+18
   18.6328125       9.99270912E+18
   18.7031250       1.00733792E+19
   18.7734375       1.01578909E+19
   18.8437500       1.02444544E+19
   18.9140625       1.03308881E+19
   18.9843750       1.04148765E+19
   19.0546875       1.04941557E+19
   19.1250000       1.05667454E+19
   19.1953125       1.06310955E+19
   19.2656250       1.06862448E+19
   19.3359375       1.07318569E+19
   19.4062500       1.07682738E+19
   19.4765625       1.07964312E+19
   19.5468750       1.08178398E+19
   19.6171875       1.08343864E+19
   19.6875000       1.08482127E+19
   19.7578125       1.08614113E+19
   19.8281250       1.08758643E+19
   19.8984375       1.08929541E+19
   19.9687500       1.09134643E+19
   20.0390625       1.09374612E+19
   20.1093750       1.09644124E+19
   20.1796875       1.09932405E+19
   20.2500000       1.10225766E+19
   20.3203125       1.10508824E+19
   20.3906250       1.10766868E+19
   20.4609375       1.10986529E+19
   20.5312500       1.11157151E+19
   20.6015625       1.11270313E+19
   20.6718750       1.11320473E+19
   20.7421875       1.11303771E+19
   20.8125000       1.11217954E+19
   20.8828125       1.11060900E+19
   20.9531250       1.10831003E+19
   21.0234375       1.10527043E+19
   21.0937500       1.10149932E+19
   21.1640625       1.09703718E+19
   21.2343750       1.09197623E+19
   21.3046875       1.08646119E+19
   21.3750000       1.08069393E+19
   21.4453125       1.07491225E+19
   21.5156250       1.06937709E+19
   21.5859375       1.06434023E+19
   21.6562500       1.06002839E+19
   21.7265625       1.05661649E+19
   21.7968750       1.05422285E+19
   21.8671875       1.05289398E+19
   21.9375000       1.05260811E+19
   22.0078125       1.05326683E+19
   22.0781250       1.05470521E+19
   22.1484375       1.05669434E+19
   22.2187500       1.05896461E+19
   22.2890625       1.06122476E+19
   22.3593750       1.06320202E+19
   22.4296875       1.06466744E+19
   22.5000000       1.06547152E+19
   22.5703125       1.06555431E+19
   22.6406250       1.06495574E+19
   22.7109375       1.06379718E+19
   22.7812500       1.06226523E+19
   22.8515625       1.06057198E+19
   22.9218750       1.05892678E+19
   22.9921875       1.05749665E+19
   23.0625000       1.05638933E+19
   23.1328125       1.05563397E+19
   23.2031250       1.05519427E+19
   23.2734375       1.05498163E+19
   23.3437500       1.05489334E+19
   23.4140625       1.05483847E+19
   23.4843750       1.05476777E+19
   23.5546875       1.05467673E+19
   23.6250000       1.05460208E+19
   23.6953125       1.05459097E+19
   23.7656250       1.05468289E+19
   23.8359375       1.05487882E+19
   23.9062500       1.05513644E+19
   23.9765625       1.05536283E+19
   24.0468750       1.05543232E+19
   24.1171875       1.05519746E+19
   24.1875000       1.05451686E+19
   24.2578125       1.05326716E+19
   24.3281250       1.05136588E+19
   24.3984375       1.04877312E+19
   24.4687500       1.04549669E+19
   24.5390625       1.04157473E+19
   24.6093750       1.03706915E+19
   24.6796875       1.03204427E+19
   24.7500000       1.02656596E+19
   24.8203125       1.02069138E+19
   24.8906250       1.01447837E+19
   24.9609375       1.00798388E+19
   25.0312500       1.00127653E+19
   25.1015625       9.94431082E+18
   25.1718750       9.87534835E+18
   25.2421875       9.80675421E+18
   25.3125000       9.73937394E+18
   25.3828125       9.67382546E+18
   25.4531250       9.61047490E+18
   25.5234375       9.54930247E+18
   25.5937500       9.48995083E+18
   25.6640625       9.43169980E+18
   25.7343750       9.37363020E+18
   25.8046875       9.31469198E+18
   25.8750000       9.25395165E+18
   25.9453125       9.19071984E+18
   26.0156250       9.12479972E+18
   26.0859375       9.05650356E+18
   26.1562500       8.98668732E+18
   26.2265625       8.91649834E+18
   26.2968750       8.84717798E+18
   26.3671875       8.77967841E+18
   26.4375000       8.71452960E+18
   26.5078125       8.65166337E+18
   26.5781250       8.59058550E+18
   26.6484375       8.53049005E+18
   26.7187500       8.47061999E+18
   26.7890625       8.41042997E+18
   26.8593750       8.34982489E+18
   26.9296875       8.28911481E+18
   27.0000000       8.22899076E+18
   27.0703125       8.17024716E+18
   27.1406250       8.11364265E+18
   27.2109375       8.05964838E+18
   27.2812500       8.00842323E+18
   27.3515625       7.95972037E+18
   27.4218750       7.91300157E+18
   27.4921875       7.86742736E+18
   27.5625000       7.82198454E+18
   27.6328125       7.77544991E+18
   27.7031250       7.72653869E+18
   27.7734375       7.67394685E+18
   27.8437500       7.61658588E+18
   27.9140625       7.55370371E+18
   27.9843750       7.48510573E+18
   28.0546875       7.41116742E+18
   28.1250000       7.33289923E+18
   28.1953125       7.25177397E+18
   28.2656250       7.16964704E+18
   28.3359375       7.08848274E+18
   28.4062500       7.01020137E+18
   28.4765625       6.93637576E+18
   28.5468750       6.86810048E+18
   28.6171875       6.80578016E+18
   28.6875000       6.74917181E+18
   28.7578125       6.69737821E+18
   28.8281250       6.64911515E+18
   28.8984375       6.60289168E+18
   28.9687500       6.55738564E+18
   29.0390625       6.51162782E+18
   29.1093750       6.46527681E+18
   29.1796875       6.41864762E+18
   29.2500000       6.37274960E+18
   29.3203125       6.32908305E+18
   29.3906250       6.28949843E+18
   29.4609375       6.25584843E+18
   29.5312500       6.22977901E+18
   29.6015625       6.21237154E+18
   29.6718750       6.20398062E+18
   29.7421875       6.20400975E+18
   29.8125000       6.21096196E+18
   29.8828125       6.22251233E+18
   29.9531250       6.23589944E+18
   30.0234375       6.24829038E+18
   30.0937500       6.25730418E+18
   30.1640625       6.26129486E+18
   30.2343750       6.25960876E+18
   30.3046875       6.25248557E+18
   30.3750000       6.24093080E+18
   30.4453125       6.22631390E+18
   30.5156250       6.21011699E+18
   30.5859375       6.19356714E+18
   30.6562500       6.17751537E+18
   30.7265625       6.16226295E+18
   30.7968750       6.14765318E+18
   30.8671875       6.13308136E+18
   30.9375000       6.11770414E+18
   31.0078125       6.10050668E+18
   31.0781250       6.08054064E+18
   31.1484375       6.05698856E+18
   31.2187500       6.02936003E+18
   31.2890625       5.99749068E+18
   31.3593750       5.96163231E+18
   31.4296875       5.92233137E+18
   31.5000000       5.88043228E+18
   31.5703125       5.83691086E+18
   31.6406250       5.79289521E+18
   31.7109375       5.74953927E+18
   31.7812500       5.70807778E+18
   31.8515625       5.66966579E+18
   31.9218750       5.63535168E+18
   31.9921875       5.60585344E+18
   32.0625000       5.58148001E+18
   32.1328125       5.56194829E+18
   32.2031250       5.54645672E+18
   32.2734375       5.53370788E+18
   32.3437500       5.52219545E+18
   32.4140625       5.51037954E+18
   32.4843750       5.49702543E+18
   32.5546875       5.48129636E+18
   32.6250000       5.46290593E+18
   32.6953125       5.44196848E+18
   32.7656250       5.41893756E+18
   32.8359375       5.39435248E+18
   32.9062500       5.36877234E+18
   32.9765625       5.34260397E+18
   33.0468750       5.31614807E+18
   33.1171875       5.28954758E+18
   33.1875000       5.26290586E+18
   33.2578125       5.23623171E+18
   33.3281250       5.20952018E+18
   33.3984375       5.18263272E+18
   33.4687500       5.15533295E+18
   33.5390625       5.12717555E+18
   33.6093750       5.09762288E+18
   33.6796875       5.06605645E+18
   33.7500000       5.03201007E+18
   33.8203125       4.99524130E+18
   33.8906250       4.95591342E+18
   33.9609375       4.91451406E+18
   34.0312500       4.87183322E+18
   34.1015625       4.82871367E+18
   34.1718750       4.78595421E+18
   34.2421875       4.74407711E+18
   34.3125000       4.70331217E+18
   34.3828125       4.66345982E+18
   34.4531250       4.62400770E+18
   34.5234375       4.58414215E+18
   34.5937500       4.54299843E+18
   34.6640625       4.49975024E+18
   34.7343750       4.45384783E+18
   34.8046875       4.40502759E+18
   34.8750000       4.35340744E+18
   34.9453125       4.29934363E+18
   35.0156250       4.24341367E+18
   35.0859375       4.18621817E+18
   35.1562500       4.12834785E+18
   35.2265625       4.07020623E+18
   35.2968750       4.01202585E+18
   35.3671875       3.95375503E+18
   35.4375000       3.89514886E+18
   35.5078125       3.83573098E+18
   35.5781250       3.77495025E+18
   35.6484375       3.71219920E+18
   35.7187500       3.56081953E+18
   35.7890625       3.51095916E+18
   35.8593750       3.45758419E+18
   35.9296875       3.40058083E+18
   36.0000000       3.34013078E+18
   36.0703125       3.27660732E+18
   36.1406250       3.21056763E+18
   36.2109375       3.14266042E+18
   36.2812500       3.07364242E+18
   36.3515625       3.00429375E+18
   36.4218750       2.93543904E+18
   36.4921875       2.86786250E+18
   36.5625000       2.80231649E+18
   36.6328125       2.73942140E+18
   36.7031250       2.67965167E+18
   36.7734375       2.62323298E+18
   36.8437500       2.57015956E+18
   36.9140625       2.52016174E+18
   36.9843750       2.47282557E+18
   37.0546875       2.42765598E+18
   37.1250000       2.38423791E+18
   37.1953125       2.34226461E+18
   37.2656250       2.30160700E+18
   37.3359375       2.26222566E+18
   37.4062500       2.22414174E+18
   37.4765625       2.18728844E+18
   37.5468750       2.15147694E+18
   37.6171875       2.11630012E+18
   37.6875000       2.08117526E+18
   37.7578125       2.04532074E+18
   37.8281250       2.00785832E+18
   37.8984375       1.96785149E+18
   37.9687500       1.92448785E+18
   38.0390625       1.87725709E+18
   38.1093750       1.82634901E+18
   38.1796875       1.77308303E+18
   38.2500000       1.63591497E+18
   38.3203125       1.63055375E+18
   38.3906250       1.62409385E+18
   38.4609375       1.53522788E+18
   38.5312500       1.53919148E+18
   38.6015625       1.54256039E+18
   38.6718750       1.54554515E+18
   38.7421875       1.54821834E+18
   38.8125000       1.55057473E+18
   38.8828125       1.55253749E+18
   38.9531250       1.55407008E+18
   39.0234375       1.55519378E+18
   39.0937500       1.55605552E+18
   39.1640625       1.55685651E+18
   39.2343750       1.55782834E+18
   39.3046875       1.55910735E+18
   39.3750000       1.56070810E+18
   39.4453125       1.56245330E+18
   39.5156250       1.56403289E+18
   39.5859375       1.56500403E+18
   39.6562500       1.56486948E+18
   39.7265625       1.56304030E+18
   39.7968750       1.55886546E+18
   39.8671875       1.55156759E+18
   39.9375000       1.54029292E+18
   40.0078125       1.52412543E+18
   40.0781250       1.50224501E+18
   40.1484375       1.47402494E+18
   40.2187500       1.43920258E+18
   40.2890625       1.39790960E+18
   40.3593750       1.35073450E+18
   40.4296875       1.29864212E+18
   40.5000000       1.24295543E+18
   40.5703125       1.18523107E+18
   40.6406250       1.12720523E+18
   40.7109375       1.07060375E+18
   40.7812500       9.08355209E+17
   40.8515625       8.66051156E+17
   40.9218750       8.28332066E+17
   40.9921875       7.95250784E+17
   41.0625000       7.66326482E+17
   41.1328125       7.40681885E+17
   41.2031250       7.17305512E+17
   41.2734375       6.95233091E+17
   41.3437500       6.73744029E+17
   41.4140625       6.52409655E+17
   41.4843750       5.46466659E+17
   41.5546875       5.34441369E+17
   41.6250000       5.22878905E+17
   41.6953125       5.11873446E+17
   41.7656250       5.01458769E+17
   41.8359375       4.91585430E+17
   41.9062500       4.82193951E+17
   41.9765625       4.73220631E+17
   42.0468750       4.64657462E+17
   42.1171875       4.56513964E+17
   42.1875000       4.48825010E+17
   42.2578125       4.41584589E+17
   42.3281250       4.34761501E+17
   42.3984375       4.28263387E+17
   42.4687500       4.21977376E+17
   42.5390625       4.15747852E+17
   42.6093750       4.09430883E+17
   42.6796875       4.02880680E+17
   42.7500000       3.96001791E+17
   42.8203125       3.88720448E+17
   42.8906250       3.81023042E+17
   42.9609375       2.66831269E+17
   43.0312500       2.67946603E+17
   43.1015625       2.68565301E+17
   43.1718750       2.68644415E+17
   43.2421875       2.68216962E+17
   43.3125000       2.67409835E+17
   43.3828125       2.66402287E+17
   43.4531250       2.65444149E+17
   43.5234375       2.64811311E+17
   43.5937500       2.64803924E+17
   43.6640625       2.65669531E+17
   43.7343750       2.67576634E+17
   43.8046875       2.70534372E+17
   43.8750000       2.74391665E+17
   43.9453125       2.78811667E+17
   44.0156250       2.83345229E+17
   44.0859375       2.87475819E+17
   44.1562500       2.90736232E+17
   44.2265625       2.92766274E+17
   44.2968750       2.93416463E+17
   44.3671875       2.92763147E+17
   44.4375000       2.91130716E+17
   44.5078125       2.88996186E+17
   44.5781250       2.86902905E+17
   44.6484375       2.85301226E+17
   44.7187500       2.84476523E+17
   44.7890625       2.84485319E+17
   44.8593750       2.85220377E+17
   44.9296875       2.86461004E+17
   45.0000000       2.87984532E+17
   45.0703125       2.89595317E+17
   45.1406250       2.91180160E+17
   45.2109375       2.92676320E+17
   45.2812500       2.94074384E+17
   45.3515625       2.95353700E+17
   45.4218750       2.96479634E+17
   45.4921875       2.97358556E+17
   45.5625000       2.97866324E+17
   45.6328125       2.09970952E+17
   45.7031250       2.11111764E+17
   45.7734375       2.11187339E+17
   45.8437500       2.10195012E+17
   45.9140625       2.08177340E+17
   45.9843750       2.05240475E+17
   46.0546875       2.01538970E+17
   46.1250000       1.97279788E+17
   46.1953125       1.92675995E+17
   46.2656250       1.87914680E+17
   46.3359375       1.83087103E+17
   46.4062500       1.78167390E+17
   46.4765625       1.73000595E+17
   46.5468750       1.67370563E+17
   46.6171875       1.61061978E+17
   46.6875000       1.53940836E+17
   46.7578125       1.45964068E+17
   46.8281250       1.37180414E+17
   46.8984375       1.27681114E+17
   46.9687500       1.17585098E+17
   47.0390625       1.07009763E+17
   47.1093750       0.00000000    
   47.1796875       0.00000000    
   47.2500000       0.00000000    
   47.3203125       0.00000000    
   47.3906250       0.00000000    
   47.4609375       0.00000000    
   47.5312500       0.00000000    
   47.6015625       0.00000000    
   47.6718750       0.00000000    
   47.7421875       0.00000000    
   47.8125000       0.00000000    
   47.8828125       0.00000000    
   47.9531250       0.00000000    
   48.0234375       0.00000000    
   48.0937500       0.00000000    
   48.1640625       0.00000000    
   48.2343750       0.00000000    
   48.3046875       0.00000000    
   48.3750000       0.00000000    
   48.4453125       0.00000000    
   48.5156250       0.00000000    
   48.5859375       0.00000000    
   48.6562500       0.00000000    
   48.7265625       0.00000000    
   48.7968750       0.00000000    
   48.8671875       0.00000000    
   48.9375000       0.00000000    
   49.0078125       0.00000000    
   49.0781250       0.00000000    
   49.1484375       0.00000000    
   49.2187500       0.00000000    
   49.2890625       0.00000000    
   49.3593750       0.00000000    
   49.4296875       0.00000000    
   49.5000000       0.00000000    
   49.5703125       0.00000000    
   49.6406250       0.00000000    
   49.7109375       0.00000000    
   49.7812500       0.00000000    
   49.8515625       0.00000000    
   49.9218750       0.00000000    
   49.9921875       0.00000000    
   50.0625000       0.00000000    
   50.1328125       0.00000000    
   50.2031250       0.00000000    
   50.2734375       0.00000000    
   50.3437500       0.00000000    
   50.4140625       0.00000000    
   50.4843750       0.00000000    
   50.5546875       0.00000000    
   50.6250000       0.00000000    
   50.6953125       0.00000000    
   50.7656250       0.00000000    
   50.8359375       0.00000000    
   50.9062500       0.00000000    
   50.9765625       0.00000000    
   51.0468750       0.00000000    
   51.1171875       0.00000000    
   51.1875000       0.00000000    
   51.2578125       0.00000000    
   51.3281250       0.00000000    
   51.3984375       0.00000000    
   51.4687500       0.00000000    
   51.5390625       0.00000000    
   51.6093750       0.00000000    
