1993 06 08 13 03 36.0 51.220 157.830
37. 2.545E+20 7.537 222 30 92 40 60 89
  -1.12500000       0.00000000    
  -1.05468750       0.00000000    
 -0.984375000       0.00000000    
 -0.914062500       0.00000000    
 -0.843750000       0.00000000    
 -0.773437500       0.00000000    
 -0.703125000       0.00000000    
 -0.632812500       0.00000000    
 -0.562500000       0.00000000    
 -0.492187500       0.00000000    
 -0.421875000       0.00000000    
 -0.351562500       0.00000000    
 -0.281250000       0.00000000    
 -0.210937500       0.00000000    
 -0.140625000       0.00000000    
  -7.03125000E-02   0.00000000    
   0.00000000       0.00000000    
   7.03125000E-02   3.00976946E+17
  0.140625000       3.80417417E+17
  0.210937500       4.65818169E+17
  0.281250000       5.57512525E+17
  0.351562500       6.55752102E+17
  0.421875000       7.60554939E+17
  0.492187500       8.71609874E+17
  0.562500000       9.88255894E+17
  0.632812500       1.10949547E+18
  0.703125000       1.23407288E+18
  0.773437500       1.36058805E+18
  0.843750000       1.48768651E+18
  0.914062500       1.61422944E+18
  0.984375000       1.73942121E+18
   1.05468750       1.86282462E+18
   1.12500000       1.98430678E+18
   1.19531250       2.10389969E+18
   1.26562500       2.22161767E+18
   1.33593750       2.33725551E+18
   1.40625000       2.45025369E+18
   1.47656250       2.55966032E+18
   1.54687500       2.66419227E+18
   1.61718750       2.76237041E+18
   1.68750000       2.85273185E+18
   1.75781250       2.93405970E+18
   1.82812500       3.00559392E+18
   1.89843750       3.06713606E+18
   1.96875000       3.11908029E+18
   2.03906250       3.16232711E+18
   2.10937500       3.19812446E+18
   2.17968750       3.22784618E+18
   2.25000000       3.25280262E+18
   2.32031250       3.27408972E+18
   2.39062500       3.29252165E+18
   2.46093750       3.30860449E+18
   2.53125000       3.32261116E+18
   2.60156250       3.33470909E+18
   2.67187500       3.34510745E+18
   2.74218750       3.35415698E+18
   2.81250000       3.36240606E+18
   2.88281250       3.37059523E+18
   2.95312500       3.37961315E+18
   3.02343750       3.39041557E+18
   3.09375000       3.40396430E+18
   3.16406250       3.42117743E+18
   3.23437500       3.44289581E+18
   3.30468750       3.46982725E+18
   3.37500000       3.50250831E+18
   3.44531250       3.54124245E+18
   3.51562500       3.58603793E+18
   3.58593750       3.63652476E+18
   3.65625000       3.69192283E+18
   3.72656250       3.75108672E+18
   3.79687500       3.81263106E+18
   3.86718750       3.87511878E+18
   3.93750000       3.93728874E+18
   4.00781250       3.99827096E+18
   4.07812500       4.05770561E+18
   4.14843750       4.11570594E+18
   4.21875000       4.17270133E+18
   4.28906250       4.22918846E+18
   4.35937500       4.28548483E+18
   4.42968750       4.34154371E+18
   4.50000000       4.39693188E+18
   4.57031250       4.45095611E+18
   4.64062500       4.50289319E+18
   4.71093750       4.55220959E+18
   4.78125000       4.59871480E+18
   4.85156250       4.64258834E+18
   4.92187500       4.68430491E+18
   4.99218750       4.72448712E+18
   5.06250000       4.76380565E+18
   5.13281250       4.80294717E+18
   5.20312500       4.84265163E+18
   5.27343750       4.88374093E+18
   5.34375000       4.92710952E+18
   5.41406250       4.97363755E+18
   5.48437500       5.02404411E+18
   5.55468750       5.07867774E+18
   5.62500000       5.13737132E+18
   5.69531250       5.19937333E+18
   5.76562500       5.26341769E+18
   5.83593750       5.32789690E+18
   5.90625000       5.39113201E+18
   5.97656250       5.45166782E+18
   6.04687500       5.50851477E+18
   6.11718750       5.56122591E+18
   6.18750000       5.60983862E+18
   6.25781250       5.65467670E+18
   6.32812500       5.69610080E+18
   6.39843750       5.73424066E+18
   6.46875000       5.76885494E+18
   6.53906250       5.79933120E+18
   6.60937500       5.82482063E+18
   6.67968750       5.84442052E+18
   6.75000000       5.85737332E+18
   6.82031250       5.86319303E+18
   6.89062500       5.86172793E+18
   6.96093750       5.85311766E+18
   7.03125000       5.83771460E+18
   7.10156250       5.81603443E+18
   7.17187500       5.78876379E+18
   7.24218750       5.75679549E+18
   7.31250000       5.72126917E+18
   7.38281250       5.68353558E+18
   7.45312500       5.64505323E+18
   7.52343750       5.60717945E+18
   7.59375000       5.57100607E+18
   7.66406250       5.53725821E+18
   7.73437500       5.50633004E+18
   7.80468750       5.47835682E+18
   7.87500000       5.45333193E+18
   7.94531250       5.43117952E+18
   8.01562500       5.41178029E+18
   8.08593750       5.39491213E+18
   8.15625000       5.38023035E+18
   8.22656250       5.36730010E+18
   8.29687500       5.35575907E+18
   8.36718750       5.34549293E+18
   8.43750000       5.33679195E+18
   8.50781250       5.33036970E+18
   8.57812500       5.32724214E+18
   8.64843750       5.32846919E+18
   8.71875000       5.33489694E+18
   8.78906250       5.34697123E+18
   8.85937500       5.36469041E+18
   8.92968750       5.38764436E+18
   9.00000000       5.41513985E+18
   9.07031250       5.44633189E+18
   9.14062500       5.48034583E+18
   9.21093750       5.51634769E+18
   9.28125000       5.55358595E+18
   9.35156250       5.59144434E+18
   9.42187500       5.62946435E+18
   9.49218750       5.66732768E+18
   9.56250000       5.70480838E+18
   9.63281250       5.74169590E+18
   9.70312500       5.77774174E+18
   9.77343750       5.81262375E+18
   9.84375000       5.84594335E+18
   9.91406250       5.87723435E+18
   9.98437500       5.90595799E+18
   10.0546875       5.93146171E+18
   10.1250000       5.95299180E+18
   10.1953125       5.96976100E+18
   10.2656250       5.98109806E+18
   10.3359375       5.98657473E+18
   10.4062500       5.98610854E+18
   10.4765625       5.97995347E+18
   10.5468750       5.96862795E+18
   10.6171875       5.95277080E+18
   10.6875000       5.93302687E+18
   10.7578125       5.91000749E+18
   10.8281250       5.88433774E+18
   10.8984375       5.85672351E+18
   10.9687500       5.82803615E+18
   11.0390625       5.79933560E+18
   11.1093750       5.77186760E+18
   11.1796875       5.74694552E+18
   11.2500000       5.72583874E+18
   11.3203125       5.70964514E+18
   11.3906250       5.69921792E+18
   11.4609375       5.69510135E+18
   11.5312500       5.69752302E+18
   11.6015625       5.70639663E+18
   11.6718750       5.72136758E+18
   11.7421875       5.74183224E+18
   11.8125000       5.76700006E+18
   11.8828125       5.79594855E+18
   11.9531250       5.82771839E+18
   12.0234375       5.86136290E+18
   12.0937500       5.89601401E+18
   12.1640625       5.93091251E+18
   12.2343750       5.96544102E+18
   12.3046875       5.99909927E+18
   12.3750000       6.03145790E+18
   12.4453125       6.06210128E+18
   12.5156250       6.09058523E+18
   12.5859375       6.11641716E+18
   12.6562500       6.13909019E+18
   12.7265625       6.15815627E+18
   12.7968750       6.17332348E+18
   12.8671875       6.18450607E+18
   12.9375000       6.19185850E+18
   13.0078125       6.19577551E+18
   13.0781250       6.19686842E+18
   13.1484375       6.19588051E+18
   13.2187500       6.19359518E+18
   13.2890625       6.19071996E+18
   13.3593750       6.18781065E+18
   13.4296875       6.18519766E+18
   13.5000000       6.18300908E+18
   13.5703125       6.18125261E+18
   13.6406250       6.17996618E+18
   13.7109375       6.17934056E+18
   13.7812500       6.17980455E+18
   13.8515625       6.18203107E+18
   13.9218750       6.18688871E+18
   13.9921875       6.19531866E+18
   14.0625000       6.20821264E+18
   14.1328125       6.22628696E+18
   14.2031250       6.25000782E+18
   14.2734375       6.27950332E+18
   14.3437500       6.31453266E+18
   14.4140625       6.35451145E+18
   14.4843750       6.39861122E+18
   14.5546875       6.44588417E+18
   14.6250000       6.49542376E+18
   14.6953125       6.54648948E+18
   14.7656250       6.59858599E+18
   14.8359375       6.65148625E+18
   14.9062500       6.70519299E+18
   14.9765625       6.75989150E+18
   15.0468750       6.81586104E+18
   15.1171875       6.87335450E+18
   15.1875000       6.93249998E+18
   15.2578125       6.99326779E+18
   15.3281250       7.05550344E+18
   15.3984375       7.11896286E+18
   15.4687500       7.18335740E+18
   15.5390625       7.24838362E+18
   15.6093750       7.31373969E+18
   15.6796875       7.37909906E+18
   15.7500000       7.44411593E+18
   15.8203125       7.50841207E+18
   15.8906250       7.57158836E+18
   15.9609375       7.63320444E+18
   16.0312500       7.69280072E+18
   16.1015625       7.74995224E+18
   16.1718750       7.80435278E+18
   16.2421875       7.85587644E+18
   16.3125000       7.90461889E+18
   16.3828125       7.95091603E+18
   16.4531250       7.99532805E+18
   16.5234375       8.03857789E+18
   16.5937500       8.08148908E+18
   16.6640625       8.12493463E+18
   16.7343750       8.16982384E+18
   16.8046875       8.21705337E+18
   16.8750000       8.26744673E+18
   16.9453125       8.32167849E+18
   17.0156250       8.38021319E+18
   17.0859375       8.44329383E+18
   17.1562500       8.51100505E+18
   17.2265625       8.58340954E+18
   17.2968750       8.66070026E+18
   17.3671875       8.74326919E+18
   17.4375000       8.83170236E+18
   17.5078125       8.92669961E+18
   17.5781250       9.02894595E+18
   17.6484375       9.13891965E+18
   17.7187500       9.25671363E+18
   17.7890625       9.38192821E+18
   17.8593750       9.51366620E+18
   17.9296875       9.65061917E+18
   18.0000000       9.79123461E+18
   18.0703125       9.93394462E+18
   18.1406250       1.00773363E+19
   18.2109375       1.02202772E+19
   18.2812500       1.03619339E+19
   18.3515625       1.05017709E+19
   18.4218750       1.06394990E+19
   18.4921875       1.07749897E+19
   18.5625000       1.09081493E+19
   18.6328125       1.10388625E+19
   18.7031250       1.11669315E+19
   18.7734375       1.12920361E+19
   18.8437500       1.14137081E+19
   18.9140625       1.15313448E+19
   18.9843750       1.16442229E+19
   19.0546875       1.17515671E+19
   19.1250000       1.18526452E+19
   19.1953125       1.19469239E+19
   19.2656250       1.20342559E+19
   19.3359375       1.21149458E+19
   19.4062500       1.21897159E+19
   19.4765625       1.22595601E+19
   19.5468750       1.23255407E+19
   19.6171875       1.23885790E+19
   19.6875000       1.24492853E+19
   19.7578125       1.25079057E+19
   19.8281250       1.25643701E+19
   19.8984375       1.26183429E+19
   19.9687500       1.26692833E+19
   20.0390625       1.27165051E+19
   20.1093750       1.27592596E+19
   20.1796875       1.27967892E+19
   20.2500000       1.28284167E+19
   20.3203125       1.28536153E+19
   20.3906250       1.28721102E+19
   20.4609375       1.28839145E+19
   20.5312500       1.28893087E+19
   20.6015625       1.28887997E+19
   20.6718750       1.28830712E+19
   20.7421875       1.28728721E+19
   20.8125000       1.28589303E+19
   20.8828125       1.28418406E+19
   20.9531250       1.28220318E+19
   21.0234375       1.27997271E+19
   21.0937500       1.27749221E+19
   21.1640625       1.27473904E+19
   21.2343750       1.27167580E+19
   21.3046875       1.26825687E+19
   21.3750000       1.26443782E+19
   21.4453125       1.26018656E+19
   21.5156250       1.25549143E+19
   21.5859375       1.25036034E+19
   21.6562500       1.24481528E+19
   21.7265625       1.23888308E+19
   21.7968750       1.23259630E+19
   21.8671875       1.22599186E+19
   21.9375000       1.21911144E+19
   22.0078125       1.21200244E+19
   22.0781250       1.20471961E+19
   22.1484375       1.19731989E+19
   22.2187500       1.18986147E+19
   22.2890625       1.18240480E+19
   22.3593750       1.17502488E+19
   22.4296875       1.16781780E+19
   22.5000000       1.16090385E+19
   22.5703125       1.15441552E+19
   22.6406250       1.14847244E+19
   22.7109375       1.14314674E+19
   22.7812500       1.13843555E+19
   22.8515625       1.13425059E+19
   22.9218750       1.13043814E+19
   22.9921875       1.12681415E+19
   23.0625000       1.12320918E+19
   23.1328125       1.11950383E+19
   23.2031250       1.11565114E+19
   23.2734375       1.11167421E+19
   23.3437500       1.10764581E+19
   23.4140625       1.10365690E+19
   23.4843750       1.09978761E+19
   23.5546875       1.09608159E+19
   23.6250000       1.09253226E+19
   23.6953125       1.08907825E+19
   23.7656250       1.08561424E+19
   23.8359375       1.08200795E+19
   23.9062500       1.07812558E+19
   23.9765625       1.07385639E+19
   24.0468750       1.06913916E+19
   24.1171875       1.06396827E+19
   24.1875000       1.05839308E+19
   24.2578125       1.05249805E+19
   24.3281250       1.04638839E+19
   24.3984375       1.04016483E+19
   24.4687500       1.03390256E+19
   24.5390625       1.02763040E+19
   24.6093750       1.02132481E+19
   24.6796875       1.01491553E+19
   24.7500000       1.00831011E+19
   24.8203125       1.00141958E+19
   24.8906250       9.94186990E+18
   24.9609375       9.86595962E+18
   25.0312500       9.78667823E+18
   25.1015625       9.70447434E+18
   25.1718750       9.62000766E+18
   25.2421875       9.53409952E+18
   25.3125000       9.44781315E+18
   25.3828125       9.36244486E+18
   25.4531250       9.27952629E+18
   25.5234375       9.20064678E+18
   25.5937500       9.12718346E+18
   25.6640625       9.05997911E+18
   25.7343750       8.99916347E+18
   25.8046875       8.94412907E+18
   25.8750000       8.89377693E+18
   25.9453125       8.84690365E+18
   26.0156250       8.80269009E+18
   26.0859375       8.76098891E+18
   26.1562500       8.72239771E+18
   26.2265625       8.68802642E+18
   26.2968750       8.65915600E+18
   26.3671875       8.63678093E+18
   26.4375000       8.62126518E+18
   26.5078125       8.61211394E+18
   26.5781250       8.60805179E+18
   26.6484375       8.60721232E+18
   26.7187500       8.60748994E+18
   26.7890625       8.60686322E+18
   26.8593750       8.60372247E+18
   26.9296875       8.59704513E+18
   27.0000000       8.58649862E+18
   27.0703125       8.57240563E+18
   27.1406250       8.55568206E+18
   27.2109375       8.53765116E+18
   27.2812500       8.51981654E+18
   27.3515625       8.50354926E+18
   27.4218750       8.48983121E+18
   27.4921875       8.47895704E+18
   27.5625000       8.47035995E+18
   27.6328125       8.46254737E+18
   27.7031250       8.45332027E+18
   27.7734375       8.44013273E+18
   27.8437500       8.42062464E+18
   27.9140625       8.39310827E+18
   27.9843750       8.35696292E+18
   28.0546875       8.31275761E+18
   28.1250000       8.26213114E+18
   28.1953125       8.20743704E+18
   28.2656250       8.15133556E+18
   28.3359375       8.09630885E+18
   28.4062500       8.04429205E+18
   28.4765625       7.99638743E+18
   28.5468750       7.95280719E+18
   28.6171875       7.91292845E+18
   28.6875000       7.87551812E+18
   28.7578125       7.83897860E+18
   28.8281250       7.80171230E+18
   28.8984375       7.76240091E+18
   28.9687500       7.72025608E+18
   29.0390625       7.67514916E+18
   29.1093750       7.62765796E+18
   29.1796875       7.57892650E+18
   29.2500000       7.53042815E+18
   29.3203125       7.48360049E+18
   29.3906250       7.43956121E+18
   29.4609375       7.39884794E+18
   29.5312500       7.36132656E+18
   29.6015625       7.32621365E+18
   29.6718750       7.29229317E+18
   29.7421875       7.25816213E+18
   29.8125000       7.22255005E+18
   29.8828125       7.18453883E+18
   29.9531250       7.14377059E+18
   30.0234375       7.10048062E+18
   30.0937500       7.05546276E+18
   30.1640625       7.00992484E+18
   30.2343750       6.96540726E+18
   30.3046875       6.92365990E+18
   30.3750000       6.88657778E+18
   30.4453125       6.85601355E+18
   30.5156250       6.83358516E+18
   30.5859375       6.82030911E+18
   30.6562500       6.81629369E+18
   30.7265625       6.82044875E+18
   30.7968750       6.83055381E+18
   30.8671875       6.84349781E+18
   30.9375000       6.85582773E+18
   31.0078125       6.86426484E+18
   31.0781250       6.86625605E+18
   31.1484375       6.86023403E+18
   31.2187500       6.84568694E+18
   31.2890625       6.82295728E+18
   31.3593750       6.79300164E+18
   31.4296875       6.75706080E+18
   31.5000000       6.71644429E+18
   31.5703125       6.67233464E+18
   31.6406250       6.62573623E+18
   31.7109375       6.57733023E+18
   31.7812500       6.52739976E+18
   31.8515625       6.47566774E+18
   31.9218750       6.42133427E+18
   31.9921875       6.36318880E+18
   32.0625000       6.29998063E+18
   32.1328125       6.23085378E+18
   32.2031250       6.15590227E+18
   32.2734375       6.07649829E+18
   32.3437500       5.99541975E+18
   32.4140625       5.91656993E+18
   32.4843750       5.84447000E+18
   32.5546875       5.78350428E+18
   32.6250000       5.73716481E+18
   32.6953125       5.70735595E+18
   32.7656250       5.69403812E+18
   32.8359375       5.69510849E+18
   32.9062500       5.70673143E+18
   32.9765625       5.72392229E+18
   33.0468750       5.74146390E+18
   33.1171875       5.75478778E+18
   33.1875000       5.76078342E+18
   33.2578125       5.75818802E+18
   33.3281250       5.74768219E+18
   33.3984375       5.73150837E+18
   33.4687500       5.71283152E+18
   33.5390625       5.69488639E+18
   33.6093750       5.68024584E+18
   33.6796875       5.67023369E+18
   33.7500000       5.66473943E+18
   33.8203125       5.66229357E+18
   33.8906250       5.66049862E+18
   33.9609375       5.65647495E+18
   34.0312500       5.64736605E+18
   34.1015625       5.63068316E+18
   34.1718750       5.60465222E+18
   34.2421875       5.56837603E+18
   34.3125000       5.52195905E+18
   34.3828125       5.46642327E+18
   34.4531250       5.40361092E+18
   34.5234375       5.33586451E+18
   34.5937500       5.26566949E+18
   34.6640625       5.19515726E+18
   34.7343750       5.12572035E+18
   34.8046875       5.05766773E+18
   34.8750000       4.99017311E+18
   34.9453125       4.92140030E+18
   35.0156250       4.84898702E+18
   35.0859375       4.77058249E+18
   35.1562500       4.68447259E+18
   35.2265625       4.58995857E+18
   35.2968750       4.48758964E+18
   35.3671875       4.37899610E+18
   35.4375000       4.26654052E+18
   35.5078125       4.15270506E+18
   35.5781250       4.03961864E+18
   35.6484375       3.92864960E+18
   35.7187500       3.82033259E+18
   35.7890625       3.71446144E+18
   35.8593750       3.61045424E+18
   35.9296875       3.50768893E+18
   36.0000000       3.40584200E+18
   36.0703125       3.30498159E+18
   36.1406250       3.20560114E+18
   36.2109375       3.10839964E+18
   36.2812500       3.01408545E+18
   36.3515625       2.92311488E+18
   36.4218750       2.83564296E+18
   36.4921875       2.75150366E+18
   36.5625000       2.67035695E+18
   36.6328125       2.59175589E+18
   36.7031250       2.51530932E+18
   36.7734375       2.44073439E+18
   36.8437500       2.36796569E+18
   36.9140625       2.29717130E+18
   36.9843750       2.22884586E+18
   37.0546875       2.16377965E+18
   37.1250000       2.10302627E+18
   37.1953125       2.04770379E+18
   37.2656250       1.99883421E+18
   37.3359375       1.95709345E+18
   37.4062500       1.92269496E+18
   37.4765625       1.89528248E+18
   37.5468750       1.87407002E+18
   37.6171875       1.85802141E+18
   37.6875000       1.84618984E+18
   37.7578125       1.83795958E+18
   37.8281250       1.83329806E+18
   37.8984375       1.83276329E+18
   37.9687500       1.83741065E+18
   38.0390625       1.84848067E+18
   38.1093750       1.86712756E+18
   38.1796875       1.89410449E+18
   38.2500000       1.92961954E+18
   38.3203125       1.97322988E+18
   38.3906250       2.02394802E+18
   38.4609375       2.08035544E+18
   38.5312500       2.14084205E+18
   38.6015625       2.20374882E+18
   38.6718750       2.26757093E+18
   38.7421875       2.33101468E+18
   38.8125000       2.39307771E+18
   38.8828125       2.45298130E+18
   38.9531250       2.51011825E+18
   39.0234375       2.56384314E+18
   39.0937500       2.61328323E+18
   39.1640625       2.65709987E+18
   39.2343750       2.69345494E+18
   39.3046875       2.72010243E+18
   39.3750000       2.73475232E+18
   39.4453125       2.73550989E+18
   39.5156250       2.72141635E+18
   39.5859375       2.69275510E+18
   39.6562500       2.65112072E+18
   39.7265625       2.59903026E+18
   39.7968750       2.53936031E+18
   39.8671875       2.47464278E+18
   39.9375000       2.40666548E+18
   40.0078125       2.33635556E+18
   40.0781250       2.26413633E+18
   40.1484375       2.19036281E+18
   40.2187500       2.11576342E+18
   40.2890625       2.04153842E+18
   40.3593750       1.96929157E+18
   40.4296875       1.90070747E+18
   40.5000000       1.83728750E+18
   40.5703125       1.78009489E+18
   40.6406250       1.72973836E+18
   40.7109375       1.68637321E+18
   40.7812500       1.64982929E+18
   40.8515625       1.61963959E+18
   40.9218750       1.59516157E+18
   40.9921875       1.57561020E+18
   41.0625000       1.56019532E+18
   41.1328125       1.54817147E+18
   41.2031250       1.53895605E+18
   41.2734375       1.53208672E+18
   41.3437500       1.52717217E+18
   41.4140625       1.52371201E+18
   41.4843750       1.52103566E+18
   41.5546875       1.51824345E+18
   41.6250000       1.51432218E+18
   41.6953125       1.50825851E+18
   41.7656250       1.49927413E+18
   41.8359375       1.48694750E+18
   41.9062500       1.47134186E+18
   41.9765625       1.45292655E+18
   42.0468750       1.43247453E+18
   42.1171875       1.41075478E+18
   42.1875000       1.38825177E+18
   42.2578125       1.36483038E+18
   42.3281250       1.33965555E+18
   42.3984375       1.31125077E+18
   42.4687500       1.27784238E+18
   42.5390625       1.23773604E+18
   42.6093750       1.18977810E+18
   42.6796875       1.13360563E+18
   42.7500000       1.06978667E+18
   42.8203125       9.99680095E+17
   42.8906250       9.25248862E+17
   42.9609375       0.00000000    
   43.0312500       0.00000000    
   43.1015625       0.00000000    
   43.1718750       0.00000000    
   43.2421875       0.00000000    
   43.3125000       0.00000000    
   43.3828125       0.00000000    
   43.4531250       0.00000000    
   43.5234375       0.00000000    
   43.5937500       0.00000000    
   43.6640625       0.00000000    
   43.7343750       0.00000000    
   43.8046875       0.00000000    
   43.8750000       0.00000000    
   43.9453125       0.00000000    
   44.0156250       0.00000000    
   44.0859375       0.00000000    
   44.1562500       0.00000000    
   44.2265625       0.00000000    
   44.2968750       0.00000000    
   44.3671875       0.00000000    
   44.4375000       0.00000000    
   44.5078125       0.00000000    
   44.5781250       0.00000000    
   44.6484375       0.00000000    
   44.7187500       0.00000000    
   44.7890625       0.00000000    
   44.8593750       0.00000000    
   44.9296875       0.00000000    
   45.0000000       0.00000000    
   45.0703125       0.00000000    
   45.1406250       0.00000000    
   45.2109375       0.00000000    
   45.2812500       0.00000000    
   45.3515625       0.00000000    
   45.4218750       0.00000000    
   45.4921875       0.00000000    
   45.5625000       0.00000000    
   45.6328125       0.00000000    
   45.7031250       0.00000000    
   45.7734375       0.00000000    
   45.8437500       0.00000000    
   45.9140625       0.00000000    
   45.9843750       0.00000000    
   46.0546875       0.00000000    
   46.1250000       0.00000000    
   46.1953125       0.00000000    
   46.2656250       0.00000000    
   46.3359375       0.00000000    
   46.4062500       0.00000000    
   46.4765625       0.00000000    
   46.5468750       0.00000000    
   46.6171875       0.00000000    
   46.6875000       0.00000000    
   46.7578125       0.00000000    
   46.8281250       0.00000000    
   46.8984375       0.00000000    
   46.9687500       0.00000000    
   47.0390625       0.00000000    
   47.1093750       0.00000000    
   47.1796875       0.00000000    
   47.2500000       0.00000000    
   47.3203125       0.00000000    
   47.3906250       0.00000000    
   47.4609375       0.00000000    
   47.5312500       0.00000000    
   47.6015625       0.00000000    
   47.6718750       0.00000000    
   47.7421875       0.00000000    
   47.8125000       0.00000000    
   47.8828125       0.00000000    
   47.9531250       0.00000000    
   48.0234375       0.00000000    
   48.0937500       0.00000000    
   48.1640625       0.00000000    
   48.2343750       0.00000000    
   48.3046875       0.00000000    
   48.3750000       0.00000000    
   48.4453125       0.00000000    
   48.5156250       0.00000000    
   48.5859375       0.00000000    
   48.6562500       0.00000000    
   48.7265625       0.00000000    
   48.7968750       0.00000000    
   48.8671875       0.00000000    
   48.9375000       0.00000000    
   49.0078125       0.00000000    
   49.0781250       0.00000000    
   49.1484375       0.00000000    
   49.2187500       0.00000000    
   49.2890625       0.00000000    
   49.3593750       0.00000000    
   49.4296875       0.00000000    
   49.5000000       0.00000000    
   49.5703125       0.00000000    
   49.6406250       0.00000000    
   49.7109375       0.00000000    
   49.7812500       0.00000000    
   49.8515625       0.00000000    
   49.9218750       0.00000000    
   49.9921875       0.00000000    
   50.0625000       0.00000000    
   50.1328125       0.00000000    
   50.2031250       0.00000000    
   50.2734375       0.00000000    
   50.3437500       0.00000000    
   50.4140625       0.00000000    
   50.4843750       0.00000000    
   50.5546875       0.00000000    
   50.6250000       0.00000000    
   50.6953125       0.00000000    
   50.7656250       0.00000000    
   50.8359375       0.00000000    
   50.9062500       0.00000000    
   50.9765625       0.00000000    
   51.0468750       0.00000000    
   51.1171875       0.00000000    
   51.1875000       0.00000000    
   51.2578125       0.00000000    
   51.3281250       0.00000000    
   51.3984375       0.00000000    
   51.4687500       0.00000000    
   51.5390625       0.00000000    
   51.6093750       0.00000000    
