2017 01 22 04 30 22.0 -6.246 155.172
142. 1.263E+21 8.001 311 42 83 140 49 96
  -1.12500000       0.00000000    
  -1.05468750       2.06269866E+18
 -0.984375000       3.70632258E+18
 -0.914062500       5.28783454E+18
 -0.843750000       6.28118667E+18
 -0.773437500       6.84101621E+18
 -0.703125000       6.45084022E+18
 -0.632812500       5.89726580E+18
 -0.562500000       5.36821214E+18
 -0.492187500       4.95472375E+18
 -0.421875000       5.12612497E+18
 -0.351562500       6.18165503E+18
 -0.281250000       7.86631575E+18
 -0.210937500       9.28209255E+18
 -0.140625000       9.85601563E+18
  -7.03125000E-02   9.69831268E+18
   0.00000000       9.56540372E+18
   7.03125000E-02   9.53207972E+18
  0.140625000       9.61769539E+18
  0.210937500       9.45063669E+18
  0.281250000       9.18817007E+18
  0.351562500       8.92289750E+18
  0.421875000       9.11354072E+18
  0.492187500       9.56296830E+18
  0.562500000       1.01264240E+19
  0.632812500       1.08331428E+19
  0.703125000       1.15177724E+19
  0.773437500       1.21046994E+19
  0.843750000       1.20455941E+19
  0.914062500       1.16898801E+19
  0.984375000       1.12711718E+19
   1.05468750       1.09180735E+19
   1.12500000       1.06789176E+19
   1.19531250       1.05508487E+19
   1.26562500       1.05064911E+19
   1.33593750       1.05128397E+19
   1.40625000       1.05423704E+19
   1.47656250       1.05769181E+19
   1.54687500       1.06077111E+19
   1.61718750       1.06329756E+19
   1.68750000       1.06554892E+19
   1.75781250       1.06798786E+19
   1.82812500       1.07109024E+19
   1.89843750       1.07519109E+19
   1.96875000       1.08046105E+19
   2.03906250       1.08690650E+19
   2.10937500       1.09446872E+19
   2.17968750       1.10307921E+19
   2.25000000       1.11272600E+19
   2.32031250       1.12341743E+19
   2.39062500       1.13515373E+19
   2.46093750       1.14785331E+19
   2.53125000       1.16136213E+19
   2.60156250       1.17664358E+19
   2.67187500       1.19442180E+19
   2.74218750       1.21505711E+19
   2.81250000       1.23755949E+19
   2.88281250       1.26107574E+19
   2.95312500       1.28508709E+19
   3.02343750       1.30920158E+19
   3.09375000       1.33308275E+19
   3.16406250       1.35637821E+19
   3.23437500       1.37881892E+19
   3.30468750       1.40028072E+19
   3.37500000       1.42090514E+19
   3.44531250       1.44105545E+19
   3.51562500       1.46126657E+19
   3.58593750       1.48206889E+19
   3.65625000       1.50391541E+19
   3.72656250       1.52709433E+19
   3.79687500       1.55180156E+19
   3.86718750       1.57817962E+19
   3.93750000       1.60643586E+19
   4.00781250       1.63684978E+19
   4.07812500       1.66980995E+19
   4.14843750       1.70573055E+19
   4.21875000       1.74503216E+19
   4.28906250       1.78802999E+19
   4.35937500       1.83493526E+19
   4.42968750       1.88579834E+19
   4.50000000       1.94058173E+19
   4.57031250       1.99916019E+19
   4.64062500       2.06141058E+19
   4.71093750       2.12719062E+19
   4.78125000       2.19636486E+19
   4.85156250       2.26870019E+19
   4.92187500       2.34380849E+19
   4.99218750       2.42101135E+19
   5.06250000       2.49934254E+19
   5.13281250       2.57754817E+19
   5.20312500       2.65428528E+19
   5.27343750       2.72829979E+19
   5.34375000       2.79871493E+19
   5.41406250       2.86516435E+19
   5.48437500       2.92787566E+19
   5.55468750       2.98747953E+19
   5.62500000       3.04475353E+19
   5.69531250       3.10020608E+19
   5.76562500       3.15384553E+19
   5.83593750       3.20506694E+19
   5.90625000       3.25286623E+19
   5.97656250       3.29612519E+19
   6.04687500       3.33402932E+19
   6.11718750       3.36632637E+19
   6.18750000       3.39351861E+19
   6.25781250       3.41679967E+19
   6.32812500       3.43790370E+19
   6.39843750       3.45876671E+19
   6.46875000       3.48124249E+19
   6.53906250       3.50679844E+19
   6.60937500       3.53643643E+19
   6.67968750       3.57067061E+19
   6.75000000       3.60970569E+19
   6.82031250       3.65352673E+19
   6.89062500       3.70204378E+19
   6.96093750       3.75508598E+19
   7.03125000       3.81245761E+19
   7.10156250       3.87388205E+19
   7.17187500       3.93900788E+19
   7.24218750       4.00731878E+19
   7.31250000       4.07815900E+19
   7.38281250       4.15074304E+19
   7.45312500       4.22433027E+19
   7.52343750       4.29833136E+19
   7.59375000       4.37245164E+19
   7.66406250       4.44661238E+19
   7.73437500       4.52084613E+19
   7.80468750       4.59507943E+19
   7.87500000       4.66908141E+19
   7.94531250       4.74249404E+19
   8.01562500       4.81507984E+19
   8.08593750       4.88695051E+19
   8.15625000       4.95876578E+19
   8.22656250       5.03162865E+19
   8.29687500       5.10683569E+19
   8.36718750       5.18543054E+19
   8.43750000       5.26789083E+19
   8.50781250       5.35394389E+19
   8.57812500       5.44275540E+19
   8.64843750       5.53325532E+19
   8.71875000       5.62463046E+19
   8.78906250       5.71660372E+19
   8.85937500       5.80959470E+19
   8.92968750       5.90462109E+19
   9.00000000       6.00318132E+19
   9.07031250       6.10702843E+19
   9.14062500       6.21804788E+19
   9.21093750       6.33802967E+19
   9.28125000       6.46851355E+19
   9.35156250       6.61055945E+19
   9.42187500       6.76464150E+19
   9.49218750       6.93056792E+19
   9.56250000       7.10758709E+19
   9.63281250       7.29454409E+19
   9.70312500       7.49015732E+19
   9.77343750       7.69328814E+19
   9.84375000       7.90327111E+19
   9.91406250       8.12004554E+19
   9.98437500       8.34416296E+19
   10.0546875       8.57645018E+19
   10.1250000       8.81756429E+19
   10.1953125       9.06742346E+19
   10.2656250       9.32488599E+19
   10.3359375       9.58766839E+19
   10.4062500       9.85269115E+19
   10.4765625       1.01166047E+20
   10.5468750       1.03764272E+20
   10.6171875       1.06299368E+20
   10.6875000       1.08758615E+20
   10.7578125       1.11136867E+20
   10.8281250       1.13433422E+20
   10.8984375       1.15647601E+20
   10.9687500       1.17775833E+20
   11.0390625       1.19810404E+20
   11.1093750       1.21741499E+20
   11.1796875       1.23560689E+20
   11.2500000       1.25265301E+20
   11.3203125       1.26860323E+20
   11.3906250       1.28357498E+20
   11.4609375       1.29770643E+20
   11.5312500       1.31109936E+20
   11.6015625       1.32376116E+20
   11.6718750       1.33558583E+20
   11.7421875       1.34636342E+20
   11.8125000       1.35583391E+20
   11.8828125       1.36374758E+20
   11.9531250       1.36992842E+20
   12.0234375       1.37431151E+20
   12.0937500       1.37696134E+20
   12.1640625       1.37805372E+20
   12.2343750       1.37784877E+20
   12.3046875       1.37664916E+20
   12.3750000       1.37477331E+20
   12.4453125       1.37252802E+20
   12.5156250       1.37019204E+20
   12.5859375       1.36799293E+20
   12.6562500       1.36609042E+20
   12.7265625       1.36455814E+20
   12.7968750       1.36337841E+20
   12.8671875       1.36244039E+20
   12.9375000       1.36155278E+20
   13.0078125       1.36045828E+20
   13.0781250       1.35885854E+20
   13.1484375       1.35643460E+20
   13.2187500       1.35288124E+20
   13.2890625       1.34793634E+20
   13.3593750       1.34141852E+20
   13.4296875       1.33325118E+20
   13.5000000       1.32348347E+20
   13.5703125       1.31228208E+20
   13.6406250       1.29991812E+20
   13.7109375       1.28672635E+20
   13.7812500       1.27307183E+20
   13.8515625       1.25930893E+20
   13.9218750       1.24575960E+20
   13.9921875       1.23268430E+20
   14.0625000       1.22026290E+20
   14.1328125       1.20856084E+20
   14.2031250       1.19751400E+20
   14.2734375       1.18693292E+20
   14.3437500       1.17655951E+20
   14.4140625       1.16614590E+20
   14.4843750       1.15553869E+20
   14.5546875       1.14471211E+20
   14.6250000       1.13374954E+20
   14.6953125       1.12277166E+20
   14.7656250       1.11185756E+20
   14.8359375       1.10098849E+20
   14.9062500       1.09005134E+20
   14.9765625       1.07888936E+20
   15.0468750       1.06738108E+20
   15.1171875       1.05549483E+20
   15.1875000       1.04330116E+20
   15.2578125       1.03092946E+20
   15.3281250       1.01851052E+20
   15.3984375       1.00611726E+20
   15.4687500       9.93739049E+19
   15.5390625       9.81279383E+19
   15.6093750       9.68580024E+19
   15.6796875       9.55455725E+19
   15.7500000       9.41745871E+19
   15.8203125       9.27358981E+19
   15.8906250       9.12307283E+19
   15.9609375       8.96693866E+19
   16.0312500       8.80668176E+19
   16.1015625       8.64350280E+19
   16.1718750       8.47776769E+19
   16.2421875       8.30881058E+19
   16.3125000       8.13533227E+19
   16.3828125       7.95600017E+19
   16.4531250       7.77015719E+19
   16.5234375       7.57820973E+19
   16.5937500       7.38180441E+19
   16.6640625       7.18360996E+19
   16.7343750       6.98691877E+19
   16.8046875       6.79499593E+19
   16.8750000       6.61047809E+19
   16.9453125       6.43484562E+19
   17.0156250       6.26823179E+19
   17.0859375       6.10946319E+19
   17.1562500       5.95641909E+19
   17.2265625       5.80650112E+19
   17.2968750       5.65724373E+19
   17.3671875       5.50680151E+19
   17.4375000       5.35437006E+19
   17.5078125       5.20024360E+19
   17.5781250       5.04566678E+19
   17.6484375       4.89237287E+19
   17.7187500       4.74218266E+19
   17.7890625       4.59667021E+19
   17.8593750       4.45710700E+19
   17.9296875       4.32446367E+19
   18.0000000       4.19952265E+19
   18.0703125       4.08287238E+19
   18.1406250       3.97495576E+19
   18.2109375       3.87598696E+19
   18.2812500       3.78591320E+19
   18.3515625       3.70422653E+19
   18.4218750       3.62986809E+19
   18.4921875       3.56118424E+19
   18.5625000       3.49616198E+19
   18.6328125       3.43275293E+19
   18.7031250       3.36929219E+19
   18.7734375       3.30470358E+19
   18.8437500       3.23861370E+19
   18.9140625       3.17125366E+19
   18.9843750       3.10340170E+19
   19.0546875       3.03628025E+19
   19.1250000       2.97159048E+19
   19.1953125       2.91147205E+19
   19.2656250       2.85842743E+19
   19.3359375       2.81494922E+19
   19.4062500       2.69648608E+19
   19.4765625       2.67855986E+19
   19.5468750       2.66792670E+19
   19.6171875       2.66316933E+19
   19.6875000       2.66230270E+19
   19.7578125       2.66318539E+19
   19.8281250       2.66410766E+19
   19.8984375       2.66401926E+19
   19.9687500       2.66257362E+19
   20.0390625       2.65974787E+19
   20.1093750       2.65554136E+19
   20.1796875       2.64966931E+19
   20.2500000       2.64163540E+19
   20.3203125       2.63078894E+19
   20.3906250       2.61654213E+19
   20.4609375       2.59834499E+19
   20.5312500       2.57576982E+19
   20.6015625       2.48393882E+19
   20.6718750       2.45550501E+19
   20.7421875       2.42159036E+19
   20.8125000       2.31584549E+19
   20.8828125       2.28072467E+19
   20.9531250       2.24260152E+19
   21.0234375       2.20285703E+19
   21.0937500       2.16293530E+19
   21.1640625       2.12397257E+19
   21.2343750       2.08653992E+19
   21.3046875       2.05038072E+19
   21.3750000       1.95226822E+19
   21.4453125       1.91738005E+19
   21.5156250       1.87922898E+19
   21.5859375       1.83623038E+19
   21.6562500       1.78791135E+19
   21.7265625       1.73505607E+19
   21.7968750       1.67957438E+19
   21.8671875       1.62386345E+19
   21.9375000       1.57023301E+19
   22.0078125       1.52028461E+19
   22.0781250       1.39276578E+19
   22.1484375       1.28755428E+19
   22.2187500       1.25963318E+19
   22.2890625       1.23322357E+19
   22.3593750       1.20657272E+19
   22.4296875       1.17834133E+19
   22.5000000       1.14801394E+19
   22.5703125       1.11587742E+19
   22.6406250       1.08287261E+19
   22.7109375       1.05009353E+19
   22.7812500       1.01843056E+19
   22.8515625       9.88181677E+18
   22.9218750       9.59035054E+18
   22.9921875       9.30096787E+18
   23.0625000       8.28793613E+18
   23.1328125       8.00457109E+18
   23.2031250       6.99526450E+18
   23.2734375       6.73303592E+18
   23.3437500       6.44867033E+18
   23.4140625       5.42827736E+18
   23.4843750       5.19854045E+18
   23.5546875       4.98157218E+18
   23.6250000       4.04058676E+18
   23.6953125       3.91120283E+18
   23.7656250       3.79179229E+18
   23.8359375       3.67744583E+18
   23.9062500       3.56475359E+18
   23.9765625       3.45207783E+18
   24.0468750       3.33921929E+18
   24.1171875       3.22629889E+18
   24.1875000       2.41552699E+18
   24.2578125       2.36481779E+18
   24.3281250       2.31637661E+18
   24.3984375       2.27193160E+18
   24.4687500       1.52518714E+18
   24.5390625       1.50568208E+18
   24.6093750       1.48241504E+18
   24.6796875       1.45884275E+18
   24.7500000       1.43874395E+18
   24.8203125       1.42501669E+18
   24.8906250       1.41844669E+18
   24.9609375       1.41722981E+18
   25.0312500       1.41707368E+18
   25.1015625       1.41225067E+18
   25.1718750       1.39697557E+18
   25.2421875       1.36707380E+18
   25.3125000       1.32107793E+18
   25.3828125       1.26076779E+18
   25.4531250       1.19064836E+18
   25.5234375       1.11691112E+18
   25.5937500       1.04584694E+18
   25.6640625       9.82555683E+17
   25.7343750       9.29939241E+17
   25.8046875       8.88570322E+17
   25.8750000       8.56986919E+17
   25.9453125       8.32561406E+17
   26.0156250       8.12256244E+17
   26.0859375       7.93424427E+17
   26.1562500       7.74161258E+17
   26.2265625       7.53611661E+17
   26.2968750       7.31911424E+17
   26.3671875       7.10173667E+17
   26.4375000       6.90090400E+17
   26.5078125       0.00000000    
   26.5781250       0.00000000    
   26.6484375       0.00000000    
   26.7187500       0.00000000    
   26.7890625       0.00000000    
   26.8593750       0.00000000    
   26.9296875       0.00000000    
   27.0000000       0.00000000    
   27.0703125       0.00000000    
   27.1406250       0.00000000    
   27.2109375       0.00000000    
   27.2812500       0.00000000    
   27.3515625       0.00000000    
   27.4218750       0.00000000    
   27.4921875       0.00000000    
   27.5625000       0.00000000    
   27.6328125       0.00000000    
   27.7031250       0.00000000    
   27.7734375       0.00000000    
   27.8437500       0.00000000    
   27.9140625       0.00000000    
   27.9843750       0.00000000    
   28.0546875       0.00000000    
   28.1250000       0.00000000    
   28.1953125       0.00000000    
   28.2656250       0.00000000    
   28.3359375       0.00000000    
   28.4062500       0.00000000    
