2021 07 29 06 15 49.0 55.363 -157.888
31. 2.081E+21 8.146 242 18 88 64 72 91
  -1.12695312       0.00000000    
  -1.05651855       6.52092515E+17
 -0.986083984       6.55575562E+17
 -0.915649414       6.59222985E+17
 -0.845214844       6.62802445E+17
 -0.774780273       6.66089917E+17
 -0.704345703       6.68959917E+17
 -0.633911133       6.71459313E+17
 -0.563476562       6.73794538E+17
 -0.493041992       6.77995360E+17
 -0.422607422       6.86981187E+17
 -0.352172852       7.02801648E+17
 -0.281738281       7.24408494E+17
 -0.211303711       7.51191842E+17
 -0.140869141       7.99384536E+17
  -7.04345703E-02   8.65636915E+17
   0.00000000       9.46613678E+17
   7.04345703E-02   1.02475975E+18
  0.140869141       1.10184795E+18
  0.211303711       1.17740158E+18
  0.281738281       1.25075467E+18
  0.352172852       1.32019090E+18
  0.422607422       1.39334938E+18
  0.493041992       1.46571016E+18
  0.563476562       1.53508769E+18
  0.633911133       1.59091732E+18
  0.704345703       1.63567748E+18
  0.774780273       1.66605616E+18
  0.845214844       1.68849376E+18
  0.915649414       1.70710340E+18
  0.986083984       1.72536409E+18
   1.05651855       1.74738855E+18
   1.12695312       1.77509816E+18
   1.19738770       1.80939784E+18
   1.26782227       1.84683855E+18
   1.33825684       1.88599133E+18
   1.40869141       1.92586045E+18
   1.47912598       1.96502093E+18
   1.54956055       2.00219308E+18
   1.61999512       2.03711137E+18
   1.69042969       2.07045667E+18
   1.76086426       2.10281310E+18
   1.83129883       2.13392406E+18
   1.90173340       2.16266680E+18
   1.97216797       2.18744086E+18
   2.04260254       2.21015114E+18
   2.11303711       2.23692315E+18
   2.18347168       2.27344988E+18
   2.25390625       2.31865589E+18
   2.32434082       2.36572159E+18
   2.39477539       2.40767290E+18
   2.46520996       2.44137156E+18
   2.53564453       2.46690634E+18
   2.60607910       2.48674896E+18
   2.67651367       2.50631422E+18
   2.74694824       2.53073189E+18
   2.81738281       2.56382665E+18
   2.88781738       2.60620457E+18
   2.95825195       2.65763038E+18
   3.02868652       2.71736932E+18
   3.09912109       2.78449615E+18
   3.16955566       2.85779895E+18
   3.23999023       2.93604542E+18
   3.31042480       3.01789031E+18
   3.38085938       3.10212005E+18
   3.45129395       3.18749053E+18
   3.52172852       3.27284260E+18
   3.59216309       3.35681395E+18
   3.66259766       3.43796230E+18
   3.73303223       3.51466286E+18
   3.80346680       3.58546866E+18
   3.87390137       3.64914303E+18
   3.94433594       3.70500289E+18
   4.01477051       3.75278574E+18
   4.08520508       3.79274832E+18
   4.15563965       3.82532905E+18
   4.22607422       3.85123162E+18
   4.29650879       3.87128066E+18
   4.36694336       3.88673732E+18
   4.43737793       3.89931271E+18
   4.50781250       3.91387409E+18
   4.57824707       3.93604409E+18
   4.64868164       3.97045991E+18
   4.71911621       4.01975954E+18
   4.78955078       4.08487509E+18
   4.85998535       4.16801274E+18
   4.93041992       4.26739429E+18
   5.00085449       4.38005850E+18
   5.07128906       4.50153392E+18
   5.14172363       4.63010064E+18
   5.21215820       4.76637466E+18
   5.28259277       4.91231669E+18
   5.35302734       5.07041436E+18
   5.42346191       5.24272158E+18
   5.49389648       5.43050552E+18
   5.56433105       5.63401083E+18
   5.63476562       5.85286972E+18
   5.70520020       6.08643018E+18
   5.77563477       6.33432387E+18
   5.84606934       6.59658928E+18
   5.91650391       6.87383883E+18
   5.98693848       7.16698513E+18
   6.05737305       7.47713702E+18
   6.12780762       7.80627307E+18
   6.19824219       8.15810140E+18
   6.26867676       8.53475780E+18
   6.33911133       8.93639565E+18
   6.40954590       9.36068345E+18
   6.47998047       9.80649473E+18
   6.55041504       1.02735882E+19
   6.62084961       1.07623112E+19
   6.69128418       1.12729332E+19
   6.76171875       1.18052551E+19
   6.83215332       1.23581918E+19
   6.90258789       1.29299016E+19
   6.97302246       1.35179875E+19
   7.04345703       1.41201086E+19
   7.11389160       1.47343277E+19
   7.18432617       1.53594397E+19
   7.25476074       1.59947331E+19
   7.32519531       1.66397429E+19
   7.39562988       1.72937346E+19
   7.46606445       1.79555164E+19
   7.53649902       1.86232245E+19
   7.60693359       1.92946193E+19
   7.67736816       1.99672587E+19
   7.74780273       2.06389372E+19
   7.81823730       2.13077129E+19
   7.88867188       2.19720488E+19
   7.95910645       2.26305573E+19
   8.02954102       2.32819586E+19
   8.09997559       2.39248167E+19
   8.17041016       2.45575086E+19
   8.24084473       2.51781610E+19
   8.31127930       2.57847747E+19
   8.38171387       2.63752059E+19
   8.45214844       2.69474181E+19
   8.52258301       2.74994763E+19
   8.59301758       2.80297532E+19
   8.66345215       2.85368193E+19
   8.73388672       2.90194632E+19
   8.80432129       2.94765148E+19
   8.87475586       2.99068262E+19
   8.94519043       3.03090914E+19
   9.01562500       3.06820831E+19
   9.08605957       3.10246887E+19
   9.15649414       3.13362815E+19
   9.22692871       3.16167273E+19
   9.29736328       3.18666485E+19
   9.36779785       3.20874283E+19
   9.43823242       3.22814591E+19
   9.50866699       3.24519625E+19
   9.57910156       3.26028551E+19
   9.64953613       3.27381588E+19
   9.71997070       3.28615196E+19
   9.79040527       3.29756665E+19
   9.86083984       3.30823148E+19
   9.93127441       3.31822450E+19
   10.0017090       3.32756617E+19
   10.0721436       3.33623758E+19
   10.1425781       3.34420552E+19
   10.2130127       3.35141216E+19
   10.2834473       3.35778207E+19
   10.3538818       3.36322091E+19
   10.4243164       3.36763237E+19
   10.4947510       3.37093728E+19
   10.5651855       3.37311498E+19
   10.6356201       3.37420129E+19
   10.7060547       3.37430289E+19
   10.7764893       3.37357677E+19
   10.8469238       3.37222745E+19
   10.9173584       3.37048824E+19
   10.9877930       3.36863249E+19
   11.0582275       3.36695265E+19
   11.1286621       3.36576254E+19
   11.1990967       3.36535616E+19
   11.2695312       3.36599938E+19
   11.3399658       3.36789867E+19
   11.4104004       3.37121106E+19
   11.4808350       3.37604100E+19
   11.5512695       3.38245797E+19
   11.6217041       3.39050111E+19
   11.6921387       3.40020496E+19
   11.7625732       3.41159568E+19
   11.8330078       3.42470120E+19
   11.9034424       3.43953076E+19
   11.9738770       3.45606125E+19
   12.0443115       3.47419088E+19
   12.1147461       3.49372788E+19
   12.1851807       3.51438375E+19
   12.2556152       3.53582005E+19
   12.3260498       3.55769549E+19
   12.3964844       3.57974730E+19
   12.4669189       3.60181669E+19
   12.5373535       3.62386674E+19
   12.6077881       3.64592096E+19
   12.6782227       3.66801543E+19
   12.7486572       3.69013167E+19
   12.8190918       3.71218391E+19
   12.8895264       3.73401845E+19
   12.9599609       3.75545497E+19
   13.0303955       3.77632942E+19
   13.1008301       3.79654416E+19
   13.1712646       3.81607809E+19
   13.2416992       3.83498705E+19
   13.3121338       3.85336780E+19
   13.3825684       3.87134262E+19
   13.4530029       3.88902452E+19
   13.5234375       3.90653183E+19
   13.5938721       3.92397008E+19
   13.6643066       3.94145540E+19
   13.7347412       3.95909904E+19
   13.8051758       3.97702152E+19
   13.8756104       3.99533235E+19
   13.9460449       4.01411816E+19
   14.0164795       4.03340447E+19
   14.0869141       4.05312927E+19
   14.1573486       4.07310520E+19
   14.2277832       4.09303187E+19
   14.2982178       4.11252137E+19
   14.3686523       4.13116469E+19
   14.4390869       4.14859283E+19
   14.5095215       4.16455598E+19
   14.5799561       4.17896090E+19
   14.6503906       4.19189600E+19
   14.7208252       4.20359392E+19
   14.7912598       4.21439596E+19
   14.8616943       4.22464737E+19
   14.9321289       4.23464677E+19
   15.0025635       4.24458284E+19
   15.0729980       4.25452858E+19
   15.1434326       4.26444353E+19
   15.2138672       4.27422215E+19
   15.2843018       4.28374524E+19
   15.3547363       4.29294683E+19
   15.4251709       4.30186123E+19
   15.4956055       4.31064897E+19
   15.5660400       4.31957349E+19
   15.6364746       4.32897167E+19
   15.7069092       4.33917910E+19
   15.7773438       4.35049527E+19
   15.8477783       4.36312998E+19
   15.9182129       4.37720285E+19
   15.9886475       4.39273015E+19
   16.0590820       4.40964548E+19
   16.1295166       4.42782392E+19
   16.1999512       4.44711728E+19
   16.2703857       4.46737424E+19
   16.3408203       4.48847035E+19
   16.4112549       4.51031412E+19
   16.4816895       4.53286687E+19
   16.5521240       4.55613473E+19
   16.6225586       4.58017973E+19
   16.6929932       4.60510698E+19
   16.7634277       4.63106381E+19
   16.8338623       4.65822307E+19
   16.9042969       4.68677475E+19
   16.9747314       4.71690928E+19
   17.0451660       4.74881843E+19
   17.1156006       4.78267195E+19
   17.1860352       4.81861850E+19
   17.2564697       4.85675573E+19
   17.3269043       4.89712627E+19
   17.3973389       4.93968309E+19
   17.4677734       4.98428324E+19
   17.5382080       5.03069055E+19
   17.6086426       5.07861782E+19
   17.6790771       5.12776379E+19
   17.7495117       5.17785358E+19
   17.8199463       5.22865674E+19
   17.8903809       5.27998194E+19
   17.9608154       5.33164843E+19
   18.0312500       5.38345522E+19
   18.1016846       5.43515734E+19
   18.1721191       5.48647550E+19
   18.2425537       5.53710669E+19
   18.3129883       5.58675712E+19
   18.3834229       5.63517038E+19
   18.4538574       5.68217494E+19
   18.5242920       5.72767713E+19
   18.5947266       5.77167211E+19
   18.6651611       5.81418890E+19
   18.7355957       5.85526534E+19
   18.8060303       5.89489305E+19
   18.8764648       5.93300609E+19
   18.9468994       5.96947381E+19
   19.0173340       6.00415636E+19
   19.0877686       6.03694160E+19
   19.1582031       6.06780005E+19
   19.2286377       6.09680077E+19
   19.2990723       6.12412320E+19
   19.3695068       6.15002329E+19
   19.4399414       6.17481948E+19
   19.5103760       6.19883413E+19
   19.5808105       6.22237204E+19
   19.6512451       6.24568476E+19
   19.7216797       6.26895087E+19
   19.7921143       6.29228822E+19
   19.8625488       6.31577511E+19
   19.9329834       6.33949026E+19
   20.0034180       6.36355285E+19
   20.0738525       6.38814057E+19
   20.1442871       6.41349794E+19
   20.2147217       6.43990294E+19
   20.2851562       6.46760667E+19
   20.3555908       6.49677408E+19
   20.4260254       6.52744605E+19
   20.4964600       6.55949682E+19
   20.5668945       6.59266820E+19
   20.6373291       6.62659077E+19
   20.7077637       6.66085420E+19
   20.7781982       6.69503713E+19
   20.8486328       6.72874464E+19
   20.9190674       6.76160245E+19
   20.9895020       6.79327542E+19
   21.0599365       6.82346229E+19
   21.1303711       6.85191633E+19
   21.2008057       6.87846294E+19
   21.2712402       6.90303571E+19
   21.3416748       6.92567817E+19
   21.4121094       6.94654030E+19
   21.4825439       6.96581650E+19
   21.5529785       6.98371435E+19
   21.6234131       7.00038690E+19
   21.6938477       7.01592124E+19
   21.7642822       7.03032485E+19
   21.8347168       7.04356033E+19
   21.9051514       7.05556040E+19
   21.9755859       7.06625073E+19
   22.0460205       7.07554468E+19
   22.1164551       7.08334814E+19
   22.1868896       7.08952607E+19
   22.2573242       7.09389861E+19
   22.3277588       7.09620978E+19
   22.3981934       7.09614557E+19
   22.4686279       7.09333742E+19
   22.5390625       7.08742996E+19
   22.6094971       7.07813645E+19
   22.6799316       7.06531043E+19
   22.7503662       7.04897432E+19
   22.8208008       7.02930142E+19
   22.8912354       7.00656616E+19
   22.9616699       6.98107596E+19
   23.0321045       6.95309075E+19
   23.1025391       6.92281944E+19
   23.1729736       6.89040496E+19
   23.2434082       6.85600695E+19
   23.3138428       6.81986337E+19
   23.3842773       6.78236430E+19
   23.4547119       6.74407931E+19
   23.5251465       6.70576705E+19
   23.5955811       6.66830932E+19
   23.6660156       6.63262445E+19
   23.7364502       6.59955378E+19
   23.8068848       6.56979132E+19
   23.8773193       6.54380371E+19
   23.9477539       6.52182711E+19
   24.0181885       6.50386065E+19
   24.0886230       6.48971301E+19
   24.1590576       6.47905830E+19
   24.2294922       6.47150466E+19
   24.2999268       6.46666461E+19
   24.3703613       6.46420874E+19
   24.4407959       6.46386173E+19
   24.5112305       6.46537686E+19
   24.5816650       6.46846033E+19
   24.6520996       6.47271808E+19
   24.7225342       6.47761706E+19
   24.7929688       6.48252265E+19
   24.8634033       6.48675752E+19
   24.9338379       6.48971741E+19
   25.0042725       6.49094578E+19
   25.0747070       6.49019064E+19
   25.1451416       6.48740008E+19
   25.2155762       6.48268449E+19
   25.2860107       6.47623696E+19
   25.3564453       6.46826198E+19
   25.4268799       6.45888842E+19
   25.4973145       6.44814839E+19
   25.5677490       6.43596800E+19
   25.6381836       6.42223818E+19
   25.7086182       6.40685777E+19
   25.7790527       6.38981402E+19
   25.8494873       6.37118654E+19
   25.9199219       6.35115388E+19
   25.9903564       6.32994781E+19
   26.0607910       6.30782652E+19
   26.1312256       6.28504332E+19
   26.2016602       6.26181856E+19
   26.2720947       6.23832859E+19
   26.3425293       6.21469657E+19
   26.4129639       6.19098230E+19
   26.4833984       6.16717875E+19
   26.5538330       6.14320368E+19
   26.6242676       6.11891943E+19
   26.6947021       6.09416678E+19
   26.7651367       6.06881248E+19
   26.8355713       6.04276813E+19
   26.9060059       6.01602097E+19
   26.9764404       5.98859827E+19
   27.0468750       5.96053478E+19
   27.1173096       5.93182125E+19
   27.1877441       5.90236533E+19
   27.2581787       5.87196340E+19
   27.3286133       5.84032165E+19
   27.3990479       5.80709573E+19
   27.4694824       5.77197161E+19
   27.5399170       5.73472851E+19
   27.6103516       5.69529299E+19
   27.6807861       5.65371694E+19
   27.7512207       5.61016396E+19
   27.8216553       5.56483989E+19
   27.8920898       5.51795980E+19
   27.9625244       5.46969168E+19
   28.0329590       5.42017319E+19
   28.1033936       5.36952309E+19
   28.1738281       5.31789662E+19
   28.2442627       5.26552292E+19
   28.3146973       5.21273889E+19
   28.3851318       5.15996321E+19
   28.4555664       5.10766384E+19
   28.5260010       5.05628674E+19
   28.5964355       5.00621762E+19
   28.6668701       4.95775115E+19
   28.7373047       4.91109183E+19
   28.8077393       4.86635710E+19
   28.8781738       4.82360677E+19
   28.9486084       4.78284875E+19
   29.0190430       4.74407206E+19
   29.0894775       4.70724106E+19
   29.1599121       4.67231925E+19
   29.2303467       4.63924682E+19
   29.3007812       4.60793800E+19
   29.3712158       4.57825515E+19
   29.4416504       4.55001705E+19
   29.5120850       4.52301612E+19
   29.5825195       4.49706765E+19
   29.6529541       4.47204320E+19
   29.7233887       4.44791464E+19
   29.7938232       4.42474001E+19
   29.8642578       4.40265742E+19
   29.9346924       4.38183047E+19
   30.0051270       4.36244388E+19
   30.0755615       4.34466962E+19
   30.1459961       4.32868140E+19
   30.2164307       4.31462524E+19
   30.2868652       4.30262210E+19
   30.3572998       4.29273309E+19
   30.4277344       4.28494107E+19
   30.4981689       4.27911410E+19
   30.5686035       4.27500456E+19
   30.6390381       4.27224743E+19
   30.7094727       4.27040597E+19
   30.7799072       4.26900959E+19
   30.8503418       4.26761804E+19
   30.9207764       4.26584651E+19
   30.9912109       4.26338668E+19
   31.0616455       4.25999667E+19
   31.1320801       4.25551506E+19
   31.2025146       4.24984158E+19
   31.2729492       4.24295468E+19
   31.3433838       4.23490098E+19
   31.4138184       4.22580670E+19
   31.4842529       4.21586755E+19
   31.5546875       4.20534830E+19
   31.6251221       4.19454230E+19
   31.6955566       4.18373630E+19
   31.7659912       4.17315504E+19
   31.8364258       4.16292914E+19
   31.9068604       4.15307004E+19
   31.9772949       4.14349725E+19
   32.0477295       4.13406081E+19
   32.1181641       4.12460105E+19
   32.1885986       4.11498736E+19
   32.2590332       4.10517444E+19
   32.3294678       4.09522298E+19
   32.3999023       4.08531506E+19
   32.4703369       4.07573391E+19
   32.5407715       4.06684634E+19
   32.6112061       4.05905696E+19
   32.6816406       4.05278623E+19
   32.7520752       4.04843788E+19
   32.8225098       4.04636640E+19
   32.8929443       4.04683303E+19
   32.9633789       4.04996532E+19
   33.0338135       4.05571664E+19
   33.1042480       4.06387458E+19
   33.1746826       4.07409212E+19
   33.2451172       4.08596509E+19
   33.3155518       4.09912141E+19
   33.3859863       4.11329279E+19
   33.4564209       4.12836138E+19
   33.5268555       4.14435663E+19
   33.5972900       4.16139511E+19
   33.6677246       4.17960654E+19
   33.7381592       4.19904766E+19
   33.8085938       4.21963360E+19
   33.8790283       4.24109474E+19
   33.9494629       4.26297986E+19
   34.0198975       4.28467103E+19
   34.0903320       4.30545004E+19
   34.1607666       4.32455164E+19
   34.2312012       4.34124178E+19
   34.3016357       4.35486121E+19
   34.3720703       4.36484918E+19
   34.4425049       4.37073156E+19
   34.5129395       4.37212970E+19
   34.5833740       4.36876652E+19
   34.6538086       4.36051006E+19
   34.7242432       4.34738893E+19
   34.7946777       4.32962214E+19
   34.8651123       4.30758529E+19
   34.9355469       4.28177755E+19
   35.0059814       4.25275704E+19
   35.0764160       4.22110606E+19
   35.1468506       4.18740031E+19
   35.2172852       4.15222650E+19
   35.2877197       4.11617395E+19
   35.3581543       4.07985884E+19
   35.4285889       4.04390305E+19
   35.4990234       4.00890076E+19
   35.5694580       3.97535510E+19
   35.6398926       3.94362759E+19
   35.7103271       3.91389108E+19
   35.7807617       3.88614820E+19
   35.8511963       3.86026262E+19
   35.9216309       3.83604698E+19
   35.9920654       3.81333634E+19
   36.0625000       3.79207223E+19
   36.1329346       3.77231444E+19
   36.2033691       3.75425694E+19
   36.2738037       3.73817813E+19
   36.3442383       3.72439113E+19
   36.4146729       3.71318535E+19
   36.4851074       3.70478464E+19
   36.5555420       3.69931611E+19
   36.6259766       3.69680218E+19
   36.6964111       3.69715535E+19
   36.7668457       3.70020539E+19
   36.8372803       3.70571922E+19
   36.9077148       3.71344483E+19
   36.9781494       3.72312625E+19
   37.0485840       3.73452115E+19
   37.1190186       3.74739555E+19
   37.1894531       3.76153835E+19
   37.2598877       3.77675515E+19
   37.3303223       3.79288763E+19
   37.4007568       3.80981307E+19
   37.4711914       3.82744923E+19
   37.5416260       3.84574335E+19
   37.6120605       3.86466067E+19
   37.6824951       3.88417524E+19
   37.7529297       3.90425672E+19
   37.8233643       3.92483518E+19
   37.8937988       3.94578659E+19
   37.9642334       3.96689502E+19
   38.0346680       3.98786798E+19
   38.1051025       4.00835628E+19
   38.1755371       4.02801643E+19
   38.2459717       4.04657662E+19
   38.3164062       4.06390053E+19
   38.3868408       4.08000310E+19
   38.4572754       4.09504266E+19
   38.5277100       4.10924967E+19
   38.5981445       4.12285810E+19
   38.6685791       4.13601750E+19
   38.7390137       4.14875776E+19
   38.8094482       4.16097553E+19
   38.8798828       4.17247686E+19
   38.9503174       4.18302514E+19
   39.0207520       4.19241145E+19
   39.0911865       4.20049154E+19
   39.1616211       4.20719900E+19
   39.2320557       4.21252372E+19
   39.3024902       4.21648855E+19
   39.3729248       4.21910671E+19
   39.4433594       4.22039182E+19
   39.5137939       4.22036191E+19
   39.5842285       4.21909835E+19
   39.6546631       4.21677487E+19
   39.7250977       4.21367732E+19
   39.7955322       4.21016988E+19
   39.8659668       4.20663385E+19
   39.9364014       4.20337446E+19
   40.0068359       4.20054959E+19
   40.0772705       4.19813111E+19
   40.1477051       4.19591845E+19
   40.2181396       4.19358397E+19
   40.2885742       4.19075778E+19
   40.3590088       4.18708146E+19
   40.4294434       4.18226867E+19
   40.4998779       4.17609074E+19
   40.5703125       4.16836073E+19
   40.6407471       4.15888294E+19
   40.7111816       4.14743702E+19
   40.7816162       4.13378021E+19
   40.8520508       4.11769172E+19
   40.9224854       4.09900662E+19
   40.9929199       4.07766729E+19
   41.0633545       4.05371158E+19
   41.1337891       4.02728371E+19
   41.2042236       3.99860229E+19
   41.2746582       3.96795187E+19
   41.3450928       3.93567988E+19
   41.4155273       3.90219843E+19
   41.4859619       3.86797283E+19
   41.5563965       3.83352821E+19
   41.6268311       3.79942972E+19
   41.6972656       3.76627461E+19
   41.7677002       3.73462978E+19
   41.8381348       3.70500850E+19
   41.9085693       3.67779471E+19
   41.9790039       3.65322480E+19
   42.0494385       3.63137596E+19
   42.1198730       3.61220070E+19
   42.1903076       3.59558224E+19
   42.2607422       3.58139371E+19
   42.3311768       3.56951898E+19
   42.4016113       3.55986505E+19
   42.4720459       3.55233405E+19
   42.5424805       3.54680417E+19
   42.6129150       3.54310211E+19
   42.6833496       3.54101194E+19
   42.7537842       3.54028429E+19
   42.8242188       3.54068341E+19
   42.8946533       3.54201668E+19
   42.9650879       3.54418689E+19
   43.0355225       3.54719604E+19
   43.1059570       3.55114702E+19
   43.1763916       3.55618652E+19
   43.2468262       3.56246627E+19
   43.3172607       3.57007335E+19
   43.3876953       3.57901678E+19
   43.4581299       3.58920596E+19
   43.5285645       3.60047925E+19
   43.5989990       3.61260488E+19
   43.6694336       3.62530160E+19
   43.7398682       3.63823714E+19
   43.8103027       3.65105458E+19
   43.8807373       3.66339616E+19
   43.9511719       3.67496896E+19
   44.0216064       3.68558695E+19
   44.0920410       3.69522417E+19
   44.1624756       3.70400399E+19
   44.2329102       3.71217248E+19
   44.3033447       3.72002431E+19
   44.3737793       3.72784360E+19
   44.4442139       3.73583793E+19
   44.5146484       3.74412077E+19
   44.5850830       3.75269740E+19
   44.6555176       3.76149877E+19
   44.7259521       3.77040041E+19
   44.7963867       3.77926820E+19
   44.8668213       3.78797941E+19
   44.9372559       3.79646104E+19
   45.0076904       3.80469418E+19
   45.0781250       3.81271622E+19
   45.1485596       3.82060719E+19
   45.2189941       3.82848893E+19
   45.2894287       3.83650085E+19
   45.3598633       3.84481184E+19
   45.4302979       3.85358287E+19
   45.5007324       3.86296346E+19
   45.5711670       3.87305390E+19
   45.6416016       3.88388717E+19
   45.7120361       3.89540081E+19
   45.7824707       3.90744398E+19
   45.8529053       3.91979370E+19
   45.9233398       3.93220279E+19
   45.9937744       3.94443287E+19
   46.0642090       3.95630804E+19
   46.1346436       3.96772053E+19
   46.2050781       3.97863208E+19
   46.2755127       3.98904534E+19
   46.3459473       3.99897877E+19
   46.4163818       4.00843589E+19
   46.4868164       4.01737887E+19
   46.5572510       4.02571053E+19
   46.6276855       4.03327385E+19
   46.6981201       4.03984278E+19
   46.7685547       4.04514110E+19
   46.8389893       4.04884030E+19
   46.9094238       4.05060479E+19
   46.9798584       4.05011089E+19
   47.0502930       4.04709471E+19
   47.1207275       4.04137242E+19
   47.1911621       4.03285120E+19
   47.2615967       4.02152887E+19
   47.3320312       4.00748283E+19
   47.4024658       3.99084326E+19
   47.4729004       3.97179180E+19
   47.5433350       3.95053296E+19
   47.6137695       3.92729808E+19
   47.6842041       3.90230882E+19
   47.7546387       3.87578201E+19
   47.8250732       3.84790543E+19
   47.8955078       3.81885633E+19
   47.9659424       3.78881196E+19
   48.0363770       3.75797417E+19
   48.1068115       3.72657036E+19
   48.1772461       3.69484505E+19
   48.2476807       3.66302453E+19
   48.3181152       3.63128800E+19
   48.3885498       3.59975027E+19
   48.4589844       3.56846763E+19
   48.5294189       3.53745370E+19
   48.5998535       3.50671400E+19
   48.6702881       3.47625554E+19
   48.7407227       3.44609220E+19
   48.8111572       3.41622177E+19
   48.8815918       3.38661478E+19
   48.9520264       3.35720702E+19
   49.0224609       3.32792791E+19
   49.0928955       3.29872158E+19
   49.1633301       3.26958518E+19
   49.2337646       3.24057479E+19
   49.3041992       3.21181354E+19
   49.3746338       3.18346044E+19
   49.4450684       3.15570107E+19
   49.5155029       3.12871531E+19
   49.5859375       3.10267272E+19
   49.6563721       3.07770919E+19
   49.7268066       3.05393005E+19
   49.7972412       3.03138698E+19
   49.8676758       3.01008834E+19
   49.9381104       2.98997344E+19
   50.0085449       2.97092506E+19
   50.0789795       2.95276948E+19
   50.1494141       2.93531737E+19
   50.2198486       2.91840359E+19
   50.2902832       2.90194918E+19
   50.3607178       2.88599746E+19
   50.4311523       2.87042992E+19
   50.5015869       2.85496572E+19
   50.5720215       2.83924205E+19
   50.6424561       2.82306317E+19
   50.7128906       2.80635060E+19
   50.7833252       2.78902185E+19
   50.8537598       2.77100460E+19
   50.9241943       2.75225419E+19
   50.9946289       2.73276160E+19
   51.0650635       2.71255192E+19
   51.1354980       2.69168165E+19
   51.2059326       2.67022710E+19
   51.2763672       2.64829118E+19
   51.3468018       2.62600650E+19
   51.4172363       2.60355821E+19
   51.4876709       2.58120492E+19
   51.5581055       2.55930353E+19
   51.6285400       2.53778873E+19
   51.6989746       2.51643115E+19
   51.7694092       2.49486225E+19
   51.8398438       2.47307873E+19
   51.9102783       2.45116458E+19
   51.9807129       2.42923372E+19
   52.0511475       2.40741919E+19
   52.1215820       2.38586063E+19
   52.1920166       2.36468799E+19
   52.2624512       2.34401783E+19
   52.3328857       2.32394119E+19
   52.4033203       2.30450820E+19
   52.4737549       2.28570040E+19
   52.5441895       2.26739485E+19
   52.6146240       2.24933273E+19
   52.6850586       2.23111624E+19
   52.7554932       2.21223807E+19
   52.8259277       2.19215417E+19
   52.8963623       2.17037922E+19
   52.9667969       2.14657083E+19
   53.0372314       2.12059333E+19
   53.1076660       2.09252368E+19
   53.1781006       2.06261938E+19
   53.2485352       2.03125339E+19
   53.3189697       1.99884507E+19
   53.3894043       1.96581178E+19
   53.4598389       1.93254342E+19
   53.5302734       1.89941315E+19
   53.6007080       1.86678757E+19
   53.6711426       1.83497814E+19
   53.7415771       1.80381062E+19
   53.8120117       1.77297437E+19
   53.8824463       1.74207524E+19
   53.9528809       1.71106230E+19
   54.0233154       1.67988411E+19
   54.0937500       1.64852274E+19
   54.1641846       1.61703295E+19
   54.2346191       1.58556757E+19
   54.3050537       1.55455848E+19
   54.3754883       1.52464011E+19
   54.4459229       1.49630734E+19
   54.5163574       1.46970488E+19
   54.5867920       1.44463898E+19
   54.6572266       1.42078585E+19
   54.7276611       1.36763447E+19
   54.7980957       1.34767745E+19
   54.8685303       1.32754957E+19
   54.9389648       1.30694010E+19
   55.0093994       1.28559155E+19
   55.0798340       1.26334370E+19
   55.1502686       1.24014147E+19
   55.2207031       1.21604062E+19
   55.2911377       1.19118484E+19
   55.3615723       1.16578953E+19
   55.4320068       1.14010164E+19
   55.5024414       1.11437153E+19
   55.5728760       1.08881349E+19
   55.6433105       1.06359047E+19
   55.7137451       1.03879429E+19
   55.7841797       1.01445759E+19
   55.8546143       9.90556623E+18
   55.9250488       9.67038509E+18
   55.9954834       9.43830127E+18
   56.0659180       9.20861824E+18
   56.1363525       8.98073291E+18
   56.2067871       8.75433522E+18
   56.2772217       8.52935755E+18
   56.3476562       8.30598461E+18
   56.4180908       8.08446491E+18
   56.4885254       7.86509255E+18
   56.5589600       7.64814516E+18
   56.6293945       7.43406310E+18
   56.6998291       7.22354345E+18
   56.7702637       7.01772697E+18
   56.8406982       6.81812768E+18
   56.9111328       6.62650534E+18
   56.9815674       6.44452847E+18
   57.0520020       6.05361415E+18
   57.1224365       5.90569136E+18
   57.1928711       5.52368089E+18
   57.2633057       5.42629659E+18
   57.3337402       5.33715259E+18
   57.4041748       5.25498663E+18
   57.4746094       5.17905601E+18
   57.5450439       4.63134419E+18
   57.6154785       4.60980503E+18
   57.6859131       4.59281730E+18
   57.7563477       4.57973339E+18
   57.8267822       4.32147515E+18
   57.8972168       4.31899987E+18
   57.9676514       4.31497676E+18
   58.0380859       4.30722465E+18
   58.1085205       4.29415256E+18
   58.1789551       4.27520055E+18
   58.2493896       4.25082685E+18
   58.3198242       4.22239293E+18
   58.3902588       4.19169567E+18
   58.4606934       4.16065370E+18
   58.5311279       4.13086436E+18
   58.6015625       3.86905305E+18
   58.6719971       3.87613748E+18
   58.7424316       3.88543302E+18
   58.8128662       3.89436078E+18
   58.8833008       3.89954498E+18
   58.9537354       3.89717388E+18
   59.0241699       3.88355423E+18
   59.0946045       3.85561482E+18
   59.1650391       3.52224317E+18
   59.2354736       3.52150045E+18
   59.3059082       3.50890967E+18
   59.3763428       3.48545049E+18
   59.4467773       3.45273397E+18
   59.5172119       3.41262681E+18
   59.5876465       3.36701934E+18
   59.6580811       3.31756221E+18
   59.7285156       3.26560808E+18
   59.7989502       3.21211657E+18
   59.8693848       3.15771493E+18
   59.9398193       3.10266981E+18
   60.0102539       3.04696745E+18
   60.0806885       2.99029450E+18
   60.1511230       2.93213665E+18
   60.2215576       2.87175395E+18
   60.2919922       2.80826485E+18
   60.3624268       2.74063664E+18
   60.4328613       2.66785336E+18
   60.5032959       2.58902993E+18
   60.5737305       2.20267528E+18
   60.6441650       2.15997437E+18
   60.7145996       2.11491790E+18
   60.7850342       1.81712452E+18
   60.8554688       1.78759961E+18
   60.9259033       1.75734133E+18
   60.9963379       1.72696594E+18
   61.0667725       1.69695271E+18
   61.1372070       1.66756799E+18
   61.2076416       1.38524543E+18
   61.2780762       1.36488975E+18
   61.3485107       1.34416341E+18
   61.4189453       1.32181982E+18
   61.4893799       1.29681102E+18
   61.5598145       1.26860305E+18
   61.6302490       1.23723274E+18
   61.7006836       9.65423299E+17
   61.7711182       9.53887497E+17
   61.8415527       9.39236574E+17
   61.9119873       9.21777429E+17
   61.9824219       9.02209214E+17
   62.0528564       8.81483076E+17
   62.1232910       8.60761611E+17
   62.1937256       8.41177797E+17
   62.2641602       8.23725799E+17
   62.3345947       8.09032819E+17
   62.4050293       7.97352089E+17
   62.4754639       7.88496897E+17
   62.5458984       7.82004143E+17
   62.6163330       7.77203332E+17
   62.6867676       7.73435374E+17
   62.7572021       7.70082345E+17
   62.8276367       7.66686915E+17
   62.8980713       7.62869067E+17
   62.9685059       7.58347120E+17
   63.0389404       7.52784484E+17
   63.1093750       7.45795576E+17
   63.1798096       7.36851942E+17
   63.2502441       4.77594350E+17
   63.3206787       4.73946789E+17
   63.3911133       4.68015714E+17
   63.4615479       4.59455673E+17
   63.5319824       4.48092598E+17
   63.6024170       4.33916904E+17
   63.6728516       4.17118977E+17
   63.7432861       3.98029738E+17
   63.8137207       3.77120153E+17
   63.8841553       3.54917268E+17
   63.9545898       3.31988534E+17
   64.0250244       3.08865289E+17
   64.0954590       2.86057071E+17
   64.1658936       2.64014526E+17
   64.2363281       0.00000000    
   64.3067627       0.00000000    
   64.3771973       0.00000000    
   64.4476318       0.00000000    
   64.5180664       0.00000000    
   64.5885010       0.00000000    
   64.6589355       0.00000000    
   64.7293701       0.00000000    
   64.7998047       0.00000000    
   64.8702393       0.00000000    
   64.9406738       0.00000000    
   65.0111084       0.00000000    
   65.0815430       0.00000000    
   65.1519775       0.00000000    
   65.2224121       0.00000000    
   65.2928467       0.00000000    
   65.3632812       0.00000000    
   65.4337158       0.00000000    
   65.5041504       0.00000000    
   65.5745850       0.00000000    
   65.6450195       0.00000000    
   65.7154541       0.00000000    
   65.7858887       0.00000000    
   65.8563232       0.00000000    
   65.9267578       0.00000000    
   65.9971924       0.00000000    
   66.0676270       0.00000000    
   66.1380615       0.00000000    
   66.2084961       0.00000000    
   66.2789307       0.00000000    
   66.3493652       0.00000000    
   66.4197998       0.00000000    
   66.4902344       0.00000000    
   66.5606689       0.00000000    
   66.6311035       0.00000000    
   66.7015381       0.00000000    
   66.7719727       0.00000000    
   66.8424072       0.00000000    
   66.9128418       0.00000000    
   66.9832764       0.00000000    
   67.0537109       0.00000000    
   67.1241455       0.00000000    
   67.1945801       0.00000000    
   67.2650146       0.00000000    
   67.3354492       0.00000000    
   67.4058838       0.00000000    
   67.4763184       0.00000000    
   67.5467529       0.00000000    
   67.6171875       0.00000000    
   67.6876221       0.00000000    
   67.7580566       0.00000000    
   67.8284912       0.00000000    
   67.8989258       0.00000000    
   67.9693604       0.00000000    
   68.0397949       0.00000000    
   68.1102295       0.00000000    
   68.1806641       0.00000000    
   68.2510986       0.00000000    
   68.3215332       0.00000000    
   68.3919678       0.00000000    
   68.4624023       0.00000000    
   68.5328369       0.00000000    
   68.6032715       0.00000000    
   68.6737061       0.00000000    
