2021 07 29 06 15 49.0 55.363 -157.888
31. 2.081E+21 8.146 242 18 88 64 72 91
  -1.12695312       0.00000000    
  -1.05651855       0.00000000    
 -0.986083984       0.00000000    
 -0.915649414       0.00000000    
 -0.845214844       0.00000000    
 -0.774780273       0.00000000    
 -0.704345703       0.00000000    
 -0.633911133       0.00000000    
 -0.563476562       0.00000000    
 -0.493041992       0.00000000    
 -0.422607422       0.00000000    
 -0.352172852       0.00000000    
 -0.281738281       0.00000000    
 -0.211303711       0.00000000    
 -0.140869141       0.00000000    
  -7.04345703E-02   0.00000000    
   0.00000000       0.00000000    
   7.04345703E-02   1.76875810E+18
  0.140869141       2.38947351E+18
  0.211303711       2.98746710E+18
  0.281738281       3.54309183E+18
  0.352172852       4.04820198E+18
  0.422607422       4.50209000E+18
  0.493041992       4.90773942E+18
  0.563476562       5.26969260E+18
  0.633911133       5.59232779E+18
  0.704345703       5.87955047E+18
  0.774780273       6.13439747E+18
  0.845214844       6.35950104E+18
  0.915649414       6.55716519E+18
  0.986083984       6.73006230E+18
   1.05651855       6.88129077E+18
   1.12695312       7.01474345E+18
   1.19738770       7.13464244E+18
   1.26782227       7.24529344E+18
   1.33825684       7.35001643E+18
   1.40869141       7.45063824E+18
   1.47912598       7.54671686E+18
   1.54956055       7.63582623E+18
   1.61999512       7.71361283E+18
   1.69042969       7.77478581E+18
   1.76086426       7.81374700E+18
   1.83129883       7.82592519E+18
   1.90173340       7.80831047E+18
   1.97216797       7.76018429E+18
   2.04260254       7.68283750E+18
   2.11303711       7.57932783E+18
   2.18347168       7.45322319E+18
   2.25390625       7.30780398E+18
   2.32434082       7.14507076E+18
   2.39477539       6.96602244E+18
   2.46520996       6.77098777E+18
   2.53564453       6.56088594E+18
   2.60607910       6.33784726E+18
   2.67651367       6.10600863E+18
   2.74694824       5.87105509E+18
   2.81738281       5.63978492E+18
   2.88781738       5.41881661E+18
   2.95825195       5.21389074E+18
   3.02868652       5.02870109E+18
   3.09912109       4.86460833E+18
   3.16955566       4.72032821E+18
   3.23999023       4.59271752E+18
   3.31042480       4.47743455E+18
   3.38085938       4.37022667E+18
   3.45129395       4.26756059E+18
   3.52172852       4.16738491E+18
   3.59216309       4.06881590E+18
   3.66259766       3.97195414E+18
   3.73303223       3.87698273E+18
   3.80346680       3.78396404E+18
   3.87390137       3.69225186E+18
   3.94433594       3.60095006E+18
   4.01477051       3.50926151E+18
   4.08520508       3.41773844E+18
   4.15563965       3.32874671E+18
   4.22607422       3.24703981E+18
   4.29650879       3.17930522E+18
   4.36694336       3.13389896E+18
   4.43737793       3.11983318E+18
   4.50781250       3.14632647E+18
   4.57824707       3.22186456E+18
   4.64868164       3.35382712E+18
   4.71911621       3.54735464E+18
   4.78955078       3.80485504E+18
   4.85998535       4.12517494E+18
   4.93041992       4.50389155E+18
   5.00085449       4.93339268E+18
   5.07128906       5.40401829E+18
   5.14172363       5.90496898E+18
   5.21215820       6.42598741E+18
   5.28259277       6.95812739E+18
   5.35302734       7.49464674E+18
   5.42346191       8.03085767E+18
   5.49389648       8.56425935E+18
   5.56433105       9.09382428E+18
   5.63476562       9.61979216E+18
   5.70520020       1.01429277E+19
   5.77563477       1.06645371E+19
   5.84606934       1.11858552E+19
   5.91650391       1.17082100E+19
   5.98693848       1.22326848E+19
   6.05737305       1.27606560E+19
   6.12780762       1.32935024E+19
   6.19824219       1.38328612E+19
   6.26867676       1.43800695E+19
   6.33911133       1.49363487E+19
   6.40954590       1.55023069E+19
   6.47998047       1.60782300E+19
   6.55041504       1.66640003E+19
   6.62084961       1.72598103E+19
   6.69128418       1.78660568E+19
   6.76171875       1.84834656E+19
   6.83215332       1.91121795E+19
   6.90258789       1.97513586E+19
   6.97302246       2.03981859E+19
   7.04345703       2.10481490E+19
   7.11389160       2.16954073E+19
   7.18432617       2.23345226E+19
   7.25476074       2.29614971E+19
   7.32519531       2.35750422E+19
   7.39562988       2.41765477E+19
   7.46606445       2.47702092E+19
   7.53649902       2.53619883E+19
   7.60693359       2.59589506E+19
   7.67736816       2.65679283E+19
   7.74780273       2.71949116E+19
   7.81823730       2.78436718E+19
   7.88867188       2.85150314E+19
   7.95910645       2.92057270E+19
   8.02954102       2.99086580E+19
   8.09997559       3.06131129E+19
   8.17041016       3.13062626E+19
   8.24084473       3.19742116E+19
   8.31127930       3.26037897E+19
   8.38171387       3.31832653E+19
   8.45214844       3.37031826E+19
   8.52258301       3.41561968E+19
   8.59301758       3.45373975E+19
   8.66345215       3.48436070E+19
   8.73388672       3.50730927E+19
   8.80432129       3.52244361E+19
   8.87475586       3.52963024E+19
   8.94519043       3.52869169E+19
   9.01562500       3.51946767E+19
   9.08605957       3.50185393E+19
   9.15649414       3.47592547E+19
   9.22692871       3.44196112E+19
   9.29736328       3.40048886E+19
   9.36779785       3.35221744E+19
   9.43823242       3.29800690E+19
   9.50866699       3.23875664E+19
   9.57910156       3.17534714E+19
   9.64953613       3.10853664E+19
   9.71997070       3.03896262E+19
   9.79040527       2.96712888E+19
   9.86083984       2.89350537E+19
   9.93127441       2.81860905E+19
   10.0017090       2.74316276E+19
   10.0721436       2.66812945E+19
   10.1425781       2.59470714E+19
   10.2130127       2.52416402E+19
   10.2834473       2.45767567E+19
   10.3538818       2.39612017E+19
   10.4243164       2.34002155E+19
   10.4947510       2.28954957E+19
   10.5651855       2.24469939E+19
   10.6356201       2.20542439E+19
   10.7060547       2.17179693E+19
   10.7764893       2.14405757E+19
   10.8469238       2.12269252E+19
   10.9173584       2.10841910E+19
   10.9877930       2.10217673E+19
   11.0582275       2.10499742E+19
   11.1286621       2.11788260E+19
   11.1990967       2.14158103E+19
   11.2695312       2.17643467E+19
   11.3399658       2.22223197E+19
   11.4104004       2.27823449E+19
   11.4808350       2.34323014E+19
   11.5512695       2.41571611E+19
   11.6217041       2.49403916E+19
   11.6921387       2.57663491E+19
   11.7625732       2.66220198E+19
   11.8330078       2.74991816E+19
   11.9034424       2.83951978E+19
   11.9738770       2.93129250E+19
   12.0443115       3.02581994E+19
   12.1147461       3.12367163E+19
   12.1851807       3.22504595E+19
   12.2556152       3.32962094E+19
   12.3260498       3.43652579E+19
   12.3964844       3.54451059E+19
   12.4669189       3.65210066E+19
   12.5373535       3.75776747E+19
   12.6077881       3.85994332E+19
   12.6782227       3.95704251E+19
   12.7486572       4.04745711E+19
   12.8190918       4.12970850E+19
   12.8895264       4.20259073E+19
   12.9599609       4.26534689E+19
   13.0303955       4.31770564E+19
   13.1008301       4.35991149E+19
   13.1712646       4.39261492E+19
   13.2416992       4.41679494E+19
   13.3121338       4.43359328E+19
   13.3825684       4.44423743E+19
   13.4530029       4.44989332E+19
   13.5234375       4.45161120E+19
   13.5938721       4.45021482E+19
   13.6643066       4.44631419E+19
   13.7347412       4.44027919E+19
   13.8051758       4.43231873E+19
   13.8756104       4.42248030E+19
   13.9460449       4.41072784E+19
   14.0164795       4.39692061E+19
   14.0869141       4.38084091E+19
   14.1573486       4.36217165E+19
   14.2277832       4.34058647E+19
   14.2982178       4.31582723E+19
   14.3686523       4.28784818E+19
   14.4390869       4.25687845E+19
   14.5095215       4.22347573E+19
   14.5799561       4.18842902E+19
   14.6503906       4.15261221E+19
   14.7208252       4.11672898E+19
   14.7912598       4.08112372E+19
   14.8616943       4.04561345E+19
   14.9321289       4.00951165E+19
   15.0025635       3.97173243E+19
   15.0729980       3.93109888E+19
   15.1434326       3.88664474E+19
   15.2138672       3.83792142E+19
   15.2843018       3.78513651E+19
   15.3547363       3.72919204E+19
   15.4251709       3.67151803E+19
   15.4956055       3.61384007E+19
   15.5660400       3.55786504E+19
   15.6364746       3.50509156E+19
   15.7069092       3.45668556E+19
   15.7773438       3.41352445E+19
   15.8477783       3.37624111E+19
   15.9182129       3.34533450E+19
   15.9886475       3.32118350E+19
   16.0590820       3.30408324E+19
   16.1295166       3.29419445E+19
   16.1999512       3.29156464E+19
   16.2703857       3.29609529E+19
   16.3408203       3.30759046E+19
   16.4112549       3.32575703E+19
   16.4816895       3.35030363E+19
   16.5521240       3.38096901E+19
   16.6225586       3.41759726E+19
   16.6929932       3.46010900E+19
   16.7634277       3.50851851E+19
   16.8338623       3.56286254E+19
   16.9042969       3.62321033E+19
   16.9747314       3.68963205E+19
   17.0451660       3.76224688E+19
   17.1156006       3.84116850E+19
   17.1860352       3.92645234E+19
   17.2564697       4.01794490E+19
   17.3269043       4.11521386E+19
   17.3973389       4.21743985E+19
   17.4677734       4.32346488E+19
   17.5382080       4.43184374E+19
   17.6086426       4.54105075E+19
   17.6790771       4.64961653E+19
   17.7495117       4.75628895E+19
   17.8199463       4.86005602E+19
   17.8903809       4.96019426E+19
   17.9608154       5.05619614E+19
   18.0312500       5.14777666E+19
   18.1016846       5.23481268E+19
   18.1721191       5.31738117E+19
   18.2425537       5.39570026E+19
   18.3129883       5.47012181E+19
   18.3834229       5.54102447E+19
   18.4538574       5.60877682E+19
   18.5242920       5.67363613E+19
   18.5947266       5.73571368E+19
   18.6651611       5.79489819E+19
   18.7355957       5.85089720E+19
   18.8060303       5.90322515E+19
   18.8764648       5.95129184E+19
   18.9468994       5.99444636E+19
   19.0173340       6.03212970E+19
   19.0877686       6.06395880E+19
   19.1582031       6.08985054E+19
   19.2286377       6.10999975E+19
   19.2990723       6.12488802E+19
   19.3695068       6.13515262E+19
   19.4399414       6.14151923E+19
   19.5103760       6.14467175E+19
   19.5808105       6.14524701E+19
   19.6512451       6.14380094E+19
   19.7216797       6.14085732E+19
   19.7921143       6.13690348E+19
   19.8625488       6.13245661E+19
   19.9329834       6.12807660E+19
   20.0034180       6.12438752E+19
   20.0738525       6.12199938E+19
   20.1442871       6.12145886E+19
   20.2147217       6.12314243E+19
   20.2851562       6.12722030E+19
   20.3555908       6.13360758E+19
   20.4260254       6.14206107E+19
   20.4964600       6.15225222E+19
   20.5668945       6.16390309E+19
   20.6373291       6.17682939E+19
   20.7077637       6.19102672E+19
   20.7781982       6.20664814E+19
   20.8486328       6.22401031E+19
   20.9190674       6.24349190E+19
   20.9895020       6.26548081E+19
   21.0599365       6.29023301E+19
   21.1303711       6.31776786E+19
   21.2008057       6.34772780E+19
   21.2712402       6.37939021E+19
   21.3416748       6.41173961E+19
   21.4121094       6.44369141E+19
   21.4825439       6.47427983E+19
   21.5529785       6.50290627E+19
   21.6234131       6.52944584E+19
   21.6938477       6.55431768E+19
   21.7642822       6.57842117E+19
   21.8347168       6.60305639E+19
   21.9051514       6.62973362E+19
   21.9755859       6.65996887E+19
   22.0460205       6.69499447E+19
   22.1164551       6.73556601E+19
   22.1868896       6.78178288E+19
   22.2573242       6.83304299E+19
   22.3277588       6.88802913E+19
   22.3981934       6.94487608E+19
   22.4686279       7.00138922E+19
   22.5390625       7.05539151E+19
   22.6094971       7.10501907E+19
   22.6799316       7.14899822E+19
   22.7503662       7.18669431E+19
   22.8208008       7.21806778E+19
   22.8912354       7.24343043E+19
   22.9616699       7.26323132E+19
   23.0321045       7.27779413E+19
   23.1025391       7.28717736E+19
   23.1729736       7.29108854E+19
   23.2434082       7.28900167E+19
   23.3138428       7.28035687E+19
   23.3842773       7.26486827E+19
   23.4547119       7.24274082E+19
   23.5251465       7.21485940E+19
   23.5955811       7.18276950E+19
   23.6660156       7.14853598E+19
   23.7364502       7.11440186E+19
   23.8068848       7.08249799E+19
   23.8773193       7.05453169E+19
   23.9477539       7.03167153E+19
   24.0181885       7.01446505E+19
   24.0886230       7.00296944E+19
   24.1590576       6.99690277E+19
   24.2294922       6.99589958E+19
   24.2999268       6.99966299E+19
   24.3703613       7.00807557E+19
   24.4407959       7.02111358E+19
   24.5112305       7.03865871E+19
   24.5816650       7.06019418E+19
   24.6520996       7.08463764E+19
   24.7225342       7.11028529E+19
   24.7929688       7.13503838E+19
   24.8634033       7.15670007E+19
   24.9338379       7.17336999E+19
   25.0042725       7.18367241E+19
   25.0747070       7.18687815E+19
   25.1451416       7.18283415E+19
   25.2155762       7.17188521E+19
   25.2860107       7.15471919E+19
   25.3564453       7.13222187E+19
   25.4268799       7.10523501E+19
   25.4973145       7.07440471E+19
   25.5677490       7.04005069E+19
   25.6381836       7.00219626E+19
   25.7086182       6.96064132E+19
   25.7790527       6.91516420E+19
   25.8494873       6.86566243E+19
   25.9199219       6.81227146E+19
   25.9903564       6.75530840E+19
   26.0607910       6.69521657E+19
   26.1312256       6.63245425E+19
   26.2016602       6.56749070E+19
   26.2720947       6.50081060E+19
   26.3425293       6.43299360E+19
   26.4129639       6.36470162E+19
   26.4833984       6.29663173E+19
   26.5538330       6.22934162E+19
   26.6242676       6.16314135E+19
   26.6947021       6.09799968E+19
   26.7651367       6.03354411E+19
   26.8355713       5.96907798E+19
   26.9060059       5.90370102E+19
   26.9764404       5.83646281E+19
   27.0468750       5.76659852E+19
   27.1173096       5.69371409E+19
   27.1877441       5.61796742E+19
   27.2581787       5.54007493E+19
   27.3286133       5.46121576E+19
   27.3990479       5.38278540E+19
   27.4694824       5.30616571E+19
   27.5399170       5.23252042E+19
   27.6103516       5.16269572E+19
   27.6807861       5.09716042E+19
   27.7512207       5.03604737E+19
   27.8216553       4.97920042E+19
   27.8920898       4.92625981E+19
   27.9625244       4.87671186E+19
   28.0329590       4.82999141E+19
   28.1033936       4.78553068E+19
   28.1738281       4.74282125E+19
   28.2442627       4.70138901E+19
   28.3146973       4.66080120E+19
   28.3851318       4.62064176E+19
   28.4555664       4.58055665E+19
   28.5260010       4.54026922E+19
   28.5964355       4.49965370E+19
   28.6668701       4.45877122E+19
   28.7373047       4.41788742E+19
   28.8077393       4.37741484E+19
   28.8781738       4.33788563E+19
   28.9486084       4.29988915E+19
   29.0190430       4.26405035E+19
   29.0894775       4.23095505E+19
   29.1599121       4.20111958E+19
   29.2303467       4.17495648E+19
   29.3007812       4.15282903E+19
   29.3712158       4.13511678E+19
   29.4416504       4.12233473E+19
   29.5120850       4.11516592E+19
   29.5825195       4.11442661E+19
   29.6529541       4.12088646E+19
   29.7233887       4.13508951E+19
   29.7938232       4.15716682E+19
   29.8642578       4.18676524E+19
   29.9346924       4.22304560E+19
   30.0051270       4.26481121E+19
   30.0755615       4.31065337E+19
   30.1459961       4.35911676E+19
   30.2164307       4.40876455E+19
   30.2868652       4.45821267E+19
   30.3572998       4.50608057E+19
   30.4277344       4.55097231E+19
   30.4981689       4.59144621E+19
   30.5686035       4.62611601E+19
   30.6390381       4.65379380E+19
   30.7094727       4.67371871E+19
   30.7799072       4.68570734E+19
   30.8503418       4.69025800E+19
   30.9207764       4.68846360E+19
   30.9912109       4.68183486E+19
   31.0616455       4.67199863E+19
   31.1320801       4.66044628E+19
   31.2025146       4.64830943E+19
   31.2729492       4.63624999E+19
   31.3433838       4.62442056E+19
   31.4138184       4.61255595E+19
   31.4842529       4.60011344E+19
   31.5546875       4.58645091E+19
   31.6251221       4.57092844E+19
   31.6955566       4.55301256E+19
   31.7659912       4.53230788E+19
   31.8364258       4.50862923E+19
   31.9068604       4.48200126E+19
   31.9772949       4.45267948E+19
   32.0477295       4.42109315E+19
   32.1181641       4.38778543E+19
   32.1885986       4.35331970E+19
   32.2590332       4.31825627E+19
   32.3294678       4.28314271E+19
   32.3999023       4.24856527E+19
   32.4703369       4.21516254E+19
   32.5407715       4.18364658E+19
   32.6112061       4.15475757E+19
   32.6816406       4.12922295E+19
   32.7520752       4.10767868E+19
   32.8225098       4.09065912E+19
   32.8929443       4.07855966E+19
   32.9633789       4.07162174E+19
   33.0338135       4.06983701E+19
   33.1042480       4.07289761E+19
   33.1746826       4.08014603E+19
   33.2451172       4.09063581E+19
   33.3155518       4.10323270E+19
   33.3859863       4.11679320E+19
   33.4564209       4.13030180E+19
   33.5268555       4.14297169E+19
   33.5972900       4.15423860E+19
   33.6677246       4.16375158E+19
   33.7381592       4.17133821E+19
   33.8085938       4.17699849E+19
   33.8790283       4.18086570E+19
   33.9494629       4.18318083E+19
   34.0198975       4.18420030E+19
   34.0903320       4.18412949E+19
   34.1607666       4.18303086E+19
   34.2312012       4.18082919E+19
   34.3016357       4.17731559E+19
   34.3720703       4.17222002E+19
   34.4425049       4.16526583E+19
   34.5129395       4.15629073E+19
   34.5833740       4.14534048E+19
   34.6538086       4.13275635E+19
   34.7242432       4.11912856E+19
   34.7946777       4.10520258E+19
   34.8651123       4.09169486E+19
   34.9355469       4.07915735E+19
   35.0059814       4.06786097E+19
   35.0764160       4.05783298E+19
   35.1468506       4.04894409E+19
   35.2172852       4.04109182E+19
   35.2877197       4.03430739E+19
   35.3581543       4.02881907E+19
   35.4285889       4.02496814E+19
   35.4990234       4.02306511E+19
   35.5694580       4.02317902E+19
   35.6398926       4.02500553E+19
   35.7103271       4.02780840E+19
   35.7807617       4.03050704E+19
   35.8511963       4.03183085E+19
   35.9216309       4.03060072E+19
   35.9920654       4.02600960E+19
   36.0625000       4.01788245E+19
   36.1329346       4.00675759E+19
   36.2033691       3.99383789E+19
   36.2738037       3.98073347E+19
   36.3442383       3.96916661E+19
   36.4146729       3.96061241E+19
   36.4851074       3.95608022E+19
   36.5555420       3.95600237E+19
   36.6259766       3.96028871E+19
   36.6964111       3.96844005E+19
   36.7668457       3.97974523E+19
   36.8372803       3.99344426E+19
   36.9077148       4.00890032E+19
   36.9781494       4.02567051E+19
   37.0485840       4.04359035E+19
   37.1190186       4.06275308E+19
   37.1894531       4.08350350E+19
   37.2598877       4.10633552E+19
   37.3303223       4.13182176E+19
   37.4007568       4.16049746E+19
   37.4711914       4.19279584E+19
   37.5416260       4.22897065E+19
   37.6120605       4.26911162E+19
   37.6824951       4.31316157E+19
   37.7529297       4.36098329E+19
   37.8233643       4.41236963E+19
   37.8937988       4.46706418E+19
   37.9642334       4.52470761E+19
   38.0346680       4.58480032E+19
   38.1051025       4.64662014E+19
   38.1755371       4.70923249E+19
   38.2459717       4.77151411E+19
   38.3164062       4.83229071E+19
   38.3868408       4.89043816E+19
   38.4572754       4.94503068E+19
   38.5277100       4.99539754E+19
   38.5981445       5.04117065E+19
   38.6685791       5.08224621E+19
   38.7390137       5.11876055E+19
   38.8094482       5.15100923E+19
   38.8798828       5.17940521E+19
   38.9503174       5.20440415E+19
   39.0207520       5.22652632E+19
   39.0911865       5.24636459E+19
   39.1616211       5.26463672E+19
   39.2320557       5.28214666E+19
   39.3024902       5.29973137E+19
   39.3729248       5.31812268E+19
   39.4433594       5.33783164E+19
   39.5137939       5.35902407E+19
   39.5842285       5.38151568E+19
   39.6546631       5.40480862E+19
   39.7250977       5.42820930E+19
   39.7955322       5.45092697E+19
   39.8659668       5.47221352E+19
   39.9364014       5.49143430E+19
   40.0068359       5.50812181E+19
   40.0772705       5.52189781E+19
   40.1477051       5.53238495E+19
   40.2181396       5.53905371E+19
   40.2885742       5.54115993E+19
   40.3590088       5.53773913E+19
   40.4294434       5.52776524E+19
   40.4998779       5.51034810E+19
   40.5703125       5.48495642E+19
   40.6407471       5.45150443E+19
   40.7111816       5.41038314E+19
   40.7816162       5.36237230E+19
   40.8520508       5.30854593E+19
   40.9224854       5.25012800E+19
   40.9929199       5.18841153E+19
   41.0633545       5.12466493E+19
   41.1337891       5.06007346E+19
   41.2042236       4.99567066E+19
   41.2746582       4.93232164E+19
   41.3450928       4.87071425E+19
   41.4155273       4.81137492E+19
   41.4859619       4.75461637E+19
   41.5563965       4.70052260E+19
   41.6268311       4.64892736E+19
   41.6972656       4.59949551E+19
   41.7677002       4.55182333E+19
   41.8381348       4.50560030E+19
   41.9085693       4.46069141E+19
   41.9790039       4.41718285E+19
   42.0494385       4.37529850E+19
   42.1198730       4.33531366E+19
   42.1903076       4.29743548E+19
   42.2607422       4.26172950E+19
   42.3311768       4.22804662E+19
   42.4016113       4.19602796E+19
   42.4720459       4.16514972E+19
   42.5424805       4.13483530E+19
   42.6129150       4.10453100E+19
   42.6833496       4.07379789E+19
   42.7537842       4.04232107E+19
   42.8242188       4.00987229E+19
   42.8946533       3.97619820E+19
   42.9650879       3.94096018E+19
   43.0355225       3.90374391E+19
   43.1059570       3.86419315E+19
   43.1763916       3.82216454E+19
   43.2468262       3.77787665E+19
   43.3172607       3.73194521E+19
   43.3876953       3.68532592E+19
   43.4581299       3.63915149E+19
   43.5285645       3.59456893E+19
   43.5989990       3.55256407E+19
   43.6694336       3.51383883E+19
   43.7398682       3.47870592E+19
   43.8103027       3.44709012E+19
   43.8807373       3.41857978E+19
   43.9511719       3.39255522E+19
   44.0216064       3.36827273E+19
   44.0920410       3.34496044E+19
   44.1624756       3.32187268E+19
   44.2329102       3.29837348E+19
   44.3033447       3.27399378E+19
   44.3737793       3.24852843E+19
   44.4442139       3.22209749E+19
   44.5146484       3.19520432E+19
   44.5850830       3.16870873E+19
   44.6555176       3.14376411E+19
   44.7259521       3.12168701E+19
   44.7963867       3.10383380E+19
   44.8668213       3.09145044E+19
   44.9372559       3.08559159E+19
   45.0076904       3.08704338E+19
   45.0781250       3.09630963E+19
   45.1485596       3.11357900E+19
   45.2189941       3.13874330E+19
   45.2894287       3.17138824E+19
   45.3598633       3.21080925E+19
   45.4302979       3.25599060E+19
   45.5007324       3.30564564E+19
   45.5711670       3.35829510E+19
   45.6416016       3.41243527E+19
   45.7120361       3.46671376E+19
   45.7824707       3.52013002E+19
   45.8529053       3.57214901E+19
   45.9233398       3.62274040E+19
   45.9937744       3.67226702E+19
   46.0642090       3.72132613E+19
   46.1346436       3.77053192E+19
   46.2050781       3.82037102E+19
   46.2755127       3.87109765E+19
   46.3459473       3.92275006E+19
   46.4163818       3.97516114E+19
   46.4868164       4.02801423E+19
   46.5572510       4.08083521E+19
   46.6276855       4.13301671E+19
   46.6981201       4.18383086E+19
   46.7685547       4.23249436E+19
   46.8389893       4.27821997E+19
   46.9094238       4.32032291E+19
   46.9798584       4.35828817E+19
   47.0502930       4.39182855E+19
   47.1207275       4.42085434E+19
   47.1911621       4.44544866E+19
   47.2615967       4.46580985E+19
   47.3320312       4.48223788E+19
   47.4024658       4.49507445E+19
   47.4729004       4.50467891E+19
   47.5433350       4.51136042E+19
   47.6137695       4.51534681E+19
   47.6842041       4.51671900E+19
   47.7546387       4.51539035E+19
   47.8250732       4.51105871E+19
   47.8955078       4.50320468E+19
   47.9659424       4.49107927E+19
   48.0363770       4.47379758E+19
   48.1068115       4.45046727E+19
   48.1772461       4.42037671E+19
   48.2476807       4.38312878E+19
   48.3181152       4.33874853E+19
   48.3885498       4.28769996E+19
   48.4589844       4.23084598E+19
   48.5294189       4.16932214E+19
   48.5998535       4.10441138E+19
   48.6702881       4.03740230E+19
   48.7407227       3.96952417E+19
   48.8111572       3.90189453E+19
   48.8815918       3.83554692E+19
   48.9520264       3.77148541E+19
   49.0224609       3.71074839E+19
   49.0928955       3.65440985E+19
   49.1633301       3.60354886E+19
   49.2337646       3.55914245E+19
   49.3041992       3.52195565E+19
   49.3746338       3.49241309E+19
   49.4450684       3.47054886E+19
   49.5155029       3.45599990E+19
   49.5859375       3.44807308E+19
   49.6563721       3.44580589E+19
   49.7268066       3.44808254E+19
   49.7972412       3.45374876E+19
   49.8676758       3.46174441E+19
   49.9381104       3.47117118E+19
   50.0085449       3.48133375E+19
   50.0789795       3.49171842E+19
   50.1494141       3.50197510E+19
   50.2198486       3.51187576E+19
   50.2902832       3.52131485E+19
   50.3607178       3.53029764E+19
   50.4311523       3.53893277E+19
   50.5015869       3.54737042E+19
   50.5720215       3.55573462E+19
   50.6424561       3.56402296E+19
   50.7128906       3.57203928E+19
   50.7833252       3.57932904E+19
   50.8537598       3.58520153E+19
   50.9241943       3.58878506E+19
   50.9946289       3.58914526E+19
   51.0650635       3.58538603E+19
   51.1354980       3.57678235E+19
   51.2059326       3.56288453E+19
   51.2763672       3.54359425E+19
   51.3468018       3.51916091E+19
   51.4172363       3.49012742E+19
   51.4876709       3.45725005E+19
   51.5581055       3.42143324E+19
   51.6285400       3.38366017E+19
   51.6989746       3.34496682E+19
   51.7694092       3.30639881E+19
   51.8398438       3.26896374E+19
   51.9102783       3.23353110E+19
   51.9807129       3.20073992E+19
   52.0511475       3.17090907E+19
   52.1215820       3.14399940E+19
   52.1920166       3.11960696E+19
   52.2624512       3.09703574E+19
   52.3328857       3.07541011E+19
   52.4033203       3.05383307E+19
   52.4737549       3.03149869E+19
   52.5441895       3.00777299E+19
   52.6146240       2.98218098E+19
   52.6850586       2.95436487E+19
   52.7554932       2.92400648E+19
   52.8259277       2.89083091E+19
   52.8963623       2.85466270E+19
   52.9667969       2.81553548E+19
   53.0372314       2.77374568E+19
   53.1076660       2.72985230E+19
   53.1781006       2.68457089E+19
   53.2485352       2.63862999E+19
   53.3189697       2.59259080E+19
   53.3894043       2.54672995E+19
   53.4598389       2.50100236E+19
   53.5302734       2.45510457E+19
   53.6007080       2.40856070E+19
   53.6711426       2.36084476E+19
   53.7415771       2.31150593E+19
   53.8120117       2.26029442E+19
   53.8824463       2.20722891E+19
   53.9528809       2.15263618E+19
   54.0233154       2.09713173E+19
   54.0937500       2.04158748E+19
   54.1641846       1.98705281E+19
   54.2346191       1.93468131E+19
   54.3050537       1.88562770E+19
   54.3754883       1.84095091E+19
   54.4459229       1.80149659E+19
   54.5163574       1.76781734E+19
   54.5867920       1.74013581E+19
   54.6572266       1.71836867E+19
   54.7276611       1.70216033E+19
   54.7980957       1.69094025E+19
   54.8685303       1.68396583E+19
   54.9389648       1.68037823E+19
   55.0093994       1.67923540E+19
   55.0798340       1.67956800E+19
   55.1502686       1.68041694E+19
   55.2207031       1.68086884E+19
   55.2911377       1.68002991E+19
   55.3615723       1.67699987E+19
   55.4320068       1.67084943E+19
   55.5024414       1.66066014E+19
   55.5728760       1.64557583E+19
   55.6433105       1.62487906E+19
   55.7137451       1.59804856E+19
   55.7841797       1.56480692E+19
   55.8546143       1.52513027E+19
   55.9250488       1.47925963E+19
   55.9954834       1.42770705E+19
   56.0659180       1.37127011E+19
   56.1363525       1.31100698E+19
   56.2067871       1.24819584E+19
   56.2772217       1.18424307E+19
   56.3476562       1.12056805E+19
   56.4180908       1.05842860E+19
   56.4885254       9.98763047E+18
   56.5589600       9.42054636E+18
   56.6293945       8.88276313E+18
   56.6998291       8.36894045E+18
   56.7702637       7.86966102E+18
   56.8406982       7.37318479E+18
   56.9111328       6.86787068E+18
   56.9815674       6.34432998E+18
   57.0520020       5.79704641E+18
   57.1224365       5.22489355E+18
   57.1928711       0.00000000    
   57.2633057       0.00000000    
   57.3337402       0.00000000    
   57.4041748       0.00000000    
   57.4746094       0.00000000    
   57.5450439       0.00000000    
   57.6154785       0.00000000    
   57.6859131       0.00000000    
   57.7563477       0.00000000    
   57.8267822       0.00000000    
   57.8972168       0.00000000    
   57.9676514       0.00000000    
   58.0380859       0.00000000    
   58.1085205       0.00000000    
   58.1789551       0.00000000    
   58.2493896       0.00000000    
   58.3198242       0.00000000    
   58.3902588       0.00000000    
   58.4606934       0.00000000    
   58.5311279       0.00000000    
   58.6015625       0.00000000    
   58.6719971       0.00000000    
   58.7424316       0.00000000    
   58.8128662       0.00000000    
   58.8833008       0.00000000    
   58.9537354       0.00000000    
   59.0241699       0.00000000    
   59.0946045       0.00000000    
   59.1650391       0.00000000    
   59.2354736       0.00000000    
   59.3059082       0.00000000    
   59.3763428       0.00000000    
   59.4467773       0.00000000    
   59.5172119       0.00000000    
   59.5876465       0.00000000    
   59.6580811       0.00000000    
   59.7285156       0.00000000    
   59.7989502       0.00000000    
   59.8693848       0.00000000    
   59.9398193       0.00000000    
   60.0102539       0.00000000    
   60.0806885       0.00000000    
   60.1511230       0.00000000    
   60.2215576       0.00000000    
   60.2919922       0.00000000    
   60.3624268       0.00000000    
   60.4328613       0.00000000    
   60.5032959       0.00000000    
   60.5737305       0.00000000    
   60.6441650       0.00000000    
   60.7145996       0.00000000    
   60.7850342       0.00000000    
   60.8554688       0.00000000    
   60.9259033       0.00000000    
   60.9963379       0.00000000    
   61.0667725       0.00000000    
   61.1372070       0.00000000    
   61.2076416       0.00000000    
   61.2780762       0.00000000    
   61.3485107       0.00000000    
   61.4189453       0.00000000    
   61.4893799       0.00000000    
   61.5598145       0.00000000    
   61.6302490       0.00000000    
   61.7006836       0.00000000    
   61.7711182       0.00000000    
   61.8415527       0.00000000    
   61.9119873       0.00000000    
   61.9824219       0.00000000    
   62.0528564       0.00000000    
   62.1232910       0.00000000    
   62.1937256       0.00000000    
   62.2641602       0.00000000    
   62.3345947       0.00000000    
   62.4050293       0.00000000    
   62.4754639       0.00000000    
   62.5458984       0.00000000    
   62.6163330       0.00000000    
   62.6867676       0.00000000    
   62.7572021       0.00000000    
   62.8276367       0.00000000    
   62.8980713       0.00000000    
   62.9685059       0.00000000    
   63.0389404       0.00000000    
   63.1093750       0.00000000    
   63.1798096       0.00000000    
   63.2502441       0.00000000    
   63.3206787       0.00000000    
   63.3911133       0.00000000    
   63.4615479       0.00000000    
   63.5319824       0.00000000    
   63.6024170       0.00000000    
   63.6728516       0.00000000    
   63.7432861       0.00000000    
   63.8137207       0.00000000    
   63.8841553       0.00000000    
   63.9545898       0.00000000    
   64.0250244       0.00000000    
   64.0954590       0.00000000    
   64.1658936       0.00000000    
   64.2363281       0.00000000    
   64.3067627       0.00000000    
   64.3771973       0.00000000    
   64.4476318       0.00000000    
   64.5180664       0.00000000    
   64.5885010       0.00000000    
   64.6589355       0.00000000    
   64.7293701       0.00000000    
   64.7998047       0.00000000    
   64.8702393       0.00000000    
   64.9406738       0.00000000    
   65.0111084       0.00000000    
   65.0815430       0.00000000    
   65.1519775       0.00000000    
   65.2224121       0.00000000    
   65.2928467       0.00000000    
   65.3632812       0.00000000    
   65.4337158       0.00000000    
   65.5041504       0.00000000    
   65.5745850       0.00000000    
   65.6450195       0.00000000    
   65.7154541       0.00000000    
   65.7858887       0.00000000    
   65.8563232       0.00000000    
   65.9267578       0.00000000    
   65.9971924       0.00000000    
   66.0676270       0.00000000    
   66.1380615       0.00000000    
   66.2084961       0.00000000    
   66.2789307       0.00000000    
   66.3493652       0.00000000    
   66.4197998       0.00000000    
   66.4902344       0.00000000    
   66.5606689       0.00000000    
   66.6311035       0.00000000    
   66.7015381       0.00000000    
   66.7719727       0.00000000    
   66.8424072       0.00000000    
   66.9128418       0.00000000    
   66.9832764       0.00000000    
   67.0537109       0.00000000    
   67.1241455       0.00000000    
   67.1945801       0.00000000    
   67.2650146       0.00000000    
   67.3354492       0.00000000    
   67.4058838       0.00000000    
   67.4763184       0.00000000    
   67.5467529       0.00000000    
   67.6171875       0.00000000    
   67.6876221       0.00000000    
   67.7580566       0.00000000    
   67.8284912       0.00000000    
   67.8989258       0.00000000    
   67.9693604       0.00000000    
   68.0397949       0.00000000    
   68.1102295       0.00000000    
   68.1806641       0.00000000    
   68.2510986       0.00000000    
   68.3215332       0.00000000    
   68.3919678       0.00000000    
   68.4624023       0.00000000    
   68.5328369       0.00000000    
   68.6032715       0.00000000    
   68.6737061       0.00000000    
