2006 05 03 15 26 40.0 -20.190 -174.120
51. 1.242E+21 7.996 227 24 124 10 71 76
  -1.12500000       0.00000000    
  -1.05468750       6.47581947E+18
 -0.984375000       6.57348469E+18
 -0.914062500       6.67299984E+18
 -0.843750000       6.77768709E+18
 -0.773437500       6.89084883E+18
 -0.703125000       7.01496445E+18
 -0.632812500       7.16952995E+18
 -0.562500000       7.36548161E+18
 -0.492187500       7.60473864E+18
 -0.421875000       7.86492487E+18
 -0.351562500       8.12766472E+18
 -0.281250000       8.38181518E+18
 -0.210937500       8.62247959E+18
 -0.140625000       8.85914342E+18
  -7.03125000E-02   9.10540379E+18
   0.00000000       9.37004139E+18
   7.03125000E-02   9.64712162E+18
  0.140625000       9.92469223E+18
  0.210937500       1.01927312E+19
  0.281250000       1.04433396E+19
  0.351562500       1.06710649E+19
  0.421875000       1.08734047E+19
  0.492187500       1.10507889E+19
  0.562500000       1.12063435E+19
  0.632812500       1.13450337E+19
  0.703125000       1.14813951E+19
  0.773437500       1.16316642E+19
  0.843750000       1.18081809E+19
  0.914062500       1.20120161E+19
  0.984375000       1.22414314E+19
   1.05468750       1.24981498E+19
   1.12500000       1.27867265E+19
   1.19531250       1.31132847E+19
   1.26562500       1.34842501E+19
   1.33593750       1.39050431E+19
   1.40625000       1.43793317E+19
   1.47656250       1.49086267E+19
   1.54687500       1.54924575E+19
   1.61718750       1.61285700E+19
   1.68750000       1.68133701E+19
   1.75781250       1.75421572E+19
   1.82812500       1.83094953E+19
   1.89843750       1.91092680E+19
   1.96875000       1.99347901E+19
   2.03906250       2.07785971E+19
   2.10937500       2.16324493E+19
   2.17968750       2.24872008E+19
   2.25000000       2.33331497E+19
   2.32031250       2.41604310E+19
   2.39062500       2.49598265E+19
   2.46093750       2.57232614E+19
   2.53125000       2.64442420E+19
   2.60156250       2.71178204E+19
   2.67187500       2.77404827E+19
   2.74218750       2.83097812E+19
   2.81250000       2.88242031E+19
   2.88281250       2.92829875E+19
   2.95312500       2.96862796E+19
   3.02343750       3.00352184E+19
   3.09375000       3.03323350E+19
   3.16406250       3.05818186E+19
   3.23437500       3.07900617E+19
   3.30468750       3.09658934E+19
   3.37500000       3.11206673E+19
   3.44531250       3.12676214E+19
   3.51562500       3.14209065E+19
   3.58593750       3.15937080E+19
   3.65625000       3.17964117E+19
   3.72656250       3.20348430E+19
   3.79687500       3.23092833E+19
   3.86718750       3.26144748E+19
   3.93750000       3.29407790E+19
   4.00781250       3.32759542E+19
   4.07812500       3.36074767E+19
   4.14843750       3.39242878E+19
   4.21875000       3.42181872E+19
   4.28906250       3.44840316E+19
   4.35937500       3.47195645E+19
   4.42968750       3.49244893E+19
   4.50000000       3.50996833E+19
   4.57031250       3.52463648E+19
   4.64062500       3.53657959E+19
   4.71093750       3.54590301E+19
   4.78125000       3.55270525E+19
   4.85156250       3.55707361E+19
   4.92187500       3.55908395E+19
   4.99218750       3.55875982E+19
   5.06250000       3.55603347E+19
   5.13281250       3.55070788E+19
   5.20312500       3.54248441E+19
   5.27343750       3.53100243E+19
   5.34375000       3.51593604E+19
   5.41406250       3.49706886E+19
   5.48437500       3.47436021E+19
   5.55468750       3.44796291E+19
   5.62500000       3.41823959E+19
   5.69531250       3.38575694E+19
   5.76562500       3.35129759E+19
   5.83593750       3.31586890E+19
   5.90625000       3.28072939E+19
   5.97656250       3.24738274E+19
   6.04687500       3.21756355E+19
   6.11718750       3.19314867E+19
   6.18750000       3.17604665E+19
   6.25781250       3.16805056E+19
   6.32812500       3.17071952E+19
   6.39843750       3.18530080E+19
   6.46875000       3.21271954E+19
   6.53906250       3.25359388E+19
   6.60937500       3.30827194E+19
   6.67968750       3.37682451E+19
   6.75000000       3.45901586E+19
   6.82031250       3.55425842E+19
   6.89062500       3.66157999E+19
   6.96093750       3.77961652E+19
   7.03125000       3.90666729E+19
   7.10156250       4.04079495E+19
   7.17187500       4.17996366E+19
   7.24218750       4.32218197E+19
   7.31250000       4.46563437E+19
   7.38281250       4.60875516E+19
   7.45312500       4.75027462E+19
   7.52343750       4.88917021E+19
   7.59375000       5.02461289E+19
   7.66406250       5.15588710E+19
   7.73437500       5.28235425E+19
   7.80468750       5.40343994E+19
   7.87500000       5.51866656E+19
   7.94531250       5.62767478E+19
   8.01562500       5.73023239E+19
   8.08593750       5.82619293E+19
   8.15625000       5.91541830E+19
   8.22656250       5.99767320E+19
   8.29687500       6.07256666E+19
   8.36718750       6.13953131E+19
   8.43750000       6.19790394E+19
   8.50781250       6.24705387E+19
   8.57812500       6.28655097E+19
   8.64843750       6.31629100E+19
   8.71875000       6.33659942E+19
   8.78906250       6.34821774E+19
   8.85937500       6.35223580E+19
   8.92968750       6.34996904E+19
   9.00000000       6.34281386E+19
   9.07031250       6.33212353E+19
   9.14062500       6.31913654E+19
   9.21093750       6.30490490E+19
   9.28125000       6.29027875E+19
   9.35156250       6.27589450E+19
   9.42187500       6.26221614E+19
   9.49218750       6.24957307E+19
   9.56250000       6.23818961E+19
   9.63281250       6.22820824E+19
   9.70312500       6.21967691E+19
   9.77343750       6.21252921E+19
   9.84375000       6.20653995E+19
   9.91406250       6.20127593E+19
   9.98437500       6.19609107E+19
   10.0546875       6.19013128E+19
   10.1250000       6.18240699E+19
   10.1953125       6.17190973E+19
   10.2656250       6.15776781E+19
   10.3359375       6.13938134E+19
   10.4062500       6.11651238E+19
   10.4765625       6.08927747E+19
   10.5468750       6.05807949E+19
   10.6171875       6.02346159E+19
   10.6875000       5.98597748E+19
   10.7578125       5.94605685E+19
   10.8281250       5.90396446E+19
   10.8984375       5.85978565E+19
   10.9687500       5.81348257E+19
   11.0390625       5.76496992E+19
   11.1093750       5.71422614E+19
   11.1796875       5.66137789E+19
   11.2500000       5.60676647E+19
   11.3203125       5.55092799E+19
   11.3906250       5.49452393E+19
   11.4609375       5.43821266E+19
   11.5312500       5.38251800E+19
   11.6015625       5.32770206E+19
   11.6718750       5.27373847E+19
   11.7421875       5.22033080E+19
   11.8125000       5.16702163E+19
   11.8828125       5.11329158E+19
   11.9531250       5.05867224E+19
   12.0234375       5.00278538E+19
   12.0937500       4.94535525E+19
   12.1640625       4.88616766E+19
   12.2343750       4.82506780E+19
   12.3046875       4.76193516E+19
   12.3750000       4.69669630E+19
   12.4453125       4.62929624E+19
   12.5156250       4.55970639E+19
   12.5859375       4.48791355E+19
   12.6562500       4.41393621E+19
   12.7265625       4.33784869E+19
   12.7968750       4.25982910E+19
   12.8671875       4.18018884E+19
   12.9375000       4.09937825E+19
   13.0078125       4.01795985E+19
   13.0781250       3.93656609E+19
   13.1484375       3.85585402E+19
   13.2187500       3.77648423E+19
   13.2890625       3.69911556E+19
   13.3593750       3.62443123E+19
   13.4296875       3.55314769E+19
   13.5000000       3.48602119E+19
   13.5703125       3.42381082E+19
   13.6406250       3.36725656E+19
   13.7109375       3.31702779E+19
   13.7812500       3.27370461E+19
   13.8515625       3.23773519E+19
   13.9218750       3.20940583E+19
   13.9921875       3.18877701E+19
   14.0625000       3.17564665E+19
   14.1328125       3.16951709E+19
   14.2031250       3.16963540E+19
   14.2734375       3.17505577E+19
   14.3437500       3.18475016E+19
   14.4140625       3.19771560E+19
   14.4843750       3.21308062E+19
   14.5546875       3.23017517E+19
   14.6250000       3.24859397E+19
   14.6953125       3.26822487E+19
   14.7656250       3.28929789E+19
   14.8359375       3.31237817E+19
   14.9062500       3.33833632E+19
   14.9765625       3.36824194E+19
   15.0468750       3.40323280E+19
   15.1171875       3.44434772E+19
   15.1875000       3.49241309E+19
   15.2578125       3.54796042E+19
   15.3281250       3.61122697E+19
   15.3984375       3.68218814E+19
   15.4687500       3.76063059E+19
   15.5390625       3.84621130E+19
   15.6093750       3.93852102E+19
   15.6796875       4.03709356E+19
   15.7500000       4.14141258E+19
   15.8203125       4.25089051E+19
   15.8906250       4.36488524E+19
   15.9609375       4.48270627E+19
   16.0312500       4.60365255E+19
   16.1015625       4.72701115E+19
   16.1718750       4.85205553E+19
   16.2421875       4.97802262E+19
   16.3125000       5.10410098E+19
   16.3828125       5.22942859E+19
   16.4531250       5.35312805E+19
   16.5234375       5.47433821E+19
   16.5937500       5.59226523E+19
   16.6640625       5.70619971E+19
   16.7343750       5.81555142E+19
   16.8046875       5.91986780E+19
   16.8750000       6.01886387E+19
   16.9453125       6.11243539E+19
   17.0156250       6.20070506E+19
   17.0859375       6.28400890E+19
   17.1562500       6.36287775E+19
   17.2265625       6.43795636E+19
   17.2968750       6.50991896E+19
   17.3671875       6.57935663E+19
   17.4375000       6.64668545E+19
   17.5078125       6.71205757E+19
   17.5781250       6.77530940E+19
   17.6484375       6.83595010E+19
   17.7187500       6.89319815E+19
   17.7890625       6.94605696E+19
   17.8593750       6.99346262E+19
   17.9296875       7.03442822E+19
   18.0000000       7.06818807E+19
   18.0703125       7.09427200E+19
   18.1406250       7.11252302E+19
   18.2109375       7.12303787E+19
   18.2812500       7.12607472E+19
   18.3515625       7.12194319E+19
   18.4218750       7.11094940E+19
   18.4921875       7.09340075E+19
   18.5625000       7.06966317E+19
   18.6328125       7.04023760E+19
   18.7031250       7.00586423E+19
   18.7734375       6.96756296E+19
   18.8437500       6.92662727E+19
   18.9140625       6.88450234E+19
   18.9843750       6.84264965E+19
   19.0546875       6.80237366E+19
   19.1250000       6.76471978E+19
   19.1953125       6.73039435E+19
   19.2656250       6.69979626E+19
   19.3359375       6.67305306E+19
   19.4062500       6.65008866E+19
   19.4765625       6.63066073E+19
   19.5468750       6.61439323E+19
   19.6171875       6.60078348E+19
   19.6875000       6.58922277E+19
   19.7578125       6.57902194E+19
   19.8281250       6.56947027E+19
   19.8984375       6.55990188E+19
   19.9687500       6.54977889E+19
   20.0390625       6.53873144E+19
   20.1093750       6.52656732E+19
   20.1796875       6.51321925E+19
   20.2500000       6.49864764E+19
   20.3203125       6.48270912E+19
   20.3906250       6.46504349E+19
   20.4609375       6.44499104E+19
   20.5312500       6.42157452E+19
   20.6015625       6.39354093E+19
   20.6718750       6.35949697E+19
   20.7421875       6.31808233E+19
   20.8125000       6.26818341E+19
   20.8828125       6.20908906E+19
   20.9531250       6.14060707E+19
   21.0234375       6.06306512E+19
   21.0937500       5.97726847E+19
   21.1640625       5.88435270E+19
   21.2343750       5.78566053E+19
   21.3046875       5.68261386E+19
   21.3750000       5.57664645E+19
   21.4453125       5.46916347E+19
   21.5156250       5.36153228E+19
   21.5859375       5.25504722E+19
   21.6562500       5.15086453E+19
   21.7265625       5.04989858E+19
   21.7968750       4.95272462E+19
   21.8671875       4.85950362E+19
   21.9375000       4.76997039E+19
   22.0078125       4.68348413E+19
   22.0781250       4.59915642E+19
   22.1484375       4.51601443E+19
   22.2187500       4.43316931E+19
   22.2890625       4.34994288E+19
   22.3593750       4.26588961E+19
   22.4296875       4.18074167E+19
   22.5000000       4.09428267E+19
   22.5703125       4.00619200E+19
   22.6406250       3.91595596E+19
   22.7109375       3.82284492E+19
   22.7812500       3.72600653E+19
   22.8515625       3.62460627E+19
   22.9218750       3.51800686E+19
   22.9921875       3.40589318E+19
   23.0625000       3.28834505E+19
   23.1328125       3.16579898E+19
   23.2031250       3.03897229E+19
   23.2734375       2.90874680E+19
   23.3437500       2.77608742E+19
   23.4140625       2.64199296E+19
   23.4843750       2.50753258E+19
   23.5546875       2.37393291E+19
   23.6250000       2.24272994E+19
   23.6953125       2.11590545E+19
   23.7656250       1.99399138E+19
   23.8359375       1.87648988E+19
   23.9062500       1.76207931E+19
   23.9765625       1.65047295E+19
   24.0468750       1.54197006E+19
   24.1171875       1.43726830E+19
   24.1875000       1.33768850E+19
   24.2578125       1.24540660E+19
   24.3281250       1.16350991E+19
   24.3984375       1.09296711E+19
   24.4687500       1.03510191E+19
   24.5390625       9.91045795E+18
   24.6093750       9.61551506E+18
   24.6796875       9.45595283E+18
   24.7500000       9.39801626E+18
   24.8203125       9.42470031E+18
   24.8906250       9.52064040E+18
   24.9609375       9.68007398E+18
   25.0312500       9.89539794E+18
   25.1015625       1.01577183E+19
   25.1718750       1.04575167E+19
   25.2421875       1.07854119E+19
   25.3125000       1.11327443E+19
   25.3828125       1.14918800E+19
   25.4531250       1.18561218E+19
   25.5234375       1.22193015E+19
   25.5937500       1.25750529E+19
   25.6640625       1.29160895E+19
   25.7343750       1.32335570E+19
   25.8046875       1.35169792E+19
   25.8750000       1.37547948E+19
   25.9453125       1.39355380E+19
   26.0156250       1.40493298E+19
   26.0859375       1.40884911E+19
   26.1562500       1.40410054E+19
   26.2265625       1.38959435E+19
   26.2968750       1.36436804E+19
   26.3671875       1.32824336E+19
   26.4375000       1.28122638E+19
   26.5078125       1.22348057E+19
   26.5781250       1.15536495E+19
   26.6484375       1.07754031E+19
   26.7187500       9.91166742E+18
   26.7890625       8.98170433E+18
   26.8593750       8.01572399E+18
   26.9296875       7.05829785E+18
   27.0000000       6.14824252E+18
   27.0703125       5.30990119E+18
   27.1406250       4.56673359E+18
   27.2109375       3.92252862E+18
   27.2812500       3.36276780E+18
   27.3515625       2.85712000E+18
   27.4218750       2.39671874E+18
   27.4921875       1.99950601E+18
   27.5625000       1.67816261E+18
   27.6328125       1.42442130E+18
   27.7031250       1.22191655E+18
   27.7734375       1.06395892E+18
   27.8437500       9.45391640E+17
   27.9140625       8.51407516E+17
   27.9843750       7.60195536E+17
   28.0546875       6.66482992E+17
   28.1250000       5.79098068E+17
   28.1953125       5.12948975E+17
   28.2656250       4.82461270E+17
   28.3359375       4.81492497E+17
   28.4062500       4.96528044E+17
   28.4765625       5.11621933E+17
   28.5468750       5.26471731E+17
   28.6171875       5.40883477E+17
   28.6875000       5.54674926E+17
   28.7578125       5.67599444E+17
   28.8281250       5.79319826E+17
   28.8984375       5.89459179E+17
   28.9687500       5.97683182E+17
   29.0390625       6.03769185E+17
   29.1093750       6.07621118E+17
   29.1796875       6.09264819E+17
   29.2500000       6.08857656E+17
   29.3203125       6.06730857E+17
   29.3906250       6.03415486E+17
   29.4609375       5.99599012E+17
   29.5312500       5.95999005E+17
   29.6015625       5.93232015E+17
   29.6718750       5.91774407E+17
   29.7421875       5.92058149E+17
   29.8125000       5.94638222E+17
   29.8828125       6.00332662E+17
   29.9531250       6.10249775E+17
   30.0234375       6.25685544E+17
   30.0937500       6.47898497E+17
   30.1640625       6.77820400E+17
   30.2343750       7.15761248E+17
   30.3046875       7.61204476E+17
   30.3750000       8.12759820E+17
   30.4453125       8.68313538E+17
   30.5156250       9.25340946E+17
   30.5859375       9.81290832E+17
   30.6562500       1.03393407E+18
   30.7265625       1.08937255E+18
   30.7968750       1.16514945E+18
   30.8671875       1.27056801E+18
   30.9375000       1.40162705E+18
   31.0078125       1.54020688E+18
   31.0781250       1.67545478E+18
   31.1484375       1.80205324E+18
   31.2187500       1.91855887E+18
   31.2890625       2.02574655E+18
   31.3593750       2.14223018E+18
   31.4296875       2.29029028E+18
   31.5000000       2.49068906E+18
   31.5703125       2.75839595E+18
   31.6406250       3.10140894E+18
   31.7109375       3.51755815E+18
   31.7812500       3.97341540E+18
   31.8515625       4.42645652E+18
   31.9218750       4.85797058E+18
   31.9921875       5.29440522E+18
   32.0625000       5.75501593E+18
   32.1328125       6.23418860E+18
   32.2031250       6.69468606E+18
   32.2734375       7.12139443E+18
   32.3437500       7.51746985E+18
   32.4140625       7.89419387E+18
   32.4843750       8.26486508E+18
   32.5546875       8.64319274E+18
   32.6250000       9.03218071E+18
   32.6953125       9.42451779E+18
   32.7656250       9.82459819E+18
   32.8359375       1.02399827E+19
   32.9062500       1.06799929E+19
   32.9765625       1.11335976E+19
   33.0468750       1.15945348E+19
   33.1171875       1.20604221E+19
   33.1875000       1.25358663E+19
   33.2578125       1.30458165E+19
   33.3281250       1.36220134E+19
   33.3984375       1.42857413E+19
   33.4687500       1.50429793E+19
   33.5390625       1.59231032E+19
   33.6093750       1.69389574E+19
   33.6796875       1.80815501E+19
   33.7500000       1.92981311E+19
   33.8203125       2.05483176E+19
   33.8906250       2.18024821E+19
   33.9609375       2.30395713E+19
   34.0312500       2.42449967E+19
   34.1015625       2.54084801E+19
   34.1718750       2.65224899E+19
   34.2421875       2.75810315E+19
   34.3125000       2.85791198E+19
   34.3828125       2.95126051E+19
   34.4531250       3.03785805E+19
   34.5234375       3.11758760E+19
   34.5937500       3.19057450E+19
   34.6640625       3.25721150E+19
   34.7343750       3.31815391E+19
   34.8046875       3.37424198E+19
   34.8750000       3.42638654E+19
   34.9453125       3.47542409E+19
   35.0156250       3.52199721E+19
   35.0859375       3.56648499E+19
   35.1562500       3.60900178E+19
   35.2265625       3.64945391E+19
   35.2968750       3.68764171E+19
   35.3671875       3.72336858E+19
   35.4375000       3.75654349E+19
   35.5078125       3.78722690E+19
   35.5781250       3.81564444E+19
   35.6484375       3.84214003E+19
   35.7187500       3.86710554E+19
   35.7890625       3.89088050E+19
   35.8593750       3.91365974E+19
   35.9296875       3.93541028E+19
   36.0000000       3.95583305E+19
   36.0703125       3.97434487E+19
   36.1406250       3.99010879E+19
   36.2109375       4.00207059E+19
   36.2812500       4.00901907E+19
   36.3515625       4.00966426E+19
   36.4218750       4.00276285E+19
   36.4921875       3.98725709E+19
   36.5625000       3.96242968E+19
   36.6328125       3.92799386E+19
   36.7031250       3.88412070E+19
   36.7734375       3.83138900E+19
   36.8437500       3.77069288E+19
   36.9140625       3.70311866E+19
   36.9843750       3.62984127E+19
   37.0546875       3.55203169E+19
   37.1250000       3.47078965E+19
   37.1953125       3.38709681E+19
   37.2656250       3.30180109E+19
   37.3359375       3.21563742E+19
   37.4062500       3.12928662E+19
   37.4765625       3.04343653E+19
   37.5468750       2.95884187E+19
   37.6171875       2.87633121E+19
   37.6875000       2.79678858E+19
   37.7578125       2.72107270E+19
   37.8281250       2.64993671E+19
   37.8984375       2.58393963E+19
   37.9687500       2.52340228E+19
   38.0390625       2.46838293E+19
   38.1093750       2.41869886E+19
   38.1796875       2.33232145E+19
   38.2500000       2.29296003E+19
   38.3203125       2.25711969E+19
   38.3906250       2.22408025E+19
   38.4609375       2.19303070E+19
   38.5312500       2.16311760E+19
   38.6015625       2.13346971E+19
   38.6718750       2.10323160E+19
   38.7421875       2.07156787E+19
   38.8125000       2.03768598E+19
   38.8828125       2.00082925E+19
   38.9531250       1.96029509E+19
   39.0234375       1.91542842E+19
   39.0937500       1.86564737E+19
   39.1640625       1.81046123E+19
   39.2343750       1.74951464E+19
   39.3046875       1.68263069E+19
   39.3750000       1.60988019E+19
   39.4453125       1.53165829E+19
   39.5156250       1.41299207E+19
   39.5859375       1.33894205E+19
   39.6562500       1.22425309E+19
   39.7265625       1.16365626E+19
   39.7968750       1.10158377E+19
   39.8671875       9.98905214E+18
   39.9375000       9.12342203E+18
   40.0078125       8.53733011E+18
   40.0781250       8.41907158E+18
   40.1484375       8.27005312E+18
   40.2187500       7.65260588E+18
   40.2890625       7.53499332E+18
   40.3593750       7.38182695E+18
   40.4296875       7.19386983E+18
   40.5000000       6.97372012E+18
   40.5703125       6.43472907E+18
   40.6406250       6.24775767E+18
   40.7109375       6.04301376E+18
   40.7812500       5.82504438E+18
   40.8515625       5.59905901E+18
   40.9218750       5.11623211E+18
   40.9921875       4.99922813E+18
   41.0625000       4.88110265E+18
   41.1328125       4.76347250E+18
   41.2031250       4.64796825E+18
   41.2734375       4.53620015E+18
   41.3437500       4.42966792E+18
   41.4140625       4.32955024E+18
   41.4843750       4.23658103E+18
   41.5546875       4.15098295E+18
   41.6250000       4.07259987E+18
   41.6953125       4.00111457E+18
   41.7656250       3.93636213E+18
   41.8359375       3.87850638E+18
   41.9062500       3.82808717E+18
   41.9765625       3.78585493E+18
   42.0468750       3.35003106E+18
   42.1171875       3.34333888E+18
   42.1875000       3.33809284E+18
   42.2578125       3.33435092E+18
   42.3281250       3.33181710E+18
   42.3984375       3.32981956E+18
   42.4687500       3.32744187E+18
   42.5390625       3.32365488E+18
   42.6093750       3.31749679E+18
   42.6796875       3.30811795E+18
   42.7500000       3.29480232E+18
   42.8203125       3.27689677E+18
   42.8906250       3.25379823E+18
   42.9609375       3.22483984E+18
   43.0312500       3.18917581E+18
   43.1015625       3.14555543E+18
   43.1718750       3.09224231E+18
   43.2421875       3.02707453E+18
   43.3125000       2.94793279E+18
   43.3828125       2.85353614E+18
   43.4531250       2.47293717E+18
   43.5234375       2.44748732E+18
   43.5937500       2.41228453E+18
   43.6640625       2.36614545E+18
   43.7343750       2.30782598E+18
   43.8046875       2.23589002E+18
   43.8750000       2.14864171E+18
   43.9453125       2.04411238E+18
   44.0156250       1.92031300E+18
   44.0859375       1.77576007E+18
   44.1562500       1.61046526E+18
   44.2265625       1.42734092E+18
   44.2968750       8.92342059E+17
   44.3671875       8.50313777E+17
   44.4375000       8.03270416E+17
   44.5078125       7.50269832E+17
   44.5781250       6.90097134E+17
   44.6484375       6.21476957E+17
   44.7187500       5.43319101E+17
   44.7890625       4.55336146E+17
   44.8593750       0.00000000    
   44.9296875       0.00000000    
   45.0000000       0.00000000    
   45.0703125       0.00000000    
   45.1406250       0.00000000    
   45.2109375       0.00000000    
   45.2812500       0.00000000    
   45.3515625       0.00000000    
   45.4218750       0.00000000    
   45.4921875       0.00000000    
   45.5625000       0.00000000    
   45.6328125       0.00000000    
   45.7031250       0.00000000    
   45.7734375       0.00000000    
   45.8437500       0.00000000    
