2006 05 03 15 26 40.0 -20.190 -174.120
51. 1.242E+21 7.996 227 24 124 10 71 76
  -1.12500000       0.00000000    
  -1.05468750       0.00000000    
 -0.984375000       0.00000000    
 -0.914062500       0.00000000    
 -0.843750000       0.00000000    
 -0.773437500       0.00000000    
 -0.703125000       0.00000000    
 -0.632812500       0.00000000    
 -0.562500000       0.00000000    
 -0.492187500       0.00000000    
 -0.421875000       0.00000000    
 -0.351562500       0.00000000    
 -0.281250000       0.00000000    
 -0.210937500       0.00000000    
 -0.140625000       0.00000000    
  -7.03125000E-02   0.00000000    
   0.00000000       0.00000000    
   7.03125000E-02   3.27558450E+18
  0.140625000       3.46519996E+18
  0.210937500       3.73671583E+18
  0.281250000       4.06069380E+18
  0.351562500       4.40327249E+18
  0.421875000       4.73023536E+18
  0.492187500       5.01135190E+18
  0.562500000       5.22382592E+18
  0.632812500       5.35544296E+18
  0.703125000       5.40630472E+18
  0.773437500       5.39030188E+18
  0.843750000       5.33549342E+18
  0.914062500       5.28403683E+18
  0.984375000       5.28995880E+18
   1.05468750       5.41527344E+18
   1.12500000       5.72389371E+18
   1.19531250       6.27499642E+18
   1.26562500       7.11597218E+18
   1.33593750       8.27661391E+18
   1.40625000       9.76413824E+18
   1.47656250       1.15600849E+19
   1.54687500       1.36185466E+19
   1.61718750       1.58675658E+19
   1.68750000       1.82135476E+19
   1.75781250       2.05500834E+19
   1.82812500       2.27690826E+19
   1.89843750       2.47738705E+19
   1.96875000       2.64910878E+19
   2.03906250       2.78803889E+19
   2.10937500       2.89389459E+19
   2.17968750       2.97007030E+19
   2.25000000       3.02294537E+19
   2.32031250       3.06077517E+19
   2.39062500       3.09226958E+19
   2.46093750       3.12521975E+19
   2.53125000       3.16537655E+19
   2.60156250       3.21589295E+19
   2.67187500       3.27729100E+19
   2.74218750       3.34798960E+19
   2.81250000       3.42506382E+19
   2.88281250       3.50509969E+19
   2.95312500       3.58478130E+19
   3.02343750       3.66125014E+19
   3.09375000       3.73217303E+19
   3.16406250       3.79579913E+19
   3.23437500       3.85097439E+19
   3.30468750       3.89724623E+19
   3.37500000       3.93489351E+19
   3.44531250       3.96492249E+19
   3.51562500       3.98886766E+19
   3.58593750       4.00855199E+19
   3.65625000       4.02578398E+19
   3.72656250       4.04215923E+19
   3.79687500       4.05888940E+19
   3.86718750       4.07674810E+19
   3.93750000       4.09600099E+19
   4.00781250       4.11642112E+19
   4.07812500       4.13723664E+19
   4.14843750       4.15711053E+19
   4.21875000       4.17408259E+19
   4.28906250       4.18560019E+19
   4.35937500       4.18860054E+19
   4.42968750       4.17975871E+19
   4.50000000       4.15583290E+19
   4.57031250       4.11417108E+19
   4.64062500       4.05318117E+19
   4.71093750       3.97273650E+19
   4.78125000       3.87432098E+19
   4.85156250       3.76095693E+19
   4.92187500       3.63682888E+19
   4.99218750       3.50675996E+19
   5.06250000       3.37559657E+19
   5.13281250       3.24771765E+19
   5.20312500       3.12665725E+19
   5.27343750       3.01491212E+19
   5.34375000       2.91385821E+19
   5.41406250       2.82384141E+19
   5.48437500       2.74438564E+19
   5.55468750       2.67456335E+19
   5.62500000       2.61339796E+19
   5.69531250       2.56023965E+19
   5.76562500       2.51490261E+19
   5.83593750       2.47759816E+19
   5.90625000       2.44864450E+19
   5.97656250       2.42819710E+19
   6.04687500       2.41606311E+19
   6.11718750       2.41175874E+19
   6.18750000       2.41471951E+19
   6.25781250       2.42465338E+19
   6.32812500       2.44180576E+19
   6.39843750       2.46713235E+19
   6.46875000       2.50226834E+19
   6.53906250       2.54940880E+19
   6.60937500       2.61103775E+19
   6.67968750       2.68962424E+19
   6.75000000       2.78723493E+19
   6.82031250       2.90517888E+19
   6.89062500       3.04363840E+19
   6.96093750       3.20143217E+19
   7.03125000       3.37588707E+19
   7.10156250       3.56299206E+19
   7.17187500       3.75772964E+19
   7.24218750       3.95465745E+19
   7.31250000       4.14854269E+19
   7.38281250       4.33499832E+19
   7.45312500       4.51084013E+19
   7.52343750       4.67419589E+19
   7.59375000       4.82428715E+19
   7.66406250       4.96114908E+19
   7.73437500       5.08533672E+19
   7.80468750       5.19784402E+19
   7.87500000       5.30017513E+19
   7.94531250       5.39457876E+19
   8.01562500       5.48417093E+19
   8.08593750       5.57287644E+19
   8.15625000       5.66501200E+19
   8.22656250       5.76466998E+19
   8.29687500       5.87493604E+19
   8.36718750       5.99728397E+19
   8.43750000       6.13120581E+19
   8.50781250       6.27433232E+19
   8.57812500       6.42283852E+19
   8.64843750       6.57214252E+19
   8.71875000       6.71760791E+19
   8.78906250       6.85527424E+19
   8.85937500       6.98239670E+19
   8.92968750       7.09782694E+19
   9.00000000       7.20209671E+19
   9.07031250       7.29728187E+19
   9.14062500       7.38654902E+19
   9.21093750       7.47355909E+19
   9.28125000       7.56170386E+19
   9.35156250       7.65346559E+19
   9.42187500       7.74984965E+19
   9.49218750       7.85011368E+19
   9.56250000       7.95171295E+19
   9.63281250       8.05061182E+19
   9.70312500       8.14177277E+19
   9.77343750       8.21982139E+19
   9.84375000       8.27966473E+19
   9.91406250       8.31708594E+19
   9.98437500       8.32917529E+19
   10.0546875       8.31458785E+19
   10.1250000       8.27358750E+19
   10.1953125       8.20797833E+19
   10.2656250       8.12084863E+19
   10.3359375       8.01626044E+19
   10.4062500       7.89877367E+19
   10.4765625       7.77299569E+19
   10.5468750       7.64307124E+19
   10.6171875       7.51227070E+19
   10.6875000       7.38263828E+19
   10.7578125       7.25484072E+19
   10.8281250       7.12820073E+19
   10.8984375       7.00094106E+19
   10.9687500       6.87058208E+19
   11.0390625       6.73452191E+19
   11.1093750       6.59064378E+19
   11.1796875       6.43784113E+19
   11.2500000       6.27627274E+19
   11.3203125       6.10728528E+19
   11.3906250       5.93298541E+19
   11.4609375       5.75563859E+19
   11.5312500       5.57708625E+19
   11.6015625       5.39846135E+19
   11.6718750       5.22023404E+19
   11.7421875       5.04255736E+19
   11.8125000       4.86567716E+19
   11.8828125       4.69026240E+19
   11.9531250       4.51753528E+19
   12.0234375       4.34918773E+19
   12.0937500       4.18714127E+19
   12.1640625       4.03328177E+19
   12.2343750       3.88921628E+19
   12.3046875       3.75608213E+19
   12.3750000       3.63437477E+19
   12.4453125       3.52380920E+19
   12.5156250       3.42324875E+19
   12.5859375       3.33077586E+19
   12.6562500       3.24396084E+19
   12.7265625       3.16038894E+19
   12.7968750       3.07832645E+19
   12.8671875       2.99736304E+19
   12.9375000       2.91878226E+19
   13.0078125       2.84552268E+19
   13.0781250       2.78167646E+19
   13.1484375       2.73164340E+19
   13.2187500       2.69912402E+19
   13.2890625       2.68622631E+19
   13.3593750       2.69288759E+19
   13.4296875       2.71679692E+19
   13.5000000       2.75382605E+19
   13.5703125       2.79892428E+19
   13.6406250       2.84719745E+19
   13.7109375       2.89491670E+19
   13.7812500       2.94011674E+19
   13.8515625       2.98268895E+19
   13.9218750       3.02392570E+19
   13.9921875       3.06573771E+19
   14.0625000       3.10977073E+19
   14.1328125       3.15673725E+19
   14.2031250       3.20610862E+19
   14.2734375       3.25625580E+19
   14.3437500       3.30492063E+19
   14.4140625       3.34988955E+19
   14.4843750       3.38959314E+19
   14.5546875       3.42349570E+19
   14.6250000       3.45215205E+19
   14.6953125       3.47704631E+19
   14.7656250       3.50027042E+19
   14.8359375       3.52421272E+19
   14.9062500       3.55125565E+19
   14.9765625       3.58355183E+19
   15.0468750       3.62277998E+19
   15.1171875       3.66993694E+19
   15.1875000       3.72512077E+19
   15.2578125       3.78744636E+19
   15.3281250       3.85509755E+19
   15.3984375       3.92560000E+19
   15.4687500       3.99626693E+19
   15.5390625       4.06479553E+19
   15.6093750       4.12985583E+19
   15.6796875       4.19156263E+19
   15.7500000       4.25163466E+19
   15.8203125       4.31324074E+19
   15.8906250       4.38046092E+19
   15.9609375       4.45757407E+19
   16.0312500       4.54828422E+19
   16.1015625       4.65517698E+19
   16.1718750       4.77941828E+19
   16.2421875       4.92076094E+19
   16.3125000       5.07770215E+19
   16.3828125       5.24777241E+19
   16.4531250       5.42777302E+19
   16.5234375       5.61405316E+19
   16.5937500       5.80277025E+19
   16.6640625       5.99027525E+19
   16.7343750       6.17350666E+19
   16.8046875       6.35030637E+19
   16.8750000       6.51946975E+19
   16.9453125       6.68054865E+19
   17.0156250       6.83339880E+19
   17.0859375       6.97770266E+19
   17.1562500       7.11257579E+19
   17.2265625       7.23648240E+19
   17.2968750       7.34737606E+19
   17.3671875       7.44306392E+19
   17.4375000       7.52160775E+19
   17.5078125       7.58169474E+19
   17.5781250       7.62284902E+19
   17.6484375       7.64546378E+19
   17.7187500       7.65057167E+19
   17.7890625       7.63953609E+19
   17.8593750       7.61364567E+19
   17.9296875       7.57379145E+19
   18.0000000       7.52021533E+19
   18.0703125       7.45247222E+19
   18.1406250       7.36955805E+19
   18.2109375       7.27023125E+19
   18.2812500       7.15343804E+19
   18.3515625       7.01883539E+19
   18.4218750       6.86724968E+19
   18.4921875       6.70098725E+19
   18.5625000       6.52385021E+19
   18.6328125       6.34087916E+19
   18.7031250       6.15783642E+19
   18.7734375       5.98055996E+19
   18.8437500       5.81428258E+19
   18.9140625       5.66310281E+19
   18.9843750       5.52968235E+19
   19.0546875       5.41518405E+19
   19.1250000       5.31938360E+19
   19.1953125       5.24092509E+19
   19.2656250       5.17764907E+19
   19.3359375       5.12697390E+19
   19.4062500       5.08629681E+19
   19.4765625       5.05340338E+19
   19.5468750       5.02677805E+19
   19.6171875       5.00572020E+19
   19.6875000       4.99021445E+19
   19.7578125       4.98060120E+19
   19.8281250       4.97718919E+19
   19.8984375       4.97993313E+19
   19.9687500       4.98823752E+19
   20.0390625       5.00096503E+19
   20.1093750       5.01657150E+19
   20.1796875       5.03333333E+19
   20.2500000       5.04955509E+19
   20.3203125       5.06376650E+19
   20.3906250       5.07481087E+19
   20.4609375       5.08184423E+19
   20.5312500       5.08418311E+19
   20.6015625       5.08107545E+19
   20.6718750       5.07144593E+19
   20.7421875       5.05374291E+19
   20.8125000       5.02597320E+19
   20.8828125       4.98600112E+19
   20.9531250       4.93205204E+19
   21.0234375       4.86329254E+19
   21.0937500       4.78032603E+19
   21.1640625       4.68548436E+19
   21.2343750       4.58287046E+19
   21.3046875       4.47809887E+19
   21.3750000       4.37773677E+19
   21.4453125       4.28851976E+19
   21.5156250       4.21644809E+19
   21.5859375       4.16593037E+19
   21.6562500       4.13914407E+19
   21.7265625       4.13578572E+19
   21.7968750       4.15324904E+19
   21.8671875       4.18715886E+19
   21.9375000       4.23207435E+19
   22.0078125       4.28222396E+19
   22.0781250       4.33212639E+19
   22.1484375       4.37700978E+19
   22.2187500       4.41301878E+19
   22.2890625       4.43720012E+19
   22.3593750       4.44732970E+19
   22.4296875       4.44164303E+19
   22.5000000       4.41857923E+19
   22.5703125       4.37667904E+19
   22.6406250       4.31469341E+19
   22.7109375       4.23188260E+19
   22.7812500       4.12837501E+19
   22.8515625       4.00546852E+19
   22.9218750       3.86572763E+19
   22.9921875       3.71280580E+19
   23.0625000       3.55099551E+19
   23.1328125       3.38462466E+19
   23.2031250       3.21749230E+19
   23.2734375       3.05245209E+19
   23.3437500       2.89124829E+19
   23.4140625       2.73457492E+19
   23.4843750       2.58232115E+19
   23.5546875       2.43384288E+19
   23.6250000       2.28816418E+19
   23.6953125       2.14404635E+19
   23.7656250       1.99996833E+19
   23.8359375       1.85408601E+19
   23.9062500       1.70428766E+19
   23.9765625       1.54842529E+19
   24.0468750       1.38474946E+19
   24.1171875       1.21243312E+19
   24.1875000       1.03205604E+19
   24.2578125       8.45941212E+18
   24.3281250       6.58393170E+18
   24.3984375       4.75925312E+18
   24.4687500       3.07620236E+18
   24.5390625       1.65647474E+18
   24.6093750       6.58950788E+17
   24.6796875       1.52082748E+17
   24.7500000       0.00000000    
   24.8203125       0.00000000    
   24.8906250       0.00000000    
   24.9609375       0.00000000    
   25.0312500       0.00000000    
   25.1015625       0.00000000    
   25.1718750       0.00000000    
   25.2421875       0.00000000    
   25.3125000       0.00000000    
   25.3828125       0.00000000    
   25.4531250       0.00000000    
   25.5234375       0.00000000    
   25.5937500       0.00000000    
   25.6640625       0.00000000    
   25.7343750       0.00000000    
   25.8046875       0.00000000    
   25.8750000       0.00000000    
   25.9453125       0.00000000    
   26.0156250       0.00000000    
   26.0859375       0.00000000    
   26.1562500       0.00000000    
   26.2265625       0.00000000    
   26.2968750       0.00000000    
   26.3671875       0.00000000    
   26.4375000       0.00000000    
   26.5078125       0.00000000    
   26.5781250       0.00000000    
   26.6484375       0.00000000    
   26.7187500       0.00000000    
   26.7890625       0.00000000    
   26.8593750       0.00000000    
   26.9296875       0.00000000    
   27.0000000       0.00000000    
   27.0703125       0.00000000    
   27.1406250       0.00000000    
   27.2109375       0.00000000    
   27.2812500       0.00000000    
   27.3515625       0.00000000    
   27.4218750       0.00000000    
   27.4921875       0.00000000    
   27.5625000       0.00000000    
   27.6328125       0.00000000    
   27.7031250       0.00000000    
   27.7734375       0.00000000    
   27.8437500       0.00000000    
   27.9140625       0.00000000    
   27.9843750       0.00000000    
   28.0546875       0.00000000    
   28.1250000       0.00000000    
   28.1953125       0.00000000    
   28.2656250       0.00000000    
   28.3359375       0.00000000    
   28.4062500       0.00000000    
   28.4765625       0.00000000    
   28.5468750       0.00000000    
   28.6171875       0.00000000    
   28.6875000       0.00000000    
   28.7578125       0.00000000    
   28.8281250       0.00000000    
   28.8984375       0.00000000    
   28.9687500       0.00000000    
   29.0390625       0.00000000    
   29.1093750       0.00000000    
   29.1796875       0.00000000    
   29.2500000       0.00000000    
   29.3203125       0.00000000    
   29.3906250       0.00000000    
   29.4609375       0.00000000    
   29.5312500       0.00000000    
   29.6015625       0.00000000    
   29.6718750       0.00000000    
   29.7421875       0.00000000    
   29.8125000       0.00000000    
   29.8828125       0.00000000    
   29.9531250       0.00000000    
   30.0234375       0.00000000    
   30.0937500       0.00000000    
   30.1640625       0.00000000    
   30.2343750       0.00000000    
   30.3046875       0.00000000    
   30.3750000       0.00000000    
   30.4453125       0.00000000    
   30.5156250       0.00000000    
   30.5859375       0.00000000    
   30.6562500       0.00000000    
   30.7265625       0.00000000    
   30.7968750       0.00000000    
   30.8671875       0.00000000    
   30.9375000       0.00000000    
   31.0078125       0.00000000    
   31.0781250       0.00000000    
   31.1484375       0.00000000    
   31.2187500       0.00000000    
   31.2890625       0.00000000    
   31.3593750       0.00000000    
   31.4296875       0.00000000    
   31.5000000       1.29683041E+17
   31.5703125       5.95619468E+17
   31.6406250       1.47472107E+18
   31.7109375       2.62692762E+18
   31.7812500       3.78509269E+18
   31.8515625       4.79091796E+18
   31.9218750       5.57327711E+18
   31.9921875       6.12377729E+18
   32.0625000       6.47308719E+18
   32.1328125       6.67082885E+18
   32.2031250       6.77001855E+18
   32.2734375       6.81680991E+18
   32.3437500       6.84510310E+18
   32.4140625       6.87563599E+18
   32.4843750       6.91807274E+18
   32.5546875       6.97474102E+18
   32.6250000       7.04404983E+18
   32.6953125       7.12260279E+18
   32.7656250       7.20530750E+18
   32.8359375       7.28423760E+18
   32.9062500       7.34717749E+18
   32.9765625       7.37736568E+18
   33.0468750       7.35496808E+18
   33.1171875       7.26055357E+18
   33.1875000       7.07957835E+18
   33.2578125       6.80704625E+18
   33.3281250       6.45080448E+18
   33.3984375       6.03266076E+18
   33.4687500       5.58645145E+18
   33.5390625       5.15346543E+18
   33.6093750       4.77591347E+18
   33.6796875       4.49022902E+18
   33.7500000       4.32153177E+18
   33.8203125       4.28062004E+18
   33.8906250       4.36348859E+18
   33.9609375       4.55307985E+18
   34.0312500       4.82208526E+18
   34.1015625       5.13636802E+18
   34.1718750       5.45841498E+18
   34.2421875       5.75114455E+18
   34.3125000       5.98183309E+18
   34.3828125       6.12625009E+18
   34.4531250       6.17223002E+18
   34.5234375       6.12235012E+18
   34.5937500       5.99487330E+18
   34.6640625       5.82285800E+18
   34.7343750       5.65095321E+18
   34.8046875       5.53029665E+18
   34.8750000       5.51183695E+18
   34.9453125       5.63938579E+18
   35.0156250       5.94313083E+18
   35.0859375       6.43488630E+18
   35.1562500       7.10550703E+18
   35.2265625       7.92550961E+18
   35.2968750       8.84896744E+18
   35.3671875       9.82079058E+18
   35.4375000       1.07858671E+19
   35.5078125       1.16984189E+19
   35.5781250       1.25290208E+19
   35.6484375       1.32680333E+19
   35.7187500       1.39244901E+19
   35.7890625       1.45215019E+19
   35.8593750       1.50891929E+19
   35.9296875       1.56573446E+19
   36.0000000       1.62490028E+19
   36.0703125       1.68763028E+19
   36.1406250       1.75383397E+19
   36.2109375       1.82210341E+19
   36.2812500       1.88982079E+19
   36.3515625       1.95341545E+19
   36.4218750       2.00871582E+19
   36.4921875       2.05141074E+19
   36.5625000       2.07752436E+19
   36.6328125       2.08388152E+19
   36.7031250       2.06847780E+19
   36.7734375       2.03075048E+19
   36.8437500       1.97168845E+19
   36.9140625       1.89376584E+19
   36.9843750       1.80065073E+19
   37.0546875       1.69671764E+19
   37.1250000       1.58643574E+19
   37.1953125       1.47382002E+19
   37.2656250       1.36206940E+19
   37.3359375       1.25350296E+19
   37.4062500       1.14972390E+19
   37.4765625       1.05191949E+19
   37.5468750       9.61119947E+18
   37.6171875       8.78326392E+18
   37.6875000       8.04468568E+18
   37.7578125       7.40263301E+18
   37.8281250       6.86037366E+18
   37.8984375       6.41608136E+18
   37.9687500       6.06241080E+18
   38.0390625       5.78733278E+18
   38.1093750       5.57594287E+18
   38.1796875       0.00000000    
   38.2500000       0.00000000    
   38.3203125       0.00000000    
   38.3906250       0.00000000    
   38.4609375       0.00000000    
   38.5312500       0.00000000    
   38.6015625       0.00000000    
   38.6718750       0.00000000    
   38.7421875       0.00000000    
   38.8125000       0.00000000    
   38.8828125       0.00000000    
   38.9531250       0.00000000    
   39.0234375       0.00000000    
   39.0937500       0.00000000    
   39.1640625       0.00000000    
   39.2343750       0.00000000    
   39.3046875       0.00000000    
   39.3750000       0.00000000    
   39.4453125       0.00000000    
   39.5156250       0.00000000    
   39.5859375       0.00000000    
   39.6562500       0.00000000    
   39.7265625       0.00000000    
   39.7968750       0.00000000    
   39.8671875       0.00000000    
   39.9375000       0.00000000    
   40.0078125       0.00000000    
   40.0781250       0.00000000    
   40.1484375       0.00000000    
   40.2187500       0.00000000    
   40.2890625       0.00000000    
   40.3593750       0.00000000    
   40.4296875       0.00000000    
   40.5000000       0.00000000    
   40.5703125       0.00000000    
   40.6406250       0.00000000    
   40.7109375       0.00000000    
   40.7812500       0.00000000    
   40.8515625       0.00000000    
   40.9218750       0.00000000    
   40.9921875       0.00000000    
   41.0625000       0.00000000    
   41.1328125       0.00000000    
   41.2031250       0.00000000    
   41.2734375       0.00000000    
   41.3437500       0.00000000    
   41.4140625       0.00000000    
   41.4843750       0.00000000    
   41.5546875       0.00000000    
   41.6250000       0.00000000    
   41.6953125       0.00000000    
   41.7656250       0.00000000    
   41.8359375       0.00000000    
   41.9062500       0.00000000    
   41.9765625       0.00000000    
   42.0468750       0.00000000    
   42.1171875       0.00000000    
   42.1875000       0.00000000    
   42.2578125       0.00000000    
   42.3281250       0.00000000    
   42.3984375       0.00000000    
   42.4687500       0.00000000    
   42.5390625       0.00000000    
   42.6093750       0.00000000    
   42.6796875       0.00000000    
   42.7500000       0.00000000    
   42.8203125       0.00000000    
   42.8906250       0.00000000    
   42.9609375       0.00000000    
   43.0312500       0.00000000    
   43.1015625       0.00000000    
   43.1718750       0.00000000    
   43.2421875       0.00000000    
   43.3125000       0.00000000    
   43.3828125       0.00000000    
   43.4531250       0.00000000    
   43.5234375       0.00000000    
   43.5937500       0.00000000    
   43.6640625       0.00000000    
   43.7343750       0.00000000    
   43.8046875       0.00000000    
   43.8750000       0.00000000    
   43.9453125       0.00000000    
   44.0156250       0.00000000    
   44.0859375       0.00000000    
   44.1562500       0.00000000    
   44.2265625       0.00000000    
   44.2968750       0.00000000    
   44.3671875       0.00000000    
   44.4375000       0.00000000    
   44.5078125       0.00000000    
   44.5781250       0.00000000    
   44.6484375       0.00000000    
   44.7187500       0.00000000    
   44.7890625       0.00000000    
   44.8593750       0.00000000    
   44.9296875       0.00000000    
   45.0000000       0.00000000    
   45.0703125       0.00000000    
   45.1406250       0.00000000    
   45.2109375       0.00000000    
   45.2812500       0.00000000    
   45.3515625       0.00000000    
   45.4218750       0.00000000    
   45.4921875       0.00000000    
   45.5625000       0.00000000    
   45.6328125       0.00000000    
   45.7031250       0.00000000    
   45.7734375       0.00000000    
   45.8437500       0.00000000    
