2001 10 19 03 28 44.0 -4.100 123.910
22. 2.431E+20 7.524 274 76 19 179 72 166
  -1.12500000       0.00000000    
  -1.05468750       0.00000000    
 -0.984375000       0.00000000    
 -0.914062500       0.00000000    
 -0.843750000       0.00000000    
 -0.773437500       0.00000000    
 -0.703125000       0.00000000    
 -0.632812500       0.00000000    
 -0.562500000       0.00000000    
 -0.492187500       0.00000000    
 -0.421875000       0.00000000    
 -0.351562500       0.00000000    
 -0.281250000       0.00000000    
 -0.210937500       0.00000000    
 -0.140625000       0.00000000    
  -7.03125000E-02   0.00000000    
   0.00000000       0.00000000    
   7.03125000E-02   2.86417127E+17
  0.140625000       4.95999282E+17
  0.210937500       7.27529458E+17
  0.281250000       9.66086167E+17
  0.351562500       1.20301938E+18
  0.421875000       1.43476908E+18
  0.492187500       1.65982963E+18
  0.562500000       1.87830341E+18
  0.632812500       2.08985989E+18
  0.703125000       2.29436809E+18
  0.773437500       2.49083419E+18
  0.843750000       2.67873578E+18
  0.914062500       2.85730527E+18
  0.984375000       3.02693902E+18
   1.05468750       3.18830747E+18
   1.12500000       3.34340375E+18
   1.19531250       3.49424246E+18
   1.26562500       3.64361248E+18
   1.33593750       3.79369307E+18
   1.40625000       3.94686439E+18
   1.47656250       4.10444640E+18
   1.54687500       4.26764141E+18
   1.61718750       4.43645135E+18
   1.68750000       4.61083417E+18
   1.75781250       4.78987947E+18
   1.82812500       4.97320819E+18
   1.89843750       5.16018564E+18
   1.96875000       5.35103942E+18
   2.03906250       5.54557381E+18
   2.10937500       5.74386304E+18
   2.17968750       5.94479549E+18
   2.25000000       6.14685109E+18
   2.32031250       6.34694791E+18
   2.39062500       6.54168847E+18
   2.46093750       6.72671318E+18
   2.53125000       6.89833980E+18
   2.60156250       7.05307077E+18
   2.67187500       7.18913864E+18
   2.74218750       7.30576054E+18
   2.81250000       7.40431306E+18
   2.88281250       7.48714917E+18
   2.95312500       7.55836234E+18
   3.02343750       7.62232038E+18
   3.09375000       7.68427181E+18
   3.16406250       7.74882909E+18
   3.23437500       7.82067613E+18
   3.30468750       7.90324615E+18
   3.37500000       7.99965463E+18
   3.44531250       8.11153268E+18
   3.51562500       8.24008539E+18
   3.58593750       8.38505324E+18
   3.65625000       8.54577051E+18
   3.72656250       8.72003101E+18
   3.79687500       8.90503813E+18
   3.86718750       9.09627454E+18
   3.93750000       9.28860276E+18
   4.00781250       9.47535261E+18
   4.07812500       9.64975715E+18
   4.14843750       9.80447823E+18
   4.21875000       9.93344324E+18
   4.28906250       1.00315988E+19
   4.35937500       1.00967042E+19
   4.42968750       1.01287253E+19
   4.50000000       1.01309540E+19
   4.57031250       1.01085471E+19
   4.64062500       1.00688657E+19
   4.71093750       1.00194196E+19
   4.78125000       9.96789754E+18
   4.85156250       9.92012926E+18
   4.92187500       9.88053145E+18
   4.99218750       9.85092819E+18
   5.06250000       9.83199350E+18
   5.13281250       9.82282138E+18
   5.20312500       9.82264216E+18
   5.27343750       9.83014742E+18
   5.34375000       9.84468517E+18
   5.41406250       9.86504482E+18
   5.48437500       9.89030500E+18
   5.55468750       9.91861853E+18
   5.62500000       9.94830644E+18
   5.69531250       9.97693772E+18
   5.76562500       1.00026740E+19
   5.83593750       1.00234603E+19
   5.90625000       1.00382740E+19
   5.97656250       1.00460640E+19
   6.04687500       1.00468337E+19
   6.11718750       1.00407127E+19
   6.18750000       1.00293481E+19
   6.25781250       1.00151545E+19
   6.32812500       1.00025421E+19
   6.39843750       9.99664317E+18
   6.46875000       1.00037944E+19
   6.53906250       1.00295219E+19
   6.60937500       1.00786283E+19
   6.67968750       1.01533819E+19
   6.75000000       1.02541829E+19
   6.82031250       1.03784343E+19
   6.89062500       1.05218942E+19
   6.96093750       1.06781722E+19
   7.03125000       1.08405106E+19
   7.10156250       1.10014835E+19
   7.17187500       1.11548522E+19
   7.24218750       1.12952247E+19
   7.31250000       1.14197565E+19
   7.38281250       1.15274173E+19
   7.45312500       1.16200798E+19
   7.52343750       1.17010511E+19
   7.59375000       1.17755177E+19
   7.66406250       1.18486254E+19
   7.73437500       1.19257176E+19
   7.80468750       1.20105230E+19
   7.87500000       1.21057231E+19
   7.94531250       1.22115918E+19
   8.01562500       1.23269239E+19
   8.08593750       1.24478636E+19
   8.15625000       1.25688154E+19
   8.22656250       1.26812855E+19
   8.29687500       1.27750354E+19
   8.36718750       1.28374964E+19
   8.43750000       1.28558066E+19
   8.50781250       1.28170708E+19
   8.57812500       1.27110306E+19
   8.64843750       1.25305403E+19
   8.71875000       1.22739088E+19
   8.78906250       1.19444742E+19
   8.85937500       1.15516781E+19
   8.92968750       1.11092863E+19
   9.00000000       1.06352351E+19
   9.07031250       1.01488936E+19
   9.14062500       9.67028833E+18
   9.21093750       9.21718563E+18
   9.28125000       8.80464008E+18
   9.35156250       8.44280839E+18
   9.42187500       8.13754163E+18
   9.49218750       7.88941264E+18
   9.56250000       7.69548078E+18
   9.63281250       7.54919846E+18
   9.70312500       7.44264479E+18
   9.77343750       7.36648107E+18
   9.84375000       7.31191450E+18
   9.91406250       7.27023861E+18
   9.98437500       7.23448085E+18
   10.0546875       7.19878520E+18
   10.1250000       7.15981081E+18
   10.1953125       7.11560880E+18
   10.2656250       7.06628965E+18
   10.3359375       7.01226845E+18
   10.4062500       6.95465734E+18
   10.4765625       6.89365148E+18
   10.5468750       6.82943011E+18
   10.6171875       6.76114714E+18
   10.6875000       6.68829240E+18
   10.7578125       6.60981805E+18
   10.8281250       6.52532993E+18
   10.8984375       6.43391434E+18
   10.9687500       6.33510123E+18
   11.0390625       6.22763386E+18
   11.1093750       6.11055951E+18
   11.1796875       5.98235096E+18
   11.2500000       5.84242436E+18
   11.3203125       5.69052683E+18
   11.3906250       5.52824881E+18
   11.4609375       5.35819944E+18
   11.5312500       5.18519128E+18
   11.6015625       5.01498743E+18
   11.6718750       4.85501289E+18
   11.7421875       4.71268001E+18
   11.8125000       4.59582749E+18
   11.8828125       4.51089791E+18
   11.9531250       4.46330940E+18
   12.0234375       4.45568071E+18
   12.0937500       4.48841455E+18
   12.1640625       4.55835503E+18
   12.2343750       4.66003209E+18
   12.3046875       4.78511419E+18
   12.3750000       4.92439372E+18
   12.4453125       5.06769582E+18
   12.5156250       5.20584946E+18
   12.5859375       5.33012506E+18
   12.6562500       5.43352203E+18
   12.7265625       5.50968685E+18
   12.7968750       5.55407029E+18
   12.8671875       5.56310168E+18
   12.9375000       5.53578211E+18
   13.0078125       5.47317482E+18
   13.0781250       5.37986916E+18
   13.1484375       5.26270960E+18
   13.2187500       5.13099691E+18
   13.2890625       4.99386362E+18
   13.3593750       4.85963853E+18
   13.4296875       4.73335358E+18
   13.5000000       4.61727429E+18
   13.5703125       4.51022034E+18
   13.6406250       4.40986571E+18
   13.7109375       4.31315762E+18
   13.7812500       4.21871012E+18
   13.8515625       4.12645092E+18
   13.9218750       4.03879071E+18
   13.9921875       3.95897578E+18
   14.0625000       3.89115103E+18
   14.1328125       3.83800751E+18
   14.2031250       3.80076761E+18
   14.2734375       3.77745796E+18
   14.3437500       3.76405931E+18
   14.4140625       3.75417058E+18
   14.4843750       3.74144648E+18
   14.5546875       3.72010001E+18
   14.6250000       3.68744781E+18
   14.6953125       3.64374553E+18
   14.7656250       3.59349565E+18
   14.8359375       3.54381146E+18
   14.9062500       3.50436648E+18
   14.9765625       3.48486857E+18
   15.0468750       3.49475703E+18
   15.1171875       3.54095658E+18
   15.1875000       3.62820228E+18
   15.2578125       3.75759473E+18
   15.3281250       3.92772491E+18
   15.3984375       4.13386960E+18
   15.4687500       4.36949989E+18
   15.5390625       4.62567565E+18
   15.6093750       4.89268381E+18
   15.6796875       5.15956442E+18
   15.7500000       5.41587432E+18
   15.8203125       5.65133474E+18
   15.8906250       5.85771032E+18
   15.9609375       6.02854694E+18
   16.0312500       6.16101665E+18
   16.1015625       6.25542841E+18
   16.1718750       6.31670585E+18
   16.2421875       6.35346362E+18
   16.3125000       6.37880351E+18
   16.3828125       6.40818082E+18
   16.4531250       6.45852910E+18
   16.5234375       6.54439601E+18
   16.5937500       6.67601470E+18
   16.6640625       6.85574087E+18
   16.7343750       7.07808906E+18
   16.8046875       7.32942368E+18
   16.8750000       7.59151976E+18
   16.9453125       7.84379885E+18
   17.0156250       8.06768031E+18
   17.0859375       8.24789742E+18
   17.1562500       8.37477776E+18
   17.2265625       8.44327733E+18
   17.2968750       8.45340493E+18
   17.3671875       8.40814574E+18
   17.4375000       8.31355750E+18
   17.5078125       8.17689315E+18
   17.5781250       8.00718188E+18
   17.6484375       7.81382837E+18
   17.7187500       7.60740001E+18
   17.7890625       7.39808873E+18
   17.8593750       7.19613813E+18
   17.9296875       7.00988031E+18
   18.0000000       6.84585791E+18
   18.0703125       6.70688899E+18
   18.1406250       6.59272944E+18
   18.2109375       6.49925611E+18
   18.2812500       6.42062729E+18
   18.3515625       6.34981269E+18
   18.4218750       6.28141867E+18
   18.4921875       6.21193723E+18
   18.5625000       6.14150252E+18
   18.6328125       6.07252960E+18
   18.7031250       6.00974309E+18
   18.7734375       5.95754817E+18
   18.8437500       5.91964911E+18
   18.9140625       5.89682929E+18
   18.9843750       5.88753677E+18
   19.0546875       5.88694194E+18
   19.1250000       5.88874074E+18
   19.1953125       5.88504968E+18
   19.2656250       5.86853556E+18
   19.3359375       5.83223189E+18
   19.4062500       5.77132499E+18
   19.4765625       5.68249215E+18
   19.5468750       5.56521934E+18
   19.6171875       5.42072427E+18
   19.6875000       5.25289591E+18
   19.7578125       5.06688713E+18
   19.8281250       4.86984310E+18
   19.8984375       4.66937739E+18
   19.9687500       4.47421765E+18
   20.0390625       4.29258685E+18
   20.1093750       4.13274837E+18
   20.1796875       4.00132980E+18
   20.2500000       3.90386056E+18
   20.3203125       3.84311062E+18
   20.3906250       3.81974573E+18
   20.4609375       3.83104623E+18
   20.5312500       3.87222129E+18
   20.6015625       3.93581512E+18
   20.6718750       4.01342745E+18
   20.7421875       4.09517751E+18
   20.8125000       4.17125355E+18
   20.8828125       4.23105598E+18
   20.9531250       4.26441901E+18
   21.0234375       4.26058502E+18
   21.0937500       4.20947449E+18
   21.1640625       4.10077375E+18
   21.2343750       3.92528812E+18
   21.3046875       3.67422564E+18
   21.3750000       3.34112034E+18
   21.4453125       2.92241752E+18
   21.5156250       2.42189454E+18
   21.5859375       1.85514866E+18
   21.6562500       1.25876956E+18
   21.7265625       6.98912400E+17
   21.7968750       2.81942561E+17
   21.8671875       6.29954192E+16
   21.9375000       0.00000000    
   22.0078125       0.00000000    
   22.0781250       0.00000000    
   22.1484375       0.00000000    
   22.2187500       0.00000000    
   22.2890625       0.00000000    
   22.3593750       0.00000000    
   22.4296875       0.00000000    
   22.5000000       0.00000000    
   22.5703125       0.00000000    
   22.6406250       0.00000000    
   22.7109375       0.00000000    
   22.7812500       0.00000000    
   22.8515625       0.00000000    
   22.9218750       0.00000000    
   22.9921875       0.00000000    
   23.0625000       0.00000000    
   23.1328125       0.00000000    
   23.2031250       0.00000000    
   23.2734375       0.00000000    
   23.3437500       0.00000000    
   23.4140625       0.00000000    
   23.4843750       0.00000000    
   23.5546875       0.00000000    
   23.6250000       0.00000000    
   23.6953125       0.00000000    
   23.7656250       0.00000000    
   23.8359375       0.00000000    
   23.9062500       0.00000000    
   23.9765625       0.00000000    
   24.0468750       0.00000000    
   24.1171875       0.00000000    
   24.1875000       0.00000000    
   24.2578125       0.00000000    
   24.3281250       0.00000000    
   24.3984375       0.00000000    
   24.4687500       0.00000000    
   24.5390625       0.00000000    
   24.6093750       0.00000000    
   24.6796875       0.00000000    
   24.7500000       0.00000000    
   24.8203125       0.00000000    
   24.8906250       0.00000000    
   24.9609375       0.00000000    
   25.0312500       1.27498484E+17
   25.1015625       4.63030632E+17
   25.1718750       1.03913902E+18
   25.2421875       1.72940397E+18
   25.3125000       2.43746994E+18
   25.3828125       3.10763383E+18
   25.4531250       3.71514011E+18
   25.5234375       4.25429719E+18
   25.5937500       4.73061524E+18
   25.6640625       5.15344838E+18
   25.7343750       5.53333845E+18
   25.8046875       5.87908098E+18
   25.8750000       6.19804270E+18
   25.9453125       6.49483663E+18
   26.0156250       6.77235171E+18
   26.0859375       7.03076223E+18
   26.1562500       7.26884718E+18
   26.2265625       7.48334486E+18
   26.2968750       7.67064556E+18
   26.3671875       7.82652058E+18
   26.4375000       7.94809468E+18
   26.5078125       8.03353443E+18
   26.5781250       8.08356441E+18
   26.6484375       8.10036989E+18
   26.7187500       8.08822029E+18
   26.7890625       8.05157247E+18
   26.8593750       7.99528517E+18
   26.9296875       7.92283065E+18
   27.0000000       7.83703741E+18
   27.0703125       7.73911270E+18
   27.1406250       7.63020938E+18
   27.2109375       7.51103661E+18
   27.2812500       7.38352954E+18
   27.3515625       7.24996032E+18
   27.4218750       7.11375887E+18
   27.4921875       6.97787902E+18
   27.5625000       6.84532465E+18
   27.6328125       6.71775271E+18
   27.7031250       6.59661402E+18
   27.7734375       6.48242094E+18
   27.8437500       6.37634721E+18
   27.9140625       6.27959788E+18
   27.9843750       6.19478540E+18
   28.0546875       6.12487350E+18
   28.1250000       6.07410960E+18
   28.1953125       6.04661301E+18
   28.2656250       6.04709790E+18
   28.3359375       6.07951480E+18
   28.4062500       6.14802537E+18
   28.4765625       6.25589626E+18
   28.5468750       6.40649471E+18
   28.6171875       6.60189277E+18
   28.6875000       6.84341535E+18
   28.7578125       7.12979964E+18
   28.8281250       7.45751073E+18
   28.8984375       7.81904335E+18
   28.9687500       8.20382294E+18
   29.0390625       8.59759269E+18
   29.1093750       8.98478186E+18
   29.1796875       9.34928701E+18
   29.2500000       9.67758359E+18
   29.3203125       9.95934444E+18
   29.3906250       1.01895459E+19
   29.4609375       1.03675722E+19
   29.5312500       1.04976532E+19
   29.6015625       1.05866136E+19
   29.6718750       1.06436178E+19
   29.7421875       1.06780028E+19
   29.8125000       1.06997919E+19
   29.8828125       1.07185528E+19
   29.9531250       1.07447113E+19
   30.0234375       1.07884829E+19
   30.0937500       1.08603425E+19
   30.1640625       1.09684861E+19
   30.2343750       1.11179471E+19
   30.3046875       1.13076503E+19
   30.3750000       1.15305433E+19
   30.4453125       1.17729152E+19
   30.5156250       1.20172905E+19
   30.5859375       1.22440955E+19
   30.6562500       1.24357503E+19
   30.7265625       1.25781041E+19
   30.7968750       1.26631689E+19
   30.8671875       1.26886885E+19
   30.9375000       1.26589347E+19
   31.0078125       1.25825296E+19
   31.0781250       1.24717780E+19
   31.1484375       1.23394902E+19
   31.2187500       1.21979468E+19
   31.2890625       1.20559592E+19
   31.3593750       1.19187148E+19
   31.4296875       1.17861764E+19
   31.5000000       1.16545231E+19
   31.5703125       1.15160033E+19
   31.6406250       1.13613306E+19
   31.7109375       1.11799431E+19
   31.7812500       1.09623332E+19
   31.8515625       1.06999744E+19
   31.9218750       1.03871919E+19
   31.9921875       1.00205663E+19
   32.0625000       9.60021865E+18
   32.1328125       9.12843416E+18
   32.2031250       8.61012932E+18
   32.2734375       8.05073739E+18
   32.3437500       7.45611490E+18
   32.4140625       6.83011016E+18
   32.4843750       6.17452140E+18
   32.5546875       5.48745583E+18
   32.6250000       4.76522127E+18
   32.6953125       4.00383283E+18
   32.7656250       3.20517370E+18
   32.8359375       2.38354082E+18
   32.9062500       1.57679891E+18
   32.9765625       8.56404247E+17
   33.0468750       3.38774616E+17
   33.1171875       7.38026994E+16
   33.1875000       0.00000000    
   33.2578125       0.00000000    
   33.3281250       0.00000000    
   33.3984375       0.00000000    
   33.4687500       0.00000000    
   33.5390625       0.00000000    
   33.6093750       0.00000000    
   33.6796875       0.00000000    
   33.7500000       0.00000000    
   33.8203125       0.00000000    
   33.8906250       0.00000000    
   33.9609375       0.00000000    
   34.0312500       0.00000000    
   34.1015625       0.00000000    
   34.1718750       0.00000000    
   34.2421875       0.00000000    
   34.3125000       0.00000000    
   34.3828125       0.00000000    
   34.4531250       0.00000000    
   34.5234375       0.00000000    
   34.5937500       0.00000000    
   34.6640625       0.00000000    
   34.7343750       0.00000000    
   34.8046875       0.00000000    
   34.8750000       0.00000000    
   34.9453125       0.00000000    
   35.0156250       0.00000000    
   35.0859375       0.00000000    
   35.1562500       0.00000000    
   35.2265625       0.00000000    
   35.2968750       0.00000000    
   35.3671875       0.00000000    
   35.4375000       0.00000000    
   35.5078125       0.00000000    
   35.5781250       0.00000000    
   35.6484375       0.00000000    
   35.7187500       0.00000000    
   35.7890625       0.00000000    
   35.8593750       0.00000000    
   35.9296875       0.00000000    
   36.0000000       0.00000000    
   36.0703125       0.00000000    
   36.1406250       0.00000000    
   36.2109375       0.00000000    
   36.2812500       0.00000000    
   36.3515625       0.00000000    
   36.4218750       0.00000000    
   36.4921875       0.00000000    
   36.5625000       0.00000000    
   36.6328125       0.00000000    
   36.7031250       0.00000000    
   36.7734375       0.00000000    
   36.8437500       0.00000000    
   36.9140625       0.00000000    
   36.9843750       0.00000000    
   37.0546875       0.00000000    
   37.1250000       0.00000000    
   37.1953125       0.00000000    
   37.2656250       0.00000000    
   37.3359375       6.80115802E+16
   37.4062500       2.54866486E+17
   37.4765625       5.80990259E+17
   37.5468750       9.79871294E+17
   37.6171875       1.39128683E+18
   37.6875000       1.78095279E+18
   37.7578125       2.13190687E+18
   37.8281250       2.43859529E+18
   37.8984375       2.70038846E+18
   37.9687500       2.91932514E+18
   38.0390625       3.09753866E+18
   38.1093750       3.23821842E+18
   38.1796875       3.34502746E+18
   38.2500000       3.42374177E+18
   38.3203125       3.48136992E+18
   38.3906250       3.52698261E+18
   38.4609375       3.56990068E+18
   38.5312500       3.61973824E+18
   38.6015625       3.68418584E+18
   38.6718750       3.76919238E+18
   38.7421875       3.87740604E+18
   38.8125000       4.00926690E+18
   38.8828125       4.16229253E+18
   38.9531250       4.33275614E+18
   39.0234375       4.51525088E+18
   39.0937500       4.70443917E+18
   39.1640625       4.89451779E+18
   39.2343750       5.08071734E+18
   39.3046875       5.25846934E+18
   39.3750000       5.42472924E+18
   39.4453125       5.57712540E+18
   39.5156250       5.71522516E+18
   39.5859375       5.83938916E+18
   39.6562500       5.95151515E+18
   39.7265625       6.05335082E+18
   39.7968750       6.14687583E+18
   39.8671875       6.23263114E+18
   39.9375000       6.31050405E+18
   40.0078125       6.37862924E+18
   40.0781250       6.43476481E+18
   40.1484375       6.47567709E+18
   40.2187500       6.49885809E+18
   40.2890625       6.50192848E+18
   40.3593750       6.48396191E+18
   40.4296875       6.44425799E+18
   40.5000000       6.38309876E+18
   40.5703125       6.30021977E+18
   40.6406250       6.19555506E+18
   40.7109375       6.06803315E+18
   40.7812500       5.91687504E+18
   40.8515625       5.74104389E+18
   40.9218750       5.54114113E+18
   40.9921875       5.31923879E+18
   41.0625000       5.08074318E+18
   41.1328125       4.83353888E+18
   41.2031250       4.58849594E+18
   41.2734375       4.35686595E+18
   41.3437500       4.14926771E+18
   41.4140625       3.97245772E+18
   41.4843750       3.82905996E+18
   41.5546875       3.71641115E+18
   41.6250000       3.62903131E+18
   41.6953125       3.55983162E+18
   41.7656250       3.50363338E+18
   41.8359375       3.45773152E+18
   41.9062500       3.42343336E+18
   41.9765625       3.40421114E+18
   42.0468750       3.40538625E+18
   42.1171875       3.43152576E+18
   42.1875000       3.48642410E+18
   42.2578125       3.57135533E+18
   42.3281250       3.68600910E+18
   42.3984375       3.82756105E+18
   42.4687500       3.99213980E+18
   42.5390625       4.17411008E+18
   42.6093750       4.36757794E+18
   42.6796875       4.56576382E+18
   42.7500000       4.76262697E+18
   42.8203125       4.95220257E+18
   42.8906250       5.12995182E+18
   42.9609375       5.29173836E+18
   43.0312500       5.43486454E+18
   43.1015625       5.55682017E+18
   43.1718750       5.65625175E+18
   43.2421875       5.73187836E+18
   43.3125000       5.78375882E+18
   43.3828125       5.81235766E+18
   43.4531250       5.81967656E+18
   43.5234375       5.80793598E+18
   43.5937500       5.78024863E+18
   43.6640625       5.73887070E+18
   43.7343750       5.68565269E+18
   43.8046875       5.62044725E+18
   43.8750000       5.54211530E+18
   43.9453125       5.44769804E+18
   44.0156250       5.33406461E+18
   44.0859375       5.19742335E+18
   44.1562500       5.03486385E+18
   44.2265625       4.84334872E+18
   44.2968750       4.62048486E+18
   44.3671875       4.36275906E+18
   44.4375000       4.06592281E+18
   44.5078125       3.72341201E+18
   44.5781250       3.32781873E+18
   44.6484375       2.87167286E+18
   44.7187500       2.35284603E+18
   44.7890625       1.78066334E+18
   44.8593750       1.18713350E+18
   44.9296875       6.37868133E+17
   45.0000000       2.45394004E+17
   45.0703125       4.79841950E+16
   45.1406250       0.00000000    
   45.2109375       0.00000000    
   45.2812500       0.00000000    
   45.3515625       0.00000000    
   45.4218750       0.00000000    
   45.4921875       0.00000000    
   45.5625000       0.00000000    
   45.6328125       0.00000000    
   45.7031250       0.00000000    
   45.7734375       0.00000000    
   45.8437500       0.00000000    
   45.9140625       0.00000000    
   45.9843750       0.00000000    
   46.0546875       0.00000000    
   46.1250000       0.00000000    
   46.1953125       0.00000000    
   46.2656250       0.00000000    
   46.3359375       0.00000000    
   46.4062500       0.00000000    
   46.4765625       0.00000000    
   46.5468750       0.00000000    
   46.6171875       0.00000000    
   46.6875000       0.00000000    
   46.7578125       0.00000000    
   46.8281250       0.00000000    
   46.8984375       0.00000000    
   46.9687500       0.00000000    
   47.0390625       0.00000000    
   47.1093750       0.00000000    
   47.1796875       0.00000000    
   47.2500000       0.00000000    
   47.3203125       0.00000000    
   47.3906250       0.00000000    
   47.4609375       0.00000000    
   47.5312500       0.00000000    
   47.6015625       0.00000000    
   47.6718750       0.00000000    
   47.7421875       0.00000000    
   47.8125000       0.00000000    
   47.8828125       0.00000000    
   47.9531250       0.00000000    
   48.0234375       0.00000000    
   48.0937500       0.00000000    
   48.1640625       0.00000000    
   48.2343750       0.00000000    
   48.3046875       0.00000000    
   48.3750000       0.00000000    
   48.4453125       0.00000000    
   48.5156250       0.00000000    
   48.5859375       0.00000000    
   48.6562500       0.00000000    
   48.7265625       0.00000000    
   48.7968750       0.00000000    
   48.8671875       0.00000000    
   48.9375000       0.00000000    
   49.0078125       0.00000000    
   49.0781250       0.00000000    
   49.1484375       0.00000000    
   49.2187500       0.00000000    
   49.2890625       0.00000000    
   49.3593750       0.00000000    
   49.4296875       0.00000000    
   49.5000000       0.00000000    
   49.5703125       0.00000000    
   49.6406250       0.00000000    
   49.7109375       6.02185081E+16
   49.7812500       2.61685176E+17
   49.8515625       6.38609685E+17
   49.9218750       1.13523339E+18
   49.9921875       1.65836824E+18
   50.0625000       2.15556135E+18
   50.1328125       2.60374112E+18
   50.2031250       2.99974810E+18
   50.2734375       3.35017922E+18
   50.3437500       3.66585973E+18
   50.4140625       3.95673525E+18
   50.4843750       4.23103234E+18
   50.5546875       4.49363091E+18
   50.6250000       4.74735586E+18
   50.6953125       4.99245459E+18
   50.7656250       5.22833887E+18
   50.8359375       5.45309554E+18
   50.9062500       5.66496868E+18
   50.9765625       5.86148494E+18
   51.0468750       6.04066686E+18
   51.1171875       6.20014992E+18
   51.1875000       6.33855754E+18
   51.2578125       6.45477757E+18
   51.3281250       6.54938065E+18
   51.3984375       6.62376701E+18
   51.4687500       6.68125882E+18
   51.5390625       6.72576980E+18
   51.6093750       6.76253912E+18
   51.6796875       6.79668720E+18
   51.7500000       6.83395735E+18
   51.8203125       6.87927042E+18
   51.8906250       6.93752090E+18
   51.9609375       7.01236301E+18
   52.0312500       7.10725086E+18
   52.1015625       7.22430322E+18
   52.1718750       7.36526940E+18
   52.2421875       7.53026487E+18
   52.3125000       7.71859142E+18
   52.3828125       7.92736174E+18
   52.4531250       8.15237130E+18
   52.5234375       8.38700378E+18
   52.5937500       8.62356316E+18
   52.6640625       8.85268269E+18
   52.7343750       9.06518970E+18
   52.8046875       9.25197803E+18
   52.8750000       9.40608778E+18
   52.9453125       9.52258873E+18
   53.0156250       9.60048034E+18
   53.0859375       9.64220570E+18
   53.1562500       9.65486658E+18
   53.2265625       9.64855208E+18
   53.2968750       9.63602315E+18
   53.3671875       9.62958551E+18
   53.4375000       9.63997040E+18
   53.5078125       9.67342414E+18
   53.5781250       9.73189177E+18
   53.6484375       9.81219350E+18
   53.7187500       9.90837658E+18
   53.7890625       1.00123398E+19
   53.8593750       1.01164965E+19
   53.9296875       1.02138715E+19
   54.0000000       1.02999391E+19
   54.0703125       1.03718812E+19
   54.1406250       1.04295561E+19
   54.2109375       1.04739115E+19
   54.2812500       1.05073124E+19
   54.3515625       1.05316194E+19
   54.4218750       1.05485925E+19
   54.4921875       1.05584057E+19
   54.5625000       1.05607597E+19
   54.6328125       1.05540868E+19
   54.7031250       1.05371906E+19
   54.7734375       1.05087407E+19
   54.8437500       1.04688174E+19
   54.9140625       1.04179386E+19
   54.9843750       1.03579911E+19
   55.0546875       1.02907955E+19
   55.1250000       1.02188380E+19
   55.1953125       1.01437941E+19
   55.2656250       1.00671999E+19
   55.3359375       9.98898507E+18
   55.4062500       9.90833699E+18
   55.4765625       9.82259488E+18
   55.5468750       9.72858114E+18
   55.6171875       9.62199338E+18
   55.6875000       9.49922851E+18
   55.7578125       9.35694071E+18
   55.8281250       9.19362420E+18
   55.8984375       9.00853956E+18
   55.9687500       8.80251142E+18
   56.0390625       8.57624567E+18
   56.1093750       8.33089570E+18
   56.1796875       8.06672814E+18
   56.2500000       7.78440379E+18
   56.3203125       7.48424041E+18
   56.3906250       7.16769816E+18
   56.4609375       6.83641970E+18
   56.5312500       6.49330556E+18
   56.6015625       6.14121225E+18
   56.6718750       5.78387591E+18
   56.7421875       5.42457146E+18
   56.8125000       5.06700148E+18
   56.8828125       4.71380976E+18
   56.9531250       4.36721730E+18
   57.0234375       4.02727057E+18
   57.0937500       3.69239204E+18
   57.1640625       3.35783924E+18
   57.2343750       3.01680509E+18
   57.3046875       2.65995970E+18
   57.3750000       2.27837982E+18
   57.4453125       1.86577008E+18
   57.5156250       1.42474730E+18
   57.5859375       9.72531091E+17
   57.6562500       0.00000000    
   57.7265625       0.00000000    
   57.7968750       0.00000000    
   57.8671875       0.00000000    
   57.9375000       0.00000000    
   58.0078125       0.00000000    
   58.0781250       0.00000000    
   58.1484375       0.00000000    
   58.2187500       0.00000000    
   58.2890625       0.00000000    
   58.3593750       0.00000000    
   58.4296875       0.00000000    
   58.5000000       0.00000000    
   58.5703125       0.00000000    
   58.6406250       0.00000000    
   58.7109375       0.00000000    
   58.7812500       0.00000000    
   58.8515625       0.00000000    
   58.9218750       0.00000000    
   58.9921875       0.00000000    
   59.0625000       0.00000000    
   59.1328125       0.00000000    
   59.2031250       0.00000000    
   59.2734375       0.00000000    
   59.3437500       0.00000000    
   59.4140625       0.00000000    
   59.4843750       0.00000000    
   59.5546875       0.00000000    
   59.6250000       0.00000000    
   59.6953125       0.00000000    
   59.7656250       0.00000000    
   59.8359375       0.00000000    
   59.9062500       0.00000000    
   59.9765625       0.00000000    
   60.0468750       0.00000000    
   60.1171875       0.00000000    
   60.1875000       0.00000000    
   60.2578125       0.00000000    
   60.3281250       0.00000000    
   60.3984375       0.00000000    
   60.4687500       0.00000000    
   60.5390625       0.00000000    
   60.6093750       0.00000000    
   60.6796875       0.00000000    
   60.7500000       0.00000000    
   60.8203125       0.00000000    
   60.8906250       0.00000000    
   60.9609375       0.00000000    
   61.0312500       0.00000000    
   61.1015625       0.00000000    
   61.1718750       0.00000000    
   61.2421875       0.00000000    
   61.3125000       0.00000000    
   61.3828125       0.00000000    
   61.4531250       0.00000000    
   61.5234375       0.00000000    
   61.5937500       0.00000000    
   61.6640625       0.00000000    
   61.7343750       0.00000000    
   61.8046875       0.00000000    
   61.8750000       0.00000000    
   61.9453125       0.00000000    
   62.0156250       0.00000000    
   62.0859375       0.00000000    
   62.1562500       0.00000000    
   62.2265625       0.00000000    
   62.2968750       0.00000000    
   62.3671875       0.00000000    
   62.4375000       0.00000000    
   62.5078125       0.00000000    
   62.5781250       0.00000000    
   62.6484375       0.00000000    
   62.7187500       0.00000000    
   62.7890625       0.00000000    
   62.8593750       0.00000000    
   62.9296875       0.00000000    
   63.0000000       0.00000000    
   63.0703125       0.00000000    
   63.1406250       0.00000000    
   63.2109375       0.00000000    
   63.2812500       0.00000000    
   63.3515625       0.00000000    
   63.4218750       0.00000000    
   63.4921875       0.00000000    
   63.5625000       0.00000000    
   63.6328125       0.00000000    
   63.7031250       0.00000000    
   63.7734375       0.00000000    
   63.8437500       0.00000000    
   63.9140625       0.00000000    
   63.9843750       0.00000000    
   64.0546875       0.00000000    
   64.1250000       0.00000000    
   64.1953125       0.00000000    
   64.2656250       0.00000000    
   64.3359375       0.00000000    
   64.4062500       0.00000000    
   64.4765625       0.00000000    
   64.5468750       0.00000000    
   64.6171875       0.00000000    
   64.6875000       0.00000000    
   64.7578125       0.00000000    
   64.8281250       0.00000000    
   64.8984375       0.00000000    
   64.9687500       0.00000000    
   65.0390625       0.00000000    
   65.1093750       0.00000000    
   65.1796875       0.00000000    
   65.2500000       0.00000000    
   65.3203125       0.00000000    
   65.3906250       0.00000000    
   65.4609375       0.00000000    
   65.5312500       0.00000000    
   65.6015625       0.00000000    
   65.6718750       0.00000000    
   65.7421875       0.00000000    
   65.8125000       0.00000000    
   65.8828125       0.00000000    
   65.9531250       0.00000000    
   66.0234375       0.00000000    
   66.0937500       0.00000000    
   66.1640625       0.00000000    
   66.2343750       0.00000000    
   66.3046875       0.00000000    
   66.3750000       0.00000000    
   66.4453125       0.00000000    
   66.5156250       0.00000000    
   66.5859375       0.00000000    
   66.6562500       0.00000000    
   66.7265625       0.00000000    
   66.7968750       0.00000000    
   66.8671875       0.00000000    
   66.9375000       0.00000000    
   67.0078125       0.00000000    
   67.0781250       0.00000000    
   67.1484375       0.00000000    
   67.2187500       0.00000000    
   67.2890625       0.00000000    
   67.3593750       0.00000000    
   67.4296875       0.00000000    
   67.5000000       0.00000000    
   67.5703125       0.00000000    
   67.6406250       0.00000000    
   67.7109375       0.00000000    
   67.7812500       0.00000000    
   67.8515625       0.00000000    
   67.9218750       0.00000000    
   67.9921875       0.00000000    
   68.0625000       0.00000000    
   68.1328125       0.00000000    
   68.2031250       0.00000000    
   68.2734375       0.00000000    
   68.3437500       0.00000000    
   68.4140625       0.00000000    
   68.4843750       0.00000000    
   68.5546875       0.00000000    
   68.6250000       0.00000000    
   68.6953125       0.00000000    
   68.7656250       0.00000000    
   68.8359375       0.00000000    
   68.9062500       0.00000000    
   68.9765625       0.00000000    
   69.0468750       0.00000000    
   69.1171875       0.00000000    
   69.1875000       0.00000000    
   69.2578125       0.00000000    
   69.3281250       0.00000000    
   69.3984375       0.00000000    
   69.4687500       0.00000000    
   69.5390625       0.00000000    
   69.6093750       0.00000000    
   69.6796875       0.00000000    
   69.7500000       0.00000000    
   69.8203125       0.00000000    
   69.8906250       0.00000000    
   69.9609375       0.00000000    
   70.0312500       0.00000000    
   70.1015625       0.00000000    
   70.1718750       0.00000000    
   70.2421875       0.00000000    
   70.3125000       0.00000000    
   70.3828125       0.00000000    
   70.4531250       0.00000000    
   70.5234375       0.00000000    
   70.5937500       0.00000000    
   70.6640625       0.00000000    
   70.7343750       0.00000000    
   70.8046875       0.00000000    
   70.8750000       0.00000000    
   70.9453125       0.00000000    
   71.0156250       0.00000000    
   71.0859375       0.00000000    
   71.1562500       0.00000000    
   71.2265625       0.00000000    
   71.2968750       0.00000000    
   71.3671875       0.00000000    
   71.4375000       0.00000000    
   71.5078125       0.00000000    
   71.5781250       0.00000000    
   71.6484375       0.00000000    
   71.7187500       0.00000000    
   71.7890625       0.00000000    
   71.8593750       0.00000000    
   71.9296875       0.00000000    
   72.0000000       0.00000000    
   72.0703125       0.00000000    
   72.1406250       0.00000000    
   72.2109375       0.00000000    
   72.2812500       0.00000000    
   72.3515625       0.00000000    
   72.4218750       0.00000000    
   72.4921875       0.00000000    
   72.5625000       0.00000000    
   72.6328125       0.00000000    
   72.7031250       0.00000000    
   72.7734375       0.00000000    
   72.8437500       0.00000000    
   72.9140625       0.00000000    
   72.9843750       0.00000000    
   73.0546875       0.00000000    
   73.1250000       0.00000000    
   73.1953125       0.00000000    
   73.2656250       0.00000000    
   73.3359375       0.00000000    
   73.4062500       0.00000000    
