1997 12 05 11 26 54.0 54.840 162.040
31. 7.479E+20 7.849 224 21 97 37 69 87
  -1.12500000       0.00000000    
  -1.05468750       8.82515586E+17
 -0.984375000       8.79977639E+17
 -0.914062500       8.76545788E+17
 -0.843750000       8.72011058E+17
 -0.773437500       8.66305280E+17
 -0.703125000       8.59512566E+17
 -0.632812500       8.51769255E+17
 -0.562500000       8.43264602E+17
 -0.492187500       8.34152399E+17
 -0.421875000       8.24583349E+17
 -0.351562500       8.14656890E+17
 -0.281250000       8.06239166E+17
 -0.210937500       8.00067470E+17
 -0.140625000       7.96594525E+17
  -7.03125000E-02   7.94314069E+17
   0.00000000       7.92752282E+17
   7.03125000E-02   7.91703416E+17
  0.140625000       7.93183153E+17
  0.210937500       7.99192946E+17
  0.281250000       8.10986514E+17
  0.351562500       8.27009903E+17
  0.421875000       8.45425554E+17
  0.492187500       8.66078094E+17
  0.562500000       8.88955838E+17
  0.632812500       9.15075905E+17
  0.703125000       9.44911634E+17
  0.773437500       9.80765815E+17
  0.843750000       1.02534758E+18
  0.914062500       1.07990555E+18
  0.984375000       1.14603698E+18
   1.05468750       1.22321631E+18
   1.12500000       1.31054777E+18
   1.19531250       1.40447300E+18
   1.26562500       1.50229036E+18
   1.33593750       1.60240749E+18
   1.40625000       1.70340712E+18
   1.47656250       1.80346804E+18
   1.54687500       1.90150297E+18
   1.61718750       1.99820350E+18
   1.68750000       2.09441228E+18
   1.75781250       2.19017865E+18
   1.82812500       2.28421342E+18
   1.89843750       2.37511939E+18
   1.96875000       2.46124139E+18
   2.03906250       2.54075944E+18
   2.10937500       2.61180658E+18
   2.17968750       2.67276351E+18
   2.25000000       2.72244054E+18
   2.32031250       2.76033824E+18
   2.39062500       2.78673641E+18
   2.46093750       2.80279753E+18
   2.53125000       2.81044325E+18
   2.60156250       2.81222034E+18
   2.67187500       2.81097349E+18
   2.74218750       2.80956090E+18
   2.81250000       2.81046772E+18
   2.88281250       2.81662361E+18
   2.95312500       2.83019681E+18
   3.02343750       2.85240364E+18
   3.09375000       2.88274357E+18
   3.16406250       2.92047001E+18
   3.23437500       2.96515224E+18
   3.30468750       3.01674902E+18
   3.37500000       3.07536261E+18
   3.44531250       3.14094655E+18
   3.51562500       3.21290327E+18
   3.58593750       3.28994550E+18
   3.65625000       3.37008945E+18
   3.72656250       3.45102230E+18
   3.79687500       3.53054311E+18
   3.86718750       3.60713976E+18
   3.93750000       3.68027625E+18
   4.00781250       3.75051965E+18
   4.07812500       3.81926139E+18
   4.14843750       3.88833216E+18
   4.21875000       3.95941009E+18
   4.28906250       4.03363290E+18
   4.35937500       4.11131999E+18
   4.42968750       4.19204888E+18
   4.50000000       4.27480198E+18
   4.57031250       4.35832226E+18
   4.64062500       4.44139228E+18
   4.71093750       4.52316709E+18
   4.78125000       4.60328520E+18
   4.85156250       4.68195471E+18
   4.92187500       4.75980343E+18
   4.99218750       4.83775331E+18
   5.06250000       4.91671913E+18
   5.13281250       4.99745407E+18
   5.20312500       5.08037539E+18
   5.27343750       5.16557050E+18
   5.34375000       5.25275792E+18
   5.41406250       5.34137691E+18
   5.48437500       5.43058359E+18
   5.55468750       5.51936145E+18
   5.62500000       5.60657966E+18
   5.69531250       5.69126680E+18
   5.76562500       5.77294017E+18
   5.83593750       5.85217043E+18
   5.90625000       5.93105984E+18
   5.97656250       6.01378874E+18
   6.04687500       6.10483985E+18
   6.11718750       6.20205097E+18
   6.18750000       6.30123792E+18
   6.25781250       6.39747432E+18
   6.32812500       6.49133303E+18
   6.39843750       6.58335391E+18
   6.46875000       6.67385911E+18
   6.53906250       6.76295034E+18
   6.60937500       6.85046651E+18
   6.67968750       6.93608109E+18
   6.75000000       7.01924815E+18
   6.82031250       7.09922552E+18
   6.89062500       7.17498847E+18
   6.96093750       7.24535832E+18
   7.03125000       7.30908876E+18
   7.10156250       7.36516220E+18
   7.17187500       7.41299206E+18
   7.24218750       7.45264704E+18
   7.31250000       7.48478852E+18
   7.38281250       7.51054348E+18
   7.45312500       7.53117911E+18
   7.52343750       7.54790763E+18
   7.59375000       7.56168231E+18
   7.66406250       7.57324972E+18
   7.73437500       7.58323109E+18
   7.80468750       7.59231306E+18
   7.87500000       7.60123944E+18
   7.94531250       7.61082608E+18
   8.01562500       7.62177667E+18
   8.08593750       7.63463051E+18
   8.15625000       7.64962235E+18
   8.22656250       7.66668952E+18
   8.29687500       7.68540871E+18
   8.36718750       7.70505093E+18
   8.43750000       7.72454912E+18
   8.50781250       7.74258936E+18
   8.57812500       7.75770160E+18
   8.64843750       7.76850815E+18
   8.71875000       7.77386497E+18
   8.78906250       7.77309091E+18
   8.85937500       7.76594848E+18
   8.92968750       7.75262515E+18
   9.00000000       7.73346176E+18
   9.07031250       7.70878377E+18
   9.14062500       7.67870553E+18
   9.21093750       7.64319186E+18
   9.28125000       7.60210036E+18
   9.35156250       7.55541455E+18
   9.42187500       7.50332188E+18
   9.49218750       7.44633640E+18
   9.56250000       7.38525908E+18
   9.63281250       7.32122682E+18
   9.70312500       7.25571132E+18
   9.77343750       7.19063232E+18
   9.84375000       7.12833949E+18
   9.91406250       7.07532544E+18
   9.98437500       7.03999648E+18
   10.0546875       7.02837684E+18
   10.1250000       7.04066169E+18
   10.1953125       7.07366463E+18
   10.2656250       7.12525426E+18
   10.3359375       7.19418649E+18
   10.4062500       7.27974994E+18
   10.4765625       7.38149325E+18
   10.5468750       7.49883148E+18
   10.6171875       7.63086908E+18
   10.6875000       7.77622342E+18
   10.7578125       7.93312483E+18
   10.8281250       8.09952602E+18
   10.8984375       8.27334451E+18
   10.9687500       8.45253797E+18
   11.0390625       8.63518609E+18
   11.1093750       8.81942246E+18
   11.1796875       9.00350654E+18
   11.2500000       9.18582811E+18
   11.3203125       9.36510898E+18
   11.3906250       9.54050857E+18
   11.4609375       9.71181908E+18
   11.5312500       9.87938026E+18
   11.6015625       1.00439980E+19
   11.6718750       1.02066884E+19
   11.7421875       1.03685277E+19
   11.8125000       1.05304803E+19
   11.8828125       1.06933927E+19
   11.9531250       1.08579863E+19
   12.0234375       1.10249306E+19
   12.0937500       1.11947645E+19
   12.1640625       1.13678617E+19
   12.2343750       1.15442981E+19
   12.3046875       1.17238792E+19
   12.3750000       1.19061089E+19
   12.4453125       1.20903618E+19
   12.5156250       1.22759627E+19
   12.5859375       1.24624332E+19
   12.6562500       1.26494558E+19
   12.7265625       1.28368950E+19
   12.7968750       1.30246146E+19
   12.8671875       1.32124607E+19
   12.9375000       1.34001770E+19
   13.0078125       1.35875360E+19
   13.0781250       1.37743958E+19
   13.1484375       1.39608763E+19
   13.2187500       1.41473183E+19
   13.2890625       1.43343331E+19
   13.3593750       1.45227333E+19
   13.4296875       1.47136085E+19
   13.5000000       1.49082969E+19
   13.5703125       1.51083948E+19
   13.6406250       1.53156813E+19
   13.7109375       1.55320641E+19
   13.7812500       1.57594145E+19
   13.8515625       1.59994478E+19
   13.9218750       1.62535592E+19
   13.9921875       1.65228120E+19
   14.0625000       1.68078395E+19
   14.1328125       1.71088539E+19
   14.2031250       1.74255375E+19
   14.2734375       1.77570446E+19
   14.3437500       1.81018053E+19
   14.4140625       1.84574885E+19
   14.4843750       1.88209255E+19
   14.5546875       1.91883427E+19
   14.6250000       1.95555268E+19
   14.6953125       1.99181963E+19
   14.7656250       2.02722566E+19
   14.8359375       2.06141278E+19
   14.9062500       2.09408125E+19
   14.9765625       2.12499710E+19
   15.0468750       2.15397868E+19
   15.1171875       2.18090286E+19
   15.1875000       2.20569795E+19
   15.2578125       2.22835405E+19
   15.3281250       2.24892173E+19
   15.3984375       2.26750722E+19
   15.4687500       2.28425388E+19
   15.5390625       2.29931279E+19
   15.6093750       2.31281325E+19
   15.6796875       2.32485576E+19
   15.7500000       2.33551267E+19
   15.8203125       2.34485258E+19
   15.8906250       2.35295180E+19
   15.9609375       2.35991281E+19
   16.0312500       2.36585787E+19
   16.1015625       2.37092508E+19
   16.1718750       2.37525452E+19
   16.2421875       2.37899572E+19
   16.3125000       2.38230525E+19
   16.3828125       2.38536167E+19
   16.4531250       2.38835696E+19
   16.5234375       2.39148881E+19
   16.5937500       2.39493226E+19
   16.6640625       2.39881507E+19
   16.7343750       2.40318673E+19
   16.8046875       2.40801447E+19
   16.8750000       2.41317228E+19
   16.9453125       2.41845257E+19
   17.0156250       2.42357300E+19
   17.0859375       2.42820678E+19
   17.1562500       2.43200779E+19
   17.2265625       2.43465212E+19
   17.2968750       2.43586686E+19
   17.3671875       2.43546839E+19
   17.4375000       2.43337624E+19
   17.5078125       2.42962713E+19
   17.5781250       2.42435431E+19
   17.6484375       2.41777571E+19
   17.7187500       2.41016071E+19
   17.7890625       2.40180970E+19
   17.8593750       2.39303406E+19
   17.9296875       2.38415309E+19
   18.0000000       2.37548696E+19
   18.0703125       2.36734639E+19
   18.1406250       2.36000627E+19
   18.2109375       2.35367748E+19
   18.2812500       2.34846756E+19
   18.3515625       2.34436484E+19
   18.4218750       2.34123145E+19
   18.4921875       2.33884177E+19
   18.5625000       2.33692444E+19
   18.6328125       2.33522592E+19
   18.7031250       2.33354718E+19
   18.7734375       2.33177301E+19
   18.8437500       2.32985854E+19
   18.9140625       2.32781191E+19
   18.9843750       2.32565819E+19
   19.0546875       2.32342948E+19
   19.1250000       2.32115503E+19
   19.1953125       2.31887024E+19
   19.2656250       2.31662196E+19
   19.3359375       2.31447989E+19
   19.4062500       2.31253442E+19
   19.4765625       2.31089549E+19
   19.5468750       2.30967635E+19
   19.6171875       2.30898321E+19
   19.6875000       2.30889767E+19
   19.7578125       2.30946392E+19
   19.8281250       2.31067031E+19
   19.8984375       2.31245085E+19
   19.9687500       2.31468022E+19
   20.0390625       2.31718887E+19
   20.1093750       2.31977272E+19
   20.1796875       2.32222002E+19
   20.2500000       2.32432184E+19
   20.3203125       2.32589216E+19
   20.3906250       2.32676364E+19
   20.4609375       2.32680168E+19
   20.5312500       2.32590118E+19
   20.6015625       2.32399617E+19
   20.6718750       2.32106751E+19
   20.7421875       2.31716094E+19
   20.8125000       2.31239434E+19
   20.8828125       2.30695725E+19
   20.9531250       2.30108520E+19
   21.0234375       2.29503129E+19
   21.0937500       2.28902202E+19
   21.1640625       2.28323133E+19
   21.2343750       2.27775620E+19
   21.3046875       2.27263116E+19
   21.3750000       2.26783971E+19
   21.4453125       2.26334205E+19
   21.5156250       2.25909002E+19
   21.5859375       2.25504909E+19
   21.6562500       2.25119288E+19
   21.7265625       2.24750600E+19
   21.7968750       2.24396008E+19
   21.8671875       2.24050695E+19
   21.9375000       2.23705932E+19
   22.0078125       2.23349888E+19
   22.0781250       2.22968776E+19
   22.1484375       2.22550345E+19
   22.2187500       2.22086769E+19
   22.2890625       2.21577300E+19
   22.3593750       2.21027984E+19
   22.4296875       2.20449904E+19
   22.5000000       2.19855860E+19
   22.5703125       2.19257088E+19
   22.6406250       2.18660779E+19
   22.7109375       2.18069594E+19
   22.7812500       2.17482498E+19
   22.8515625       2.16895975E+19
   22.9218750       2.16304262E+19
   22.9921875       2.15700168E+19
   23.0625000       2.15075491E+19
   23.1328125       2.14422316E+19
   23.2031250       2.13734769E+19
   23.2734375       2.13011158E+19
   23.3437500       2.12254914E+19
   23.4140625       2.11475163E+19
   23.4843750       2.10684636E+19
   23.5546875       2.09897847E+19
   23.6250000       2.09127310E+19
   23.6953125       2.08381313E+19
   23.7656250       2.07661287E+19
   23.8359375       2.06962635E+19
   23.9062500       2.06275902E+19
   23.9765625       2.05590269E+19
   24.0468750       2.04896301E+19
   24.1171875       2.04189403E+19
   24.1875000       2.03470894E+19
   24.2578125       2.02748823E+19
   24.3281250       2.02035591E+19
   24.3984375       2.01345868E+19
   24.4687500       2.00693638E+19
   24.5390625       2.00089742E+19
   24.6093750       1.99539766E+19
   24.6796875       1.99044172E+19
   24.7500000       1.98598584E+19
   24.8203125       1.98195591E+19
   24.8906250       1.97826045E+19
   24.9609375       1.97481986E+19
   25.0312500       1.97158400E+19
   25.1015625       1.96855176E+19
   25.1718750       1.96577352E+19
   25.2421875       1.96335459E+19
   25.3125000       1.96143441E+19
   25.3828125       1.96016909E+19
   25.4531250       1.95969828E+19
   25.5234375       1.96012665E+19
   25.5937500       1.96150214E+19
   25.6640625       1.96381177E+19
   25.7343750       1.96698210E+19
   25.8046875       1.97090406E+19
   25.8750000       1.97545516E+19
   25.9453125       1.98053732E+19
   26.0156250       1.98608722E+19
   26.0859375       1.99209121E+19
   26.1562500       1.99856997E+19
   26.2265625       2.00555209E+19
   26.2968750       2.01303405E+19
   26.3671875       2.02095471E+19
   26.4375000       2.02917422E+19
   26.5078125       2.03747905E+19
   26.5781250       2.04559586E+19
   26.6484375       2.05322933E+19
   26.7187500       2.06009336E+19
   26.7890625       2.06594584E+19
   26.8593750       2.07060074E+19
   26.9296875       2.07394809E+19
   27.0000000       2.07594458E+19
   27.0703125       2.07661639E+19
   27.1406250       2.07604046E+19
   27.2109375       2.07434413E+19
   27.2812500       2.07168574E+19
   27.3515625       2.06823855E+19
   27.4218750       2.06416354E+19
   27.4921875       2.05959177E+19
   27.5625000       2.05460790E+19
   27.6328125       2.04925240E+19
   27.7031250       2.04352526E+19
   27.7734375       2.03739681E+19
   27.8437500       2.03081491E+19
   27.9140625       2.02371426E+19
   27.9843750       2.01601680E+19
   28.0546875       2.00765458E+19
   28.1250000       1.99858383E+19
   28.1953125       1.98881159E+19
   28.2656250       1.97839921E+19
   28.3359375       1.96747160E+19
   28.4062500       1.95620029E+19
   28.4765625       1.94478318E+19
   28.5468750       1.93341291E+19
   28.6171875       1.92225639E+19
   28.6875000       1.91143455E+19
   28.7578125       1.90101778E+19
   28.8281250       1.89102388E+19
   28.8984375       1.88143416E+19
   28.9687500       1.87220860E+19
   29.0390625       1.86330475E+19
   29.1093750       1.85468568E+19
   29.1796875       1.84633819E+19
   29.2500000       1.83827393E+19
   29.3203125       1.83053436E+19
   29.3906250       1.82317522E+19
   29.4609375       1.81625577E+19
   29.5312500       1.80981637E+19
   29.6015625       1.80387164E+19
   29.6718750       1.79840685E+19
   29.7421875       1.79338659E+19
   29.8125000       1.78876556E+19
   29.8828125       1.78449484E+19
   29.9531250       1.78051801E+19
   30.0234375       1.77677198E+19
   30.0937500       1.77318559E+19
   30.1640625       1.76969376E+19
   30.2343750       1.76624635E+19
   30.3046875       1.76282995E+19
   30.3750000       1.75947061E+19
   30.4453125       1.75623145E+19
   30.5156250       1.75318712E+19
   30.5859375       1.75040635E+19
   30.6562500       1.74792849E+19
   30.7265625       1.74576223E+19
   30.7968750       1.74388668E+19
   30.8671875       1.74227348E+19
   30.9375000       1.74090437E+19
   31.0078125       1.73979397E+19
   31.0781250       1.73899408E+19
   31.1484375       1.73859836E+19
   31.2187500       1.73872382E+19
   31.2890625       1.73948655E+19
   31.3593750       1.74096440E+19
   31.4296875       1.74317354E+19
   31.5000000       1.74605118E+19
   31.5703125       1.74946682E+19
   31.6406250       1.75323583E+19
   31.7109375       1.75715537E+19
   31.7812500       1.76102774E+19
   31.8515625       1.76468944E+19
   31.9218750       1.76802052E+19
   31.9921875       1.77095226E+19
   32.0625000       1.77346179E+19
   32.1328125       1.77556350E+19
   32.2031250       1.77728391E+19
   32.2734375       1.77864862E+19
   32.3437500       1.77965886E+19
   32.4140625       1.78028602E+19
   32.4843750       1.78046040E+19
   32.5546875       1.78008415E+19
   32.6250000       1.77903609E+19
   32.6953125       1.77719430E+19
   32.7656250       1.77444563E+19
   32.8359375       1.77070949E+19
   32.9062500       1.76594443E+19
   32.9765625       1.76015957E+19
   33.0468750       1.75340021E+19
   33.1171875       1.74574167E+19
   33.1875000       1.73726828E+19
   33.2578125       1.72806537E+19
   33.3281250       1.71821441E+19
   33.3984375       1.70780522E+19
   33.4687500       1.69694776E+19
   33.5390625       1.68578387E+19
   33.6093750       1.67447605E+19
   33.6796875       1.66318682E+19
   33.7500000       1.65204107E+19
   33.8203125       1.64109268E+19
   33.8906250       1.63029405E+19
   33.9609375       1.61949761E+19
   34.0312500       1.60847677E+19
   34.1015625       1.59697808E+19
   34.1718750       1.58477350E+19
   34.2421875       1.57171702E+19
   34.3125000       1.55777213E+19
   34.3828125       1.54301844E+19
   34.4531250       1.52762418E+19
   34.5234375       1.51181540E+19
   34.5937500       1.49583422E+19
   34.6640625       1.47991571E+19
   34.7343750       1.46426197E+19
   34.8046875       1.44904505E+19
   34.8750000       1.43440231E+19
   34.9453125       1.42044346E+19
   35.0156250       1.40724162E+19
   35.0859375       1.39483726E+19
   35.1562500       1.38322862E+19
   35.2265625       1.37237974E+19
   35.2968750       1.36222102E+19
   35.3671875       1.35266373E+19
   35.4375000       1.34361124E+19
   35.5078125       1.33497699E+19
   35.5781250       1.32669140E+19
   35.6484375       1.31871532E+19
   35.7187500       1.31103359E+19
   35.7890625       1.30365619E+19
   35.8593750       1.29660360E+19
   35.9296875       1.28991076E+19
   36.0000000       1.28362364E+19
   36.0703125       1.27781283E+19
   36.1406250       1.27257388E+19
   36.2109375       1.26803707E+19
   36.2812500       1.26435756E+19
   36.3515625       1.26170202E+19
   36.4218750       1.26021680E+19
   36.4921875       1.26000668E+19
   36.5625000       1.26110267E+19
   36.6328125       1.26345343E+19
   36.7031250       1.26691755E+19
   36.7734375       1.27128206E+19
   36.8437500       1.27628440E+19
   36.9140625       1.28165266E+19
   36.9843750       1.28713944E+19
   37.0546875       1.29256344E+19
   37.1250000       1.29782625E+19
   37.1953125       1.30292205E+19
   37.2656250       1.30791735E+19
   37.3359375       1.31293552E+19
   37.4062500       1.31812829E+19
   37.4765625       1.32366236E+19
   37.5468750       1.32969736E+19
   37.6171875       1.33638129E+19
   37.6875000       1.34383400E+19
   37.7578125       1.35214015E+19
   37.8281250       1.36133272E+19
   37.8984375       1.37139139E+19
   37.9687500       1.38224082E+19
   38.0390625       1.39376678E+19
   38.1093750       1.40583238E+19
   38.1796875       1.41830601E+19
   38.2500000       1.43107343E+19
   38.3203125       1.44403788E+19
   38.3906250       1.45709953E+19
   38.4609375       1.47013545E+19
   38.5312500       1.48298588E+19
   38.6015625       1.49546457E+19
   38.6718750       1.50737536E+19
   38.7421875       1.51854925E+19
   38.8125000       1.52886113E+19
   38.8828125       1.53824480E+19
   38.9531250       1.54667740E+19
   39.0234375       1.55417299E+19
   39.0937500       1.56076126E+19
   39.1640625       1.56647817E+19
   39.2343750       1.57135616E+19
   39.3046875       1.57542952E+19
   39.3750000       1.57873663E+19
   39.4453125       1.58133752E+19
   39.5156250       1.58331434E+19
   39.5859375       1.58478174E+19
   39.6562500       1.58587829E+19
   39.7265625       1.58675790E+19
   39.7968750       1.58756670E+19
   39.8671875       1.58843927E+19
   39.9375000       1.58948710E+19
   40.0078125       1.59081290E+19
   40.0781250       1.59250988E+19
   40.1484375       1.59466976E+19
   40.2187500       1.59737005E+19
   40.2890625       1.60066430E+19
   40.3593750       1.60455701E+19
   40.4296875       1.60900014E+19
   40.5000000       1.61388230E+19
   40.5703125       1.61904703E+19
   40.6406250       1.62430776E+19
   40.7109375       1.62948261E+19
   40.7812500       1.63442447E+19
   40.8515625       1.63905166E+19
   40.9218750       1.64335570E+19
   40.9921875       1.64740322E+19
   41.0625000       1.65131055E+19
   41.1328125       1.65521745E+19
   41.2031250       1.65924496E+19
   41.2734375       1.66347170E+19
   41.3437500       1.66790933E+19
   41.4140625       1.67250254E+19
   41.4843750       1.67712852E+19
   41.5546875       1.68161771E+19
   41.6250000       1.68577123E+19
   41.6953125       1.68939236E+19
   41.7656250       1.69230376E+19
   41.8359375       1.69438018E+19
   41.9062500       1.69556106E+19
   41.9765625       1.69585881E+19
   42.0468750       1.69534424E+19
   42.1171875       1.69412983E+19
   42.1875000       1.69234059E+19
   42.2578125       1.69009462E+19
   42.3281250       1.68748416E+19
   42.3984375       1.68457661E+19
   42.4687500       1.68141848E+19
   42.5390625       1.67805749E+19
   42.6093750       1.67455104E+19
   42.6796875       1.67098774E+19
   42.7500000       1.66748250E+19
   42.8203125       1.66417726E+19
   42.8906250       1.66121726E+19
   42.9609375       1.65873852E+19
   43.0312500       1.65684813E+19
   43.1015625       1.65561756E+19
   43.1718750       1.65506517E+19
   43.2421875       1.65516247E+19
   43.3125000       1.65582966E+19
   43.3828125       1.65694500E+19
   43.4531250       1.65834512E+19
   43.5234375       1.65983661E+19
   43.5937500       1.66120638E+19
   43.6640625       1.66224047E+19
   43.7343750       1.66273481E+19
   43.8046875       1.66251634E+19
   43.8750000       1.66144464E+19
   43.9453125       1.65942253E+19
   44.0156250       1.65638843E+19
   44.0859375       1.65232210E+19
   44.1562500       1.64724115E+19
   44.2265625       1.64119395E+19
   44.2968750       1.63423481E+19
   44.3671875       1.62640332E+19
   44.4375000       1.61769826E+19
   44.5078125       1.60807358E+19
   44.5781250       1.59744031E+19
   44.6484375       1.58569379E+19
   44.7187500       1.57273923E+19
   44.7890625       1.55852552E+19
   44.8593750       1.54305693E+19
   44.9296875       1.52640482E+19
   45.0000000       1.50869620E+19
   45.0703125       1.49010269E+19
   45.1406250       1.47081011E+19
   45.2109375       1.45099812E+19
   45.2812500       1.43081724E+19
   45.3515625       1.41037600E+19
   45.4218750       1.38972794E+19
   45.4921875       1.36887120E+19
   45.5625000       1.34774892E+19
   45.6328125       1.32625951E+19
   45.7031250       1.30426136E+19
   45.7734375       1.28159438E+19
   45.8437500       1.25809606E+19
   45.9140625       1.23363149E+19
   45.9843750       1.20811545E+19
   46.0546875       1.18154509E+19
   46.1250000       1.15401519E+19
   46.1953125       1.12573157E+19
   46.2656250       1.09699034E+19
   46.3359375       1.06815301E+19
   46.4062500       1.03959682E+19
   46.4765625       1.01167384E+19
   46.5468750       9.84662581E+18
   46.6171875       9.58747201E+18
   46.6875000       9.34007530E+18
   46.7578125       9.10434935E+18
   46.8281250       8.87945744E+18
   46.8984375       8.66410600E+18
   46.9687500       8.45676229E+18
   47.0390625       8.25596178E+18
   47.1093750       8.06049775E+18
   47.1796875       7.86970170E+18
   47.2500000       7.68355878E+18
   47.3203125       7.50276883E+18
   47.3906250       7.32855396E+18
   47.4609375       7.16243095E+18
   47.5312500       7.00583960E+18
   47.6015625       6.85987119E+18
   47.6718750       6.72498860E+18
   47.7421875       6.60102031E+18
   47.8125000       6.48723900E+18
   47.8828125       6.38267819E+18
   47.9531250       6.28636097E+18
   48.0234375       6.19758860E+18
   48.0937500       6.11599989E+18
   48.1640625       6.04160639E+18
   48.2343750       5.97459500E+18
   48.3046875       5.91520818E+18
   48.3750000       5.86356302E+18
   48.4453125       5.81958915E+18
   48.5156250       5.78293858E+18
   48.5859375       5.75303736E+18
   48.6562500       5.72911584E+18
   48.7265625       5.71036202E+18
   48.7968750       5.69599635E+18
   48.8671875       5.68542564E+18
   48.9375000       5.67827002E+18
   49.0078125       5.67442503E+18
   49.0781250       5.67394729E+18
   49.1484375       5.67704187E+18
   49.2187500       5.68391601E+18
   49.2890625       5.69478414E+18
   49.3593750       5.58914746E+18
   49.4296875       5.62274578E+18
   49.5000000       5.65991368E+18
   49.5703125       5.70030863E+18
   49.6406250       5.74370416E+18
   49.7109375       5.79003043E+18
   49.7812500       5.83913737E+18
   49.8515625       5.89068302E+18
   49.9218750       5.94387960E+18
   49.9921875       5.99755171E+18
   50.0625000       6.05018918E+18
   50.1328125       6.10028732E+18
   50.2031250       6.14651244E+18
   50.2734375       6.18797722E+18
   50.3437500       6.22423197E+18
   50.4140625       6.25530967E+18
   50.4843750       6.28150058E+18
   50.5546875       6.30326926E+18
   50.6250000       6.32098295E+18
   50.6953125       6.33480216E+18
   50.7656250       6.18449562E+18
   50.8359375       6.20185031E+18
   50.9062500       6.21189600E+18
   50.9765625       6.21255241E+18
   51.0468750       6.20179149E+18
   51.1171875       6.17813605E+18
   51.1875000       6.14094891E+18
   51.2578125       6.09072597E+18
   51.3281250       6.02896915E+18
   51.3984375       5.95801657E+18
   51.4687500       5.88057411E+18
   51.5390625       5.79935319E+18
   51.6093750       5.71658965E+18
   51.6796875       5.63384261E+18
   51.7500000       5.55178110E+18
   51.8203125       5.47030344E+18
   51.8906250       5.38865426E+18
   51.9609375       5.30586433E+18
   52.0312500       5.22106890E+18
   52.1015625       5.13391336E+18
   52.1718750       5.04456595E+18
   52.2421875       4.95369296E+18
   52.3125000       4.86210969E+18
   52.3828125       4.77060118E+18
   52.4531250       4.67966278E+18
   52.5234375       4.58958528E+18
   52.5937500       4.50050753E+18
   52.6640625       4.41269421E+18
   52.7343750       4.32660767E+18
   52.8046875       4.24307392E+18
   52.8750000       4.16315124E+18
   52.9453125       4.08806972E+18
   53.0156250       3.86519679E+18
   53.0859375       3.81779657E+18
   53.1562500       3.77847996E+18
   53.2265625       3.74676949E+18
   53.2968750       3.72155082E+18
   53.3671875       3.70126510E+18
   53.4375000       3.68402229E+18
   53.5078125       3.66792379E+18
   53.5781250       3.65117905E+18
   53.6484375       3.63232682E+18
   53.7187500       3.61019723E+18
   53.7890625       3.58400026E+18
   53.8593750       3.55322961E+18
   53.9296875       3.37654633E+18
   54.0000000       3.34412146E+18
   54.0703125       3.30744560E+18
   54.1406250       3.26778704E+18
   54.2109375       3.22677718E+18
   54.2812500       3.18603230E+18
   54.3515625       3.14698232E+18
   54.4218750       3.11064319E+18
   54.4921875       3.07773123E+18
   54.5625000       3.04870907E+18
   54.6328125       3.02406544E+18
   54.7031250       3.00436000E+18
   54.7734375       2.86186082E+18
   54.8437500       2.86946806E+18
   54.9140625       2.88263609E+18
   54.9843750       2.90124340E+18
   55.0546875       2.92488702E+18
   55.1250000       2.82744528E+18
   55.1953125       2.86694166E+18
   55.2656250       2.90792513E+18
   55.3359375       2.94940723E+18
   55.4062500       2.99056882E+18
   55.4765625       3.03083679E+18
   55.5468750       3.06973998E+18
   55.6171875       3.10698099E+18
   55.6875000       3.14239379E+18
   55.7578125       3.17613862E+18
   55.8281250       3.20868692E+18
   55.8984375       3.24090618E+18
   55.9687500       3.27380467E+18
   56.0390625       3.30829882E+18
   56.1093750       3.34469403E+18
   56.1796875       3.38235368E+18
   56.2500000       3.41931541E+18
   56.3203125       3.45230323E+18
   56.3906250       3.47680722E+18
   56.4609375       3.48763109E+18
   56.5312500       3.47953539E+18
   56.6015625       3.44826638E+18
   56.6718750       3.39145214E+18
   56.7421875       3.30948602E+18
   56.8125000       3.20576854E+18
   56.8828125       3.08646520E+18
   56.9531250       2.95941306E+18
   57.0234375       2.83279055E+18
   57.0937500       2.71359882E+18
   57.1640625       2.60669963E+18
   57.2343750       2.51427111E+18
   57.3046875       2.43602326E+18
   57.3750000       2.36964492E+18
   57.4453125       2.31156679E+18
   57.5156250       2.25748992E+18
   57.5859375       2.20292762E+18
   57.6562500       2.14345930E+18
   57.7265625       2.07511049E+18
   57.7968750       1.99460233E+18
   57.8671875       1.89983295E+18
   57.9375000       1.79020257E+18
   58.0078125       1.66700902E+18
   58.0781250       1.42932155E+18
   58.1484375       1.21565304E+18
   58.2187500       1.13541838E+18
   58.2890625       1.04815633E+18
   58.3593750       8.32502719E+17
   58.4296875       7.48002227E+17
   58.5000000       5.46834102E+17
   58.5703125       4.93217036E+17
   58.6406250       2.98434531E+17
   58.7109375       2.70923118E+17
   58.7812500       1.28524448E+17
   58.8515625       0.00000000    
   58.9218750       0.00000000    
   58.9921875       0.00000000    
   59.0625000       0.00000000    
   59.1328125       0.00000000    
   59.2031250       0.00000000    
   59.2734375       0.00000000    
   59.3437500       0.00000000    
   59.4140625       0.00000000    
   59.4843750       0.00000000    
   59.5546875       0.00000000    
   59.6250000       0.00000000    
   59.6953125       0.00000000    
   59.7656250       0.00000000    
   59.8359375       0.00000000    
   59.9062500       0.00000000    
   59.9765625       0.00000000    
   60.0468750       0.00000000    
   60.1171875       0.00000000    
   60.1875000       0.00000000    
   60.2578125       0.00000000    
   60.3281250       0.00000000    
   60.3984375       0.00000000    
   60.4687500       0.00000000    
   60.5390625       0.00000000    
   60.6093750       0.00000000    
   60.6796875       0.00000000    
   60.7500000       0.00000000    
   60.8203125       0.00000000    
   60.8906250       0.00000000    
   60.9609375       0.00000000    
   61.0312500       0.00000000    
   61.1015625       0.00000000    
   61.1718750       0.00000000    
   61.2421875       0.00000000    
   61.3125000       0.00000000    
   61.3828125       0.00000000    
   61.4531250       0.00000000    
   61.5234375       0.00000000    
   61.5937500       0.00000000    
   61.6640625       0.00000000    
   61.7343750       0.00000000    
   61.8046875       0.00000000    
   61.8750000       0.00000000    
   61.9453125       0.00000000    
   62.0156250       0.00000000    
   62.0859375       0.00000000    
   62.1562500       0.00000000    
   62.2265625       0.00000000    
   62.2968750       0.00000000    
   62.3671875       0.00000000    
   62.4375000       0.00000000    
   62.5078125       0.00000000    
   62.5781250       0.00000000    
   62.6484375       0.00000000    
   62.7187500       0.00000000    
   62.7890625       0.00000000    
   62.8593750       0.00000000    
   62.9296875       0.00000000    
   63.0000000       0.00000000    
   63.0703125       0.00000000    
   63.1406250       0.00000000    
   63.2109375       0.00000000    
   63.2812500       0.00000000    
   63.3515625       0.00000000    
   63.4218750       0.00000000    
   63.4921875       0.00000000    
   63.5625000       0.00000000    
   63.6328125       0.00000000    
   63.7031250       0.00000000    
   63.7734375       0.00000000    
   63.8437500       0.00000000    
   63.9140625       0.00000000    
   63.9843750       0.00000000    
   64.0546875       0.00000000    
   64.1250000       0.00000000    
   64.1953125       0.00000000    
   64.2656250       0.00000000    
   64.3359375       0.00000000    
   64.4062500       0.00000000    
   64.4765625       0.00000000    
   64.5468750       0.00000000    
   64.6171875       0.00000000    
   64.6875000       0.00000000    
   64.7578125       0.00000000    
   64.8281250       0.00000000    
   64.8984375       0.00000000    
   64.9687500       0.00000000    
   65.0390625       0.00000000    
   65.1093750       0.00000000    
   65.1796875       0.00000000    
   65.2500000       0.00000000    
   65.3203125       0.00000000    
   65.3906250       0.00000000    
   65.4609375       0.00000000    
   65.5312500       0.00000000    
   65.6015625       0.00000000    
   65.6718750       0.00000000    
   65.7421875       0.00000000    
   65.8125000       0.00000000    
   65.8828125       0.00000000    
   65.9531250       0.00000000    
   66.0234375       0.00000000    
   66.0937500       0.00000000    
   66.1640625       0.00000000    
   66.2343750       0.00000000    
   66.3046875       0.00000000    
   66.3750000       0.00000000    
   66.4453125       0.00000000    
   66.5156250       0.00000000    
   66.5859375       0.00000000    
   66.6562500       0.00000000    
   66.7265625       0.00000000    
   66.7968750       0.00000000    
   66.8671875       0.00000000    
   66.9375000       0.00000000    
   67.0078125       0.00000000    
   67.0781250       0.00000000    
   67.1484375       0.00000000    
   67.2187500       0.00000000    
   67.2890625       0.00000000    
   67.3593750       0.00000000    
   67.4296875       0.00000000    
   67.5000000       0.00000000    
   67.5703125       0.00000000    
   67.6406250       0.00000000    
   67.7109375       0.00000000    
   67.7812500       0.00000000    
   67.8515625       0.00000000    
   67.9218750       0.00000000    
   67.9921875       0.00000000    
   68.0625000       0.00000000    
   68.1328125       0.00000000    
   68.2031250       0.00000000    
   68.2734375       0.00000000    
   68.3437500       0.00000000    
   68.4140625       0.00000000    
   68.4843750       0.00000000    
   68.5546875       0.00000000    
   68.6250000       0.00000000    
   68.6953125       0.00000000    
   68.7656250       0.00000000    
   68.8359375       0.00000000    
   68.9062500       0.00000000    
   68.9765625       0.00000000    
   69.0468750       0.00000000    
   69.1171875       0.00000000    
   69.1875000       0.00000000    
   69.2578125       0.00000000    
   69.3281250       0.00000000    
   69.3984375       0.00000000    
   69.4687500       0.00000000    
   69.5390625       0.00000000    
   69.6093750       0.00000000    
   69.6796875       0.00000000    
   69.7500000       0.00000000    
   69.8203125       0.00000000    
   69.8906250       0.00000000    
   69.9609375       0.00000000    
   70.0312500       0.00000000    
   70.1015625       0.00000000    
   70.1718750       0.00000000    
   70.2421875       0.00000000    
   70.3125000       0.00000000    
   70.3828125       0.00000000    
   70.4531250       0.00000000    
   70.5234375       0.00000000    
   70.5937500       0.00000000    
