1996 06 17 11 22 18.0 -7.140 122.590
609. 8.411E+20 7.883 223 55 -139 107 58 -43
  -1.12500000       0.00000000    
  -1.05468750       9.72151083E+14
 -0.984375000       9.84565686E+14
 -0.914062500       9.97088268E+14
 -0.843750000       1.00971910E+15
 -0.773437500       1.02245804E+15
 -0.703125000       2.56848407E+16
 -0.632812500       1.42732080E+17
 -0.562500000       3.90931600E+17
 -0.492187500       7.47898529E+17
 -0.421875000       1.12912457E+18
 -0.351562500       1.47168807E+18
 -0.281250000       1.74943089E+18
 -0.210937500       1.96029138E+18
 -0.140625000       2.11720200E+18
  -7.03125000E-02   2.24064224E+18
   0.00000000       2.47351771E+18
   7.03125000E-02   2.90136682E+18
  0.140625000       3.55023371E+18
  0.210937500       4.28496889E+18
  0.281250000       5.00134194E+18
  0.351562500       5.63984539E+18
  0.421875000       6.17708491E+18
  0.492187500       6.61700116E+18
  0.562500000       6.98045518E+18
  0.632812500       7.29239102E+18
  0.703125000       7.56926509E+18
  0.773437500       7.81164968E+18
  0.843750000       8.00553097E+18
  0.914062500       8.13135633E+18
  0.984375000       8.17563586E+18
   1.05468750       8.13860541E+18
   1.12500000       8.03414466E+18
   1.19531250       7.88285846E+18
   1.26562500       7.70351876E+18
   1.33593750       7.51152094E+18
   1.40625000       7.31910036E+18
   1.47656250       7.14014220E+18
   1.54687500       6.99474938E+18
   1.61718750       6.91304962E+18
   1.68750000       7.13794483E+18
   1.75781250       7.29717720E+18
   1.82812500       7.59763414E+18
   1.89843750       8.01125118E+18
   1.96875000       8.47186683E+18
   2.03906250       8.88269606E+18
   2.10937500       9.13885863E+18
   2.17968750       9.16015507E+18
   2.25000000       8.92479801E+18
   2.32031250       8.49299010E+18
   2.39062500       8.01385317E+18
   2.46093750       7.61406799E+18
   2.53125000       7.33777392E+18
   2.60156250       7.15550732E+18
   2.67187500       7.04171392E+18
   2.74218750       6.99320237E+18
   2.81250000       6.99357400E+18
   2.88281250       7.01698865E+18
   2.95312500       7.03707508E+18
   3.02343750       7.02519925E+18
   3.09375000       6.95036979E+18
   3.16406250       6.77907797E+18
   3.23437500       6.47536977E+18
   3.30468750       6.00490249E+18
   3.37500000       5.35079863E+18
   3.44531250       4.54834563E+18
   3.51562500       3.74128018E+18
   3.58593750       3.25381500E+18
   3.65625000       3.09304303E+18
   3.72656250       3.15861983E+18
   3.79687500       3.16846871E+18
   3.86718750       3.12281368E+18
   3.93750000       3.03490471E+18
   4.00781250       2.91867835E+18
   4.07812500       2.78827600E+18
   4.14843750       2.65708667E+18
   4.21875000       2.53604391E+18
   4.28906250       2.43118624E+18
   4.35937500       2.34198148E+18
   4.42968750       2.26095476E+18
   4.50000000       2.17582260E+18
   4.57031250       2.07383190E+18
   4.64062500       1.94798359E+18
   4.71093750       1.80254280E+18
   4.78125000       1.65547226E+18
   4.85156250       1.53780308E+18
   4.92187500       1.48604041E+18
   4.99218750       1.52498236E+18
   5.06250000       1.65766001E+18
   5.13281250       1.86231280E+18
   5.20312500       2.10334320E+18
   5.27343750       2.33961726E+18
   5.34375000       2.53481548E+18
   5.41406250       2.66607216E+18
   5.48437500       2.72600104E+18
   5.55468750       2.71851419E+18
   5.62500000       2.65379144E+18
   5.69531250       2.54541450E+18
   5.76562500       2.41062867E+18
   5.83593750       2.26970467E+18
   5.90625000       2.14574175E+18
   5.97656250       2.06378319E+18
   6.04687500       2.04865432E+18
   6.11718750       2.12114842E+18
   6.18750000       2.29288224E+18
   6.25781250       2.56098853E+18
   6.32812500       2.90501885E+18
   6.39843750       3.28863488E+18
   6.46875000       3.66749223E+18
   6.53906250       4.00189330E+18
   6.60937500       4.27030937E+18
   6.67968750       4.47900135E+18
   6.75000000       4.66455054E+18
   6.82031250       4.88862276E+18
   6.89062500       5.22639218E+18
   6.96093750       5.75056456E+18
   7.03125000       6.52422382E+18
   7.10156250       7.92297084E+18
   7.17187500       1.00743050E+19
   7.24218750       1.28580045E+19
   7.31250000       1.56637680E+19
   7.38281250       1.80382612E+19
   7.45312500       1.97587407E+19
   7.52343750       2.08079519E+19
   7.59375000       2.12893797E+19
   7.66406250       2.13281814E+19
   7.73437500       2.10559775E+19
   7.80468750       2.06042542E+19
   7.87500000       2.01592532E+19
   7.94531250       1.99697920E+19
   8.01562500       2.04987758E+19
   8.08593750       2.19229732E+19
   8.15625000       2.41110915E+19
   8.22656250       2.65266834E+19
   8.29687500       2.87650362E+19
   8.36718750       3.06036087E+19
   8.43750000       3.20238985E+19
   8.50781250       3.31807870E+19
   8.57812500       3.43227552E+19
   8.64843750       3.56929138E+19
   8.71875000       3.74472242E+19
   8.78906250       3.96113050E+19
   8.85937500       4.20744221E+19
   8.92968750       4.46077541E+19
   9.00000000       4.68979181E+19
   9.07031250       4.85965844E+19
   9.14062500       4.93895214E+19
   9.21093750       4.90780693E+19
   9.28125000       4.76519807E+19
   9.35156250       4.53596837E+19
   9.42187500       4.27210757E+19
   9.49218750       4.03341635E+19
   9.56250000       3.87222135E+19
   9.63281250       3.81818255E+19
   9.70312500       3.88147616E+19
   9.77343750       4.05057093E+19
   9.84375000       4.29579941E+19
   9.91406250       4.57748109E+19
   9.98437500       4.85648085E+19
   10.0546875       5.10461951E+19
   10.1250000       5.31203138E+19
   10.1953125       5.48899778E+19
   10.2656250       5.66118218E+19
   10.3359375       5.85953892E+19
   10.4062500       6.10816752E+19
   10.4765625       6.41430938E+19
   10.5468750       6.76382742E+19
   10.6171875       7.12350494E+19
   10.6875000       7.44903383E+19
   10.7578125       7.69585308E+19
   10.8281250       7.82938481E+19
   10.8984375       7.83195239E+19
   10.9687500       7.70504939E+19
   11.0390625       7.46733058E+19
   11.1093750       7.14985935E+19
   11.1796875       6.79042636E+19
   11.2500000       6.42814168E+19
   11.3203125       6.09867522E+19
   11.3906250       5.83027783E+19
   11.4609375       5.64178328E+19
   11.5312500       5.52357962E+19
   11.6015625       5.45283880E+19
   11.6718750       5.40105356E+19
   11.7421875       5.35581570E+19
   11.8125000       5.30965248E+19
   11.8828125       5.25619818E+19
   11.9531250       5.19076185E+19
   12.0234375       5.11084187E+19
   12.0937500       5.01658205E+19
   12.1640625       4.91066038E+19
   12.2343750       4.79733636E+19
   12.3046875       4.68102606E+19
   12.3750000       4.56518151E+19
   12.4453125       4.45202242E+19
   12.5156250       4.34310392E+19
   12.5859375       4.24033212E+19
   12.6562500       4.14696731E+19
   12.7265625       4.06833288E+19
   12.7968750       4.01201546E+19
   12.8671875       3.98734901E+19
   12.9375000       4.00397363E+19
   13.0078125       4.06941788E+19
   13.0781250       4.18604616E+19
   13.1484375       4.34835034E+19
   13.2187500       4.54195895E+19
   13.2890625       4.74549263E+19
   13.3593750       4.93532111E+19
   13.4296875       5.09183967E+19
   13.5000000       5.20489761E+19
   13.5703125       5.27625943E+19
   13.6406250       5.31813675E+19
   13.7109375       5.34844413E+19
   13.7812500       5.38462906E+19
   13.8515625       5.43837099E+19
   13.9218750       5.51300628E+19
   13.9921875       5.60437393E+19
   14.0625000       5.70421971E+19
   14.1328125       5.80410594E+19
   14.2031250       5.89772100E+19
   14.2734375       5.98074248E+19
   14.3437500       6.04908065E+19
   14.4140625       6.09742485E+19
   14.4843750       6.11957298E+19
   14.5546875       6.13603135E+19
   14.6250000       6.16068899E+19
   14.6953125       6.19548986E+19
   14.7656250       6.21336660E+19
   14.8359375       6.20089550E+19
   14.9062500       6.16913940E+19
   14.9765625       6.14523646E+19
   15.0468750       6.16060631E+19
   15.1171875       6.23903711E+19
   15.1875000       6.38851924E+19
   15.2578125       6.59892706E+19
   15.3281250       6.84530739E+19
   15.3984375       7.09488421E+19
   15.4687500       7.31542865E+19
   15.5390625       7.48273166E+19
   15.6093750       7.58533105E+19
   15.6796875       7.62550017E+19
   15.7500000       7.61691166E+19
   15.8203125       7.58053630E+19
   15.8906250       7.54032144E+19
   15.9609375       7.51900059E+19
   16.0312500       7.53353965E+19
   16.1015625       7.59030612E+19
   16.1718750       7.68164915E+19
   16.2421875       7.78633585E+19
   16.3125000       7.87509107E+19
   16.3828125       7.91994850E+19
   16.4531250       7.90395105E+19
   16.5234375       7.82727550E+19
   16.5937500       7.70730911E+19
   16.6640625       7.57291448E+19
   16.7343750       7.45559220E+19
   16.8046875       7.38121595E+19
   16.8750000       7.36483367E+19
   16.9453125       7.40890165E+19
   17.0156250       7.50374289E+19
   17.0859375       7.62920156E+19
   17.1562500       7.75749082E+19
   17.2265625       7.85767216E+19
   17.2968750       7.90153740E+19
   17.3671875       7.86932435E+19
   17.4375000       7.75322823E+19
   17.5078125       7.55745711E+19
   17.5781250       7.29492276E+19
   17.6484375       6.98196261E+19
   17.7187500       6.63323930E+19
   17.7890625       6.25907374E+19
   17.8593750       5.86677194E+19
   17.9296875       5.46598016E+19
   18.0000000       5.07629829E+19
   18.0703125       4.73440999E+19
   18.1406250       4.47424443E+19
   18.2109375       4.28784158E+19
   18.2812500       4.14762746E+19
   18.3515625       4.02321112E+19
   18.4218750       3.91445711E+19
   18.4921875       3.82107251E+19
   18.5625000       3.74133900E+19
   18.6328125       3.67122205E+19
   18.7031250       3.60438471E+19
   18.7734375       3.53310315E+19
   18.8437500       3.44978876E+19
   18.9140625       3.34874144E+19
   18.9843750       3.22774503E+19
   19.0546875       3.08893696E+19
   19.1250000       2.93858446E+19
   19.1953125       2.78590056E+19
   19.2656250       2.64164925E+19
   19.3359375       2.51727338E+19
   19.4062500       2.42469010E+19
   19.4765625       2.37634084E+19
   19.5468750       2.37754238E+19
   19.6171875       2.42392572E+19
   19.6875000       2.50154442E+19
   19.7578125       2.59497015E+19
   19.8281250       2.69057928E+19
   19.8984375       2.77746049E+19
   19.9687500       2.84804320E+19
   20.0390625       2.89824624E+19
   20.1093750       2.92716560E+19
   20.1796875       2.93650463E+19
   20.2500000       2.93750364E+19
   20.3203125       2.94425245E+19
   20.3906250       2.96371732E+19
   20.4609375       2.98880334E+19
   20.5312500       3.00569491E+19
   20.6015625       3.00485929E+19
   20.6718750       2.98162792E+19
   20.7421875       2.93626669E+19
   20.8125000       2.87363345E+19
   20.8828125       2.80212473E+19
   20.9531250       2.73151322E+19
   21.0234375       2.66986294E+19
   21.0937500       2.62055204E+19
   21.1640625       2.58091289E+19
   21.2343750       2.54349079E+19
   21.3046875       2.49971352E+19
   21.3750000       2.44443865E+19
   21.4453125       2.37925124E+19
   21.5156250       2.31285350E+19
   21.5859375       2.25833025E+19
   21.6562500       2.22353533E+19
   21.7265625       2.20176676E+19
   21.7968750       2.17904095E+19
   21.8671875       2.15535571E+19
   21.9375000       2.14059345E+19
   22.0078125       2.14532948E+19
   22.0781250       2.16786178E+19
   22.1484375       2.20849225E+19
   22.2187500       2.27159608E+19
   22.2890625       2.34510459E+19
   22.3593750       2.41523584E+19
   22.4296875       2.46861757E+19
   22.5000000       2.51182024E+19
   22.5703125       2.55309063E+19
   22.6406250       2.59872454E+19
   22.7109375       2.65154156E+19
   22.7812500       2.71154587E+19
   22.8515625       2.77742399E+19
   22.9218750       2.84743143E+19
   22.9921875       2.91925483E+19
   23.0625000       2.98949911E+19
   23.1328125       3.05380361E+19
   23.2031250       3.10806736E+19
   23.2734375       3.15052391E+19
   23.3437500       3.18339315E+19
   23.4140625       3.20188913E+19
   23.4843750       3.20228847E+19
   23.5546875       3.18146548E+19
   23.6250000       3.14759833E+19
   23.6953125       3.11049531E+19
   23.7656250       3.08028644E+19
   23.8359375       3.06715498E+19
   23.9062500       3.08233571E+19
   23.9765625       3.12484415E+19
   24.0468750       3.18083524E+19
   24.1171875       3.23004345E+19
   24.1875000       3.26032026E+19
   24.2578125       3.26908842E+19
   24.3281250       3.25654893E+19
   24.3984375       3.22475369E+19
   24.4687500       3.17605061E+19
   24.5390625       3.11358647E+19
   24.6093750       3.03888873E+19
   24.6796875       2.95377312E+19
   24.7500000       2.70558366E+19
   24.8203125       2.68158528E+19
   24.8906250       2.65100368E+19
   24.9609375       2.60990899E+19
   25.0312500       2.55559488E+19
   25.1015625       2.48699349E+19
   25.1718750       2.40455584E+19
   25.2421875       2.30971615E+19
   25.3125000       2.20423934E+19
   25.3828125       2.08988485E+19
   25.4531250       1.96864742E+19
   25.5234375       1.84348474E+19
   25.5937500       1.71901672E+19
   25.6640625       1.60158096E+19
   25.7343750       1.49830878E+19
   25.8046875       1.41542738E+19
   25.8750000       1.35635359E+19
   25.9453125       5.67255971E+18
   26.0156250       5.34049400E+18
   26.0859375       4.96532909E+18
   26.1562500       4.60456366E+18
   26.2265625       4.31198114E+18
   26.2968750       4.12715681E+18
   26.3671875       4.06955944E+18
   26.4375000       4.13742900E+18
   26.5078125       4.31005370E+18
   26.5781250       4.55233466E+18
   26.6484375       4.82086866E+18
   26.7187500       5.07110871E+18
   26.7890625       5.26448201E+18
   26.8593750       5.37443373E+18
   26.9296875       5.39040084E+18
   27.0000000       5.31945430E+18
   27.0703125       5.18516819E+18
   27.1406250       5.02340859E+18
   27.2109375       4.87474198E+18
   27.2812500       4.77449071E+18
   27.3515625       4.74300729E+18
   27.4218750       4.78003444E+18
   27.4921875       4.86588211E+18
   27.5625000       4.96929448E+18
   27.6328125       5.05821748E+18
   27.7031250       5.10867957E+18
   27.7734375       5.10845527E+18
   27.8437500       5.05573259E+18
   27.9140625       4.95533508E+18
   27.9843750       4.81548380E+18
   28.0546875       4.64600343E+18
   28.1250000       4.45693938E+18
   28.1953125       4.25616608E+18
   28.2656250       4.04676217E+18
   28.3359375       3.82644368E+18
   28.4062500       3.59059486E+18
   28.4765625       3.33726133E+18
   28.5468750       3.07069106E+18
   28.6171875       2.80090939E+18
   28.6875000       2.54003431E+18
   28.7578125       1.67953274E+18
   28.8281250       1.60396138E+18
   28.8984375       1.54512088E+18
   28.9687500       1.50187420E+18
   29.0390625       1.47133691E+18
   29.1093750       1.44965935E+18
   29.1796875       1.43264853E+18
   29.2500000       1.41640504E+18
   29.3203125       1.39743530E+18
   29.3906250       1.37287537E+18
   29.4609375       1.34065253E+18
   29.5312500       1.30001472E+18
   29.6015625       1.25168953E+18
   29.6718750       1.19777869E+18
   29.7421875       1.14091965E+18
   29.8125000       1.08343148E+18
   29.8828125       1.02650172E+18
   29.9531250       9.70221842E+17
   30.0234375       9.14099676E+17
   30.0937500       8.58113163E+17
   30.1640625       8.03322780E+17
   30.2343750       7.52165872E+17
   30.3046875       7.08078616E+17
   30.3750000       6.75094367E+17
   30.4453125       6.56997024E+17
   30.5156250       6.56341234E+17
   30.5859375       6.73065906E+17
   30.6562500       7.03732384E+17
   30.7265625       7.41644782E+17
   30.7968750       7.78460555E+17
   30.8671875       8.06275587E+17
   30.9375000       8.19579816E+17
   31.0078125       8.15879753E+17
   31.0781250       7.95379290E+17
   31.1484375       7.59951376E+17
   31.2187500       7.12591699E+17
   31.2890625       6.57203526E+17
   31.3593750       5.98782350E+17
   31.4296875       5.42984609E+17
   31.5000000       0.00000000    
   31.5703125       0.00000000    
   31.6406250       0.00000000    
   31.7109375       0.00000000    
   31.7812500       0.00000000    
   31.8515625       0.00000000    
   31.9218750       0.00000000    
   31.9921875       0.00000000    
   32.0625000       0.00000000    
   32.1328125       0.00000000    
   32.2031250       0.00000000    
   32.2734375       0.00000000    
   32.3437500       0.00000000    
   32.4140625       0.00000000    
   32.4843750       0.00000000    
   32.5546875       0.00000000    
   32.6250000       0.00000000    
   32.6953125       0.00000000    
   32.7656250       0.00000000    
   32.8359375       0.00000000    
   32.9062500       0.00000000    
   32.9765625       0.00000000    
   33.0468750       0.00000000    
   33.1171875       0.00000000    
   33.1875000       0.00000000    
   33.2578125       0.00000000    
   33.3281250       0.00000000    
   33.3984375       0.00000000    
   33.4687500       0.00000000    
   33.5390625       0.00000000    
   33.6093750       0.00000000    
   33.6796875       0.00000000    
   33.7500000       0.00000000    
   33.8203125       0.00000000    
   33.8906250       0.00000000    
   33.9609375       0.00000000    
   34.0312500       0.00000000    
   34.1015625       0.00000000    
   34.1718750       0.00000000    
   34.2421875       0.00000000    
   34.3125000       0.00000000    
   34.3828125       0.00000000    
   34.4531250       0.00000000    
   34.5234375       0.00000000    
