1996 06 17 11 22 18.0 -7.140 122.590
609. 8.411E+20 7.883 223 55 -139 107 58 -43
  -1.12500000       0.00000000    
  -1.05468750       0.00000000    
 -0.984375000       0.00000000    
 -0.914062500       0.00000000    
 -0.843750000       0.00000000    
 -0.773437500       0.00000000    
 -0.703125000       0.00000000    
 -0.632812500       0.00000000    
 -0.562500000       0.00000000    
 -0.492187500       0.00000000    
 -0.421875000       0.00000000    
 -0.351562500       0.00000000    
 -0.281250000       0.00000000    
 -0.210937500       0.00000000    
 -0.140625000       0.00000000    
  -7.03125000E-02   0.00000000    
   0.00000000       0.00000000    
   7.03125000E-02   3.47247075E+18
  0.140625000       7.64565312E+18
  0.210937500       1.24178909E+19
  0.281250000       1.70037109E+19
  0.351562500       2.09778132E+19
  0.421875000       2.41726312E+19
  0.492187500       2.65963419E+19
  0.562500000       2.83592108E+19
  0.632812500       2.95946001E+19
  0.703125000       3.03820308E+19
  0.773437500       3.07053663E+19
  0.843750000       3.04694551E+19
  0.914062500       2.95700414E+19
  0.984375000       2.79759277E+19
   1.05468750       2.57767923E+19
   1.12500000       2.31683527E+19
   1.19531250       2.03869247E+19
   1.26562500       1.76321401E+19
   1.33593750       1.50237247E+19
   1.40625000       1.26098635E+19
   1.47656250       1.04137407E+19
   1.54687500       8.48140950E+18
   1.61718750       6.90418590E+18
   1.68750000       5.80463524E+18
   1.75781250       5.29450308E+18
   1.82812500       5.41463187E+18
   1.89843750       6.07570389E+18
   1.96875000       7.02339276E+18
   2.03906250       7.85916288E+18
   2.10937500       8.13102318E+18
   2.17968750       7.48588528E+18
   2.25000000       5.84595214E+18
   2.32031250       3.56511972E+18
   2.39062500       1.52460275E+18
   2.46093750       3.41775527E+17
   2.53125000       0.00000000    
   2.60156250       0.00000000    
   2.67187500       0.00000000    
   2.74218750       0.00000000    
   2.81250000       0.00000000    
   2.88281250       0.00000000    
   2.95312500       0.00000000    
   3.02343750       0.00000000    
   3.09375000       0.00000000    
   3.16406250       0.00000000    
   3.23437500       0.00000000    
   3.30468750       0.00000000    
   3.37500000       0.00000000    
   3.44531250       0.00000000    
   3.51562500       0.00000000    
   3.58593750       0.00000000    
   3.65625000       0.00000000    
   3.72656250       0.00000000    
   3.79687500       0.00000000    
   3.86718750       0.00000000    
   3.93750000       0.00000000    
   4.00781250       0.00000000    
   4.07812500       0.00000000    
   4.14843750       0.00000000    
   4.21875000       0.00000000    
   4.28906250       0.00000000    
   4.35937500       0.00000000    
   4.42968750       0.00000000    
   4.50000000       0.00000000    
   4.57031250       0.00000000    
   4.64062500       0.00000000    
   4.71093750       0.00000000    
   4.78125000       0.00000000    
   4.85156250       0.00000000    
   4.92187500       0.00000000    
   4.99218750       0.00000000    
   5.06250000       0.00000000    
   5.13281250       0.00000000    
   5.20312500       0.00000000    
   5.27343750       0.00000000    
   5.34375000       0.00000000    
   5.41406250       0.00000000    
   5.48437500       0.00000000    
   5.55468750       0.00000000    
   5.62500000       0.00000000    
   5.69531250       0.00000000    
   5.76562500       0.00000000    
   5.83593750       0.00000000    
   5.90625000       0.00000000    
   5.97656250       0.00000000    
   6.04687500       0.00000000    
   6.11718750       0.00000000    
   6.18750000       0.00000000    
   6.25781250       0.00000000    
   6.32812500       0.00000000    
   6.39843750       0.00000000    
   6.46875000       0.00000000    
   6.53906250       0.00000000    
   6.60937500       0.00000000    
   6.67968750       0.00000000    
   6.75000000       0.00000000    
   6.82031250       0.00000000    
   6.89062500       0.00000000    
   6.96093750       0.00000000    
   7.03125000       9.12463139E+16
   7.10156250       8.26868409E+17
   7.17187500       2.17969412E+18
   7.24218750       3.69906965E+18
   7.31250000       4.38167561E+18
   7.38281250       3.92374908E+18
   7.45312500       2.62324425E+18
   7.52343750       1.20501609E+18
   7.59375000       3.10116877E+17
   7.66406250       0.00000000    
   7.73437500       0.00000000    
   7.80468750       0.00000000    
   7.87500000       3.65360979E+17
   7.94531250       1.63540150E+18
   8.01562500       4.14226300E+18
   8.08593750       7.63432045E+18
   8.15625000       1.14808024E+19
   8.22656250       1.51032249E+19
   8.29687500       1.80774731E+19
   8.36718750       2.02327820E+19
   8.43750000       2.16918581E+19
   8.50781250       2.28097118E+19
   8.57812500       2.40227304E+19
   8.64843750       2.56840595E+19
   8.71875000       2.79694713E+19
   8.78906250       3.08857962E+19
   8.85937500       3.43386937E+19
   8.92968750       3.81926007E+19
   9.00000000       4.22883959E+19
   9.07031250       4.64370468E+19
   9.14062500       5.04226005E+19
   9.21093750       5.40289722E+19
   9.28125000       5.70800642E+19
   9.35156250       5.94784773E+19
   9.42187500       6.12296299E+19
   9.49218750       6.24407640E+19
   9.56250000       6.32861169E+19
   9.63281250       6.39461977E+19
   9.70312500       6.45433908E+19
   9.77343750       6.51020439E+19
   9.84375000       6.55476892E+19
   9.91406250       6.57461334E+19
   9.98437500       6.55701632E+19
   10.0546875       6.49771658E+19
   10.1250000       6.40756718E+19
   10.1953125       6.31572893E+19
   10.2656250       6.26690358E+19
   10.3359375       6.31123940E+19
   10.4062500       6.48784692E+19
   10.4765625       6.80686010E+19
   10.5468750       7.23769494E+19
   10.6171875       7.71071848E+19
   10.6875000       8.13378064E+19
   10.7578125       8.41776954E+19
   10.8281250       8.50019333E+19
   10.8984375       8.35752070E+19
   10.9687500       8.00367411E+19
   11.0390625       7.47971812E+19
   11.1093750       6.84238181E+19
   11.1796875       6.15627116E+19
   11.2500000       5.48891070E+19
   11.3203125       4.90463638E+19
   11.3906250       4.45454777E+19
   11.4609375       4.16521569E+19
   11.5312500       4.03248308E+19
   11.6015625       4.02537672E+19
   11.6718750       4.09829281E+19
   11.7421875       4.20474533E+19
   11.8125000       4.30628215E+19
   11.8828125       4.37563187E+19
   11.9531250       4.39704640E+19
   12.0234375       4.36715683E+19
   12.0937500       4.29614245E+19
   12.1640625       4.20654237E+19
   12.2343750       4.12716203E+19
   12.3046875       4.08322335E+19
   12.3750000       4.08690935E+19
   12.4453125       4.13292787E+19
   12.5156250       4.20040182E+19
   12.5859375       4.25943944E+19
   12.6562500       4.27937886E+19
   12.7265625       4.23695222E+19
   12.7968750       4.12297377E+19
   12.8671875       3.94613756E+19
   12.9375000       3.73181239E+19
   13.0078125       3.51522751E+19
   13.0781250       3.33075409E+19
   13.1484375       3.20174136E+19
   13.2187500       3.13524839E+19
   13.2890625       3.12388318E+19
   13.3593750       3.15266070E+19
   13.4296875       3.20637998E+19
   13.5000000       3.27323160E+19
   13.5703125       3.34422531E+19
   13.6406250       3.41125154E+19
   13.7109375       3.46731652E+19
   13.7812500       3.50923298E+19
   13.8515625       3.54009033E+19
   13.9218750       3.56818307E+19
   13.9921875       3.60204341E+19
   14.0625000       3.64402804E+19
   14.1328125       3.68642191E+19
   14.2031250       3.71246055E+19
   14.2734375       3.70227028E+19
   14.3437500       3.64064397E+19
   14.4140625       3.52292761E+19
   14.4843750       3.35678635E+19
   14.5546875       3.16105635E+19
   14.6250000       2.96389632E+19
   14.6953125       2.80090538E+19
   14.7656250       2.71101304E+19
   14.8359375       2.72861513E+19
   14.9062500       2.87360157E+19
   14.9765625       3.14418588E+19
   15.0468750       3.51649019E+19
   15.1171875       3.95146579E+19
   15.1875000       4.40580510E+19
   15.2578125       4.84236620E+19
   15.3281250       5.23636563E+19
   15.3984375       5.57642039E+19
   15.4687500       5.86184129E+19
   15.5390625       6.09888765E+19
   15.6093750       6.29742118E+19
   15.6796875       6.46794928E+19
   15.7500000       6.61865406E+19
   15.8203125       6.75397315E+19
   15.8906250       6.87679388E+19
   15.9609375       6.99404096E+19
   16.0312500       7.12111900E+19
   16.1015625       7.28002042E+19
   16.1718750       7.49005441E+19
   16.2421875       7.75654084E+19
   16.3125000       8.06479201E+19
   16.3828125       8.38348589E+19
   16.4531250       8.67483712E+19
   16.5234375       8.90516633E+19
   16.5937500       9.05012155E+19
   16.6640625       9.09447849E+19
   16.7343750       9.03078334E+19
   16.8046875       8.86111726E+19
   16.8750000       8.60107396E+19
   16.9453125       8.28129288E+19
   17.0156250       7.94247705E+19
   17.0859375       7.62523980E+19
   17.1562500       7.35993996E+19
   17.2265625       7.16169054E+19
   17.2968750       7.03113013E+19
   17.3671875       6.95798402E+19
   17.4375000       6.92368145E+19
   17.5078125       6.90271641E+19
   17.5781250       6.86490376E+19
   17.6484375       6.78083378E+19
   17.7187500       6.62941036E+19
   17.7890625       6.40396606E+19
   17.8593750       6.11327366E+19
   17.9296875       5.77726686E+19
   18.0000000       5.42019826E+19
   18.0703125       5.06536739E+19
   18.1406250       4.73332543E+19
   18.2109375       4.44296596E+19
   18.2812500       4.21262003E+19
   18.3515625       4.05896152E+19
   18.4218750       3.99286020E+19
   18.4921875       4.01409441E+19
   18.5625000       4.10780535E+19
   18.6328125       4.24542506E+19
   18.7031250       4.38993827E+19
   18.7734375       4.50339468E+19
   18.8437500       4.55375803E+19
   18.9140625       4.51996344E+19
   18.9843750       4.39484165E+19
   19.0546875       4.18599690E+19
   19.1250000       3.91404237E+19
   19.1953125       3.60844455E+19
   19.2656250       3.30174986E+19
   19.3359375       3.02374406E+19
   19.4062500       2.79625290E+19
   19.4765625       2.62945413E+19
   19.5468750       2.52029923E+19
   19.6171875       2.45414294E+19
   19.6875000       2.40949705E+19
   19.7578125       2.36500707E+19
   19.8281250       2.30640310E+19
   19.8984375       2.23147160E+19
   19.9687500       2.15122770E+19
   20.0390625       2.08688253E+19
   20.1093750       2.06317156E+19
   20.1796875       2.10056705E+19
   20.2500000       2.20917593E+19
   20.3203125       2.38666547E+19
   20.3906250       2.62010410E+19
   20.4609375       2.89032910E+19
   20.5312500       3.17674748E+19
   20.6015625       3.46159971E+19
   20.6718750       3.73275577E+19
   20.7421875       3.98450479E+19
   20.8125000       4.21572329E+19
   20.8828125       4.42635190E+19
   20.9531250       4.61387317E+19
   21.0234375       4.77175776E+19
   21.0937500       4.89020595E+19
   21.1640625       4.95854455E+19
   21.2343750       4.96782531E+19
   21.3046875       4.91298915E+19
   21.3750000       4.79432150E+19
   21.4453125       4.61876423E+19
   21.5156250       4.40087841E+19
   21.5859375       4.16286889E+19
   21.6562500       3.93222214E+19
   21.7265625       3.73682881E+19
   21.7968750       3.59866857E+19
   21.8671875       3.52865189E+19
   21.9375000       3.52435984E+19
   22.0078125       3.57148491E+19
   22.0781250       3.64792098E+19
   22.1484375       3.72913442E+19
   22.2187500       3.79318801E+19
   22.2890625       3.82484427E+19
   22.3593750       3.81809635E+19
   22.4296875       3.77666939E+19
   22.5000000       3.71184922E+19
   22.5703125       3.63842911E+19
   22.6406250       3.57036165E+19
   22.7109375       3.51796882E+19
   22.7812500       3.48678161E+19
   22.8515625       3.47736517E+19
   22.9218750       3.48531618E+19
   22.9921875       3.50215190E+19
   23.0625000       3.51761038E+19
   23.1328125       3.52328012E+19
   23.2031250       3.51570976E+19
   23.2734375       3.49731515E+19
   23.3437500       3.47413481E+19
   23.4140625       3.45178349E+19
   23.4843750       3.43204132E+19
   23.5546875       3.41274819E+19
   23.6250000       3.39095455E+19
   23.6953125       3.36676640E+19
   23.7656250       3.34394120E+19
   23.8359375       3.32621487E+19
   23.9062500       3.31180423E+19
   23.9765625       3.29075078E+19
   24.0468750       3.24734756E+19
   24.1171875       3.16654269E+19
   24.1875000       3.04030908E+19
   24.2578125       2.87096670E+19
   24.3281250       2.67033749E+19
   24.3984375       2.45629578E+19
   24.4687500       2.24848303E+19
   24.5390625       2.06468119E+19
   24.6093750       1.91781062E+19
   24.6796875       1.81365949E+19
   24.7500000       1.74962668E+19
   24.8203125       1.71579471E+19
   24.8906250       1.69870599E+19
   24.9609375       1.68705062E+19
   25.0312500       1.67651840E+19
   25.1015625       1.67148395E+19
   25.1718750       1.68241376E+19
   25.2421875       1.72064961E+19
   25.3125000       1.79310885E+19
   25.3828125       1.89951431E+19
   25.4531250       2.03249826E+19
   25.5234375       2.17954893E+19
   25.5937500       2.32467193E+19
   25.6640625       2.44915621E+19
   25.7343750       2.53229557E+19
   25.8046875       2.55426381E+19
   25.8750000       2.50155960E+19
   25.9453125       2.37325297E+19
   26.0156250       2.18428386E+19
   26.0859375       1.96372359E+19
   26.1562500       1.74824471E+19
   26.2265625       1.57368778E+19
   26.2968750       1.46734830E+19
   26.3671875       1.44300478E+19
   26.4375000       1.49910142E+19
   26.5078125       1.62036898E+19
   26.5781250       1.78225942E+19
   26.6484375       1.95726396E+19
   26.7187500       2.12084798E+19
   26.7890625       2.25519511E+19
   26.8593750       2.34987889E+19
   26.9296875       2.40083400E+19
   27.0000000       2.40929936E+19
   27.0703125       2.38195098E+19
   27.1406250       2.33125998E+19
   27.2109375       2.27450605E+19
   27.2812500       2.22996725E+19
   27.3515625       2.21123971E+19
   27.4218750       2.22210222E+19
   27.4921875       2.25508208E+19
   27.5625000       2.29446724E+19
   27.6328125       2.32227741E+19
   27.7031250       2.32377648E+19
   27.7734375       2.29042346E+19
   27.8437500       2.21982448E+19
   27.9140625       2.11448796E+19
   27.9843750       1.98077416E+19
   28.0546875       1.82849938E+19
   28.1250000       1.66968658E+19
   28.1953125       1.51566303E+19
   28.2656250       1.37318051E+19
   28.3359375       1.24238800E+19
   28.4062500       1.11823917E+19
   28.4765625       9.94712886E+18
   28.5468750       8.68662180E+18
   28.6171875       7.41064790E+18
   28.6875000       6.15327004E+18
   28.7578125       0.00000000    
   28.8281250       0.00000000    
   28.8984375       0.00000000    
   28.9687500       0.00000000    
   29.0390625       0.00000000    
   29.1093750       0.00000000    
   29.1796875       0.00000000    
   29.2500000       0.00000000    
   29.3203125       0.00000000    
   29.3906250       0.00000000    
   29.4609375       0.00000000    
   29.5312500       0.00000000    
   29.6015625       0.00000000    
   29.6718750       0.00000000    
   29.7421875       0.00000000    
   29.8125000       0.00000000    
   29.8828125       0.00000000    
   29.9531250       0.00000000    
   30.0234375       0.00000000    
   30.0937500       0.00000000    
   30.1640625       0.00000000    
   30.2343750       0.00000000    
   30.3046875       0.00000000    
   30.3750000       0.00000000    
   30.4453125       0.00000000    
   30.5156250       0.00000000    
   30.5859375       0.00000000    
   30.6562500       0.00000000    
   30.7265625       0.00000000    
   30.7968750       0.00000000    
   30.8671875       0.00000000    
   30.9375000       0.00000000    
   31.0078125       0.00000000    
   31.0781250       0.00000000    
   31.1484375       0.00000000    
   31.2187500       0.00000000    
   31.2890625       0.00000000    
   31.3593750       0.00000000    
   31.4296875       0.00000000    
   31.5000000       0.00000000    
   31.5703125       0.00000000    
   31.6406250       0.00000000    
   31.7109375       0.00000000    
   31.7812500       0.00000000    
   31.8515625       0.00000000    
   31.9218750       0.00000000    
   31.9921875       0.00000000    
   32.0625000       0.00000000    
   32.1328125       0.00000000    
   32.2031250       0.00000000    
   32.2734375       0.00000000    
   32.3437500       0.00000000    
   32.4140625       0.00000000    
   32.4843750       0.00000000    
   32.5546875       0.00000000    
   32.6250000       0.00000000    
   32.6953125       0.00000000    
   32.7656250       0.00000000    
   32.8359375       0.00000000    
   32.9062500       0.00000000    
   32.9765625       0.00000000    
   33.0468750       0.00000000    
   33.1171875       0.00000000    
   33.1875000       0.00000000    
   33.2578125       0.00000000    
   33.3281250       0.00000000    
   33.3984375       0.00000000    
   33.4687500       0.00000000    
   33.5390625       0.00000000    
   33.6093750       0.00000000    
   33.6796875       0.00000000    
   33.7500000       0.00000000    
   33.8203125       0.00000000    
   33.8906250       0.00000000    
   33.9609375       0.00000000    
   34.0312500       0.00000000    
   34.1015625       0.00000000    
   34.1718750       0.00000000    
   34.2421875       0.00000000    
   34.3125000       0.00000000    
   34.3828125       0.00000000    
   34.4531250       0.00000000    
   34.5234375       0.00000000    
