2003 07 15 20 27 50.0 -2.600 68.380
15. 2.851E+20 7.570 126 69 -12 220 79 -158
  -1.12500000       0.00000000    
  -1.05468750       6.13112560E+17
 -0.984375000       6.24174472E+17
 -0.914062500       6.38707060E+17
 -0.843750000       6.53563455E+17
 -0.773437500       6.66864316E+17
 -0.703125000       6.77669629E+17
 -0.632812500       6.85769388E+17
 -0.562500000       6.91340064E+17
 -0.492187500       6.94785658E+17
 -0.421875000       6.96487565E+17
 -0.351562500       6.96769108E+17
 -0.281250000       6.95781129E+17
 -0.210937500       6.93593238E+17
 -0.140625000       6.90170733E+17
  -7.03125000E-02   6.85505299E+17
   0.00000000       6.79580100E+17
   7.03125000E-02   6.72459594E+17
  0.140625000       6.64209889E+17
  0.210937500       6.54965127E+17
  0.281250000       6.45233349E+17
  0.351562500       6.36624379E+17
  0.421875000       6.29852556E+17
  0.492187500       6.24706498E+17
  0.562500000       6.19607994E+17
  0.632812500       6.13795838E+17
  0.703125000       6.07107715E+17
  0.773437500       5.99785036E+17
  0.843750000       5.92181432E+17
  0.914062500       5.84574392E+17
  0.984375000       5.76993603E+17
   1.05468750       5.69298980E+17
   1.12500000       5.61403456E+17
   1.19531250       5.53774323E+17
   1.26562500       5.46884577E+17
   1.33593750       5.41638291E+17
   1.40625000       5.38388479E+17
   1.47656250       5.36415542E+17
   1.54687500       5.34378319E+17
   1.61718750       5.31292196E+17
   1.68750000       5.27575572E+17
   1.75781250       5.24060365E+17
   1.82812500       5.21542517E+17
   1.89843750       5.20752381E+17
   1.96875000       5.22192432E+17
   2.03906250       5.26124869E+17
   2.10937500       5.32469807E+17
   2.17968750       5.40884370E+17
   2.25000000       5.50756541E+17
   2.32031250       5.61357620E+17
   2.39062500       5.71881733E+17
   2.46093750       5.81616706E+17
   2.53125000       5.89980210E+17
   2.60156250       5.96665378E+17
   2.67187500       6.01621083E+17
   2.74218750       6.05108734E+17
   2.81250000       6.07579818E+17
   2.88281250       6.09646281E+17
   2.95312500       6.11913886E+17
   3.02343750       6.14954723E+17
   3.09375000       6.19171213E+17
   3.16406250       6.24814800E+17
   3.23437500       6.31899091E+17
   3.30468750       6.40272421E+17
   3.37500000       6.49586316E+17
   3.44531250       6.59413751E+17
   3.51562500       6.69241598E+17
   3.58593750       6.78573497E+17
   3.65625000       6.86872473E+17
   3.72656250       6.93610693E+17
   3.79687500       6.98205758E+17
   3.86718750       7.00146052E+17
   3.93750000       6.99085230E+17
   4.00781250       6.95156881E+17
   4.07812500       6.89204125E+17
   4.14843750       6.83125956E+17
   4.21875000       6.77778137E+17
   4.28906250       6.73881262E+17
   4.35937500       6.70850596E+17
   4.42968750       6.68795609E+17
   4.50000000       6.67337725E+17
   4.57031250       6.66348439E+17
   4.64062500       6.65693474E+17
   4.71093750       6.65161104E+17
   4.78125000       6.64359629E+17
   4.85156250       6.64142819E+17
   4.92187500       6.65066958E+17
   4.99218750       6.66843769E+17
   5.06250000       6.67366450E+17
   5.13281250       6.64674295E+17
   5.20312500       6.57925012E+17
   5.27343750       6.47353895E+17
   5.34375000       6.33466444E+17
   5.41406250       6.19424100E+17
   5.48437500       6.08365144E+17
   5.55468750       6.03209534E+17
   5.62500000       6.04715521E+17
   5.69531250       6.11496415E+17
   5.76562500       6.22941782E+17
   5.83593750       6.37099918E+17
   5.90625000       6.53358397E+17
   5.97656250       6.70343446E+17
   6.04687500       6.87395978E+17
   6.11718750       7.04238435E+17
   6.18750000       7.20797561E+17
   6.25781250       7.37034049E+17
   6.32812500       7.52965285E+17
   6.39843750       7.68669541E+17
   6.46875000       7.83896128E+17
   6.53906250       7.98233828E+17
   6.60937500       8.11207447E+17
   6.67968750       8.22685799E+17
   6.75000000       8.32702968E+17
   6.82031250       8.41322177E+17
   6.89062500       8.48684095E+17
   6.96093750       8.54971927E+17
   7.03125000       8.60459521E+17
   7.10156250       8.65447867E+17
   7.17187500       8.70270600E+17
   7.24218750       8.77252362E+17
   7.31250000       8.88997688E+17
   7.38281250       9.06653028E+17
   7.45312500       9.28302893E+17
   7.52343750       9.51028217E+17
   7.59375000       9.72955640E+17
   7.66406250       9.93070999E+17
   7.73437500       1.01107681E+18
   7.80468750       1.02716211E+18
   7.87500000       1.04187701E+18
   7.94531250       1.05593977E+18
   8.01562500       1.07070009E+18
   8.08593750       1.08829791E+18
   8.15625000       1.10986298E+18
   8.22656250       1.13506365E+18
   8.29687500       1.16198258E+18
   8.36718750       1.18900500E+18
   8.43750000       1.21484353E+18
   8.50781250       1.24170501E+18
   8.57812500       1.27119625E+18
   8.64843750       1.30395894E+18
   8.71875000       1.33694457E+18
   8.78906250       1.36782490E+18
   8.85937500       1.39559554E+18
   8.92968750       1.42018392E+18
   9.00000000       1.44216714E+18
   9.07031250       1.46235967E+18
   9.14062500       1.48158780E+18
   9.21093750       1.50040690E+18
   9.28125000       1.51905159E+18
   9.35156250       1.53734472E+18
   9.42187500       1.55483644E+18
   9.49218750       1.57085646E+18
   9.56250000       1.58472955E+18
   9.63281250       1.59582595E+18
   9.70312500       1.60370890E+18
   9.77343750       1.60808730E+18
   9.84375000       1.60885187E+18
   9.91406250       1.60594022E+18
   9.98437500       1.59932103E+18
   10.0546875       1.58886783E+18
   10.1250000       1.57442891E+18
   10.1953125       1.55584153E+18
   10.2656250       1.53317276E+18
   10.3359375       1.50688041E+18
   10.4062500       1.47814330E+18
   10.4765625       1.44904431E+18
   10.5468750       1.42284185E+18
   10.6171875       1.40384270E+18
   10.6875000       1.39217950E+18
   10.7578125       1.38659027E+18
   10.8281250       1.38415402E+18
   10.8984375       1.38505892E+18
   10.9687500       1.38933520E+18
   11.0390625       1.39683538E+18
   11.1093750       1.40732252E+18
   11.1796875       1.42042169E+18
   11.2500000       1.43565611E+18
   11.3203125       1.45236016E+18
   11.3906250       1.46971486E+18
   11.4609375       1.48670369E+18
   11.5312500       1.50222700E+18
   11.6015625       1.51515698E+18
   11.6718750       1.52454695E+18
   11.7421875       1.52973280E+18
   11.8125000       1.53051276E+18
   11.8828125       1.52713575E+18
   11.9531250       1.52031081E+18
   12.0234375       1.51189198E+18
   12.0937500       1.50539360E+18
   12.1640625       1.50277291E+18
   12.2343750       1.50394650E+18
   12.3046875       1.50647868E+18
   12.3750000       1.50888853E+18
   12.4453125       1.51040118E+18
   12.5156250       1.51069984E+18
   12.5859375       1.50973928E+18
   12.6562500       1.50758286E+18
   12.7265625       1.50429285E+18
   12.7968750       1.49985632E+18
   12.8671875       1.49418023E+18
   12.9375000       1.48716369E+18
   13.0078125       1.47888684E+18
   13.0781250       1.46990026E+18
   13.1484375       1.46160568E+18
   13.2187500       1.45562434E+18
   13.2890625       1.45219125E+18
   13.3593750       1.45125254E+18
   13.4296875       1.45247163E+18
   13.5000000       1.45513698E+18
   13.5703125       1.45767232E+18
   13.6406250       1.45835470E+18
   13.7109375       1.45694224E+18
   13.7812500       1.45389233E+18
   13.8515625       1.45037376E+18
   13.9218750       1.44801270E+18
   13.9921875       1.44690274E+18
   14.0625000       1.44652492E+18
   14.1328125       1.44579154E+18
   14.2031250       1.44449769E+18
   14.2734375       1.44238485E+18
   14.3437500       1.43915063E+18
   14.4140625       1.43475533E+18
   14.4843750       1.42919620E+18
   14.5546875       1.42250842E+18
   14.6250000       1.41476030E+18
   14.6953125       1.40605272E+18
   14.7656250       1.39652174E+18
   14.8359375       1.38635607E+18
   14.9062500       1.37581148E+18
   14.9765625       1.36523143E+18
   15.0468750       1.35503318E+18
   15.1171875       1.34566012E+18
   15.1875000       1.33749460E+18
   15.2578125       1.33092543E+18
   15.3281250       1.32787373E+18
   15.3984375       1.32904458E+18
   15.4687500       1.33386621E+18
   15.5390625       1.33940280E+18
   15.6093750       1.34349779E+18
   15.6796875       1.34503752E+18
   15.7500000       1.34370395E+18
   15.8203125       1.33975698E+18
   15.8906250       1.33378306E+18
   15.9609375       1.32654071E+18
   16.0312500       1.31881554E+18
   16.1015625       1.31138243E+18
   16.1718750       1.30496019E+18
   16.2421875       1.30021744E+18
   16.3125000       1.29773268E+18
   16.3828125       1.29798914E+18
   16.4531250       1.30133221E+18
   16.5234375       1.30798082E+18
   16.5937500       1.31801496E+18
   16.6640625       1.33143464E+18
   16.7343750       1.34818735E+18
   16.8046875       1.36823818E+18
   16.8750000       1.39124986E+18
   16.9453125       1.41624629E+18
   17.0156250       1.44186381E+18
   17.0859375       1.46665258E+18
   17.1562500       1.48948174E+18
   17.2265625       1.50940846E+18
   17.2968750       1.52595556E+18
   17.3671875       1.53938500E+18
   17.4375000       1.55095997E+18
   17.5078125       1.56308854E+18
   17.5781250       1.57658120E+18
   17.6484375       1.59027315E+18
   17.7187500       1.60192742E+18
   17.7890625       1.61070221E+18
   17.8593750       1.61718754E+18
   17.9296875       1.62218042E+18
   18.0000000       1.62673171E+18
   18.0703125       1.63221086E+18
   18.1406250       1.63940372E+18
   18.2109375       1.65034799E+18
   18.2812500       1.66642120E+18
   18.3515625       1.68835879E+18
   18.4218750       1.71454916E+18
   18.4921875       1.74296865E+18
   18.5625000       1.77208701E+18
   18.6328125       1.80066318E+18
   18.7031250       1.82759971E+18
   18.7734375       1.85374802E+18
   18.8437500       1.88261240E+18
   18.9140625       1.91636795E+18
   18.9843750       1.95318015E+18
   19.0546875       1.98734500E+18
   19.1250000       2.01407166E+18
   19.1953125       2.03089143E+18
   19.2656250       2.03725500E+18
   19.3359375       2.03397557E+18
   19.4062500       2.02268166E+18
   19.4765625       2.00530979E+18
   19.5468750       1.98375908E+18
   19.6171875       1.95964432E+18
   19.6875000       1.93419214E+18
   19.7578125       1.90818717E+18
   19.8281250       1.88119224E+18
   19.8984375       1.85178127E+18
   19.9687500       1.81801581E+18
   20.0390625       1.77863406E+18
   20.1093750       1.73350240E+18
   20.1796875       1.68404238E+18
   20.2500000       1.63395028E+18
   20.3203125       1.58961000E+18
   20.3906250       1.55814267E+18
   20.4609375       1.53726239E+18
   20.5312500       1.52087816E+18
   20.6015625       1.50092601E+18
   20.6718750       1.47660014E+18
   20.7421875       1.44782468E+18
   20.8125000       1.41517798E+18
   20.8828125       1.38059284E+18
   20.9531250       1.34570135E+18
   21.0234375       1.31157608E+18
   21.0937500       1.27878026E+18
   21.1640625       1.24874422E+18
   21.2343750       1.22307529E+18
   21.3046875       1.20281624E+18
   21.3750000       1.18839903E+18
   21.4453125       1.17787080E+18
   21.5156250       1.16889947E+18
   21.5859375       1.15913567E+18
   21.6562500       1.14838739E+18
   21.7265625       1.13637949E+18
   21.7968750       1.12209209E+18
   21.8671875       1.10501379E+18
   21.9375000       1.08511758E+18
   22.0078125       1.06339453E+18
   22.0781250       1.04115793E+18
   22.1484375       1.02100004E+18
   22.2187500       1.00670804E+18
   22.2890625       9.98266261E+17
   22.3593750       9.93054094E+17
   22.4296875       9.87730122E+17
   22.5000000       9.83096848E+17
   22.5703125       9.80661911E+17
   22.6406250       9.80916311E+17
   22.7109375       9.82958035E+17
   22.7812500       9.85948844E+17
   22.8515625       9.89135916E+17
   22.9218750       9.91760588E+17
   22.9921875       9.93117935E+17
   23.0625000       9.92570653E+17
   23.1328125       9.89780780E+17
   23.2031250       9.84940523E+17
   23.2734375       9.79204852E+17
   23.3437500       9.75035848E+17
   23.4140625       9.76136184E+17
   23.4843750       9.82856674E+17
   23.5546875       9.94383541E+17
   23.6250000       1.00847832E+18
   23.6953125       1.02561785E+18
   23.7656250       1.04617130E+18
   23.8359375       1.07043855E+18
   23.9062500       1.09857196E+18
   23.9765625       1.13247952E+18
   24.0468750       1.17347715E+18
   24.1171875       1.22241902E+18
   24.1875000       1.27787124E+18
   24.2578125       1.34114718E+18
   24.3281250       1.41337025E+18
   24.3984375       1.49963037E+18
   24.4687500       1.60455882E+18
   24.5390625       1.72896609E+18
   24.6093750       1.86695535E+18
   24.6796875       2.01367391E+18
   24.7500000       2.16482748E+18
   24.8203125       2.31661547E+18
   24.8906250       2.46068971E+18
   24.9609375       2.59164594E+18
   25.0312500       2.70639510E+18
   25.1015625       2.80363893E+18
   25.1718750       2.88337001E+18
   25.2421875       2.94649490E+18
   25.3125000       2.99445202E+18
   25.3828125       3.02892006E+18
   25.4531250       3.05153839E+18
   25.5234375       3.06376716E+18
   25.5937500       3.06679824E+18
   25.6640625       3.06162531E+18
   25.7343750       3.04912112E+18
   25.8046875       3.03019357E+18
   25.8750000       3.00586468E+18
   25.9453125       2.97735242E+18
   26.0156250       2.94602183E+18
   26.0859375       2.91332786E+18
   26.1562500       2.88064487E+18
   26.2265625       2.84914964E+18
   26.2968750       2.81972038E+18
   26.3671875       2.79296377E+18
   26.4375000       2.76929321E+18
   26.5078125       2.74911689E+18
   26.5781250       2.73299311E+18
   26.6484375       2.72178441E+18
   26.7187500       2.71666866E+18
   26.7890625       2.71923739E+18
   26.8593750       2.74008138E+18
   26.9296875       2.78894368E+18
   27.0000000       2.86990484E+18
   27.0703125       2.97418912E+18
   27.1406250       3.09115380E+18
   27.2109375       3.21375786E+18
   27.2812500       3.33753621E+18
   27.3515625       3.45961471E+18
   27.4218750       3.57795212E+18
   27.4921875       3.69083046E+18
   27.5625000       3.79663537E+18
   27.6328125       3.89383192E+18
   27.7031250       3.98109796E+18
   27.7734375       4.05749505E+18
   27.8437500       4.12262187E+18
   27.9140625       4.17669943E+18
   27.9843750       4.22057269E+18
   28.0546875       4.25562595E+18
   28.1250000       4.28365167E+18
   28.1953125       4.30667545E+18
   28.2656250       4.32681383E+18
   28.3359375       4.34614489E+18
   28.4062500       4.36665600E+18
   28.4765625       4.39024520E+18
   28.5468750       4.41879732E+18
   28.6171875       4.45425767E+18
   28.6875000       4.49867601E+18
   28.7578125       4.55414390E+18
   28.8281250       4.62264595E+18
   28.8984375       4.70583225E+18
   28.9687500       4.80478995E+18
   29.0390625       4.91985549E+18
   29.1093750       5.05051925E+18
   29.1796875       5.19541509E+18
   29.2500000       5.35239622E+18
   29.3203125       5.51867591E+18
   29.3906250       5.69101226E+18
   29.4609375       5.86591762E+18
   29.5312500       6.03991314E+18
   29.6015625       6.20980143E+18
   29.6718750       6.37297500E+18
   29.7421875       6.52765980E+18
   29.8125000       6.67308670E+18
   29.8828125       6.80948277E+18
   29.9531250       6.93787824E+18
   30.0234375       7.05970578E+18
   30.0937500       7.17629469E+18
   30.1640625       7.28837616E+18
   30.2343750       7.39577370E+18
   30.3046875       7.49736418E+18
   30.3750000       7.59131085E+18
   30.4453125       7.67549496E+18
   30.5156250       7.74803854E+18
   30.5859375       7.80774752E+18
   30.6562500       7.85436901E+18
   30.7265625       7.88855228E+18
   30.7968750       7.91159474E+18
   30.8671875       7.92502308E+18
   30.9375000       7.93019903E+18
   31.0078125       7.92804838E+18
   31.0781250       7.91895927E+18
   31.1484375       7.90287561E+18
   31.2187500       7.87948680E+18
   31.2890625       7.84846628E+18
   31.3593750       7.80967551E+18
   31.4296875       7.76328602E+18
   31.5000000       7.70982996E+18
   31.5703125       7.65018365E+18
   31.6406250       7.58557910E+18
   31.7109375       7.51760234E+18
   31.7812500       7.44821601E+18
   31.8515625       7.37968070E+18
   31.9218750       7.31444558E+18
   31.9921875       7.25494331E+18
   32.0625000       7.20338996E+18
   32.1328125       7.16160851E+18
   32.2031250       7.13090245E+18
   32.2734375       7.11196282E+18
   32.3437500       7.10481489E+18
   32.4140625       7.10878358E+18
   32.4843750       7.12251098E+18
   32.5546875       7.14399819E+18
   32.6250000       7.17069323E+18
   32.6953125       7.19963183E+18
   32.7656250       7.22764463E+18
   32.8359375       7.25158265E+18
   32.9062500       7.26856131E+18
   32.9765625       7.27618532E+18
   33.0468750       7.27275650E+18
   33.1171875       7.25740456E+18
   33.1875000       7.23012623E+18
   33.2578125       7.19172799E+18
   33.3281250       7.14367438E+18
   33.3984375       7.08791100E+18
   33.4687500       7.02664731E+18
   33.5390625       6.96219064E+18
   33.6093750       6.89683402E+18
   33.6796875       6.83276328E+18
   33.7500000       6.77198997E+18
   33.8203125       6.71623978E+18
   33.8906250       6.66690415E+18
   33.9609375       6.62501166E+18
   34.0312500       6.59130503E+18
   34.1015625       6.56636151E+18
   34.1718750       6.55074294E+18
   34.2421875       6.54509145E+18
   34.3125000       6.55013546E+18
   34.3828125       6.56659735E+18
   34.4531250       6.59505711E+18
   34.5234375       6.63578357E+18
   34.5937500       6.68862060E+18
   34.6640625       6.75292554E+18
   34.7343750       6.82756259E+18
   34.8046875       6.91094625E+18
   34.8750000       7.00112215E+18
   34.9453125       7.09581759E+18
   35.0156250       7.19251524E+18
   35.0859375       7.28849545E+18
   35.1562500       7.38089731E+18
   35.2265625       7.46681535E+18
   35.2968750       7.54346286E+18
   35.3671875       7.60838022E+18
   35.4375000       7.65965375E+18
   35.5078125       7.69606517E+18
   35.5781250       7.71710378E+18
   35.6484375       7.72284653E+18
   35.7187500       7.71371069E+18
   35.7890625       7.69016904E+18
   35.8593750       7.65257454E+18
   35.9296875       7.60112234E+18
   36.0000000       7.53602521E+18
   36.0703125       7.45784553E+18
   36.1406250       7.36791428E+18
   36.2109375       7.26860914E+18
   36.2812500       7.16338697E+18
   36.3515625       7.05646442E+18
   36.4218750       6.95227085E+18
   36.4921875       6.85479474E+18
   36.5625000       6.76705976E+18
   36.6328125       6.69084217E+18
   36.7031250       6.62670655E+18
   36.7734375       6.57429833E+18
   36.8437500       6.53275109E+18
   36.9140625       6.50103952E+18
   36.9843750       6.47817353E+18
   37.0546875       6.46311956E+18
   37.1250000       6.45459670E+18
   37.1953125       6.45082427E+18
   37.2656250       6.44945044E+18
   37.3359375       6.44765548E+18
   37.4062500       6.44246304E+18
   37.4765625       6.43109244E+18
   37.5468750       6.41132927E+18
   37.6171875       6.38178374E+18
   37.6875000       6.34201441E+18
   37.7578125       6.29244842E+18
   37.8281250       6.23408964E+18
   37.8984375       6.16812499E+18
   37.9687500       6.09557921E+18
   38.0390625       6.01714720E+18
   38.1093750       5.93334957E+18
   38.1796875       5.84489826E+18
   38.2500000       5.75314456E+18
   38.3203125       5.66030785E+18
   38.3906250       5.56939913E+18
   38.4609375       5.48375102E+18
   38.5312500       5.40636245E+18
   38.6015625       5.33924001E+18
   38.6718750       5.28305606E+18
   38.7421875       5.23718554E+18
   38.8125000       5.20011825E+18
   38.8828125       5.17006420E+18
   38.9531250       5.14554729E+18
   39.0234375       5.12574839E+18
   39.0937500       5.11052455E+18
   39.1640625       5.10010668E+18
   39.2343750       5.09469928E+18
   39.3046875       5.09412368E+18
   39.3750000       5.09771909E+18
   39.4453125       5.10444865E+18
   39.5156250       5.11314413E+18
   39.5859375       5.12270714E+18
   39.6562500       5.13220307E+18
   39.7265625       5.14084138E+18
   39.7968750       5.14795467E+18
   39.8671875       5.15302782E+18
   39.9375000       5.15583762E+18
   40.0078125       5.15662322E+18
   40.0781250       5.15626368E+18
   40.1484375       5.15636154E+18
   40.2187500       5.15922302E+18
   40.2890625       5.16766562E+18
   40.3593750       5.18468221E+18
   40.4296875       5.21298694E+18
   40.5000000       5.25453638E+18
   40.5703125       5.31015958E+18
   40.6406250       5.37944145E+18
   40.7109375       5.46088888E+18
   40.7812500       5.55235780E+18
   40.8515625       5.65157498E+18
   40.9218750       5.75662287E+18
   40.9921875       5.86620350E+18
   41.0625000       5.97963077E+18
   41.1328125       6.09660341E+18
   41.2031250       6.21688668E+18
   41.2734375       6.34005068E+18
   41.3437500       6.46534772E+18
   41.4140625       6.59174373E+18
   41.4843750       6.71801550E+18
   41.5546875       6.84283316E+18
   41.6250000       6.96478439E+18
   41.6953125       7.08231229E+18
   41.7656250       7.19368072E+18
   41.8359375       7.29702657E+18
   41.9062500       7.39057741E+18
   41.9765625       7.47309411E+18
   42.0468750       7.54455412E+18
   42.1171875       7.60699319E+18
   42.1875000       7.66537231E+18
   42.2578125       7.72825997E+18
   42.3281250       7.80040058E+18
   42.3984375       7.88162590E+18
   42.4687500       7.96866269E+18
   42.5390625       8.06123772E+18
   42.6093750       8.16144392E+18
   42.6796875       8.27010865E+18
   42.7500000       8.38673605E+18
   42.8203125       8.50979174E+18
   42.8906250       8.63712893E+18
   42.9609375       8.76648372E+18
   43.0312500       8.89581928E+18
   43.1015625       9.02357593E+18
   43.1718750       9.14872619E+18
   43.2421875       9.27080167E+18
   43.3125000       9.38981061E+18
   43.3828125       9.50619941E+18
   43.4531250       9.62076962E+18
   43.5234375       9.73454489E+18
   43.5937500       9.84855215E+18
   43.6640625       9.96354017E+18
   43.7343750       1.00796585E+19
   43.8046875       1.01962232E+19
   43.8750000       1.03116016E+19
   43.9453125       1.04232812E+19
   44.0156250       1.05280734E+19
   44.0859375       1.06225347E+19
   44.1562500       1.07034180E+19
   44.2265625       1.07682288E+19
   44.2968750       1.08156375E+19
   44.3671875       1.08457179E+19
   44.4375000       1.08715697E+19
   44.5078125       1.09046584E+19
   44.5781250       1.09529687E+19
   44.6484375       1.10097816E+19
   44.7187500       1.10685703E+19
   44.7890625       1.11249609E+19
   44.8593750       1.11763653E+19
   44.9296875       1.12215882E+19
   45.0000000       1.12604757E+19
   45.0703125       1.12936876E+19
   45.1406250       1.13225596E+19
   45.2109375       1.13490557E+19
   45.2812500       1.13757298E+19
   45.3515625       1.14055376E+19
   45.4218750       1.14415356E+19
   45.4921875       1.14863726E+19
   45.5625000       1.15417572E+19
   45.6328125       1.16080006E+19
   45.7031250       1.16838965E+19
   45.7734375       1.17669427E+19
   45.8437500       1.18539096E+19
   45.9140625       1.19415440E+19
   45.9843750       1.20272498E+19
   46.0546875       1.21094889E+19
   46.1250000       1.21879006E+19
   46.1953125       1.22630412E+19
   46.2656250       1.23360081E+19
   46.3359375       1.24080833E+19
   46.4062500       1.24805081E+19
   46.4765625       1.25544756E+19
   46.5468750       1.26312577E+19
   46.6171875       1.27123566E+19
   46.6875000       1.27995600E+19
   46.7578125       1.28947832E+19
   46.8281250       1.29997910E+19
   46.8984375       1.31158345E+19
   46.9687500       1.32433801E+19
   47.0390625       1.33819823E+19
   47.1093750       1.35303075E+19
   47.1796875       1.36862853E+19
   47.2500000       1.38473044E+19
   47.3203125       1.40104038E+19
   47.3906250       1.41725235E+19
   47.4609375       1.43307454E+19
   47.5312500       1.44825747E+19
   47.6015625       1.46261072E+19
   47.6718750       1.47602201E+19
   47.7421875       1.48846057E+19
   47.8125000       1.49997553E+19
   47.8828125       1.51067202E+19
   47.9531250       1.52067340E+19
   48.0234375       1.53006895E+19
   48.0937500       1.53885756E+19
   48.1640625       1.54690709E+19
   48.2343750       1.55394528E+19
   48.3046875       1.55958885E+19
   48.3750000       1.56340647E+19
   48.4453125       1.56499295E+19
   48.5156250       1.56403627E+19
   48.5859375       1.56036456E+19
   48.6562500       1.55396672E+19
   48.7265625       1.54499020E+19
   48.7968750       1.53372768E+19
   48.8671875       1.52058841E+19
   48.9375000       1.50606958E+19
   49.0078125       1.49071171E+19
   49.0781250       1.47505675E+19
   49.1484375       1.45960147E+19
   49.2187500       1.44475674E+19
   49.2890625       1.43081746E+19
   49.3593750       1.41794933E+19
   49.4296875       1.40619929E+19
   49.5000000       1.39552215E+19
   49.5703125       1.38581412E+19
   49.6406250       1.37694667E+19
   49.7109375       1.36879368E+19
   49.7812500       1.36125224E+19
   49.8515625       1.35424934E+19
   49.9218750       1.34774518E+19
   49.9921875       1.34171612E+19
   50.0625000       1.33613170E+19
   50.1328125       1.33091506E+19
   50.2031250       1.32590382E+19
   50.2734375       1.32082364E+19
   50.3437500       1.31528397E+19
   50.4140625       1.30880158E+19
   50.4843750       1.30085376E+19
   50.5546875       1.29094507E+19
   50.6250000       1.27867947E+19
   50.6953125       1.26381935E+19
   50.7656250       1.24632634E+19
   50.8359375       1.22637955E+19
   50.9062500       1.20436589E+19
   50.9765625       1.18083997E+19
   51.0468750       1.15645753E+19
   51.1171875       1.13188686E+19
   51.1875000       1.10771563E+19
   51.2578125       1.08436981E+19
   51.3281250       1.06206644E+19
   51.3984375       1.04081200E+19
   51.4687500       1.02045058E+19
   51.5390625       1.00074800E+19
   51.6093750       9.81496867E+18
   51.6796875       9.62616053E+18
   51.7500000       9.44227381E+18
   51.8203125       9.26196489E+18
   51.8906250       9.08033602E+18
   51.9609375       8.89164718E+18
   52.0312500       8.69376202E+18
   52.1015625       8.48860635E+18
   52.1718750       8.27867330E+18
   52.2421875       8.06666601E+18
   52.3125000       7.85510513E+18
   52.3828125       7.64608962E+18
   52.4531250       7.44111976E+18
   52.5234375       7.24119721E+18
   52.5937500       7.04705260E+18
   52.6640625       6.86065294E+18
   52.7343750       6.68682675E+18
   52.8046875       6.52990225E+18
   52.8750000       6.39344846E+18
   52.9453125       6.27958908E+18
   53.0156250       6.18814545E+18
   53.0859375       6.11547048E+18
   53.1562500       6.05642011E+18
   53.2265625       6.00829668E+18
   53.2968750       5.97069613E+18
   53.3671875       5.94243484E+18
   53.4375000       5.92161668E+18
   53.5078125       5.90593325E+18
   53.5781250       5.89304807E+18
   53.6484375       5.88105185E+18
   53.7187500       5.86881099E+18
   53.7890625       5.85961687E+18
   53.8593750       5.86036124E+18
   53.9296875       5.87710021E+18
   54.0000000       5.91162487E+18
   54.0703125       5.96213094E+18
   54.1406250       6.02725941E+18
   54.2109375       6.10556938E+18
   54.2812500       6.19516913E+18
   54.3515625       6.29364634E+18
   54.4218750       6.39825937E+18
   54.4921875       6.50632157E+18
   54.5625000       6.61560808E+18
   54.6328125       6.72466974E+18
   54.7031250       6.83296229E+18
   54.7734375       6.93634992E+18
   54.8437500       7.03044063E+18
   54.9140625       7.11037072E+18
   54.9843750       7.17499452E+18
   55.0546875       7.22318281E+18
   55.1250000       7.25378167E+18
   55.1953125       7.26571412E+18
   55.2656250       7.25818412E+18
   55.3359375       7.23081892E+18
   55.4062500       7.18383679E+18
   55.4765625       7.11808050E+18
   55.5468750       7.03502614E+18
   55.6171875       6.93664789E+18
   55.6875000       6.82522887E+18
   55.7578125       6.70304949E+18
   55.8281250       6.57215318E+18
   55.8984375       6.43418317E+18
   55.9687500       6.26394303E+18
   56.0390625       6.12702745E+18
   56.1093750       5.98426301E+18
   56.1796875       5.83473877E+18
   56.2500000       5.67768948E+18
   56.3203125       5.51293041E+18
   56.3906250       5.34151435E+18
   56.4609375       5.09615503E+18
   56.5312500       4.95962262E+18
   56.6015625       4.82061742E+18
   56.6718750       4.68040714E+18
   56.7421875       4.54072436E+18
   56.8125000       4.40361086E+18
   56.8828125       4.27111696E+18
   56.9531250       4.14512393E+18
   57.0234375       3.93650726E+18
   57.0937500       3.84896057E+18
   57.1640625       3.77307036E+18
   57.2343750       3.70862936E+18
   57.3046875       3.59137276E+18
   57.3750000       3.55487090E+18
   57.4453125       3.52521432E+18
   57.5156250       3.49968614E+18
   57.5859375       3.47536357E+18
   57.6562500       3.44954566E+18
   57.7265625       3.42015681E+18
   57.7968750       3.38601423E+18
   57.8671875       3.34688921E+18
   57.9375000       3.30334717E+18
   58.0078125       3.25642496E+18
   58.0781250       3.20723474E+18
   58.1484375       3.15656814E+18
   58.2187500       3.04222223E+18
   58.2890625       2.99605099E+18
   58.3593750       2.94306552E+18
   58.4296875       2.88089556E+18
   58.5000000       2.80709552E+18
   58.5703125       2.71962497E+18
   58.6406250       2.61733135E+18
   58.7109375       2.45266300E+18
   58.7812500       2.34703264E+18
   58.8515625       2.22609516E+18
   58.9218750       2.09394623E+18
   58.9921875       1.86951130E+18
   59.0625000       1.79547266E+18
   59.1328125       1.65569477E+18
   59.2031250       1.64439523E+18
   59.2734375       1.63280514E+18
   59.3437500       1.61880918E+18
   59.4140625       1.60004162E+18
   59.4843750       1.57421904E+18
   59.5546875       1.53952216E+18
   59.6250000       1.49505874E+18
   59.6953125       1.44130609E+18
   59.7656250       1.25334705E+18
   59.8359375       1.23727659E+18
   59.9062500       1.21884369E+18
   59.9765625       1.19765912E+18
   60.0468750       1.17356690E+18
   60.1171875       1.14670672E+18
   60.1875000       1.11753152E+18
   60.2578125       1.08681323E+18
   60.3281250       1.05559177E+18
   60.3984375       1.02511379E+18
   60.4687500       9.96727563E+17
   60.5390625       9.71779713E+17
   60.6093750       9.06722022E+17
   60.6796875       9.00071488E+17
   60.7500000       8.96712274E+17
   60.8203125       8.96561023E+17
   60.8906250       8.99294271E+17
   60.9609375       9.04390164E+17
   61.0312500       9.11168172E+17
   61.1015625       9.18863654E+17
   61.1718750       9.26685786E+17
   61.2421875       9.33899269E+17
   61.3125000       9.39880269E+17
   61.3828125       9.44181284E+17
   61.4531250       9.46549151E+17
   61.5234375       9.46936179E+17
   61.5937500       9.45459122E+17
   61.6640625       9.42357125E+17
   61.7343750       9.37916266E+17
   61.8046875       9.32421182E+17
   61.8750000       9.26105381E+17
   61.9453125       9.19156880E+17
   62.0156250       9.11733871E+17
   62.0859375       9.04024989E+17
   62.1562500       8.96295216E+17
   62.2265625       8.88925052E+17
   62.2968750       8.82385088E+17
   62.3671875       8.77183917E+17
   62.4375000       8.73767116E+17
   62.5078125       8.72434508E+17
   62.5781250       8.73258248E+17
   62.6484375       8.76066607E+17
   62.7187500       8.80459087E+17
   62.7890625       8.85889988E+17
   62.8593750       8.91757600E+17
   62.9296875       8.97513200E+17
   63.0000000       9.02724679E+17
   63.0703125       9.07113517E+17
   63.1406250       9.10524820E+17
   63.2109375       9.12888221E+17
   63.2812500       9.14164822E+17
   63.3515625       9.14337377E+17
   63.4218750       9.13407671E+17
   63.4921875       9.11430681E+17
   63.5625000       9.08533605E+17
   63.6328125       9.04941569E+17
   63.7031250       9.00960719E+17
   63.7734375       8.96962963E+17
   63.8437500       8.93339866E+17
   63.9140625       8.90479280E+17
   63.9843750       8.88723223E+17
   64.0546875       8.88358048E+17
   64.1250000       8.89595479E+17
   64.1953125       8.92588693E+17
   64.2656250       8.97432729E+17
   64.3359375       9.04186548E+17
   64.4062500       9.12866505E+17
   64.4765625       9.23447930E+17
   64.5468750       9.35829874E+17
   64.6171875       9.49826314E+17
   64.6875000       9.65150895E+17
   64.7578125       9.81451429E+17
   64.8281250       9.98337317E+17
   64.8984375       1.01542950E+18
   64.9687500       1.03237249E+18
   65.0390625       1.04884593E+18
   65.1093750       1.06453527E+18
   65.1796875       1.07912125E+18
   65.2500000       1.09226351E+18
   65.3203125       1.10363273E+18
   65.3906250       1.11294264E+18
   65.4609375       1.12001429E+18
   65.5312500       1.12481228E+18
   65.6015625       1.12747791E+18
   65.6718750       1.12830014E+18
   65.7421875       1.12767170E+18
   65.8125000       1.12599508E+18
   65.8828125       1.12360351E+18
   65.9531250       1.12067077E+18
   66.0234375       1.11717989E+18
   66.0937500       1.11292588E+18
   66.1640625       1.10759249E+18
   66.2343750       1.10083668E+18
   66.3046875       1.09239332E+18
   66.3750000       1.08212560E+18
   66.4453125       1.07005083E+18
   66.5156250       1.05629443E+18
   66.5859375       1.04103774E+18
   66.6562500       1.02444776E+18
   66.7265625       1.00665437E+18
   66.7968750       9.87739055E+17
   66.8671875       9.67775154E+17
   66.9375000       9.46859557E+17
   67.0078125       9.25160695E+17
   67.0781250       9.02918468E+17
   67.1484375       8.80442182E+17
   67.2187500       8.58071244E+17
   67.2890625       8.36156534E+17
   67.3593750       8.15022065E+17
   67.4296875       7.94953229E+17
   67.5000000       7.76165943E+17
   67.5703125       7.58799019E+17
   67.6406250       7.42885512E+17
   67.7109375       7.28347632E+17
   67.7812500       7.14981419E+17
   67.8515625       7.02476879E+17
   67.9218750       6.90425682E+17
   67.9921875       6.78365345E+17
   68.0625000       6.65813458E+17
   68.1328125       6.52330765E+17
   68.2031250       6.37556696E+17
   68.2734375       6.21256230E+17
   68.3437500       6.03331236E+17
   68.4140625       5.83836551E+17
   68.4843750       5.62955245E+17
   68.5546875       5.40974324E+17
   68.6250000       5.18228555E+17
   68.6953125       4.95056554E+17
   68.7656250       4.71734812E+17
   68.8359375       4.48434890E+17
   68.9062500       4.25169911E+17
   68.9765625       4.01778316E+17
   69.0468750       3.77903074E+17
   69.1171875       3.53025902E+17
   69.1875000       2.53967841E+17
   69.2578125       2.41238125E+17
   69.3281250       2.25444946E+17
   69.3984375       2.06375017E+17
   69.4687500       1.22005281E+17
   69.5390625       1.17143910E+17
   69.6093750       1.11020816E+17
   69.6796875       1.03526622E+17
   69.7500000       9.45962596E+16
   69.8203125       8.42104273E+16
   69.8906250       7.24438748E+16
   69.9609375       5.94954976E+16
   70.0312500       0.00000000    
   70.1015625       0.00000000    
   70.1718750       0.00000000    
   70.2421875       0.00000000    
   70.3125000       0.00000000    
   70.3828125       0.00000000    
