2003 07 15 20 27 50.0 -2.600 68.380
15. 2.851E+20 7.570 126 69 -12 220 79 -158
  -1.12500000       0.00000000    
  -1.05468750       0.00000000    
 -0.984375000       0.00000000    
 -0.914062500       0.00000000    
 -0.843750000       0.00000000    
 -0.773437500       0.00000000    
 -0.703125000       0.00000000    
 -0.632812500       0.00000000    
 -0.562500000       0.00000000    
 -0.492187500       0.00000000    
 -0.421875000       0.00000000    
 -0.351562500       0.00000000    
 -0.281250000       0.00000000    
 -0.210937500       0.00000000    
 -0.140625000       0.00000000    
  -7.03125000E-02   0.00000000    
   0.00000000       0.00000000    
   7.03125000E-02   0.00000000    
  0.140625000       0.00000000    
  0.210937500       0.00000000    
  0.281250000       5.36441093E+15
  0.351562500       3.58096850E+16
  0.421875000       9.82783007E+16
  0.492187500       1.85416109E+17
  0.562500000       2.70584950E+17
  0.632812500       3.37729909E+17
  0.703125000       3.79844880E+17
  0.773437500       3.95833051E+17
  0.843750000       3.88360529E+17
  0.914062500       3.61148888E+17
  0.984375000       3.18089401E+17
   1.05468750       2.62366530E+17
   1.12500000       1.97665270E+17
   1.19531250       1.29266223E+17
   1.26562500       6.67001979E+16
   1.33593750       2.54477993E+16
   1.40625000       6.76424546E+15
   1.47656250       4.38043339E+15
   1.54687500       4.40511495E+15
   1.61718750       4.42989960E+15
   1.68750000       4.45478598E+15
   1.75781250       4.47977571E+15
   1.82812500       4.50486772E+15
   1.89843750       4.53006307E+15
   1.96875000       4.55536096E+15
   2.03906250       4.58076301E+15
   2.10937500       4.60626867E+15
   2.17968750       4.63187688E+15
   2.25000000       4.65759031E+15
   2.32031250       4.68340682E+15
   2.39062500       4.70932802E+15
   2.46093750       4.73535230E+15
   2.53125000       4.76148289E+15
   2.60156250       4.78771655E+15
   2.67187500       4.81405543E+15
   2.74218750       4.84049847E+15
   2.81250000       4.86704728E+15
   2.88281250       4.89370077E+15
   2.95312500       4.92045949E+15
   3.02343750       4.94732344E+15
   3.09375000       4.97429315E+15
   3.16406250       5.00136755E+15
   3.23437500       5.02854825E+15
   3.30468750       5.05583578E+15
   3.37500000       5.08322909E+15
   3.44531250       5.11072761E+15
   3.51562500       5.13833298E+15
   3.58593750       5.16604411E+15
   3.65625000       5.19386100E+15
   3.72656250       5.22178527E+15
   3.79687500       5.24981691E+15
   3.86718750       5.27795485E+15
   3.93750000       5.30619909E+15
   4.00781250       5.33455071E+15
   4.07812500       5.36301024E+15
   4.14843750       5.66909376E+15
   4.21875000       1.38879561E+16
   4.28906250       3.38707048E+16
   4.35937500       6.72902362E+16
   4.42968750       1.07544641E+17
   4.50000000       1.51956372E+17
   4.57031250       2.00044080E+17
   4.64062500       2.52859860E+17
   4.71093750       3.11455670E+17
   4.78125000       3.76508378E+17
   4.85156250       4.47098124E+17
   4.92187500       5.20772790E+17
   4.99218750       5.93038433E+17
   5.06250000       6.58397252E+17
   5.13281250       7.10851310E+17
   5.20312500       7.45653121E+17
   5.27343750       7.59976115E+17
   5.34375000       7.54194814E+17
   5.41406250       7.31540545E+17
   5.48437500       6.98091752E+17
   5.55468750       6.61256532E+17
   5.62500000       6.29066062E+17
   5.69531250       6.08553573E+17
   5.76562500       6.05400860E+17
   5.83593750       6.22902749E+17
   5.90625000       6.62290623E+17
   5.97656250       7.22375360E+17
   6.04687500       8.00483704E+17
   6.11718750       8.92557770E+17
   6.18750000       9.94295649E+17
   6.25781250       1.10116694E+18
   6.32812500       1.20921801E+18
   6.39843750       1.31465321E+18
   6.46875000       1.41426800E+18
   6.53906250       1.50483518E+18
   6.60937500       1.58356736E+18
   6.67968750       1.64773775E+18
   6.75000000       1.69548761E+18
   6.82031250       1.72571401E+18
   6.89062500       1.73887791E+18
   6.96093750       1.73655987E+18
   7.03125000       1.72174175E+18
   7.10156250       1.69782133E+18
   7.17187500       1.66848842E+18
   7.24218750       1.63660588E+18
   7.31250000       1.60431638E+18
   7.38281250       1.57250600E+18
   7.45312500       1.54164518E+18
   7.52343750       1.51180705E+18
   7.59375000       1.48363893E+18
   7.66406250       1.45810429E+18
   7.73437500       1.43702528E+18
   7.80468750       1.42249234E+18
   7.87500000       1.41723627E+18
   7.94531250       1.42387883E+18
   8.01562500       1.44501199E+18
   8.08593750       1.48207378E+18
   8.15625000       1.53519902E+18
   8.22656250       1.60221645E+18
   8.29687500       1.67903782E+18
   8.36718750       1.75949444E+18
   8.43750000       1.83658766E+18
   8.50781250       1.90291034E+18
   8.57812500       1.95203254E+18
   8.64843750       1.97870105E+18
   8.71875000       1.97984125E+18
   8.78906250       1.95435498E+18
   8.85937500       1.90371931E+18
   8.92968750       1.83135028E+18
   9.00000000       1.74276386E+18
   9.07031250       1.64453885E+18
   9.14062500       1.54417433E+18
   9.21093750       1.44888172E+18
   9.28125000       1.36543429E+18
   9.35156250       1.29910158E+18
   9.42187500       1.25376967E+18
   9.49218750       1.23123724E+18
   9.56250000       1.23176254E+18
   9.63281250       1.25378562E+18
   9.70312500       1.29480578E+18
   9.77343750       1.35128399E+18
   9.84375000       1.41953315E+18
   9.91406250       1.49551174E+18
   9.98437500       1.57550464E+18
   10.0546875       1.65568186E+18
   10.1250000       1.73259187E+18
   10.1953125       1.80262183E+18
   10.2656250       1.86248391E+18
   10.3359375       1.90874655E+18
   10.4062500       1.93849246E+18
   10.4765625       1.94911292E+18
   10.5468750       1.93922790E+18
   10.6171875       1.90858795E+18
   10.6875000       1.85881896E+18
   10.7578125       1.79286998E+18
   10.8281250       1.71518632E+18
   10.8984375       1.63067594E+18
   10.9687500       1.54460933E+18
   11.0390625       1.46155895E+18
   11.1093750       1.38552855E+18
   11.1796875       1.31931239E+18
   11.2500000       1.26506853E+18
   11.3203125       1.22391243E+18
   11.3906250       1.19644553E+18
   11.4609375       1.18219779E+18
   11.5312500       1.18016438E+18
   11.6015625       1.18846171E+18
   11.6718750       1.20508948E+18
   11.7421875       1.22761971E+18
   11.8125000       1.25380156E+18
   11.8828125       1.28106794E+18
   11.9531250       1.30704788E+18
   12.0234375       1.32909543E+18
   12.0937500       1.34490421E+18
   12.1640625       1.35219383E+18
   12.2343750       1.34947268E+18
   12.3046875       1.33579874E+18
   12.3750000       1.31148620E+18
   12.4453125       1.27765546E+18
   12.5156250       1.23662939E+18
   12.5859375       1.19117049E+18
   12.6562500       1.14465565E+18
   12.7265625       1.10018865E+18
   12.7968750       1.06074299E+18
   12.8671875       1.02838443E+18
   12.9375000       1.00470706E+18
   13.0078125       9.90464195E+17
   13.0781250       9.86318830E+17
   13.1484375       9.92527703E+17
   13.2187500       1.00949990E+18
   13.2890625       1.03723068E+18
   13.3593750       1.07573524E+18
   13.4296875       1.12454290E+18
   13.5000000       1.18327284E+18
   13.5703125       1.25116287E+18
   13.6406250       1.32747296E+18
   13.7109375       1.41074640E+18
   13.7812500       1.49910274E+18
   13.8515625       1.58968738E+18
   13.9218750       1.67936011E+18
   13.9921875       1.76452072E+18
   14.0625000       1.84197266E+18
   14.1328125       1.90871769E+18
   14.2031250       1.96265190E+18
   14.2734375       2.00214292E+18
   14.3437500       2.02651840E+18
   14.4140625       2.03549591E+18
   14.4843750       2.02959621E+18
   14.5546875       2.00956297E+18
   14.6250000       1.97682268E+18
   14.6953125       1.93296920E+18
   14.7656250       1.88028116E+18
   14.8359375       1.82120069E+18
   14.9062500       1.75875887E+18
   14.9765625       1.69586736E+18
   15.0468750       1.63553935E+18
   15.1171875       1.58008576E+18
   15.1875000       1.53141931E+18
   15.2578125       1.49046415E+18
   15.3281250       1.45767328E+18
   15.3984375       1.43256786E+18
   15.4687500       1.41428559E+18
   15.5390625       1.40113392E+18
   15.6093750       1.39120973E+18
   15.6796875       1.38211429E+18
   15.7500000       1.37179812E+18
   15.8203125       1.35842875E+18
   15.8906250       1.34121397E+18
   15.9609375       1.32005291E+18
   16.0312500       1.29603256E+18
   16.1015625       1.27072084E+18
   16.1718750       1.24633175E+18
   16.2421875       1.22478655E+18
   16.3125000       1.20782204E+18
   16.3828125       1.19621491E+18
   16.4531250       1.19022381E+18
   16.5234375       1.18924016E+18
   16.5937500       1.19264356E+18
   16.6640625       1.19974778E+18
   16.7343750       1.21070235E+18
   16.8046875       1.22615173E+18
   16.8750000       1.24755111E+18
   16.9453125       1.27612591E+18
   17.0156250       1.31266749E+18
   17.0859375       1.35639575E+18
   17.1562500       1.40515497E+18
   17.2265625       1.45500147E+18
   17.2968750       1.50115787E+18
   17.3671875       1.53815451E+18
   17.4375000       1.56103315E+18
   17.5078125       1.56545552E+18
   17.5781250       1.54866433E+18
   17.6484375       1.50924725E+18
   17.7187500       1.44771995E+18
   17.7890625       1.36590612E+18
   17.8593750       1.26717121E+18
   17.9296875       1.15556817E+18
   18.0000000       1.03602390E+18
   18.0703125       9.13590190E+17
   18.1406250       7.93781906E+17
   18.2109375       6.81915600E+17
   18.2812500       5.83435504E+17
   18.3515625       5.03135834E+17
   18.4218750       4.45308978E+17
   18.4921875       4.12828992E+17
   18.5625000       4.07308654E+17
   18.6328125       4.28379763E+17
   18.7031250       4.74170780E+17
   18.7734375       5.40942094E+17
   18.8437500       6.23875954E+17
   18.9140625       7.16963564E+17
   18.9843750       8.13980965E+17
   19.0546875       9.08515738E+17
   19.1250000       9.94989579E+17
   19.1953125       1.06855261E+18
   19.2656250       1.12579951E+18
   19.3359375       1.16434873E+18
   19.4062500       1.18342416E+18
   19.4765625       1.18345522E+18
   19.5468750       1.16664891E+18
   19.6171875       1.13637695E+18
   19.6875000       1.09733308E+18
   19.7578125       1.05444904E+18
   19.8281250       1.01270409E+18
   19.8984375       9.75978679E+17
   19.9687500       9.47147354E+17
   20.0390625       9.27471524E+17
   20.1093750       9.17260910E+17
   20.1796875       9.15626005E+17
   20.2500000       9.21197574E+17
   20.3203125       9.31729521E+17
   20.3906250       9.44673384E+17
   20.4609375       9.56799210E+17
   20.5312500       9.64954769E+17
   20.6015625       9.65883032E+17
   20.6718750       9.57057527E+17
   20.7421875       9.36424848E+17
   20.8125000       9.03071231E+17
   20.8828125       8.56778630E+17
   20.9531250       7.98509806E+17
   21.0234375       7.29775279E+17
   21.0937500       6.52905673E+17
   21.1640625       5.70242602E+17
   21.2343750       4.84367033E+17
   21.3046875       3.97470086E+17
   21.3750000       3.11968351E+17
   21.4453125       2.30316573E+17
   21.5156250       1.55940075E+17
   21.5859375       9.31054420E+16
   21.6562500       4.76147290E+16
   21.7265625       2.36782191E+16
   21.7968750       1.57420151E+16
   21.8671875       1.57928718E+16
   21.9375000       1.58437628E+16
   22.0078125       1.58946861E+16
   22.0781250       1.59456395E+16
   22.1484375       1.59966250E+16
   22.2187500       1.60476406E+16
   22.2890625       1.60986863E+16
   22.3593750       1.61497599E+16
   22.4296875       1.62008625E+16
   22.5000000       1.62519909E+16
   22.5703125       1.63031450E+16
   22.6406250       1.63543271E+16
   22.7109375       1.64055317E+16
   22.7812500       1.64567610E+16
   22.8515625       1.65080150E+16
   22.9218750       1.65592883E+16
   22.9921875       1.66105842E+16
   23.0625000       1.66619036E+16
   23.1328125       1.67132425E+16
   23.2031250       1.67645985E+16
   23.2734375       1.68159749E+16
   23.3437500       1.68673684E+16
   23.4140625       1.69187803E+16
   23.4843750       1.69702071E+16
   23.5546875       1.70216490E+16
   23.6250000       1.70731060E+16
   23.6953125       1.71245779E+16
   23.7656250       1.71760606E+16
   23.8359375       1.72275562E+16
   23.9062500       1.72790625E+16
   23.9765625       1.73305785E+16
   24.0468750       1.73821063E+16
   24.1171875       1.74336416E+16
   24.1875000       1.74851877E+16
   24.2578125       5.37536933E+16
   24.3281250       1.58671502E+17
   24.3984375       3.49297080E+17
   24.4687500       5.96136238E+17
   24.5390625       8.66715261E+17
   24.6093750       1.14009763E+18
   24.6796875       1.40327316E+18
   24.7500000       1.64879644E+18
   24.8203125       1.87213116E+18
   24.8906250       2.07075134E+18
   24.9609375       2.24285639E+18
   25.0312500       2.38745948E+18
   25.1015625       2.50366164E+18
   25.1718750       2.59100355E+18
   25.2421875       2.64892857E+18
   25.3125000       2.67740922E+18
   25.3828125       2.67674264E+18
   25.4531250       2.64839916E+18
   25.5234375       2.59479576E+18
   25.5937500       2.51982859E+18
   25.6640625       2.42812437E+18
   25.7343750       2.32499540E+18
   25.8046875       2.21530908E+18
   25.8750000       2.10347528E+18
   25.9453125       1.99266224E+18
   26.0156250       1.88519240E+18
   26.0859375       1.78203237E+18
   26.1562500       1.68341071E+18
   26.2265625       1.58860642E+18
   26.2968750       1.49696666E+18
   26.3671875       1.40809891E+18
   26.4375000       1.32311546E+18
   26.5078125       1.24469458E+18
   26.5781250       1.17767330E+18
   26.6484375       1.12802904E+18
   26.7187500       1.10229580E+18
   26.7890625       1.10573170E+18
   26.8593750       1.14163680E+18
   26.9296875       1.21021307E+18
   27.0000000       1.30912692E+18
   27.0703125       1.43367204E+18
   27.1406250       1.57819652E+18
   27.2109375       1.73647246E+18
   27.2812500       1.90278843E+18
   27.3515625       2.07170998E+18
   27.4218750       2.23857832E+18
   27.4921875       2.39893151E+18
   27.5625000       2.54899891E+18
   27.6328125       2.68535567E+18
   27.7031250       2.80563014E+18
   27.7734375       2.90820358E+18
   27.8437500       2.99275108E+18
   27.9140625       3.05966241E+18
   27.9843750       3.11032268E+18
   28.0546875       3.14646363E+18
   28.1250000       3.17069906E+18
   28.1953125       3.18634676E+18
   28.2656250       3.19835783E+18
   28.3359375       3.21315066E+18
   28.4062500       3.23912442E+18
   28.4765625       3.28570990E+18
   28.5468750       3.36292998E+18
   28.6171875       3.47965111E+18
   28.6875000       3.64275459E+18
   28.7578125       3.85552081E+18
   28.8281250       4.11733817E+18
   28.8984375       4.42289080E+18
   28.9687500       4.76280455E+18
   29.0390625       5.12380500E+18
   29.1093750       5.49016392E+18
   29.1796875       5.84434246E+18
   29.2500000       6.16866980E+18
   29.3203125       6.44611012E+18
   29.3906250       6.66214931E+18
   29.4609375       6.80583954E+18
   29.5312500       6.87184212E+18
   29.6015625       6.86111913E+18
   29.6718750       6.78189657E+18
   29.7421875       6.64866545E+18
   29.8125000       6.48125051E+18
   29.8828125       6.30214776E+18
   29.9531250       6.13431611E+18
   30.0234375       5.99785462E+18
   30.0937500       5.90799264E+18
   30.1640625       5.87298254E+18
   30.2343750       5.89408216E+18
   30.3046875       5.96566367E+18
   30.3750000       6.07707993E+18
   30.4453125       6.21402630E+18
   30.5156250       6.36099363E+18
   30.5859375       6.50266405E+18
   30.6562500       6.62608863E+18
   30.7265625       6.72152954E+18
   30.7968750       6.78380093E+18
   30.8671875       6.81205178E+18
   30.9375000       6.80992532E+18
   31.0078125       6.78423688E+18
   31.0781250       6.74424764E+18
   31.1484375       6.69981143E+18
   31.2187500       6.66056381E+18
   31.2890625       6.63436795E+18
   31.3593750       6.62701167E+18
   31.4296875       6.64123495E+18
   31.5000000       6.67705979E+18
   31.5703125       6.73146912E+18
   31.6406250       6.79943378E+18
   31.7109375       6.87427534E+18
   31.7812500       6.94931041E+18
   31.8515625       7.01856150E+18
   31.9218750       7.07825564E+18
   31.9921875       7.12682711E+18
   32.0625000       7.16527374E+18
   32.1328125       7.19594846E+18
   32.2031250       7.22192113E+18
   32.2734375       7.24533248E+18
   32.3437500       7.26703464E+18
   32.4140625       7.28582254E+18
   32.4843750       7.29915412E+18
   32.5546875       7.30330148E+18
   32.6250000       7.29467471E+18
   32.6953125       7.27023312E+18
   32.7656250       7.22872051E+18
   32.8359375       7.17059152E+18
   32.9062500       7.09855537E+18
   32.9765625       7.01684846E+18
   33.0468750       6.93132955E+18
   33.1171875       6.84851433E+18
   33.1875000       6.77556778E+18
   33.2578125       6.71920297E+18
   33.3281250       6.68544631E+18
   33.3984375       6.67830993E+18
   33.4687500       6.69956074E+18
   33.5390625       6.74781446E+18
   33.6093750       6.81907381E+18
   33.6796875       6.90670379E+18
   33.7500000       7.00275822E+18
   33.8203125       7.09852184E+18
   33.8906250       7.18615896E+18
   33.9609375       7.25936115E+18
   34.0312500       7.31485899E+18
   34.1015625       7.35265471E+18
   34.1718750       7.37675105E+18
   34.2421875       7.39429706E+18
   34.3125000       7.41518393E+18
   34.3828125       7.45027485E+18
   34.4531250       7.51041538E+18
   34.5234375       7.60439504E+18
   34.5937500       7.73799285E+18
   34.6640625       7.91241388E+18
   34.7343750       8.12425074E+18
   34.8046875       8.36512020E+18
   34.8750000       8.62285507E+18
   34.9453125       8.88212981E+18
   35.0156250       9.12627252E+18
   35.0859375       9.33815116E+18
   35.1562500       9.50213782E+18
   35.2265625       9.60515326E+18
   35.2968750       9.63869056E+18
   35.3671875       9.59956884E+18
   35.4375000       9.49111741E+18
   35.5078125       9.32255898E+18
   35.5781250       9.10838786E+18
   35.6484375       8.86589387E+18
   35.7187500       8.61318267E+18
   35.7890625       8.36629723E+18
   35.8593750       8.13787314E+18
   35.9296875       7.93556135E+18
   36.0000000       7.76223983E+18
   36.0703125       7.61597895E+18
   36.1406250       7.49164617E+18
   36.2109375       7.38191656E+18
   36.2812500       7.27938985E+18
   36.3515625       7.17747996E+18
   36.4218750       7.07188452E+18
   36.4921875       6.96061229E+18
   36.5625000       6.84470672E+18
   36.6328125       6.72770934E+18
   36.7031250       6.61577191E+18
   36.7734375       6.51627380E+18
   36.8437500       6.43691820E+18
   36.9140625       6.38351547E+18
   36.9843750       6.35882374E+18
   37.0546875       6.36086113E+18
   37.1250000       6.38313449E+18
   37.1953125       6.41494061E+18
   37.2656250       6.44365656E+18
   37.3359375       6.45657197E+18
   37.4062500       6.44372528E+18
   37.4765625       6.39920220E+18
   37.5468750       6.32255910E+18
   37.6171875       6.21824238E+18
   37.6875000       6.09513391E+18
   37.7578125       5.96450863E+18
   37.8281250       5.83875749E+18
   37.8984375       5.72934399E+18
   37.9687500       5.64627753E+18
   38.0390625       5.59715960E+18
   38.1093750       5.58756086E+18
   38.1796875       5.62032851E+18
   38.2500000       5.69558073E+18
   38.3203125       5.80942527E+18
   38.3906250       5.95377025E+18
   38.4609375       6.11571457E+18
   38.5312500       6.27892003E+18
   38.6015625       6.42497201E+18
   38.6718750       6.53633329E+18
   38.7421875       6.59828033E+18
   38.8125000       6.60129189E+18
   38.8828125       6.54165383E+18
   38.9531250       6.42222983E+18
   39.0234375       6.25149821E+18
   39.0937500       6.04299892E+18
   39.1640625       5.81327356E+18
   39.2343750       5.58053443E+18
   39.3046875       5.36231381E+18
   39.3750000       5.17446500E+18
   39.4453125       5.02965052E+18
   39.5156250       4.93723767E+18
   39.5859375       4.90227705E+18
   39.6562500       4.92545310E+18
   39.7265625       5.00210995E+18
   39.7968750       5.12271154E+18
   39.8671875       5.27305711E+18
   39.9375000       5.43633953E+18
   40.0078125       5.59485612E+18
   40.0781250       5.73290420E+18
   40.1484375       5.83839190E+18
   40.2187500       5.90474138E+18
   40.2890625       5.93083169E+18
   40.3593750       5.92087781E+18
   40.4296875       5.88243889E+18
   40.5000000       5.82494982E+18
   40.5703125       5.75739693E+18
   40.6406250       5.68761477E+18
   40.7109375       5.62149069E+18
   40.7812500       5.56393621E+18
   40.8515625       5.51926030E+18
   40.9218750       5.49240913E+18
   40.9921875       5.48875270E+18
   41.0625000       5.51431635E+18
   41.1328125       5.57459432E+18
   41.2031250       5.67418094E+18
   41.2734375       5.81552316E+18
   41.3437500       5.99897942E+18
   41.4140625       6.22231827E+18
   41.4843750       6.48152814E+18
   41.5546875       6.77083548E+18
   41.6250000       7.08378838E+18
   41.6953125       7.41329827E+18
   41.7656250       7.75249431E+18
   41.8359375       8.09435776E+18
   41.9062500       8.43227507E+18
   41.9765625       8.75978770E+18
   42.0468750       9.07168836E+18
   42.1171875       9.36446687E+18
   42.1875000       9.63775158E+18
   42.2578125       9.89437540E+18
   42.3281250       1.01405846E+19
   42.3984375       1.03843892E+19
   42.4687500       1.06341719E+19
   42.5390625       1.08960855E+19
   42.6093750       1.11726775E+19
   42.6796875       1.14613004E+19
   42.7500000       1.17545633E+19
   42.8203125       1.20408750E+19
   42.8906250       1.23066731E+19
   42.9609375       1.25379114E+19
   43.0312500       1.27223721E+19
   43.1015625       1.28506873E+19
   43.1718750       1.29179081E+19
   43.2421875       1.29237103E+19
   43.3125000       1.28732174E+19
   43.3828125       1.27765736E+19
   43.4531250       1.26490391E+19
   43.5234375       1.25094791E+19
   43.5937500       1.23789583E+19
   43.6640625       1.22776713E+19
   43.7343750       1.22225957E+19
   43.8046875       1.22245539E+19
   43.8750000       1.22872832E+19
   43.9453125       1.24068628E+19
   44.0156250       1.25734212E+19
   44.0859375       1.27727286E+19
   44.1562500       1.29891554E+19
   44.2265625       1.32074216E+19
   44.2968750       1.34146554E+19
   44.3671875       1.36005377E+19
   44.4375000       1.37576304E+19
   44.5078125       1.38802953E+19
   44.5781250       1.39644783E+19
   44.6484375       1.40066478E+19
   44.7187500       1.40040310E+19
   44.7890625       1.39543749E+19
   44.8593750       1.38572517E+19
   44.9296875       1.37147099E+19
   45.0000000       1.35329013E+19
   45.0703125       1.33222568E+19
   45.1406250       1.30978619E+19
   45.2109375       1.28778903E+19
   45.2812500       1.26822608E+19
   45.3515625       1.25298058E+19
   45.4218750       1.24363429E+19
   45.4921875       1.24120085E+19
   45.5625000       1.24602584E+19
   45.6328125       1.25768132E+19
   45.7031250       1.27505669E+19
   45.7734375       1.29642536E+19
   45.8437500       1.31966299E+19
   45.9140625       1.34240089E+19
   45.9843750       1.36229744E+19
   46.0546875       1.37721165E+19
   46.1250000       1.38546228E+19
   46.1953125       1.38596189E+19
   46.2656250       1.37840176E+19
   46.3359375       1.36325159E+19
   46.4062500       1.34175548E+19
   46.4765625       1.31572091E+19
   46.5468750       1.28732196E+19
   46.6171875       1.25875676E+19
   46.6875000       1.23200509E+19
   46.7578125       1.20853282E+19
   46.8281250       1.18917306E+19
   46.8984375       1.17400442E+19
   46.9687500       1.16243459E+19
   47.0390625       1.15328445E+19
   47.1093750       1.14505296E+19
   47.1796875       1.13612723E+19
   47.2500000       1.12510122E+19
   47.3203125       1.11097129E+19
   47.3906250       1.09337855E+19
   47.4609375       1.07265881E+19
   47.5312500       1.04988616E+19
   47.6015625       1.02669933E+19
   47.6718750       1.00513901E+19
   47.7421875       9.87315372E+18
   47.8125000       9.75162030E+18
   47.8828125       9.70112413E+18
   47.9531250       9.72946075E+18
   48.0234375       9.83617715E+18
   48.0937500       1.00128918E+19
   48.1640625       1.02435682E+19
   48.2343750       1.05067440E+19
   48.3046875       1.07774339E+19
   48.3750000       1.10304502E+19
   48.4453125       1.12428318E+19
   48.5156250       1.13970636E+19
   48.5859375       1.14827299E+19
   48.6562500       1.14983595E+19
   48.7265625       1.14512267E+19
   48.7968750       1.13569535E+19
   48.8671875       1.12368461E+19
   48.9375000       1.11152247E+19
   49.0078125       1.10151626E+19
   49.0781250       1.09552843E+19
   49.1484375       1.09462518E+19
   49.2187500       1.09896033E+19
   49.2890625       1.10773191E+19
   49.3593750       1.11942059E+19
   49.4296875       1.13205640E+19
   49.5000000       1.14363316E+19
   49.5703125       1.15238879E+19
   49.6406250       1.15709019E+19
   49.7109375       1.15709272E+19
   49.7812500       1.15238142E+19
   49.8515625       1.14341194E+19
   49.9218750       1.13098746E+19
   49.9921875       1.11598836E+19
   50.0625000       1.09920816E+19
   50.1328125       1.08112351E+19
   50.2031250       1.06184522E+19
   50.2734375       1.04105268E+19
   50.3437500       1.01811148E+19
   50.4140625       9.92153773E+18
   50.4843750       9.62311928E+18
   50.5546875       9.27867967E+18
   50.6250000       8.88501767E+18
   50.6953125       8.44399531E+18
   50.7656250       7.96408158E+18
   50.8359375       7.46000552E+18
   50.9062500       6.95255232E+18
   50.9765625       6.46646703E+18
   51.0468750       6.02869482E+18
   51.1171875       5.66506764E+18
   51.1875000       5.39781924E+18
   51.2578125       5.24228672E+18
   51.3281250       5.20533049E+18
   51.3984375       5.28371412E+18
   51.4687500       5.46472837E+18
   51.5390625       5.72697949E+18
   51.6093750       6.04326720E+18
   51.6796875       6.38313449E+18
   51.7500000       6.71673511E+18
   51.8203125       7.01744385E+18
   51.8906250       7.26485870E+18
   51.9609375       7.44571847E+18
   52.0312500       7.55470151E+18
   52.1015625       7.59317892E+18
   52.1718750       7.56833931E+18
   52.2421875       7.49101120E+18
   52.3125000       7.37447781E+18
   52.3828125       7.23236319E+18
   52.4531250       7.07769983E+18
   52.5234375       6.92111948E+18
   52.5937500       6.77035885E+18
   52.6640625       6.62916616E+18
   52.7343750       6.49783829E+18
   52.8046875       6.37334169E+18
   52.8750000       6.25099738E+18
   52.9453125       6.12541886E+18
   53.0156250       5.99247141E+18
   53.0859375       5.84977679E+18
   53.1562500       5.69773083E+18
   53.2265625       5.53895200E+18
   53.2968750       5.37846234E+18
   53.3671875       5.22266099E+18
   53.4375000       5.07924014E+18
   53.5078125       4.95593651E+18
   53.5781250       4.86018334E+18
   53.6484375       4.79757715E+18
   53.7187500       4.77139943E+18
   53.7890625       4.78130768E+18
   53.8593750       4.82357125E+18
   53.9296875       4.89082618E+18
   54.0000000       4.97343689E+18
   54.0703125       5.06017351E+18
   54.1406250       5.14013934E+18
   54.2109375       5.20364714E+18
   54.2812500       5.24406024E+18
   54.3515625       5.25838742E+18
   54.4218750       5.24858418E+18
   54.4921875       5.22122723E+18
   54.5625000       5.18742109E+18
   54.6328125       5.16076838E+18
   54.7031250       5.15571063E+18
   54.7734375       5.18455522E+18
   54.8437500       5.25590472E+18
   54.9140625       5.37280095E+18
   54.9843750       5.53292008E+18
   55.0546875       5.72853694E+18
   55.1250000       5.94812811E+18
   55.1953125       6.17729602E+18
   55.2656250       6.40098451E+18
   55.3359375       6.60476525E+18
   55.4062500       6.77706477E+18
   55.4765625       6.90998088E+18
   55.5468750       7.00047179E+18
   55.6171875       7.04974805E+18
   55.6875000       7.06302190E+18
   55.7578125       7.04781896E+18
   55.8281250       7.01319369E+18
   55.8984375       6.96791800E+18
   55.9687500       6.91987539E+18
   56.0390625       6.87463598E+18
   56.1093750       6.83534328E+18
   56.1796875       6.80180653E+18
   56.2500000       6.77087012E+18
   56.3203125       6.73594083E+18
   56.3906250       6.68785589E+18
   56.4609375       6.61508032E+18
   56.5312500       6.50557116E+18
   56.6015625       6.34823764E+18
   56.6718750       6.13579220E+18
   56.7421875       5.86626947E+18
   56.8125000       5.54464472E+18
   56.8828125       5.18216158E+18
   56.9531250       4.79546719E+18
   57.0234375       4.40374665E+18
   57.0937500       4.02640498E+18
   57.1640625       3.67970533E+18
   57.2343750       3.37503038E+18
   57.3046875       3.11698517E+18
   57.3750000       2.90371455E+18
   57.4453125       2.72729076E+18
   57.5156250       2.57613046E+18
   57.5859375       2.43682536E+18
   57.6562500       2.29702630E+18
   57.7265625       2.14682545E+18
   57.7968750       1.98060568E+18
   57.8671875       1.79718227E+18
   57.9375000       1.60038645E+18
   58.0078125       1.39798066E+18
   58.0781250       1.20108630E+18
   58.1484375       1.02204712E+18
   58.2187500       0.00000000    
   58.2890625       0.00000000    
   58.3593750       0.00000000    
   58.4296875       0.00000000    
   58.5000000       0.00000000    
   58.5703125       0.00000000    
   58.6406250       0.00000000    
   58.7109375       0.00000000    
   58.7812500       0.00000000    
   58.8515625       0.00000000    
   58.9218750       0.00000000    
   58.9921875       0.00000000    
   59.0625000       0.00000000    
   59.1328125       0.00000000    
   59.2031250       0.00000000    
   59.2734375       0.00000000    
   59.3437500       0.00000000    
   59.4140625       0.00000000    
   59.4843750       0.00000000    
   59.5546875       0.00000000    
   59.6250000       0.00000000    
   59.6953125       0.00000000    
   59.7656250       0.00000000    
   59.8359375       0.00000000    
   59.9062500       0.00000000    
   59.9765625       0.00000000    
   60.0468750       0.00000000    
   60.1171875       0.00000000    
   60.1875000       0.00000000    
   60.2578125       0.00000000    
   60.3281250       0.00000000    
   60.3984375       0.00000000    
   60.4687500       0.00000000    
   60.5390625       0.00000000    
   60.6093750       0.00000000    
   60.6796875       0.00000000    
   60.7500000       0.00000000    
   60.8203125       0.00000000    
   60.8906250       0.00000000    
   60.9609375       0.00000000    
   61.0312500       0.00000000    
   61.1015625       0.00000000    
   61.1718750       0.00000000    
   61.2421875       0.00000000    
   61.3125000       0.00000000    
   61.3828125       0.00000000    
   61.4531250       0.00000000    
   61.5234375       0.00000000    
   61.5937500       0.00000000    
   61.6640625       0.00000000    
   61.7343750       0.00000000    
   61.8046875       0.00000000    
   61.8750000       0.00000000    
   61.9453125       0.00000000    
   62.0156250       0.00000000    
   62.0859375       0.00000000    
   62.1562500       0.00000000    
   62.2265625       0.00000000    
   62.2968750       0.00000000    
   62.3671875       0.00000000    
   62.4375000       0.00000000    
   62.5078125       0.00000000    
   62.5781250       0.00000000    
   62.6484375       0.00000000    
   62.7187500       0.00000000    
   62.7890625       0.00000000    
   62.8593750       0.00000000    
   62.9296875       0.00000000    
   63.0000000       0.00000000    
   63.0703125       0.00000000    
   63.1406250       0.00000000    
   63.2109375       0.00000000    
   63.2812500       0.00000000    
   63.3515625       0.00000000    
   63.4218750       0.00000000    
   63.4921875       0.00000000    
   63.5625000       0.00000000    
   63.6328125       0.00000000    
   63.7031250       0.00000000    
   63.7734375       0.00000000    
   63.8437500       0.00000000    
   63.9140625       0.00000000    
   63.9843750       0.00000000    
   64.0546875       0.00000000    
   64.1250000       0.00000000    
   64.1953125       0.00000000    
   64.2656250       0.00000000    
   64.3359375       0.00000000    
   64.4062500       0.00000000    
   64.4765625       0.00000000    
   64.5468750       0.00000000    
   64.6171875       0.00000000    
   64.6875000       0.00000000    
   64.7578125       0.00000000    
   64.8281250       0.00000000    
   64.8984375       0.00000000    
   64.9687500       0.00000000    
   65.0390625       0.00000000    
   65.1093750       0.00000000    
   65.1796875       0.00000000    
   65.2500000       0.00000000    
   65.3203125       0.00000000    
   65.3906250       0.00000000    
   65.4609375       0.00000000    
   65.5312500       0.00000000    
   65.6015625       0.00000000    
   65.6718750       0.00000000    
   65.7421875       0.00000000    
   65.8125000       0.00000000    
   65.8828125       0.00000000    
   65.9531250       0.00000000    
   66.0234375       0.00000000    
   66.0937500       0.00000000    
   66.1640625       0.00000000    
   66.2343750       0.00000000    
   66.3046875       0.00000000    
   66.3750000       0.00000000    
   66.4453125       0.00000000    
   66.5156250       0.00000000    
   66.5859375       0.00000000    
   66.6562500       0.00000000    
   66.7265625       0.00000000    
   66.7968750       0.00000000    
   66.8671875       0.00000000    
   66.9375000       0.00000000    
   67.0078125       0.00000000    
   67.0781250       0.00000000    
   67.1484375       0.00000000    
   67.2187500       0.00000000    
   67.2890625       0.00000000    
   67.3593750       0.00000000    
   67.4296875       0.00000000    
   67.5000000       0.00000000    
   67.5703125       0.00000000    
   67.6406250       0.00000000    
   67.7109375       0.00000000    
   67.7812500       0.00000000    
   67.8515625       0.00000000    
   67.9218750       0.00000000    
   67.9921875       0.00000000    
   68.0625000       0.00000000    
   68.1328125       0.00000000    
   68.2031250       0.00000000    
   68.2734375       0.00000000    
   68.3437500       0.00000000    
   68.4140625       0.00000000    
   68.4843750       0.00000000    
   68.5546875       0.00000000    
   68.6250000       0.00000000    
   68.6953125       0.00000000    
   68.7656250       0.00000000    
   68.8359375       0.00000000    
   68.9062500       0.00000000    
   68.9765625       0.00000000    
   69.0468750       0.00000000    
   69.1171875       0.00000000    
   69.1875000       0.00000000    
   69.2578125       0.00000000    
   69.3281250       0.00000000    
   69.3984375       0.00000000    
   69.4687500       0.00000000    
   69.5390625       0.00000000    
   69.6093750       0.00000000    
   69.6796875       0.00000000    
   69.7500000       0.00000000    
   69.8203125       0.00000000    
   69.8906250       0.00000000    
   69.9609375       0.00000000    
   70.0312500       0.00000000    
   70.1015625       0.00000000    
   70.1718750       0.00000000    
   70.2421875       0.00000000    
   70.3125000       0.00000000    
   70.3828125       0.00000000    
