2005 06 13 22 44 33.0 -19.990 -69.200
107. 5.002E+20 7.733 177 19 -82 349 71 -93
  -1.12500000       0.00000000    
  -1.05468750       1.22978314E+18
 -0.984375000       1.27504467E+18
 -0.914062500       1.33073123E+18
 -0.843750000       1.39737964E+18
 -0.773437500       1.47540071E+18
 -0.703125000       1.57980964E+18
 -0.632812500       1.72278395E+18
 -0.562500000       1.91149409E+18
 -0.492187500       2.13531467E+18
 -0.421875000       2.39732458E+18
 -0.351562500       2.73243565E+18
 -0.281250000       3.17635743E+18
 -0.210937500       3.73498520E+18
 -0.140625000       4.36946746E+18
  -7.03125000E-02   5.05368090E+18
   0.00000000       5.79151587E+18
   7.03125000E-02   6.58796746E+18
  0.140625000       7.42837862E+18
  0.210937500       8.29948980E+18
  0.281250000       9.21215097E+18
  0.351562500       1.01731544E+19
  0.421875000       1.11689601E+19
  0.492187500       1.21744634E+19
  0.562500000       1.31758074E+19
  0.632812500       1.41660045E+19
  0.703125000       1.51807976E+19
  0.773437500       1.62557670E+19
  0.843750000       1.74067677E+19
  0.914062500       1.85976938E+19
  0.984375000       1.97874995E+19
   1.05468750       2.09536174E+19
   1.12500000       2.21424665E+19
   1.19531250       2.34385972E+19
   1.26562500       2.48869113E+19
   1.33593750       2.64534955E+19
   1.40625000       2.80640469E+19
   1.47656250       2.96852329E+19
   1.54687500       3.13101945E+19
   1.61718750       3.29449066E+19
   1.68750000       3.45978706E+19
   1.75781250       3.62731173E+19
   1.82812500       3.79673284E+19
   1.89843750       3.96699045E+19
   1.96875000       4.13656505E+19
   2.03906250       4.30381880E+19
   2.10937500       4.46734741E+19
   2.17968750       4.62618506E+19
   2.25000000       4.77987084E+19
   2.32031250       4.92834097E+19
   2.39062500       5.07178326E+19
   2.46093750       5.21049764E+19
   2.53125000       5.34487028E+19
   2.60156250       5.47537967E+19
   2.67187500       5.60264946E+19
   2.74218750       5.72739961E+19
   2.81250000       5.85032589E+19
   2.88281250       5.97181885E+19
   2.95312500       6.09173158E+19
   3.02343750       6.20922804E+19
   3.09375000       6.32293777E+19
   3.16406250       6.43133334E+19
   3.23437500       6.53329106E+19
   3.30468750       6.62856682E+19
   3.37500000       6.71802704E+19
   3.44531250       6.80345250E+19
   3.51562500       6.88698855E+19
   3.58593750       6.97041070E+19
   3.65625000       7.05454489E+19
   3.72656250       7.13901773E+19
   3.79687500       7.22245923E+19
   3.86718750       7.30296679E+19
   3.93750000       7.37866552E+19
   4.00781250       7.44806714E+19
   4.07812500       7.51010686E+19
   4.14843750       7.56388529E+19
   4.21875000       7.60834515E+19
   4.28906250       7.64209751E+19
   4.35937500       7.66362419E+19
   4.42968750       7.67179752E+19
   4.50000000       7.66654713E+19
   4.57031250       7.64935781E+19
   4.64062500       7.62336096E+19
   4.71093750       7.59283939E+19
   4.78125000       7.56231871E+19
   4.85156250       7.53540442E+19
   4.92187500       7.51384520E+19
   4.99218750       7.49709304E+19
   5.06250000       7.48250736E+19
   5.13281250       7.46609297E+19
   5.20312500       7.44347734E+19
   5.27343750       7.41084647E+19
   5.34375000       7.36561080E+19
   5.41406250       7.30667126E+19
   5.48437500       7.23434803E+19
   5.55468750       7.15003176E+19
   5.62500000       7.05576799E+19
   5.69531250       6.95388064E+19
   5.76562500       6.84672927E+19
   5.83593750       6.73656789E+19
   5.90625000       6.62547543E+19
   5.97656250       6.51523576E+19
   6.04687500       6.40725008E+19
   6.11718750       6.30248289E+19
   6.18750000       6.20148308E+19
   6.25781250       6.10437553E+19
   6.32812500       6.01080357E+19
   6.39843750       5.91982602E+19
   6.46875000       5.82993787E+19
   6.53906250       5.73928445E+19
   6.60937500       5.64611711E+19
   6.67968750       5.54934690E+19
   6.75000000       5.44901338E+19
   6.82031250       5.34644566E+19
   6.89062500       5.24408816E+19
   6.96093750       5.14502305E+19
   7.03125000       5.05240898E+19
   7.10156250       4.96891559E+19
   7.17187500       4.89626821E+19
   7.24218750       4.83492338E+19
   7.31250000       4.78398301E+19
   7.38281250       4.74133471E+19
   7.45312500       4.70401641E+19
   7.52343750       4.66867986E+19
   7.59375000       4.63204853E+19
   7.66406250       4.59128876E+19
   7.73437500       4.54424989E+19
   7.80468750       4.48954655E+19
   7.87500000       4.42655113E+19
   7.94531250       4.35529882E+19
   8.01562500       4.27642029E+19
   8.08593750       4.19104190E+19
   8.15625000       4.10066072E+19
   8.22656250       4.00691592E+19
   8.29687500       3.91124433E+19
   8.36718750       3.81449699E+19
   8.43750000       3.71666948E+19
   8.50781250       3.61692420E+19
   8.57812500       3.51397759E+19
   8.64843750       3.40671583E+19
   8.71875000       3.29484558E+19
   8.78906250       3.17926118E+19
   8.85937500       3.06200926E+19
   8.92968750       2.94582035E+19
   9.00000000       2.83341332E+19
   9.07031250       2.72678730E+19
   9.14062500       2.62674889E+19
   9.21093750       2.53274439E+19
   9.28125000       2.44301280E+19
   9.35156250       2.35499272E+19
   9.42187500       2.26610468E+19
   9.49218750       2.13204497E+19
   9.56250000       2.05733887E+19
   9.63281250       1.96128663E+19
   9.70312500       1.93343864E+19
   9.77343750       1.90664156E+19
   9.84375000       1.88068297E+19
   9.91406250       1.85535352E+19
   9.98437500       1.83042232E+19
   10.0546875       1.80561096E+19
   10.1250000       1.78058135E+19
   10.1953125       1.75493359E+19
   10.2656250       1.72824393E+19
   10.3359375       1.70012370E+19
   10.4062500       1.67029868E+19
   10.4765625       1.63867057E+19
   10.5468750       1.60534327E+19
   10.6171875       1.57058606E+19
   10.6875000       1.53476496E+19
   10.7578125       1.49824083E+19
   10.8281250       1.46129262E+19
   10.8984375       1.42408020E+19
   10.9687500       1.38667614E+19
   11.0390625       1.34912133E+19
   11.1093750       1.31147713E+19
   11.1796875       1.27381974E+19
   11.2500000       1.23620764E+19
   11.3203125       1.19864195E+19
   11.3906250       1.16106405E+19
   11.4609375       1.12337444E+19
   11.5312500       1.08545569E+19
   11.6015625       1.04715926E+19
   11.6718750       1.00828999E+19
   11.7421875       9.68609601E+18
   11.8125000       8.81951317E+18
   11.8828125       8.53227235E+18
   11.9531250       7.87445544E+18
   12.0234375       7.67829377E+18
   12.0937500       7.47920795E+18
   12.1640625       7.27599786E+18
   12.2343750       7.06719125E+18
   12.3046875       6.85030764E+18
   12.3750000       6.62169773E+18
   12.4453125       5.92351939E+18
   12.5156250       5.74086412E+18
   12.5859375       5.55202300E+18
   12.6562500       5.35735996E+18
   12.7265625       4.36333988E+18
   12.7968750       3.71759835E+18
   12.8671875       3.63500963E+18
   12.9375000       3.55555315E+18
   13.0078125       3.47741855E+18
   13.0781250       3.39789363E+18
   13.1484375       3.31371144E+18
   13.2187500       3.22149760E+18
   13.2890625       3.11838183E+18
   13.3593750       3.00257989E+18
   13.4296875       2.87389552E+18
   13.5000000       2.73390872E+18
   13.5703125       2.58587350E+18
   13.6406250       2.43422666E+18
   13.7109375       2.28388219E+18
   13.7812500       1.68828732E+18
   13.8515625       1.60130496E+18
   13.9218750       1.51355857E+18
   13.9921875       1.42536825E+18
   14.0625000       8.65186184E+17
   14.1328125       8.25177635E+17
   14.2031250       7.85940395E+17
   14.2734375       7.47730510E+17
   14.3437500       7.10749880E+17
   14.4140625       6.75125428E+17
   14.4843750       6.40877153E+17
   14.5546875       6.07943618E+17
   14.6250000       5.76190479E+17
   14.6953125       5.45472254E+17
   14.7656250       5.15654289E+17
   14.8359375       4.86652849E+17
   14.9062500       4.58414538E+17
   14.9765625       4.30921044E+17
   15.0468750       0.00000000    
   15.1171875       0.00000000    
   15.1875000       0.00000000    
   15.2578125       0.00000000    
   15.3281250       0.00000000    
   15.3984375       0.00000000    
