2015 09 16 22 54 32.0 -31.573 -71.674
17. 3.118E+21 8.263 12 20 110 171 71 83
  -1.12500000       0.00000000    
  -1.05468750       2.33170517E+18
 -0.984375000       2.35836366E+18
 -0.914062500       2.38088798E+18
 -0.843750000       2.40089249E+18
 -0.773437500       2.41821392E+18
 -0.703125000       2.43278987E+18
 -0.632812500       2.44359917E+18
 -0.562500000       2.45154837E+18
 -0.492187500       2.45759953E+18
 -0.421875000       2.46151187E+18
 -0.351562500       2.46243875E+18
 -0.281250000       2.45903109E+18
 -0.210937500       2.45074462E+18
 -0.140625000       2.43730419E+18
  -7.03125000E-02   2.41867737E+18
   0.00000000       2.39497080E+18
   7.03125000E-02   2.36661247E+18
  0.140625000       2.33418787E+18
  0.210937500       2.29860671E+18
  0.281250000       2.26097551E+18
  0.351562500       2.22283717E+18
  0.421875000       2.18555011E+18
  0.492187500       2.15059829E+18
  0.562500000       2.11954918E+18
  0.632812500       2.09475932E+18
  0.703125000       2.07913388E+18
  0.773437500       2.07308313E+18
  0.843750000       2.07526140E+18
  0.914062500       2.08319465E+18
  0.984375000       2.09611282E+18
   1.05468750       2.11399926E+18
   1.12500000       2.13677262E+18
   1.19531250       2.16430494E+18
   1.26562500       2.19630691E+18
   1.33593750       2.23243082E+18
   1.40625000       2.27220895E+18
   1.47656250       2.31518941E+18
   1.54687500       2.36089776E+18
   1.61718750       2.40895081E+18
   1.68750000       2.45916276E+18
   1.75781250       2.51147972E+18
   1.82812500       2.56600175E+18
   1.89843750       2.62298147E+18
   1.96875000       2.68300134E+18
   2.03906250       2.74707373E+18
   2.10937500       2.81505626E+18
   2.17968750       2.88585491E+18
   2.25000000       2.95784268E+18
   2.32031250       3.03092970E+18
   2.39062500       3.10907968E+18
   2.46093750       3.19499057E+18
   2.53125000       3.28966705E+18
   2.60156250       3.38990457E+18
   2.67187500       3.49327241E+18
   2.74218750       3.59817379E+18
   2.81250000       3.70376182E+18
   2.88281250       3.80986661E+18
   2.95312500       3.91679934E+18
   3.02343750       4.02519387E+18
   3.09375000       4.13572942E+18
   3.16406250       4.24894256E+18
   3.23437500       4.36498777E+18
   3.30468750       4.48547830E+18
   3.37500000       4.61178113E+18
   3.44531250       4.74462467E+18
   3.51562500       4.88242097E+18
   3.58593750       5.02326401E+18
   3.65625000       5.16560733E+18
   3.72656250       5.30836792E+18
   3.79687500       5.45077557E+18
   3.86718750       5.59234704E+18
   3.93750000       5.73267386E+18
   4.00781250       5.87141463E+18
   4.07812500       6.00817079E+18
   4.14843750       6.14259873E+18
   4.21875000       6.27433836E+18
   4.28906250       6.40309722E+18
   4.35937500       6.52851357E+18
   4.42968750       6.65018552E+18
   4.50000000       6.76750946E+18
   4.57031250       6.87976465E+18
   4.64062500       6.98607313E+18
   4.71093750       7.08558773E+18
   4.78125000       7.17749151E+18
   4.85156250       7.26113796E+18
   4.92187500       7.33826925E+18
   4.99218750       7.41450663E+18
   5.06250000       7.49425861E+18
   5.13281250       7.57893200E+18
   5.20312500       7.66576923E+18
   5.27343750       7.75324418E+18
   5.34375000       7.84069108E+18
   5.41406250       7.92817868E+18
   5.48437500       8.01604670E+18
   5.55468750       8.10477454E+18
   5.62500000       8.19458649E+18
   5.69531250       8.28543529E+18
   5.76562500       8.37676678E+18
   5.83593750       8.46769584E+18
   5.90625000       8.55693715E+18
   5.97656250       8.64308883E+18
   6.04687500       8.72471768E+18
   6.11718750       8.80285502E+18
   6.18750000       8.87769218E+18
   6.25781250       8.94890975E+18
   6.32812500       9.01349781E+18
   6.39843750       9.06926559E+18
   6.46875000       9.11457921E+18
   6.53906250       9.14844142E+18
   6.60937500       9.17036678E+18
   6.67968750       9.18054496E+18
   6.75000000       9.17966040E+18
   6.82031250       9.16890168E+18
   6.89062500       9.14961405E+18
   6.96093750       9.12327745E+18
   7.03125000       9.09117226E+18
   7.10156250       9.05444197E+18
   7.17187500       9.01391782E+18
   7.24218750       8.97035187E+18
   7.31250000       8.92439613E+18
   7.38281250       8.87690658E+18
   7.45312500       8.82892554E+18
   7.52343750       8.78192527E+18
   7.59375000       8.73761715E+18
   7.66406250       8.69796986E+18
   7.73437500       8.66483167E+18
   7.80468750       8.63986836E+18
   7.87500000       8.62418438E+18
   7.94531250       8.61834542E+18
   8.01562500       8.62217392E+18
   8.08593750       8.63497114E+18
   8.15625000       8.65548253E+18
   8.22656250       8.68220286E+18
   8.29687500       8.71339930E+18
   8.36718750       8.74743633E+18
   8.43750000       8.78276969E+18
   8.50781250       8.81816407E+18
   8.57812500       8.85257493E+18
   8.64843750       8.88526177E+18
   8.71875000       8.91556486E+18
   8.78906250       8.94297953E+18
   8.85937500       8.96698572E+18
   8.92968750       8.98725906E+18
   9.00000000       9.00361265E+18
   9.07031250       9.01622405E+18
   9.14062500       9.02555725E+18
   9.21093750       9.03247813E+18
   9.28125000       9.03801472E+18
   9.35156250       9.04332316E+18
   9.42187500       9.04940676E+18
   9.49218750       9.05714732E+18
   9.56250000       9.06716772E+18
   9.63281250       9.08001826E+18
   9.70312500       9.09615249E+18
   9.77343750       9.11621088E+18
   9.84375000       9.14094660E+18
   9.91406250       9.17137008E+18
   9.98437500       9.20853358E+18
   10.0546875       9.25358882E+18
   10.1250000       9.30753525E+18
   10.1953125       9.37128274E+18
   10.2656250       9.44539532E+18
   10.3359375       9.53020835E+18
   10.4062500       9.62565146E+18
   10.4765625       9.73143437E+18
   10.5468750       9.84699964E+18
   10.6171875       9.97181620E+18
   10.6875000       1.01053662E+19
   10.7578125       1.02473747E+19
   10.8281250       1.03976779E+19
   10.8984375       1.05563232E+19
   10.9687500       1.07233060E+19
   11.0390625       1.08985726E+19
   11.1093750       1.10816863E+19
   11.1796875       1.12718458E+19
   11.2500000       1.14675654E+19
   11.3203125       1.16667398E+19
   11.3906250       1.18664770E+19
   11.4609375       1.20634062E+19
   11.5312500       1.22537811E+19
   11.6015625       1.24339680E+19
   11.6718750       1.26006715E+19
   11.7421875       1.27514179E+19
   11.8125000       1.28846600E+19
   11.8828125       1.30000065E+19
   11.9531250       1.30980422E+19
   12.0234375       1.31803374E+19
   12.0937500       1.32490667E+19
   12.1640625       1.33068648E+19
   12.2343750       1.33563659E+19
   12.3046875       1.34000638E+19
   12.3750000       1.34399727E+19
   12.4453125       1.34776706E+19
   12.5156250       1.35141766E+19
   12.5859375       1.35502120E+19
   12.6562500       1.35861473E+19
   12.7265625       1.36221387E+19
   12.7968750       1.36578850E+19
   12.8671875       1.36926680E+19
   12.9375000       1.37251542E+19
   13.0078125       1.37535864E+19
   13.0781250       1.37757900E+19
   13.1484375       1.37895394E+19
   13.2187500       1.37926873E+19
   13.2890625       1.37835459E+19
   13.3593750       1.37608982E+19
   13.4296875       1.37242944E+19
   13.5000000       1.36739477E+19
   13.5703125       1.36109479E+19
   13.6406250       1.35371025E+19
   13.7109375       1.34550361E+19
   13.7812500       1.33678613E+19
   13.8515625       1.32790768E+19
   13.9218750       1.31920626E+19
   13.9921875       1.31099345E+19
   14.0625000       1.30351469E+19
   14.1328125       1.29694961E+19
   14.2031250       1.29139774E+19
   14.2734375       1.28689997E+19
   14.3437500       1.28343606E+19
   14.4140625       1.28095623E+19
   14.4843750       1.27937909E+19
   14.5546875       1.27862097E+19
   14.6250000       1.27859337E+19
   14.6953125       1.27922285E+19
   14.7656250       1.28044220E+19
   14.8359375       1.28221704E+19
   14.9062500       1.28453931E+19
   14.9765625       1.28730678E+19
   15.0468750       1.29036651E+19
   15.1171875       1.29355938E+19
   15.1875000       1.29685066E+19
   15.2578125       1.30029147E+19
   15.3281250       1.30397362E+19
   15.3984375       1.30803775E+19
   15.4687500       1.31263788E+19
   15.5390625       1.31793137E+19
   15.6093750       1.32403003E+19
   15.6796875       1.33099126E+19
   15.7500000       1.33878713E+19
   15.8203125       1.34732440E+19
   15.8906250       1.35645617E+19
   15.9609375       1.36603468E+19
   16.0312500       1.37593523E+19
   16.1015625       1.38609450E+19
   16.1718750       1.39642551E+19
   16.2421875       1.40688164E+19
   16.3125000       1.41741551E+19
   16.3828125       1.42804108E+19
   16.4531250       1.43876946E+19
   16.5234375       1.44962857E+19
   16.5937500       1.46061258E+19
   16.6640625       1.47168851E+19
   16.7343750       1.48280017E+19
   16.8046875       1.49396208E+19
   16.8750000       1.50525253E+19
   16.9453125       1.51682346E+19
   17.0156250       1.52886476E+19
   17.0859375       1.54160095E+19
   17.1562500       1.55524677E+19
   17.2265625       1.57000442E+19
   17.2968750       1.58604398E+19
   17.3671875       1.60353216E+19
   17.4375000       1.62243452E+19
   17.5078125       1.64267466E+19
   17.5781250       1.66412338E+19
   17.6484375       1.68680378E+19
   17.7187500       1.71071948E+19
   17.7890625       1.73583221E+19
   17.8593750       1.76201730E+19
   17.9296875       1.78907243E+19
   18.0000000       1.81670228E+19
   18.0703125       1.84455786E+19
   18.1406250       1.87224664E+19
   18.2109375       1.89938413E+19
   18.2812500       1.92560924E+19
   18.3515625       1.95062533E+19
   18.4218750       1.97419490E+19
   18.4921875       1.99631663E+19
   18.5625000       2.01711367E+19
   18.6328125       2.03670147E+19
   18.7031250       2.05502286E+19
   18.7734375       2.07196897E+19
   18.8437500       2.08751035E+19
   18.9140625       2.10169932E+19
   18.9843750       2.11463530E+19
   19.0546875       2.12647066E+19
   19.1250000       2.13738287E+19
   19.1953125       2.14777590E+19
   19.2656250       2.15919147E+19
   19.3359375       2.17254724E+19
   19.4062500       2.18808773E+19
   19.4765625       2.20460086E+19
   19.5468750       2.22127121E+19
   19.6171875       2.23759874E+19
   19.6875000       2.25326810E+19
   19.7578125       2.26806511E+19
   19.8281250       2.28178767E+19
   19.8984375       2.29422887E+19
   19.9687500       2.30515757E+19
   20.0390625       2.31436488E+19
   20.1093750       2.32168301E+19
   20.1796875       2.32703676E+19
   20.2500000       2.33044634E+19
   20.3203125       2.33204767E+19
   20.3906250       2.33206372E+19
   20.4609375       2.33079511E+19
   20.5312500       2.32857805E+19
   20.6015625       2.32576440E+19
   20.6718750       2.32267345E+19
   20.7421875       2.31958471E+19
   20.8125000       2.31669783E+19
   20.8828125       2.31414586E+19
   20.9531250       2.31198136E+19
   21.0234375       2.31021027E+19
   21.0937500       2.30880443E+19
   21.1640625       2.30774934E+19
   21.2343750       2.30705907E+19
   21.3046875       2.30681674E+19
   21.3750000       2.30716308E+19
   21.4453125       2.30830328E+19
   21.5156250       2.31047151E+19
   21.5859375       2.31392398E+19
   21.6562500       2.31890741E+19
   21.7265625       2.32566588E+19
   21.7968750       2.33441800E+19
   21.8671875       2.34536429E+19
   21.9375000       2.35864881E+19
   22.0078125       2.37435292E+19
   22.0781250       2.39245682E+19
   22.1484375       2.41285012E+19
   22.2187500       2.43532326E+19
   22.2890625       2.45961455E+19
   22.3593750       2.48542360E+19
   22.4296875       2.51246785E+19
   22.5000000       2.54048385E+19
   22.5703125       2.56925697E+19
   22.6406250       2.59860469E+19
   22.7109375       2.62839288E+19
   22.7812500       2.65852390E+19
   22.8515625       2.68896014E+19
   22.9218750       2.71971568E+19
   22.9921875       2.75087474E+19
   23.0625000       2.78256684E+19
   23.1328125       2.81496505E+19
   23.2031250       2.84823737E+19
   23.2734375       2.88253532E+19
   23.3437500       2.91794465E+19
   23.4140625       2.95447241E+19
   23.4843750       2.99200973E+19
   23.5546875       3.03035476E+19
   23.6250000       3.06921414E+19
   23.6953125       3.10826088E+19
   23.7656250       3.14716094E+19
   23.8359375       3.18562779E+19
   23.9062500       3.22343142E+19
   23.9765625       3.26042581E+19
   24.0468750       3.29652783E+19
   24.1171875       3.33172936E+19
   24.1875000       3.36606865E+19
   24.2578125       3.39963036E+19
   24.3281250       3.43251389E+19
   24.3984375       3.46483096E+19
   24.4687500       3.49667787E+19
   24.5390625       3.52814656E+19
   24.6093750       3.55931089E+19
   24.6796875       3.59025467E+19
   24.7500000       3.62106936E+19
   24.8203125       3.65187878E+19
   24.8906250       3.68281552E+19
   24.9609375       3.71402625E+19
   25.0312500       3.74563325E+19
   25.1015625       3.77774119E+19
   25.1718750       3.81042308E+19
   25.2421875       3.84375587E+19
   25.3125000       3.87783501E+19
   25.3828125       3.91280652E+19
   25.4531250       3.94885731E+19
   25.5234375       3.98621168E+19
   25.5937500       4.02509217E+19
   25.6640625       4.06570461E+19
   25.7343750       4.10819897E+19
   25.8046875       4.15266542E+19
   25.8750000       4.19912419E+19
   25.9453125       4.24753041E+19
   26.0156250       4.29776533E+19
   26.0859375       4.34965832E+19
   26.1562500       4.40297584E+19
   26.2265625       4.45745752E+19
   26.2968750       4.51280782E+19
   26.3671875       4.56872986E+19
   26.4375000       4.62491270E+19
   26.5078125       4.68103969E+19
   26.5781250       4.73676382E+19
   26.6484375       4.79171873E+19
   26.7187500       4.84550552E+19
   26.7890625       4.89772705E+19
   26.8593750       4.94800156E+19
   26.9296875       4.99602647E+19
   27.0000000       5.04158671E+19
   27.0703125       5.08459916E+19
   27.1406250       5.12510429E+19
   27.2109375       5.16326922E+19
   27.2812500       5.19933716E+19
   27.3515625       5.23359882E+19
   27.4218750       5.26633216E+19
   27.4921875       5.29779271E+19
   27.5625000       5.32817397E+19
   27.6328125       5.35762813E+19
   27.7031250       5.38625722E+19
   27.7734375       5.41414083E+19
   27.8437500       5.44134099E+19
   27.9140625       5.46792762E+19
   27.9843750       5.49398033E+19
   28.0546875       5.51961434E+19
   28.1250000       5.54497876E+19
   28.1953125       5.57027456E+19
   28.2656250       5.59573045E+19
   28.3359375       5.62160504E+19
   28.4062500       5.64816396E+19
   28.4765625       5.67568826E+19
   28.5468750       5.70445588E+19
   28.6171875       5.73477513E+19
   28.6875000       5.76693937E+19
   28.7578125       5.80122258E+19
   28.8281250       5.83781125E+19
   28.8984375       5.87676826E+19
   28.9687500       5.91797488E+19
   29.0390625       5.96113775E+19
   29.1093750       6.00579112E+19
   29.1796875       6.05137643E+19
   29.2500000       6.09731139E+19
   29.3203125       6.14307790E+19
   29.3906250       6.18827442E+19
   29.4609375       6.23266215E+19
   29.5312500       6.27613596E+19
   29.6015625       6.31871037E+19
   29.6718750       6.36045398E+19
   29.7421875       6.40146401E+19
   29.8125000       6.44183236E+19
   29.8828125       6.48163732E+19
   29.9531250       6.52092991E+19
   30.0234375       6.55975894E+19
   30.0937500       6.59816664E+19
   30.1640625       6.63623613E+19
   30.2343750       6.67407252E+19
   30.3046875       6.71184163E+19
   30.3750000       6.74973828E+19
   30.4453125       6.78799072E+19
   30.5156250       6.82680349E+19
   30.5859375       6.86635072E+19
   30.6562500       6.90671423E+19
   30.7265625       6.94788347E+19
   30.7968750       6.98971900E+19
   30.8671875       7.03197807E+19
   30.9375000       7.07432994E+19
   31.0078125       7.11641133E+19
   31.0781250       7.15786116E+19
   31.1484375       7.19838124E+19
   31.2187500       7.23774991E+19
   31.2890625       7.27584403E+19
   31.3593750       7.31259851E+19
   31.4296875       7.34800190E+19
   31.5000000       7.38205070E+19
   31.5703125       7.41475809E+19
   31.6406250       7.44613464E+19
   31.7109375       7.47622959E+19
   31.7812500       7.50512387E+19
   31.8515625       7.53295471E+19
   31.9218750       7.55989539E+19
   31.9921875       7.58616228E+19
   32.0625000       7.61198497E+19
   32.1328125       7.63761151E+19
   32.2031250       7.66326531E+19
   32.2734375       7.68913726E+19
   32.3437500       7.71535314E+19
   32.4140625       7.74196044E+19
   32.4843750       7.76890287E+19
   32.5546875       7.79604322E+19
   32.6250000       7.82318092E+19
   32.6953125       7.85010576E+19
   32.7656250       7.87663566E+19
   32.8359375       7.90266418E+19
   32.9062500       7.92817373E+19
   32.9765625       7.95323292E+19
   33.0468750       7.97794554E+19
   33.1171875       8.00242067E+19
   33.1875000       8.02671020E+19
   33.2578125       8.05077279E+19
   33.3281250       8.07443956E+19
   33.3984375       8.09743783E+19
   33.4687500       8.11936824E+19
   33.5390625       8.13977606E+19
   33.6093750       8.15816253E+19
   33.6796875       8.17404652E+19
   33.7500000       8.18699876E+19
   33.8203125       8.19668326E+19
   33.8906250       8.20286780E+19
   33.9609375       8.20544505E+19
   34.0312500       8.20440975E+19
   34.1015625       8.19984634E+19
   34.1718750       8.19189027E+19
   34.2421875       8.18073067E+19
   34.3125000       8.16658919E+19
   34.3828125       8.14973324E+19
   34.4531250       8.13046100E+19
   34.5234375       8.10909969E+19
   34.5937500       8.08596860E+19
   34.6640625       8.06134658E+19
   34.7343750       8.03545440E+19
   34.8046875       8.00846095E+19
   34.8750000       7.98048849E+19
   34.9453125       7.95167249E+19
   35.0156250       7.92219150E+19
   35.0859375       7.89231557E+19
   35.1562500       7.86241853E+19
   35.2265625       7.83297889E+19
   35.2968750       7.80453496E+19
   35.3671875       7.77763739E+19
   35.4375000       7.75277260E+19
   35.5078125       7.73029330E+19
   35.5781250       7.71037631E+19
   35.6484375       7.69300842E+19
   35.7187500       7.67799349E+19
   35.7890625       7.66500078E+19
   35.8593750       7.65360720E+19
   35.9296875       7.64337031E+19
   36.0000000       7.63387669E+19
   36.0703125       7.62483078E+19
   36.1406250       7.61606724E+19
   36.2109375       7.60758868E+19
   36.2812500       7.59952794E+19
   36.3515625       7.59210668E+19
   36.4218750       7.58555975E+19
   36.4921875       7.58007890E+19
   36.5625000       7.57577233E+19
   36.6328125       7.57267875E+19
   36.7031250       7.57077791E+19
   36.7734375       7.57003992E+19
   36.8437500       7.57047445E+19
   36.9140625       7.57216242E+19
   36.9843750       7.57527184E+19
   37.0546875       7.58007802E+19
   37.1250000       7.58693106E+19
   37.1953125       7.59623469E+19
   37.2656250       7.60838209E+19
   37.3359375       7.62371984E+19
   37.4062500       7.64249334E+19
   37.4765625       7.66483190E+19
   37.5468750       7.69072232E+19
   37.6171875       7.72003706E+19
   37.6875000       7.75252631E+19
   37.7578125       7.78784614E+19
   37.8281250       7.82555499E+19
   37.8984375       7.86514093E+19
   37.9687500       7.90603924E+19
   38.0390625       7.94767818E+19
   38.1093750       7.98950800E+19
   38.1796875       8.03103964E+19
   38.2500000       8.07186582E+19
   38.3203125       8.11166990E+19
   38.3906250       8.15022582E+19
   38.4609375       8.18739547E+19
   38.5312500       8.22310673E+19
   38.6015625       8.25735168E+19
   38.6718750       8.29015055E+19
   38.7421875       8.32153149E+19
   38.8125000       8.35151385E+19
   38.8828125       8.38008092E+19
   38.9531250       8.40716585E+19
   39.0234375       8.43265957E+19
   39.0937500       8.45641166E+19
   39.1640625       8.47825412E+19
   39.2343750       8.49801542E+19
   39.3046875       8.51554339E+19
   39.3750000       8.53072457E+19
   39.4453125       8.54351057E+19
   39.5156250       8.55391987E+19
   39.5859375       8.56203690E+19
   39.6562500       8.56800593E+19
   39.7265625       8.57201519E+19
   39.7968750       8.57426523E+19
   39.8671875       8.57495309E+19
   39.9375000       8.57425380E+19
   40.0078125       8.57232305E+19
   40.0781250       8.56927521E+19
   40.1484375       8.56520526E+19
   40.2187500       8.56017301E+19
   40.2890625       8.55422861E+19
   40.3593750       8.54741252E+19
   40.4296875       8.53977839E+19
   40.5000000       8.53139395E+19
   40.5703125       8.52237356E+19
   40.6406250       8.51284387E+19
   40.7109375       8.50295355E+19
   40.7812500       8.49284947E+19
   40.8515625       8.48267327E+19
   40.9218750       8.47252786E+19
   40.9921875       8.46248536E+19
   41.0625000       8.45257392E+19
   41.1328125       8.44279355E+19
   41.2031250       8.43312928E+19
   41.2734375       8.42358464E+19
   41.3437500       8.41418162E+19
   41.4140625       8.40498442E+19
   41.4843750       8.39607662E+19
   41.5546875       8.38755848E+19
   41.6250000       8.37951973E+19
   41.6953125       8.37204393E+19
   41.7656250       8.36518298E+19
   41.8359375       8.35897382E+19
   41.9062500       8.35343052E+19
   41.9765625       8.34857420E+19
   42.0468750       8.34442156E+19
   42.1171875       8.34100340E+19
   42.1875000       8.33835226E+19
   42.2578125       8.33650420E+19
   42.3281250       8.33547330E+19
   42.3984375       8.33526747E+19
   42.4687500       8.33586648E+19
   42.5390625       8.33727650E+19
   42.6093750       8.33950543E+19
   42.6796875       8.34261396E+19
   42.7500000       8.34670415E+19
   42.8203125       8.35193343E+19
   42.8906250       8.35848212E+19
   42.9609375       8.36656133E+19
   43.0312500       8.37637073E+19
   43.1015625       8.38811439E+19
   43.1718750       8.40195681E+19
   43.2421875       8.41803782E+19
   43.3125000       8.43642870E+19
   43.3828125       8.45713998E+19
   43.4531250       8.48007491E+19
   43.5234375       8.50507516E+19
   43.5937500       8.53190501E+19
   43.6640625       8.56030759E+19
   43.7343750       8.59001552E+19
   43.8046875       8.62077369E+19
   43.8750000       8.65233584E+19
   43.9453125       8.68447324E+19
   44.0156250       8.71695105E+19
   44.0859375       8.74956785E+19
   44.1562500       8.78213890E+19
   44.2265625       8.81452787E+19
   44.2968750       8.84660283E+19
   44.3671875       8.87822742E+19
   44.4375000       8.90922661E+19
   44.5078125       8.93936466E+19
   44.5781250       8.96835043E+19
   44.6484375       8.99588396E+19
   44.7187500       9.02168554E+19
   44.7890625       9.04554582E+19
   44.8593750       9.06732143E+19
   44.9296875       9.08695167E+19
   45.0000000       9.10442423E+19
   45.0703125       9.11978837E+19
   45.1406250       9.13310917E+19
   45.2109375       9.14448164E+19
   45.2812500       9.15401308E+19
   45.3515625       9.16181258E+19
   45.4218750       9.16800063E+19
   45.4921875       9.17269423E+19
   45.5625000       9.17601475E+19
   45.6328125       9.17808799E+19
   45.7031250       9.17901774E+19
   45.7734375       9.17889371E+19
   45.8437500       9.17776254E+19
   45.9140625       9.17562772E+19
   45.9843750       9.17242683E+19
   46.0546875       9.16804461E+19
   46.1250000       9.16231748E+19
   46.1953125       9.15504663E+19
   46.2656250       9.14601480E+19
   46.3359375       9.13504343E+19
   46.4062500       9.12199267E+19
   46.4765625       9.10682292E+19
   46.5468750       9.08960193E+19
   46.6171875       9.07051617E+19
   46.6875000       9.04986294E+19
   46.7578125       9.02802840E+19
   46.8281250       9.00544531E+19
   46.8984375       8.98258515E+19
   46.9687500       8.95990530E+19
   47.0390625       8.93783942E+19
   47.1093750       8.91672792E+19
   47.1796875       8.89678542E+19
   47.2500000       8.87804886E+19
   47.3203125       8.86038015E+19
   47.3906250       8.84345559E+19
   47.4609375       8.82684592E+19
   47.5312500       8.81004802E+19
   47.6015625       8.79255611E+19
   47.6718750       8.77389608E+19
   47.7421875       8.75365891E+19
   47.8125000       8.73153058E+19
   47.8828125       8.70730878E+19
   47.9531250       8.68090818E+19
   48.0234375       8.65237278E+19
   48.0937500       8.62184066E+19
   48.1640625       8.58952909E+19
   48.2343750       8.55569052E+19
   48.3046875       8.52060467E+19
   48.3750000       8.48454860E+19
   48.4453125       8.44780468E+19
   48.5156250       8.41063943E+19
   48.5859375       8.37330793E+19
   48.6562500       8.33602833E+19
   48.7265625       8.29897919E+19
   48.7968750       8.26229684E+19
   48.8671875       8.22608684E+19
   48.9375000       8.19043276E+19
   49.0078125       8.15544454E+19
   49.0781250       8.12124445E+19
   49.1484375       8.08799434E+19
   49.2187500       8.05587629E+19
   49.2890625       8.02507325E+19
   49.3593750       7.99572948E+19
   49.4296875       7.96792239E+19
   49.5000000       7.94163351E+19
   49.5703125       7.91674496E+19
   49.6406250       7.89301135E+19
   49.7109375       7.87007465E+19
   49.7812500       7.84746606E+19
   49.8515625       7.82464635E+19
   49.9218750       7.80103060E+19
   49.9921875       7.77606025E+19
   50.0625000       7.74925504E+19
   50.1328125       7.72027631E+19
   50.2031250       7.68895430E+19
   50.2734375       7.65530397E+19
   50.3437500       7.61949683E+19
   50.4140625       7.58185307E+19
   50.4843750       7.54279578E+19
   50.5546875       7.50283777E+19
   50.6250000       7.46254463E+19
   50.6953125       7.42250833E+19
   50.7656250       7.38329711E+19
   50.8359375       7.34542069E+19
   50.9062500       7.30927315E+19
   50.9765625       7.27512759E+19
   51.0468750       7.24311553E+19
   51.1171875       7.21325499E+19
   51.1875000       7.18546418E+19
   51.2578125       7.15960279E+19
   51.3281250       7.13547686E+19
   51.3984375       7.11286474E+19
   51.4687500       7.09151179E+19
   51.5390625       7.07115235E+19
   51.6093750       7.05150232E+19
   51.6796875       7.03226746E+19
   51.7500000       7.01314564E+19
   51.8203125       6.99383074E+19
   51.8906250       6.97402237E+19
   51.9609375       6.95344216E+19
   52.0312500       6.93185259E+19
   52.1015625       6.90908962E+19
   52.1718750       6.88507012E+19
   52.2421875       6.85982534E+19
   52.3125000       6.83349291E+19
   52.3828125       6.80632750E+19
   52.4531250       6.77866555E+19
   52.5234375       6.75090376E+19
   52.5937500       6.72342828E+19
   52.6640625       6.69658173E+19
   52.7343750       6.67060247E+19
   52.8046875       6.64559693E+19
   52.8750000       6.62152950E+19
   52.9453125       6.59823701E+19
   53.0156250       6.57546128E+19
   53.0859375       6.55290678E+19
   53.1562500       6.53028235E+19
   53.2265625       6.50735753E+19
   53.2968750       6.48396916E+19
   53.3671875       6.46003235E+19
   53.4375000       6.43551940E+19
   53.5078125       6.41045845E+19
   53.5781250       6.38490273E+19
   53.6484375       6.35894414E+19
   53.7187500       6.33268516E+19
   53.7890625       6.30626126E+19
   53.8593750       6.27982680E+19
   53.9296875       6.25355463E+19
   54.0000000       6.22761715E+19
   54.0703125       6.20217533E+19
   54.1406250       6.17735275E+19
   54.2109375       6.15323211E+19
   54.2812500       6.12984813E+19
   54.3515625       6.10720303E+19
   54.4218750       6.08525722E+19
   54.4921875       6.06395528E+19
   54.5625000       6.04320706E+19
   54.6328125       6.02290831E+19
   54.7031250       6.00291831E+19
   54.7734375       5.98308312E+19
   54.8437500       5.96323078E+19
   54.9140625       5.94320120E+19
   54.9843750       5.92284484E+19
   55.0546875       5.90202493E+19
   55.1250000       5.88059720E+19
   55.1953125       5.85838751E+19
   55.2656250       5.83517638E+19
   55.3359375       5.81069861E+19
   55.4062500       5.78465338E+19
   55.4765625       5.75672754E+19
   55.5468750       5.72661808E+19
   55.6171875       5.69406462E+19
   55.6875000       5.65885913E+19
   55.7578125       5.62090179E+19
   55.8281250       5.58020843E+19
   55.8984375       5.53693869E+19
   55.9687500       5.49138020E+19
   56.0390625       5.44394375E+19
   56.1093750       5.39510433E+19
   56.1796875       5.34537825E+19
   56.2500000       5.29527483E+19
   56.3203125       5.24528047E+19
   56.3906250       5.19583763E+19
   56.4609375       5.14735093E+19
   56.5312500       5.10017089E+19
   56.6015625       5.05459525E+19
   56.6718750       5.01084568E+19
   56.7421875       4.96907392E+19
   56.8125000       4.92935164E+19
   56.8828125       4.89170040E+19
   56.9531250       4.85610393E+19
   57.0234375       4.82254068E+19
   57.0937500       4.79099481E+19
   57.1640625       4.76146765E+19
   57.2343750       4.73396403E+19
   57.3046875       4.70847911E+19
   57.3750000       4.68496671E+19
   57.4453125       4.66334195E+19
   57.5156250       4.64346806E+19
   57.5859375       4.62517923E+19
   57.6562500       4.60828325E+19
   57.7265625       4.59258882E+19
   57.7968750       4.57791254E+19
   57.8671875       4.56410223E+19
   57.9375000       4.55103916E+19
   58.0078125       4.53865602E+19
   58.0781250       4.52692599E+19
   58.1484375       4.51586886E+19
   58.2187500       4.50551322E+19
   58.2890625       4.49589073E+19
   58.3593750       4.48697721E+19
   58.4296875       4.47868425E+19
   58.5000000       4.47084034E+19
   58.5703125       4.46323260E+19
   58.6406250       4.45563937E+19
   58.7109375       4.44791024E+19
   58.7812500       4.44000563E+19
   58.8515625       4.43204693E+19
   58.9218750       4.42429009E+19
   58.9921875       4.41710940E+19
   59.0625000       4.41092355E+19
   59.1328125       4.40615123E+19
   59.2031250       4.40314473E+19
   59.2734375       4.40216528E+19
   59.3437500       4.40335143E+19
   59.4140625       4.40671374E+19
   59.4843750       4.41211806E+19
   59.5546875       4.41929435E+19
   59.6250000       4.42782524E+19
   59.6953125       4.43718297E+19
   59.7656250       4.44674696E+19
   59.8359375       4.45585707E+19
   59.9062500       4.46385712E+19
   59.9765625       4.47015292E+19
   60.0468750       4.47423827E+19
   60.1171875       4.47572701E+19
   60.1875000       4.47435658E+19
   60.2578125       4.46998712E+19
   60.3281250       4.46258301E+19
   60.3984375       4.45220362E+19
   60.4687500       4.43897077E+19
   60.5390625       4.42305600E+19
   60.6093750       4.40464578E+19
   60.6796875       4.38391779E+19
   60.7500000       4.36102332E+19
   60.8203125       4.33608199E+19
   60.8906250       4.30917255E+19
   60.9609375       4.28035171E+19
   61.0312500       4.24965378E+19
   61.1015625       4.21712099E+19
   61.1718750       4.18278984E+19
   61.2421875       4.14671838E+19
   61.3125000       4.10897259E+19
   61.3828125       4.06965010E+19
   61.4531250       4.02886965E+19
   61.5234375       3.98678166E+19
   61.5937500       3.94355678E+19
   61.6640625       3.89938412E+19
   61.7343750       3.85444181E+19
   61.8046875       3.80888728E+19
   61.8750000       3.76282830E+19
   61.9453125       3.71633523E+19
   62.0156250       3.66941775E+19
   62.0859375       3.62204595E+19
   62.1562500       3.57415188E+19
   62.2265625       3.52566342E+19
   62.2968750       3.47651481E+19
   62.3671875       3.42668802E+19
   62.4375000       3.37622462E+19
   62.5078125       3.32525478E+19
   62.5781250       3.27399664E+19
   62.6484375       3.22276028E+19
   62.7187500       3.17192568E+19
   62.7890625       3.12192473E+19
   62.8593750       3.07318954E+19
   62.9296875       3.02611197E+19
   63.0000000       2.98099658E+19
   63.0703125       2.93804042E+19
   63.1406250       2.89732331E+19
   63.2109375       2.85883447E+19
   63.2812500       2.82248307E+19
   63.3515625       2.78813631E+19
   63.4218750       2.75561671E+19
   63.4921875       2.72472373E+19
   63.5625000       2.69522977E+19
   63.6328125       2.66690526E+19
   63.7031250       2.63952874E+19
   63.7734375       2.61292187E+19
   63.8437500       2.58694965E+19
   63.9140625       2.56153290E+19
   63.9843750       2.53661577E+19
   64.0546875       2.51215053E+19
   64.1250000       2.48806903E+19
   64.1953125       2.46428879E+19
   64.2656250       2.44071878E+19
   64.3359375       2.41729654E+19
   64.4062500       2.39399745E+19
   64.4765625       2.37085845E+19
   64.5468750       2.34795013E+19
   64.6171875       2.32535604E+19
   64.6875000       2.30313359E+19
   64.7578125       2.28129707E+19
   64.8281250       2.25980426E+19
   64.8984375       2.23857995E+19
   64.9687500       2.21752320E+19
   65.0390625       2.19654254E+19
   65.1093750       2.17555418E+19
   65.1796875       2.15449831E+19
   65.2500000       2.13332106E+19
   65.3203125       2.11198086E+19
   65.3906250       2.09043087E+19
   65.4609375       2.06863899E+19
   65.5312500       2.04659928E+19
   65.6015625       2.02437111E+19
   65.6718750       2.00209874E+19
   65.7421875       1.98003330E+19
   65.8125000       1.95850905E+19
   65.8828125       1.93791827E+19
   65.9531250       1.91864823E+19
   66.0234375       1.90103691E+19
   66.0937500       1.88531566E+19
   66.1640625       1.87158825E+19
   66.2343750       1.85980721E+19
   66.3046875       1.84978846E+19
   66.3750000       1.84122194E+19
   66.4453125       1.83371503E+19
   66.5156250       1.82681889E+19
   66.5859375       1.82008152E+19
   66.6562500       1.81306950E+19
   66.7265625       1.80541151E+19
   66.7968750       1.79681300E+19
   66.8671875       1.78708606E+19
   66.9375000       1.72700533E+19
   67.0078125       1.71609950E+19
   67.0781250       1.70402455E+19
   67.1484375       1.69095982E+19
   67.2187500       1.67712291E+19
   67.2890625       1.66276043E+19
   67.3593750       1.64811207E+19
   67.4296875       1.63339533E+19
   67.5000000       1.61876292E+19
   67.5703125       1.60428917E+19
   67.6406250       1.54018852E+19
   67.7109375       1.48240743E+19
   67.7812500       1.47768711E+19
   67.8515625       1.47222309E+19
   67.9218750       1.46593091E+19
   67.9921875       1.40770639E+19
   68.0625000       1.40260333E+19
   68.1328125       1.39667477E+19
   68.2031250       1.38981436E+19
   68.2734375       1.38189733E+19
   68.3437500       1.37277952E+19
   68.4140625       1.36232965E+19
   68.4843750       1.30122121E+19
   68.5546875       1.28974297E+19
   68.6250000       1.27705879E+19
   68.6953125       1.21450218E+19
   68.7656250       1.20408662E+19
   68.8359375       1.19270502E+19
   68.9062500       1.18048549E+19
   68.9765625       1.16757470E+19
   69.0468750       1.15411810E+19
   69.1171875       1.14027679E+19
   69.1875000       1.12621184E+19
   69.2578125       1.11209862E+19
   69.3281250       1.09810744E+19
   69.3984375       1.08441654E+19
   69.4687500       1.07118700E+19
   69.5390625       1.05857065E+19
   69.6093750       1.04667932E+19
   69.6796875       1.03558481E+19
   69.7500000       1.02528789E+19
   69.8203125       1.01572807E+19
   69.8906250       1.00676705E+19
   69.9609375       9.98215930E+18
   70.0312500       9.89841170E+18
   70.1015625       9.81411325E+18
   70.1718750       9.72715287E+18
   70.2421875       9.63606273E+18
   70.3125000       9.54003578E+18
   70.3828125       9.43910611E+18
   70.4531250       9.33385976E+18
   70.5234375       9.22538964E+18
   70.5937500       9.11490192E+18
   70.6640625       9.00367257E+18
   70.7343750       8.89276153E+18
   70.8046875       8.78308195E+18
   70.8750000       8.67522921E+18
   70.9453125       8.56966949E+18
   71.0156250       8.46663096E+18
   71.0859375       8.36632856E+18
   71.1562500       8.26888654E+18
   71.2265625       8.17458198E+18
   71.2968750       7.60287387E+18
   71.3671875       7.54767344E+18
   71.4375000       7.49587159E+18
   71.5078125       7.44760963E+18
   71.5781250       7.40281828E+18
   71.6484375       7.36128917E+18
   71.7187500       7.32255448E+18
   71.7890625       7.28612436E+18
   71.8593750       7.25146060E+18
   71.9296875       7.21825700E+18
   72.0000000       6.69374763E+18
   72.0703125       6.67128130E+18
   72.1406250       6.64961873E+18
   72.2109375       6.62906665E+18
   72.2812500       6.60987303E+18
   72.3515625       6.59232977E+18
   72.4218750       6.57664854E+18
   72.4921875       6.56312729E+18
   72.5625000       6.55202168E+18
   72.6328125       6.54364340E+18
   72.7031250       6.53813264E+18
   72.7734375       6.53548887E+18
   72.8437500       6.53535253E+18
   72.9140625       6.53709581E+18
   72.9843750       6.53970055E+18
   73.0546875       6.54194355E+18
   73.1250000       6.54236851E+18
   73.1953125       6.53956751E+18
   73.2656250       6.53221452E+18
   73.3359375       6.51935299E+18
   73.4062500       6.03888345E+18
   73.4765625       6.03863111E+18
   73.5468750       6.03251837E+18
   73.6171875       6.02113128E+18
   73.6875000       6.00511140E+18
   73.7578125       5.98521574E+18
   73.8281250       5.96219911E+18
   73.8984375       5.93697686E+18
   73.9687500       5.91055230E+18
   74.0390625       5.88412114E+18
   74.1093750       5.85885326E+18
   74.1796875       5.83586907E+18
   74.2500000       5.81595362E+18
   74.3203125       5.79956650E+18
   74.3906250       5.78665603E+18
   74.4609375       5.77680990E+18
   74.5312500       5.76919359E+18
   74.6015625       5.76277849E+18
   74.6718750       5.75630951E+18
   74.7421875       5.74849858E+18
   74.8125000       5.73793777E+18
   74.8828125       5.72321916E+18
   74.9531250       5.70276769E+18
   75.0234375       5.67494345E+18
   75.0937500       5.63795533E+18
   75.1640625       5.59010678E+18
   75.2343750       5.52988653E+18
   75.3046875       5.45632041E+18
   75.3750000       5.36904117E+18
   75.4453125       5.26849413E+18
   75.5156250       5.15570843E+18
   75.5859375       5.03217610E+18
   75.6562500       4.89940237E+18
   75.7265625       4.33495104E+18
   75.7968750       4.22386710E+18
   75.8671875       4.10850854E+18
   75.9375000       3.98912082E+18
   76.0078125       3.86591147E+18
   76.0781250       3.73915207E+18
   76.1484375       3.60939651E+18
   76.2187500       3.47746968E+18
   76.2890625       3.34452526E+18
   76.3593750       3.21185956E+18
   76.4296875       3.08083103E+18
   76.5000000       2.95264887E+18
   76.5703125       2.43169531E+18
   76.6406250       2.36097170E+18
   76.7109375       2.29373106E+18
   76.7812500       2.22969262E+18
   76.8515625       2.16857201E+18
   76.9218750       2.11006837E+18
   76.9921875       2.05396441E+18
   77.0625000       2.00004670E+18
   77.1328125       1.94814851E+18
   77.2031250       1.89803016E+18
   77.2734375       1.84940288E+18
   77.3437500       1.80184310E+18
   77.4140625       1.75489230E+18
   77.4843750       1.31454587E+18
   77.5546875       1.31082704E+18
   77.6250000       1.30894275E+18
   77.6953125       1.30878497E+18
   77.7656250       1.31008418E+18
   77.8359375       1.31242532E+18
   77.9062500       8.69358074E+17
   77.9765625       8.77057061E+17
   78.0468750       8.83979586E+17
   78.1171875       8.89589775E+17
   78.1875000       8.93256853E+17
   78.2578125       8.94326197E+17
   78.3281250       8.92144697E+17
   78.3984375       8.86155039E+17
   78.4687500       8.75927175E+17
   78.5390625       8.61239143E+17
   78.6093750       8.42070189E+17
   78.6796875       8.18636297E+17
   78.7500000       7.91351573E+17
   78.8203125       7.60835933E+17
   78.8906250       7.27842475E+17
   78.9609375       6.93223596E+17
   79.0312500       6.57836845E+17
   79.1015625       6.22509468E+17
   79.1718750       5.87959582E+17
   79.2421875       5.54799446E+17
   79.3125000       5.23519405E+17
   79.3828125       4.94558200E+17
   79.4531250       4.68312548E+17
   79.5234375       4.45188238E+17
   79.5937500       4.25556355E+17
   79.6640625       4.09743831E+17
   79.7343750       3.97942670E+17
   79.8046875       3.90188570E+17
   79.8750000       3.86311589E+17
   79.9453125       3.85985137E+17
   80.0156250       3.88749207E+17
   80.0859375       3.94105718E+17
   80.1562500       4.01555219E+17
   80.2265625       4.10672335E+17
   80.2968750       4.21089692E+17
   80.3671875       4.32515920E+17
   80.4375000       4.44683081E+17
   80.5078125       4.57361687E+17
   80.5781250       4.70320188E+17
   80.6484375       4.83354211E+17
   80.7187500       4.96256396E+17
   80.7890625       5.08853844E+17
   80.8593750       5.20982110E+17
   80.9296875       5.32529422E+17
   81.0000000       5.43423795E+17
   81.0703125       5.53677600E+17
   81.1406250       5.63355364E+17
   81.2109375       5.72585524E+17
   81.2812500       5.81499608E+17
   81.3515625       5.90230761E+17
   81.4218750       5.98849833E+17
   81.4921875       6.07369536E+17
   81.5625000       6.15703009E+17
   81.6328125       6.23706355E+17
   81.7031250       6.31177467E+17
   81.7734375       6.37936440E+17
   81.8437500       6.43848927E+17
   81.9140625       6.48909635E+17
   81.9843750       6.53239649E+17
   82.0546875       6.57118314E+17
   82.1250000       6.60921525E+17
   82.1953125       6.65090117E+17
   82.2656250       6.70013318E+17
   82.3359375       6.75973839E+17
   82.4062500       6.83048921E+17
   82.4765625       6.91115763E+17
   82.5468750       6.99835921E+17
   82.6171875       7.08741278E+17
   82.6875000       7.17286545E+17
   82.7578125       7.24975499E+17
   82.8281250       7.31412933E+17
   82.8984375       7.36399150E+17
   82.9687500       7.39927139E+17
   83.0390625       7.42211649E+17
   83.1093750       7.43613458E+17
   83.1796875       7.44609134E+17
   83.2500000       7.45690710E+17
   83.3203125       7.47343688E+17
   83.3906250       7.49982585E+17
   83.4609375       7.53966116E+17
   83.5312500       7.59569364E+17
   83.6015625       7.67015051E+17
   83.6718750       7.76434498E+17
   83.7421875       7.87877734E+17
   83.8125000       8.01265663E+17
   83.8828125       8.16414665E+17
   83.9531250       8.33008151E+17
   84.0234375       8.50647410E+17
   84.0937500       8.68855185E+17
   84.1640625       8.87155457E+17
   84.2343750       9.05093096E+17
   84.3046875       9.22317014E+17
   84.3750000       9.38593909E+17
   84.4453125       9.53869424E+17
   84.5156250       9.68237018E+17
   84.5859375       9.81929992E+17
   84.6562500       9.95219720E+17
   84.7265625       1.00835703E+18
   84.7968750       1.02145207E+18
   84.8671875       1.03444514E+18
   84.9375000       1.04706348E+18
   85.0078125       1.05888660E+18
   85.0781250       1.06938240E+18
   85.1484375       1.07802641E+18
   85.2187500       1.08435720E+18
   85.2890625       1.08808214E+18
   85.3593750       1.08907974E+18
   85.4296875       1.08742669E+18
   85.5000000       1.08332111E+18
   85.5703125       1.07704325E+18
   85.6406250       1.06884309E+18
   85.7109375       1.05890556E+18
   85.7812500       1.04728902E+18
   85.8515625       1.03395661E+18
   85.9218750       1.01876837E+18
   85.9921875       1.00154631E+18
   86.0625000       9.82093269E+17
   86.1328125       9.60279714E+17
   86.2031250       9.36058504E+17
   86.2734375       9.09528525E+17
   86.3437500       8.80916141E+17
   86.4140625       8.50596901E+17
   86.4843750       8.19029716E+17
   86.5546875       7.86737541E+17
   86.6250000       7.54222989E+17
   86.6953125       7.21940503E+17
   86.7656250       6.90214439E+17
   86.8359375       6.59228689E+17
   86.9062500       6.28989989E+17
   86.9765625       5.99387013E+17
   87.0468750       5.70215835E+17
   87.1171875       5.41276483E+17
   87.1875000       5.12408565E+17
   87.2578125       4.83563324E+17
   87.3281250       4.54779656E+17
   87.3984375       4.26194140E+17
   87.4687500       3.97973353E+17
   87.5390625       0.00000000    
   87.6093750       0.00000000    
   87.6796875       0.00000000    
   87.7500000       0.00000000    
   87.8203125       0.00000000    
   87.8906250       0.00000000    
   87.9609375       0.00000000    
   88.0312500       0.00000000    
   88.1015625       0.00000000    
   88.1718750       0.00000000    
   88.2421875       0.00000000    
   88.3125000       0.00000000    
   88.3828125       0.00000000    
   88.4531250       0.00000000    
   88.5234375       0.00000000    
   88.5937500       0.00000000    
   88.6640625       0.00000000    
   88.7343750       0.00000000    
   88.8046875       0.00000000    
   88.8750000       0.00000000    
   88.9453125       0.00000000    
   89.0156250       0.00000000    
   89.0859375       0.00000000    
   89.1562500       0.00000000    
   89.2265625       0.00000000    
   89.2968750       0.00000000    
   89.3671875       0.00000000    
   89.4375000       0.00000000    
   89.5078125       0.00000000    
   89.5781250       0.00000000    
   89.6484375       0.00000000    
   89.7187500       0.00000000    
   89.7890625       0.00000000    
   89.8593750       0.00000000    
   89.9296875       0.00000000    
   90.0000000       0.00000000    
   90.0703125       0.00000000    
   90.1406250       0.00000000    
   90.2109375       0.00000000    
   90.2812500       0.00000000    
   90.3515625       0.00000000    
   90.4218750       0.00000000    
   90.4921875       0.00000000    
   90.5625000       0.00000000    
   90.6328125       0.00000000    
   90.7031250       0.00000000    
   90.7734375       0.00000000    
   90.8437500       0.00000000    
   90.9140625       0.00000000    
   90.9843750       0.00000000    
   91.0546875       0.00000000    
   91.1250000       0.00000000    
   91.1953125       0.00000000    
   91.2656250       0.00000000    
   91.3359375       0.00000000    
   91.4062500       0.00000000    
   91.4765625       0.00000000    
   91.5468750       0.00000000    
   91.6171875       0.00000000    
   91.6875000       0.00000000    
   91.7578125       0.00000000    
   91.8281250       0.00000000    
   91.8984375       0.00000000    
