2002 11 03 22 12 41.0 63.520 -147.440
19. 1.053E+21 7.948 26 86 -40 120 50 -174
  -1.12500000       0.00000000    
  -1.05468750       1.11173071E+18
 -0.984375000       1.10989205E+18
 -0.914062500       1.03106531E+18
 -0.843750000       9.28087388E+17
 -0.773437500       8.33965757E+17
 -0.703125000       7.64839117E+17
 -0.632812500       7.22119449E+17
 -0.562500000       7.00775042E+17
 -0.492187500       6.94158593E+17
 -0.421875000       6.96201692E+17
 -0.351562500       7.02273951E+17
 -0.281250000       7.09587352E+17
 -0.210937500       7.16880825E+17
 -0.140625000       7.24181857E+17
  -7.03125000E-02   7.32238873E+17
   0.00000000       7.42262776E+17
   7.03125000E-02   7.55461245E+17
  0.140625000       7.72933791E+17
  0.210937500       7.95355169E+17
  0.281250000       8.22998610E+17
  0.351562500       8.55535014E+17
  0.421875000       8.92204689E+17
  0.492187500       9.31833493E+17
  0.562500000       9.73276767E+17
  0.632812500       1.01565627E+18
  0.703125000       1.05881575E+18
  0.773437500       1.10326186E+18
  0.843750000       1.15005398E+18
  0.914062500       1.20011955E+18
  0.984375000       1.25376555E+18
   1.05468750       1.31013971E+18
   1.12500000       1.36744186E+18
   1.19531250       1.42333553E+18
   1.26562500       1.47583804E+18
   1.33593750       1.52375187E+18
   1.40625000       1.56692350E+18
   1.47656250       1.60578176E+18
   1.54687500       1.64094606E+18
   1.61718750       1.67263632E+18
   1.68750000       1.70063759E+18
   1.75781250       1.72426637E+18
   1.82812500       1.74380538E+18
   1.89843750       1.76023373E+18
   1.96875000       1.77879101E+18
   2.03906250       1.80062085E+18
   2.10937500       1.82874004E+18
   2.17968750       1.85971081E+18
   2.25000000       1.89251322E+18
   2.32031250       1.92400544E+18
   2.39062500       1.95451620E+18
   2.46093750       1.98615038E+18
   2.53125000       2.02148731E+18
   2.60156250       2.06467901E+18
   2.67187500       2.11713190E+18
   2.74218750       2.17732852E+18
   2.81250000       2.23952459E+18
   2.88281250       2.29941142E+18
   2.95312500       2.35534357E+18
   3.02343750       2.40794064E+18
   3.09375000       2.47156965E+18
   3.16406250       2.57325248E+18
   3.23437500       2.72818961E+18
   3.30468750       2.92189113E+18
   3.37500000       3.11911328E+18
   3.44531250       3.28990482E+18
   3.51562500       3.41733299E+18
   3.58593750       3.49129466E+18
   3.65625000       3.50966036E+18
   3.72656250       3.47855627E+18
   3.79687500       3.41491544E+18
   3.86718750       3.33570140E+18
   3.93750000       3.24968990E+18
   4.00781250       3.16413306E+18
   4.07812500       3.09732810E+18
   4.14843750       3.08410730E+18
   4.21875000       3.13084397E+18
   4.28906250       3.22712738E+18
   4.35937500       3.34725837E+18
   4.42968750       3.49204783E+18
   4.50000000       3.66479897E+18
   4.57031250       3.86689278E+18
   4.64062500       4.09069480E+18
   4.71093750       4.32920911E+18
   4.78125000       4.57869984E+18
   4.85156250       4.83568183E+18
   4.92187500       5.09637548E+18
   4.99218750       5.35675303E+18
   5.06250000       5.61378751E+18
   5.13281250       5.86698855E+18
   5.20312500       6.13206816E+18
   5.27343750       6.45023384E+18
   5.34375000       6.83285069E+18
   5.41406250       7.25597520E+18
   5.48437500       7.66024913E+18
   5.55468750       8.01111649E+18
   5.62500000       8.29690870E+18
   5.69531250       8.52379347E+18
   5.76562500       8.70970549E+18
   5.83593750       8.87758827E+18
   5.90625000       9.04970033E+18
   5.97656250       9.24274433E+18
   6.04687500       9.46517553E+18
   6.11718750       9.71611158E+18
   6.18750000       9.98656505E+18
   6.25781250       1.02618267E+19
   6.32812500       1.05251003E+19
   6.39843750       1.07608774E+19
   6.46875000       1.09581177E+19
   6.53906250       1.11118932E+19
   6.60937500       1.12240687E+19
   6.67968750       1.13022605E+19
   6.75000000       1.13582014E+19
   6.82031250       1.14050450E+19
   6.89062500       1.14548705E+19
   6.96093750       1.15160550E+19
   7.03125000       1.15919939E+19
   7.10156250       1.16805661E+19
   7.17187500       1.17751813E+19
   7.24218750       1.18662242E+19
   7.31250000       1.19432955E+19
   7.38281250       1.19971122E+19
   7.45312500       1.20215544E+19
   7.52343750       1.20147374E+19
   7.59375000       1.19797059E+19
   7.66406250       1.19239397E+19
   7.73437500       1.18586573E+19
   7.80468750       1.17972287E+19
   7.87500000       1.17537210E+19
   7.94531250       1.17407897E+19
   8.01562500       1.17680114E+19
   8.08593750       1.18400679E+19
   8.15625000       1.19559542E+19
   8.22656250       1.21084686E+19
   8.29687500       1.22849380E+19
   8.36718750       1.24682475E+19
   8.43750000       1.26389279E+19
   8.50781250       1.27773631E+19
   8.57812500       1.28665917E+19
   8.64843750       1.28944819E+19
   8.71875000       1.28556439E+19
   8.78906250       1.27518500E+19
   8.85937500       1.25916325E+19
   8.92968750       1.23884031E+19
   9.00000000       1.21582522E+19
   9.07031250       1.19171788E+19
   9.14062500       1.16790092E+19
   9.21093750       1.14535027E+19
   9.28125000       1.12456741E+19
   9.35156250       1.10555960E+19
   9.42187500       1.08808704E+19
   9.49218750       1.07149574E+19
   9.56250000       1.05492962E+19
   9.63281250       1.03738537E+19
   9.70312500       1.01825475E+19
   9.77343750       9.97483106E+18
   9.84375000       9.75682649E+18
   9.91406250       9.54050308E+18
   9.98437500       9.34198955E+18
   10.0546875       9.17826897E+18
   10.1250000       9.06393900E+18
   10.1953125       9.00774241E+18
   10.2656250       9.01061819E+18
   10.3359375       9.06474879E+18
   10.4062500       9.15485927E+18
   10.4765625       9.26042778E+18
   10.5468750       9.35929476E+18
   10.6171875       9.43087297E+18
   10.6875000       9.45935912E+18
   10.7578125       9.43550521E+18
   10.8281250       9.35781592E+18
   10.8984375       9.23216593E+18
   10.9687500       9.07100172E+18
   11.0390625       8.89120573E+18
   11.1093750       8.71185394E+18
   11.1796875       8.55117791E+18
   11.2500000       8.42416122E+18
   11.3203125       8.34018602E+18
   11.3906250       8.30204177E+18
   11.4609375       8.30533700E+18
   11.5312500       8.33946914E+18
   11.6015625       8.38911484E+18
   11.6718750       8.43711512E+18
   11.7421875       8.46729177E+18
   11.8125000       8.46752486E+18
   11.8828125       8.43143614E+18
   11.9531250       8.36166718E+18
   12.0234375       8.27008776E+18
   12.0937500       8.17016799E+18
   12.1640625       8.07317897E+18
   12.2343750       7.98628457E+18
   12.3046875       7.91783007E+18
   12.3750000       7.87651922E+18
   12.4453125       7.87035756E+18
   12.5156250       7.90653149E+18
   12.5859375       7.98661717E+18
   12.6562500       8.10008182E+18
   12.7265625       8.23126840E+18
   12.7968750       8.36448798E+18
   12.8671875       8.49139526E+18
   12.9375000       8.60531841E+18
   13.0078125       8.70210897E+18
   13.0781250       8.78114626E+18
   13.1484375       8.84514059E+18
   13.2187500       8.89974233E+18
   13.2890625       8.95201147E+18
   13.3593750       9.00922236E+18
   13.4296875       9.07719856E+18
   13.5000000       9.15967293E+18
   13.5703125       9.25760533E+18
   13.6406250       9.36973793E+18
   13.7109375       9.49304266E+18
   13.7812500       9.62407256E+18
   13.8515625       9.75968082E+18
   13.9218750       9.89801808E+18
   13.9921875       1.00384708E+19
   14.0625000       1.01817932E+19
   14.1328125       1.03293708E+19
   14.2031250       1.04829088E+19
   14.2734375       1.06414848E+19
   14.3437500       1.08024950E+19
   14.4140625       1.09616834E+19
   14.4843750       1.11155128E+19
   14.5546875       1.12602316E+19
   14.6250000       1.13924303E+19
   14.6953125       1.15096679E+19
   14.7656250       1.16114420E+19
   14.8359375       1.16998296E+19
   14.9062500       1.17775090E+19
   14.9765625       1.18466583E+19
   15.0468750       1.19078264E+19
   15.1171875       1.19612121E+19
   15.1875000       1.20069858E+19
   15.2578125       1.20452312E+19
   15.3281250       1.20764574E+19
   15.3984375       1.21014691E+19
   15.4687500       1.21216165E+19
   15.5390625       1.21382928E+19
   15.6093750       1.21529493E+19
   15.6796875       1.21666118E+19
   15.7500000       1.21801743E+19
   15.8203125       1.21942162E+19
   15.8906250       1.22094103E+19
   15.9609375       1.22262076E+19
   16.0312500       1.22449949E+19
   16.1015625       1.22654546E+19
   16.1718750       1.22864322E+19
   16.2421875       1.23051657E+19
   16.3125000       1.23174472E+19
   16.3828125       1.23177232E+19
   16.4531250       1.23004092E+19
   16.5234375       1.22609521E+19
   16.5937500       1.21973267E+19
   16.6640625       1.21103641E+19
   16.7343750       1.20038346E+19
   16.8046875       1.18832369E+19
   16.8750000       1.17548359E+19
   16.9453125       1.16241480E+19
   17.0156250       1.14954282E+19
   17.0859375       1.13710173E+19
   17.1562500       1.12516763E+19
   17.2265625       1.11364981E+19
   17.2968750       1.10235112E+19
   17.3671875       1.09111191E+19
   17.4375000       1.07964774E+19
   17.5078125       1.06757005E+19
   17.5781250       1.05436370E+19
   17.6484375       1.03966664E+19
   17.7187500       1.02335286E+19
   17.7890625       1.00548590E+19
   17.8593750       9.86321084E+18
   17.9296875       9.66234986E+18
   18.0000000       9.45724146E+18
   18.0703125       9.25353714E+18
   18.1406250       9.05627486E+18
   18.2109375       8.86916217E+18
   18.2812500       8.69476038E+18
   18.3515625       8.53507116E+18
   18.4218750       8.39147549E+18
   18.4921875       8.26380350E+18
   18.5625000       8.15060878E+18
   18.6328125       8.04912056E+18
   18.7031250       7.95602216E+18
   18.7734375       7.86781384E+18
   18.8437500       7.78177760E+18
   18.9140625       7.69624220E+18
   18.9843750       7.61118947E+18
   19.0546875       7.52798558E+18
   19.1250000       7.44940019E+18
   19.1953125       7.37869664E+18
   19.2656250       7.31904978E+18
   19.3359375       7.27223258E+18
   19.4062500       7.23805646E+18
   19.4765625       7.21366929E+18
   19.5468750       7.19409194E+18
   19.6171875       7.17282408E+18
   19.6875000       7.14363755E+18
   19.7578125       7.10204577E+18
   19.8281250       7.04738025E+18
   19.8984375       6.98400165E+18
   19.9687500       6.92256259E+18
   20.0390625       6.86873600E+18
   20.1093750       6.81988195E+18
   20.1796875       6.76892948E+18
   20.2500000       6.71412762E+18
   20.3203125       6.66029553E+18
   20.3906250       6.61246733E+18
   20.4609375       6.57490636E+18
   20.5312500       6.55081991E+18
   20.6015625       6.54188143E+18
   20.6718750       6.54866872E+18
   20.7421875       6.57083652E+18
   20.8125000       6.60790051E+18
   20.8828125       6.65935985E+18
   20.9531250       6.72513868E+18
   21.0234375       6.80526339E+18
   21.0937500       6.89873178E+18
   21.1640625       7.00341408E+18
   21.2343750       7.11911019E+18
   21.3046875       7.24809940E+18
   21.3750000       7.39300294E+18
   21.4453125       7.55360640E+18
   21.5156250       7.72745843E+18
   21.5859375       7.91150623E+18
   21.6562500       8.10367118E+18
   21.7265625       8.30893625E+18
   21.7968750       8.52905353E+18
   21.8671875       8.76200486E+18
   21.9375000       8.99716016E+18
   22.0078125       9.22690697E+18
   22.0781250       9.44709077E+18
   22.1484375       9.65645317E+18
   22.2187500       9.85630920E+18
   22.2890625       1.00493043E+19
   22.3593750       1.02386490E+19
   22.4296875       1.04268216E+19
   22.5000000       1.06151218E+19
   22.5703125       1.08031097E+19
   22.6406250       1.09890921E+19
   22.7109375       1.11703630E+19
   22.7812500       1.13441321E+19
   22.8515625       1.15077196E+19
   22.9218750       1.16590333E+19
   22.9921875       1.17961754E+19
   23.0625000       1.19176109E+19
   23.1328125       1.20218930E+19
   23.2031250       1.21082981E+19
   23.2734375       1.21770594E+19
   23.3437500       1.22301999E+19
   23.4140625       1.22715129E+19
   23.4843750       1.23066918E+19
   23.5546875       1.23425062E+19
   23.6250000       1.23862756E+19
   23.6953125       1.24447058E+19
   23.7656250       1.25232769E+19
   23.8359375       1.26250488E+19
   23.9062500       1.27501677E+19
   23.9765625       1.28950372E+19
   24.0468750       1.30526159E+19
   24.1171875       1.32127686E+19
   24.1875000       1.33638942E+19
   24.2578125       1.34943997E+19
   24.3281250       1.35948060E+19
   24.3984375       1.36588613E+19
   24.4687500       1.36844667E+19
   24.5390625       1.36732440E+19
   24.6093750       1.36300134E+19
   24.6796875       1.35612676E+19
   24.7500000       1.34741665E+19
   24.8203125       1.33750136E+19
   24.8906250       1.32686270E+19
   24.9609375       1.31575555E+19
   25.0312500       1.30423981E+19
   25.1015625       1.29220379E+19
   25.1718750       1.27947408E+19
   25.2421875       1.26587049E+19
   25.3125000       1.25130932E+19
   25.3828125       1.23582589E+19
   25.4531250       1.21962734E+19
   25.5234375       1.20305693E+19
   25.5937500       1.18659328E+19
   25.6640625       1.17077307E+19
   25.7343750       1.15617012E+19
   25.8046875       1.14332167E+19
   25.8750000       1.13271941E+19
   25.9453125       1.12475202E+19
   26.0156250       1.11970339E+19
   26.0859375       1.11769370E+19
   26.1562500       1.11867612E+19
   26.2265625       1.12238092E+19
   26.2968750       1.12833049E+19
   26.3671875       1.13582487E+19
   26.4375000       1.14402327E+19
   26.5078125       1.15200286E+19
   26.5781250       1.15889757E+19
   26.6484375       1.16397588E+19
   26.7187500       1.16676238E+19
   26.7890625       1.16706265E+19
   26.8593750       1.16500569E+19
   26.9296875       1.16097224E+19
   27.0000000       1.15553944E+19
   27.0703125       1.14933281E+19
   27.1406250       1.14293310E+19
   27.2109375       1.13674703E+19
   27.2812500       1.13098361E+19
   27.3515625       1.12562657E+19
   27.4218750       1.12052154E+19
   27.4921875       1.11543135E+19
   27.5625000       1.11016304E+19
   27.6328125       1.10461545E+19
   27.7031250       1.09885093E+19
   27.7734375       1.09306178E+19
   27.8437500       1.08756016E+19
   27.9140625       1.08268140E+19
   27.9843750       1.07874031E+19
   28.0546875       1.07593315E+19
   28.1250000       1.07431621E+19
   28.1953125       1.07375469E+19
   28.2656250       1.07396426E+19
   28.3359375       1.07452292E+19
   28.4062500       1.07497361E+19
   28.4765625       1.07487773E+19
   28.5468750       1.07392632E+19
   28.6171875       1.07196457E+19
   28.6875000       1.06903844E+19
   28.7578125       1.06534002E+19
   28.8281250       1.06118397E+19
   28.8984375       1.05691765E+19
   28.9687500       1.05290355E+19
   29.0390625       1.04946637E+19
   29.1093750       1.04692199E+19
   29.1796875       1.04554848E+19
   29.2500000       1.04561115E+19
   29.3203125       1.04731220E+19
   29.3906250       1.05078479E+19
   29.4609375       1.05602836E+19
   29.5312500       1.06291922E+19
   29.6015625       1.07119239E+19
   29.6718750       1.08051581E+19
   29.7421875       1.09052389E+19
   29.8125000       1.10089789E+19
   29.8828125       1.11136832E+19
   29.9531250       1.12174155E+19
   30.0234375       1.13185563E+19
   30.0937500       1.14159302E+19
   30.1640625       1.15084574E+19
   30.2343750       1.15954980E+19
   30.3046875       1.16766903E+19
   30.3750000       1.17523818E+19
   30.4453125       1.18234674E+19
   30.5156250       1.18916075E+19
   30.5859375       1.19586821E+19
   30.6562500       1.20266616E+19
   30.7265625       1.20968181E+19
   30.7968750       1.21696256E+19
   30.8671875       1.22442220E+19
   30.9375000       1.23187216E+19
   31.0078125       1.23901953E+19
   31.0781250       1.24553887E+19
   31.1484375       1.25109525E+19
   31.2187500       1.25542117E+19
   31.2890625       1.25832839E+19
   31.3593750       1.25976699E+19
   31.4296875       1.25981800E+19
   31.5000000       1.25873707E+19
   31.5703125       1.25691716E+19
   31.6406250       1.25488636E+19
   31.7109375       1.25321137E+19
   31.7812500       1.25244424E+19
   31.8515625       1.25300631E+19
   31.9218750       1.25514475E+19
   31.9921875       1.25885560E+19
   32.0625000       1.26389631E+19
   32.1328125       1.26977078E+19
   32.2031250       1.27580446E+19
   32.2734375       1.28118514E+19
   32.3437500       1.28508797E+19
   32.4140625       1.28674856E+19
   32.4843750       1.28559660E+19
   32.5546875       1.28130587E+19
   32.6250000       1.27386284E+19
   32.6953125       1.26352809E+19
   32.7656250       1.25081037E+19
   32.8359375       1.23635190E+19
   32.9062500       1.22086341E+19
   32.9765625       1.20501186E+19
   33.0468750       1.18938483E+19
   33.1171875       1.17442531E+19
   33.1875000       1.16044832E+19
   33.2578125       1.14761647E+19
   33.3281250       1.13598980E+19
   33.3984375       1.12552211E+19
   33.4687500       1.11613316E+19
   33.5390625       1.10772432E+19
   33.6093750       1.10026007E+19
   33.6796875       1.09376701E+19
   33.7500000       1.08836698E+19
   33.8203125       1.08421071E+19
   33.8906250       1.08145017E+19
   33.9609375       1.08014186E+19
   34.0312500       1.08022883E+19
   34.1015625       1.08149602E+19
   34.1718750       1.08362171E+19
   34.2421875       1.08619390E+19
   34.3125000       1.08879788E+19
   34.3828125       1.09103406E+19
   34.4531250       1.09258525E+19
   34.5234375       1.09320087E+19
   34.5937500       1.09272852E+19
   34.6640625       1.09107145E+19
   34.7343750       1.08820348E+19
   34.8046875       1.08412242E+19
   34.8750000       1.07886896E+19
   34.9453125       1.07249432E+19
   35.0156250       1.06509878E+19
   35.0859375       1.05681077E+19
   35.1562500       1.04783414E+19
   35.2265625       1.03842716E+19
   35.2968750       1.02893596E+19
   35.3671875       1.01975130E+19
   35.4375000       1.01131353E+19
   35.5078125       1.00404906E+19
   35.5781250       9.98368543E+18
   35.6484375       9.94605244E+18
   35.7187500       9.93022717E+18
   35.7890625       9.93769176E+18
   35.8593750       9.96903993E+18
   35.9296875       1.00236901E+19
   36.0000000       1.01003139E+19
   36.0703125       1.01966322E+19
   36.1406250       1.03098632E+19
   36.2109375       1.04365083E+19
   36.2812500       1.05727334E+19
   36.3515625       1.07141251E+19
   36.4218750       1.08560764E+19
   36.4921875       1.09935946E+19
   36.5625000       1.11217921E+19
   36.6328125       1.12358357E+19
   36.7031250       1.13315558E+19
   36.7734375       1.14054144E+19
   36.8437500       1.14550882E+19
   36.9140625       1.14794039E+19
   36.9843750       1.14788948E+19
   37.0546875       1.14556577E+19
   37.1250000       1.14137696E+19
   37.1953125       1.13589029E+19
   37.2656250       1.12983660E+19
   37.3359375       1.12402117E+19
   37.4062500       1.11927777E+19
   37.4765625       1.11634702E+19
   37.5468750       1.11582497E+19
   37.6171875       1.11806600E+19
   37.6875000       1.12318455E+19
   37.7578125       1.13103298E+19
   37.8281250       1.14127372E+19
   37.8984375       1.15341299E+19
   37.9687500       1.16691070E+19
   38.0390625       1.18123470E+19
   38.1093750       1.19596760E+19
   38.1796875       1.21082805E+19
   38.2500000       1.22571819E+19
   38.3203125       1.24066671E+19
   38.3906250       1.25580940E+19
   38.4609375       1.27129570E+19
   38.5312500       1.28726896E+19
   38.6015625       1.30380375E+19
   38.6718750       1.32092897E+19
   38.7421875       1.33860131E+19
   38.8125000       1.35674006E+19
   38.8828125       1.37519493E+19
   38.9531250       1.39376392E+19
   39.0234375       1.41214632E+19
   39.0937500       1.42997139E+19
   39.1640625       1.44679666E+19
   39.2343750       1.46219994E+19
   39.3046875       1.47582817E+19
   39.3750000       1.48750685E+19
   39.4453125       1.49725952E+19
   39.5156250       1.50534830E+19
   39.5859375       1.51219704E+19
   39.6562500       1.51833122E+19
   39.7265625       1.52423153E+19
   39.7968750       1.53024949E+19
   39.8671875       1.53649262E+19
   39.9375000       1.54281976E+19
   40.0078125       1.54883673E+19
   40.0781250       1.55400224E+19
   40.1484375       1.55770055E+19
   40.2187500       1.55937247E+19
   40.2890625       1.55856246E+19
   40.3593750       1.55499784E+19
   40.4296875       1.54857362E+19
   40.5000000       1.53938137E+19
   40.5703125       1.52767135E+19
   40.6406250       1.51386918E+19
   40.7109375       1.49852286E+19
   40.7812500       1.48229561E+19
   40.8515625       1.46588353E+19
   40.9218750       1.44998338E+19
   40.9921875       1.43520385E+19
   41.0625000       1.42204600E+19
   41.1328125       1.41084252E+19
   41.2031250       1.40178629E+19
   41.2734375       1.39491665E+19
   41.3437500       1.39018336E+19
   41.4140625       1.38745613E+19
   41.4843750       1.38658521E+19
   41.5546875       1.38738422E+19
   41.6250000       1.38965812E+19
   41.6953125       1.39316348E+19
   41.7656250       1.39764080E+19
   41.8359375       1.40280289E+19
   41.9062500       1.40840425E+19
   41.9765625       1.41425233E+19
   42.0468750       1.42026644E+19
   42.1171875       1.42644492E+19
   42.1875000       1.43285903E+19
   42.2578125       1.43955858E+19
   42.3281250       1.44653410E+19
   42.3984375       1.45364167E+19
   42.4687500       1.46062577E+19
   42.5390625       1.46712564E+19
   42.6093750       1.47277241E+19
   42.6796875       1.47722675E+19
   42.7500000       1.48025623E+19
   42.8203125       1.48172661E+19
   42.8906250       1.48162864E+19
   42.9609375       1.48003094E+19
   43.0312500       1.47708546E+19
   43.1015625       1.47297252E+19
   43.1718750       1.46790806E+19
   43.2421875       1.46209692E+19
   43.3125000       1.45575790E+19
   43.3828125       1.44910278E+19
   43.4531250       1.44238311E+19
   43.5234375       1.43587774E+19
   43.5937500       1.42991916E+19
   43.6640625       1.42484425E+19
   43.7343750       1.42098244E+19
   43.8046875       1.41857176E+19
   43.8750000       1.41774218E+19
   43.9453125       1.41846401E+19
   44.0156250       1.42058727E+19
   44.0859375       1.42384579E+19
   44.1562500       1.42793311E+19
   44.2265625       1.43251368E+19
   44.2968750       1.43727401E+19
   44.3671875       1.44189669E+19
   44.4375000       1.44608242E+19
   44.5078125       1.44952081E+19
   44.5781250       1.45193622E+19
   44.6484375       1.45309324E+19
   44.7187500       1.45286729E+19
   44.7890625       1.45124826E+19
   44.8593750       1.44838040E+19
   44.9296875       1.44451254E+19
   45.0000000       1.43998563E+19
   45.0703125       1.43515382E+19
   45.1406250       1.43036952E+19
   45.2109375       1.42592200E+19
   45.2812500       1.42205699E+19
   45.3515625       1.41895329E+19
   45.4218750       1.41677274E+19
   45.4921875       1.41565080E+19
   45.5625000       1.41573128E+19
   45.6328125       1.41712469E+19
   45.7031250       1.41991448E+19
   45.7734375       1.42409868E+19
   45.8437500       1.42960129E+19
   45.9140625       1.43624465E+19
   45.9843750       1.44379687E+19
   46.0546875       1.45197075E+19
   46.1250000       1.46048899E+19
   46.1953125       1.46908398E+19
   46.2656250       1.47755847E+19
   46.3359375       1.48577479E+19
   46.4062500       1.49369435E+19
   46.4765625       1.50134849E+19
   46.5468750       1.50885541E+19
   46.6171875       1.51636683E+19
   46.6875000       1.52407232E+19
   46.7578125       1.53213438E+19
   46.8281250       1.54069595E+19
   46.8984375       1.54982552E+19
   46.9687500       1.55952838E+19
   47.0390625       1.56970337E+19
   47.1093750       1.58016555E+19
   47.1796875       1.59061674E+19
   47.2500000       1.60069740E+19
   47.3203125       1.60999498E+19
   47.3906250       1.61813598E+19
   47.4609375       1.62481034E+19
   47.5312500       1.62984281E+19
   47.6015625       1.63316476E+19
   47.6718750       1.63481777E+19
   47.7421875       1.63487626E+19
   47.8125000       1.63343865E+19
   47.8828125       1.63058223E+19
   47.9531250       1.62640112E+19
   48.0234375       1.62100054E+19
   48.0937500       1.61454706E+19
   48.1640625       1.60725191E+19
   48.2343750       1.59939711E+19
   48.3046875       1.59128492E+19
   48.3750000       1.58323825E+19
   48.4453125       1.57552913E+19
   48.5156250       1.56838209E+19
   48.5859375       1.56192565E+19
   48.6562500       1.55622809E+19
   48.7265625       1.55128116E+19
   48.7968750       1.54705772E+19
   48.8671875       1.54349915E+19
   48.9375000       1.54055829E+19
   49.0078125       1.53817356E+19
   49.0781250       1.53630164E+19
   49.1484375       1.53488712E+19
   49.2187500       1.53389173E+19
   49.2890625       1.53326600E+19
   49.3593750       1.53298199E+19
   49.4296875       1.53301630E+19
   49.5000000       1.53339739E+19
   49.5703125       1.53419992E+19
   49.6406250       1.53558827E+19
   49.7109375       1.53777465E+19
   49.7812500       1.54100821E+19
   49.8515625       1.54548036E+19
   49.9218750       1.55128446E+19
   49.9921875       1.55831991E+19
   50.0625000       1.56629126E+19
   50.1328125       1.57467855E+19
   50.2031250       1.58281934E+19
   50.2734375       1.58995671E+19
   50.3437500       1.59536311E+19
   50.4140625       1.59839645E+19
   50.4843750       1.59860041E+19
   50.5546875       1.59572167E+19
   50.6250000       1.58977221E+19
   50.6953125       1.58100613E+19
   50.7656250       1.56993867E+19
   50.8359375       1.55726449E+19
   50.9062500       1.54381152E+19
   50.9765625       1.53041188E+19
   51.0468750       1.51783721E+19
   51.1171875       1.50668387E+19
   51.1875000       1.49734671E+19
   51.2578125       1.48996580E+19
   51.3281250       1.48447814E+19
   51.3984375       1.48065063E+19
   51.4687500       1.47820344E+19
   51.5390625       1.47688073E+19
   51.6093750       1.47656462E+19
   51.6796875       1.47727656E+19
   51.7500000       1.47918443E+19
   51.8203125       1.48250297E+19
   51.8906250       1.48743142E+19
   51.9609375       1.49404125E+19
   52.0312500       1.50225680E+19
   52.1015625       1.51181826E+19
   52.1718750       1.52234389E+19
   52.2421875       1.53335374E+19
   52.3125000       1.54435490E+19
   52.3828125       1.55485843E+19
   52.4531250       1.56443847E+19
   52.5234375       1.57272164E+19
   52.5937500       1.57943262E+19
   52.6640625       1.58438416E+19
   52.7343750       1.58753503E+19
   52.8046875       1.58898716E+19
   52.8750000       1.58903081E+19
   52.9453125       1.58810568E+19
   53.0156250       1.58679209E+19
   53.0859375       1.58571512E+19
   53.1562500       1.58549665E+19
   53.2265625       1.58664992E+19
   53.2968750       1.58956418E+19
   53.3671875       1.59445987E+19
   53.4375000       1.60143726E+19
   53.5078125       1.61048327E+19
   53.5781250       1.62154556E+19
   53.6484375       1.63452255E+19
   53.7187500       1.64928558E+19
   53.7890625       1.66561355E+19
   53.8593750       1.68318265E+19
   53.9296875       1.70151162E+19
   54.0000000       1.72000848E+19
   54.0703125       1.73799968E+19
   54.1406250       1.75485266E+19
   54.2109375       1.77003912E+19
   54.2812500       1.78323612E+19
   54.3515625       1.79432007E+19
   54.4218750       1.80338401E+19
   54.4921875       1.81065706E+19
   54.5625000       1.81647765E+19
   54.6328125       1.82120467E+19
   54.7031250       1.82520228E+19
   54.7734375       1.82877470E+19
   54.8437500       1.83217637E+19
   54.9140625       1.83556253E+19
   54.9843750       1.83901093E+19
   55.0546875       1.84247934E+19
   55.1250000       1.84581900E+19
   55.1953125       1.84874150E+19
   55.2656250       1.85086994E+19
   55.3359375       1.85175108E+19
   55.4062500       1.85095350E+19
   55.4765625       1.84811434E+19
   55.5468750       1.84303635E+19
   55.6171875       1.83569843E+19
   55.6875000       1.82629695E+19
   55.7578125       1.81518485E+19
   55.8281250       1.80286108E+19
   55.8984375       1.78988442E+19
   55.9687500       1.77685158E+19
   56.0390625       1.76432166E+19
   56.1093750       1.75281054E+19
   56.1796875       1.74271944E+19
   56.2500000       1.73432885E+19
   56.3203125       1.72772793E+19
   56.3906250       1.72282598E+19
   56.4609375       1.71932283E+19
   56.5312500       1.71678526E+19
   56.6015625       1.71469267E+19
   56.6718750       1.71256270E+19
   56.7421875       1.71000600E+19
   56.8125000       1.70680609E+19
   56.8828125       1.70289249E+19
   56.9531250       1.69834370E+19
   57.0234375       1.69330079E+19
   57.0937500       1.68794243E+19
   57.1640625       1.68240221E+19
   57.2343750       1.67677832E+19
   57.3046875       1.67110165E+19
   57.3750000       1.66540047E+19
   57.4453125       1.65970346E+19
   57.5156250       1.65410573E+19
   57.5859375       1.64874242E+19
   57.6562500       1.64381013E+19
   57.7265625       1.63950532E+19
   57.7968750       1.63602833E+19
   57.8671875       1.63352222E+19
   57.9375000       1.63208240E+19
   58.0078125       1.63170956E+19
   58.0781250       1.63233980E+19
   58.1484375       1.63381831E+19
   58.2187500       1.63594576E+19
   58.2890625       1.63846199E+19
   58.3593750       1.64109620E+19
   58.4296875       1.64355295E+19
   58.5000000       1.64556813E+19
   58.5703125       1.64690305E+19
   58.6406250       1.64740773E+19
   58.7109375       1.64700970E+19
   58.7812500       1.64575230E+19
   58.8515625       1.64373789E+19
   58.9218750       1.64111830E+19
   58.9921875       1.63801350E+19
   59.0625000       1.63451222E+19
   59.1328125       1.63064358E+19
   59.2031250       1.62644818E+19
   59.2734375       1.62200076E+19
   59.3437500       1.61748628E+19
   59.4140625       1.61318202E+19
   59.4843750       1.60947304E+19
   59.5546875       1.60677385E+19
   59.6250000       1.60550182E+19
   59.6953125       1.60598803E+19
   59.7656250       1.60846940E+19
   59.8359375       1.61303545E+19
   59.9062500       1.61965440E+19
   59.9765625       1.62815264E+19
   60.0468750       1.63826562E+19
   60.1171875       1.64963325E+19
   60.1875000       1.66185949E+19
   60.2578125       1.67451663E+19
   60.3281250       1.68721577E+19
   60.3984375       1.69960968E+19
   60.4687500       1.71145582E+19
   60.5390625       1.72260047E+19
   60.6093750       1.73301625E+19
   60.6796875       1.74276276E+19
   60.7500000       1.75198932E+19
   60.8203125       1.76085842E+19
   60.8906250       1.76952334E+19
   60.9609375       1.77804268E+19
   61.0312500       1.78637841E+19
   61.1015625       1.79436779E+19
   61.1718750       1.80180016E+19
   61.2421875       1.80844968E+19
   61.3125000       1.81417626E+19
   61.3828125       1.81892769E+19
   61.4531250       1.82277082E+19
   61.5234375       1.82582856E+19
   61.5937500       1.82826837E+19
   61.6640625       1.83023793E+19
   61.7343750       1.83188368E+19
   61.8046875       1.83331370E+19
   61.8750000       1.83462960E+19
   61.9453125       1.83588656E+19
   62.0156250       1.83712219E+19
   62.0859375       1.83831813E+19
   62.1562500       1.83943655E+19
   62.2265625       1.84040061E+19
   62.2968750       1.84114487E+19
   62.3671875       1.84159885E+19
   62.4375000       1.84172211E+19
   62.5078125       1.84146614E+19
   62.5781250       1.84079038E+19
   62.6484375       1.83961522E+19
   62.7187500       1.83783885E+19
   62.7890625       1.83530085E+19
   62.8593750       1.83182013E+19
   62.9296875       1.82717898E+19
   63.0000000       1.82117872E+19
   63.0703125       1.81363651E+19
   63.1406250       1.80445537E+19
   63.2109375       1.79362210E+19
   63.2812500       1.78126843E+19
   63.3515625       1.76764218E+19
   63.4218750       1.75312797E+19
   63.4921875       1.73817285E+19
   63.5625000       1.72326754E+19
   63.6328125       1.70885855E+19
   63.7031250       1.69534006E+19
   63.7734375       1.68299243E+19
   63.8437500       1.67200743E+19
   63.9140625       1.66246268E+19
   63.9843750       1.65437423E+19
   64.0546875       1.64768810E+19
   64.1250000       1.64233766E+19
   64.1953125       1.63823021E+19
   64.2656250       1.63529925E+19
   64.3359375       1.63347801E+19
   64.4062500       1.63273420E+19
   64.4765625       1.63303161E+19
   64.5468750       1.63435103E+19
   64.6171875       1.63664252E+19
   64.6875000       1.63983891E+19
   64.7578125       1.64380309E+19
   64.8281250       1.64834473E+19
   64.8984375       1.65318478E+19
   64.9687500       1.65800339E+19
   65.0390625       1.66244641E+19
   65.1093750       1.66621136E+19
   65.1796875       1.66907371E+19
   65.2500000       1.67095740E+19
   65.3203125       1.67191507E+19
   65.3906250       1.67214212E+19
   65.4609375       1.67189473E+19
   65.5312500       1.67146471E+19
   65.6015625       1.67108879E+19
   65.6718750       1.67094662E+19
   65.7421875       1.67111815E+19
   65.8125000       1.67162458E+19
   65.8828125       1.67241601E+19
   65.9531250       1.67341997E+19
   66.0234375       1.67451564E+19
   66.0937500       1.67556578E+19
   66.1640625       1.67638151E+19
   66.2343750       1.67675589E+19
   66.3046875       1.67644946E+19
   66.3750000       1.67525462E+19
   66.4453125       1.67300920E+19
   66.5156250       1.66967889E+19
   66.5859375       1.66535923E+19
   66.6562500       1.66031709E+19
   66.7265625       1.65492894E+19
   66.7968750       1.64965634E+19
   66.8671875       1.64493174E+19
   66.9375000       1.64110170E+19
   67.0078125       1.63833038E+19
   67.0781250       1.63660140E+19
   67.1484375       1.63570013E+19
   67.2187500       1.63529694E+19
   67.2890625       1.63498391E+19
   67.3593750       1.63438390E+19
   67.4296875       1.63318697E+19
   67.5000000       1.63123292E+19
   67.5703125       1.62850547E+19
   67.6406250       1.62516307E+19
   67.7109375       1.62147663E+19
   67.7812500       1.61781547E+19
   67.8515625       1.61455883E+19
   67.9218750       1.61208141E+19
   67.9921875       1.61068063E+19
   68.0625000       1.61057915E+19
   68.1328125       1.61187877E+19
   68.2031250       1.61458884E+19
   68.2734375       1.61860228E+19
   68.3437500       1.62374525E+19
   68.4140625       1.62976793E+19
   68.4843750       1.63641140E+19
   68.5546875       1.64341474E+19
   68.6250000       1.65058675E+19
   68.6953125       1.65779789E+19
   68.7656250       1.66502091E+19
   68.8359375       1.67227901E+19
   68.9062500       1.67963595E+19
   68.9765625       1.68710944E+19
   69.0468750       1.69465198E+19
   69.1171875       1.70208908E+19
   69.1875000       1.70915278E+19
   69.2578125       1.71548960E+19
   69.3281250       1.72075285E+19
   69.3984375       1.72463468E+19
   69.4687500       1.72694332E+19
   69.5390625       1.72759368E+19
   69.6093750       1.72663832E+19
   69.6796875       1.72422181E+19
   69.7500000       1.72059045E+19
   69.8203125       1.71603573E+19
   69.8906250       1.71089991E+19
   69.9609375       1.70551296E+19
   70.0312500       1.70018758E+19
   70.1015625       1.69515710E+19
   70.1718750       1.69057774E+19
   70.2421875       1.68648118E+19
   70.3125000       1.68281112E+19
   70.3828125       1.67940747E+19
   70.4531250       1.67607925E+19
   70.5234375       1.67261051E+19
   70.5937500       1.66883336E+19
   70.6640625       1.66461772E+19
   70.7343750       1.65990346E+19
   70.8046875       1.65465868E+19
   70.8750000       1.64889152E+19
   70.9453125       1.64260451E+19
   71.0156250       1.63582602E+19
   71.0859375       1.62858541E+19
   71.1562500       1.62096095E+19
   71.2265625       1.61305657E+19
   71.2968750       1.60503805E+19
   71.3671875       1.59708858E+19
   71.4375000       1.58941663E+19
   71.5078125       1.58219459E+19
   71.5781250       1.57556091E+19
   71.6484375       1.56957033E+19
   71.7187500       1.56421725E+19
   71.7890625       1.55940282E+19
   71.8593750       1.55498608E+19
   71.9296875       1.55077176E+19
   72.0000000       1.54657844E+19
   72.0703125       1.54224164E+19
   72.1406250       1.53768065E+19
   72.2109375       1.53288073E+19
   72.2812500       1.52791808E+19
   72.3515625       1.52288936E+19
   72.4218750       1.51789207E+19
   72.4921875       1.51294086E+19
   72.5625000       1.50796546E+19
   72.6328125       1.50278061E+19
   72.7031250       1.49715507E+19
   72.7734375       1.49083859E+19
   72.8437500       1.48365933E+19
   72.9140625       1.47554120E+19
   72.9843750       1.46657237E+19
   73.0546875       1.45697539E+19
   73.1250000       1.44712322E+19
   73.1953125       1.43745928E+19
   73.2656250       1.42847407E+19
   73.3359375       1.42060740E+19
   73.4062500       1.41422286E+19
   73.4765625       1.40953542E+19
   73.5468750       1.40662480E+19
   73.6171875       1.40540511E+19
   73.6875000       1.40567548E+19
   73.7578125       1.40711430E+19
   73.8281250       1.40935104E+19
   73.8984375       1.41197150E+19
   73.9687500       1.41459219E+19
   74.0390625       1.41686070E+19
   74.1093750       1.41851426E+19
   74.1796875       1.41935241E+19
   74.2500000       1.41926093E+19
   74.3203125       1.41815625E+19
   74.3906250       1.41599231E+19
   74.4609375       1.41270894E+19
   74.5312500       1.40826340E+19
   74.6015625       1.40261169E+19
   74.6718750       1.39577394E+19
   74.7421875       1.38783337E+19
   74.8125000       1.37898626E+19
   74.8828125       1.36950396E+19
   74.9531250       1.35973667E+19
   75.0234375       1.35004008E+19
   75.0937500       1.34076174E+19
   75.1640625       1.33216785E+19
   75.2343750       1.32444532E+19
   75.3046875       1.31764957E+19
   75.3750000       1.31173562E+19
   75.4453125       1.30653361E+19
   75.5156250       1.30180879E+19
   75.5859375       1.29727056E+19
   75.6562500       1.29264876E+19
   75.7265625       1.28770162E+19
   75.7968750       1.28228026E+19
   75.8671875       1.27630892E+19
   75.9375000       1.26981498E+19
   76.0078125       1.26287795E+19
   76.0781250       1.25563568E+19
   76.1484375       1.24822750E+19
   76.2187500       1.24080811E+19
   76.2890625       1.23351021E+19
   76.3593750       1.22648268E+19
   76.4296875       1.21986329E+19
   76.5000000       1.21380938E+19
   76.5703125       1.20844585E+19
   76.6406250       1.20387111E+19
   76.7109375       1.20009165E+19
   76.7812500       1.19702819E+19
   76.8515625       1.19447194E+19
   76.9218750       1.19212789E+19
   76.9921875       1.18961683E+19
   77.0625000       1.18656557E+19
   77.1328125       1.18263075E+19
   77.2031250       1.17758344E+19
   77.2734375       1.17130028E+19
   77.3437500       1.16379512E+19
   77.4140625       1.15515747E+19
   77.4843750       1.14554664E+19
   77.5546875       1.13511942E+19
   77.6250000       1.12403316E+19
   77.6953125       1.11240461E+19
   77.7656250       1.10035099E+19
   77.8359375       1.08797621E+19
   77.9062500       1.07542111E+19
   77.9765625       1.06284456E+19
   78.0468750       1.05046252E+19
   78.1171875       1.03851732E+19
   78.1875000       1.02730296E+19
   78.2578125       1.01711346E+19
   78.3281250       1.00825018E+19
   78.3984375       1.00095185E+19
   78.4687500       9.95390845E+18
   78.5390625       9.91607756E+18
   78.6093750       9.89527150E+18
   78.6796875       9.88927916E+18
   78.7500000       9.89504390E+18
   78.8203125       9.90871962E+18
   78.8906250       9.92641846E+18
   78.9609375       9.94416348E+18
   79.0312500       9.95835928E+18
   79.1015625       9.96546982E+18
   79.1718750       9.96236040E+18
   79.2421875       9.94601836E+18
   79.3125000       9.91405775E+18
   79.3828125       9.86466329E+18
   79.4531250       9.79722475E+18
   79.5234375       9.71223470E+18
   79.5937500       9.61169645E+18
   79.6640625       9.49865566E+18
   79.7343750       9.37718602E+18
   79.8046875       9.25159320E+18
   79.8750000       9.12626427E+18
   79.9453125       9.00488093E+18
   80.0156250       8.89050204E+18
   80.0859375       8.78504073E+18
   80.1562500       8.68953440E+18
   80.2265625       8.60383792E+18
   80.2968750       8.52709255E+18
   80.3671875       8.45761936E+18
   80.4375000       8.39354367E+18
   80.5078125       8.33272309E+18
   80.5781250       8.27330053E+18
   80.6484375       8.21346676E+18
   80.7187500       8.15180999E+18
   80.7890625       8.08694101E+18
   80.8593750       8.01781911E+18
   80.9296875       7.94346683E+18
   81.0000000       7.86338116E+18
   81.0703125       7.77729050E+18
   81.1406250       7.68558628E+18
   81.2109375       7.58901562E+18
   81.2812500       7.38395176E+18
   81.3515625       7.17560035E+18
   81.4218750       7.09936626E+18
   81.4921875       7.01912885E+18
   81.5625000       6.93505249E+18
   81.6328125       6.84734005E+18
   81.7031250       6.75662815E+18
   81.7734375       6.66361386E+18
   81.8437500       6.56925927E+18
   81.9140625       6.47428620E+18
   81.9843750       6.37941979E+18
   82.0546875       6.28504926E+18
   82.1250000       6.19169577E+18
   82.1953125       6.09988160E+18
   82.2656250       5.93071569E+18
   82.3359375       5.87140364E+18
   82.4062500       5.81807677E+18
   82.4765625       5.77057512E+18
   82.5468750       5.72914387E+18
   82.6171875       5.69416786E+18
   82.6875000       5.66638485E+18
   82.7578125       5.64643476E+18
   82.8281250       5.63501084E+18
   82.8984375       5.63242369E+18
   82.9687500       5.63877556E+18
   83.0390625       5.65356400E+18
   83.1093750       5.67590882E+18
   83.1796875       5.70427182E+18
   83.2500000       5.73686135E+18
   83.3203125       5.77150916E+18
   83.3906250       5.80614817E+18
   83.4609375       5.83863489E+18
   83.5312500       5.86710949E+18
   83.6015625       5.88972315E+18
   83.6718750       5.90498547E+18
   83.7421875       5.91154461E+18
   83.8125000       5.90859462E+18
   83.8828125       5.89570724E+18
   83.9531250       5.87321783E+18
   84.0234375       5.84194112E+18
   84.0937500       5.80338455E+18
   84.1640625       5.75924630E+18
   84.2343750       5.71146758E+18
   84.3046875       5.66174876E+18
   84.3750000       5.61173418E+18
   84.4453125       5.56270310E+18
   84.5156250       5.51587930E+18
   84.5859375       5.47208960E+18
   84.6562500       5.43195578E+18
   84.7265625       5.39544429E+18
   84.7968750       5.25650121E+18
   84.8671875       5.22521351E+18
   84.9375000       5.19305114E+18
   85.0078125       5.15836265E+18
   85.0781250       5.11948062E+18
   85.1484375       5.07468707E+18
   85.2187500       5.02261639E+18
   85.2890625       4.96215150E+18
   85.3593750       4.89275363E+18
   85.4296875       4.81425069E+18
   85.5000000       4.72707756E+18
   85.5703125       4.63196376E+18
   85.6406250       4.53013442E+18
   85.7109375       4.42298866E+18
   85.7812500       4.31230330E+18
   85.8515625       4.19993568E+18
   85.9218750       4.08802079E+18
   85.9921875       3.97864192E+18
   86.0625000       3.87393158E+18
   86.1328125       3.77564102E+18
   86.2031250       3.60112763E+18
   86.2734375       3.52892380E+18
   86.3437500       3.46305893E+18
   86.4140625       3.40344121E+18
   86.4843750       3.35009043E+18
   86.5546875       3.30306817E+18
   86.6250000       3.26275705E+18
   86.6953125       3.22955565E+18
   86.7656250       3.20393345E+18
   86.8359375       3.18600509E+18
   86.9062500       3.17562075E+18
   86.9765625       3.17212651E+18
   87.0468750       3.17470156E+18
   87.1171875       3.18231623E+18
   87.1875000       3.19410492E+18
   87.2578125       3.20918390E+18
   87.3281250       3.22680522E+18
   87.3984375       3.24600187E+18
   87.4687500       3.26571199E+18
   87.5390625       3.28453535E+18
   87.6093750       3.30105579E+18
   87.6796875       3.31378483E+18
   87.7500000       3.32157130E+18
   87.8203125       3.32348308E+18
   87.8906250       3.31904023E+18
   87.9609375       3.30790822E+18
   88.0312500       3.28998975E+18
   88.1015625       3.17029692E+18
   88.1718750       3.14589985E+18
   88.2421875       3.01738371E+18
   88.3125000       2.98485164E+18
   88.3828125       2.94364029E+18
   88.4531250       2.89425765E+18
   88.5234375       2.83765947E+18
   88.5937500       2.77550380E+18
   88.6640625       2.70986708E+18
   88.7343750       2.64327516E+18
   88.8046875       2.50989725E+18
   88.8750000       2.45540050E+18
   88.9453125       2.40494199E+18
   89.0156250       2.35929247E+18
   89.0859375       2.31857893E+18
   89.1562500       2.28251508E+18
   89.2265625       2.25036495E+18
   89.2968750       2.22123147E+18
   89.3671875       2.19398199E+18
   89.4375000       2.08484365E+18
   89.5078125       2.07143606E+18
   89.5781250       2.05533770E+18
   89.6484375       2.03514545E+18
   89.7187500       2.00999700E+18
   89.7890625       1.97956115E+18
   89.8593750       1.94417282E+18
   89.9296875       1.90457225E+18
   90.0000000       1.86183864E+18
   90.0703125       1.81704591E+18
   90.1406250       1.77125166E+18
   90.2109375       1.72530389E+18
   90.2812500       1.62044072E+18
   90.3515625       1.58142331E+18
   90.4218750       1.54310918E+18
   90.4921875       1.50621273E+18
   90.5625000       1.47159035E+18
   90.6328125       1.44003986E+18
   90.7031250       1.41233231E+18
   90.7734375       1.38904850E+18
   90.8437500       1.37067813E+18
   90.9140625       1.35748770E+18
   90.9843750       1.34960489E+18
   91.0546875       1.34685653E+18
   91.1250000       1.34886822E+18
   91.1953125       1.35496694E+18
   91.2656250       1.29737039E+18
   91.3359375       1.31788907E+18
   91.4062500       1.33964332E+18
   91.4765625       1.36158380E+18
   91.5468750       1.38275448E+18
   91.6171875       1.40222738E+18
   91.6875000       1.41918075E+18
   91.7578125       1.43277855E+18
   91.8281250       1.44222281E+18
   91.8984375       1.44666978E+18
   91.9687500       1.44537497E+18
   92.0390625       1.43770574E+18
   92.1093750       1.42335725E+18
   92.1796875       1.40237142E+18
   92.2500000       1.37528165E+18
   92.3203125       1.34299284E+18
   92.3906250       1.30676448E+18
   92.4609375       1.26797220E+18
   92.5312500       1.22805045E+18
   92.6015625       1.18829939E+18
   92.6718750       1.14991358E+18
   92.7421875       1.03231202E+18
   92.8125000       1.01911850E+18
   92.8828125       1.00668247E+18
   92.9531250       9.95081182E+17
   93.0234375       9.84296072E+17
   93.0937500       9.74287355E+17
   93.1640625       9.64865159E+17
   93.2343750       9.55798517E+17
   93.3046875       9.46722049E+17
   93.3750000       9.37262675E+17
   93.4453125       9.26941422E+17
   93.5156250       8.38823399E+17
   93.5859375       8.34436623E+17
   93.6562500       8.28787813E+17
   93.7265625       8.21510764E+17
   93.7968750       8.12274317E+17
   93.8671875       8.00657427E+17
   93.9375000       7.86214792E+17
   94.0078125       7.68404559E+17
   94.0781250       7.46735315E+17
   94.1484375       6.25573738E+17
   94.2187500       6.10264069E+17
   94.2890625       5.90695717E+17
   94.3593750       5.67458673E+17
   94.4296875       5.41573901E+17
   94.5000000       3.97391334E+17
   94.5703125       3.82868606E+17
   94.6406250       3.69338360E+17
   94.7109375       3.58051014E+17
   94.7812500       3.49904904E+17
   94.8515625       3.45339354E+17
   94.9218750       3.44399477E+17
   94.9921875       3.46725838E+17
   95.0625000       3.51662405E+17
   95.1328125       3.58289505E+17
   95.2031250       3.65597134E+17
   95.2734375       3.72577383E+17
   95.3437500       3.78412148E+17
   95.4140625       3.82517656E+17
   95.4843750       3.84636071E+17
   95.5546875       3.84756571E+17
   95.6250000       3.83082942E+17
   95.6953125       3.79867730E+17
   95.7656250       3.75359457E+17
   95.8359375       3.69683057E+17
   95.9062500       3.62872750E+17
   95.9765625       3.54857998E+17
   96.0468750       3.45597189E+17
   96.1171875       3.35132793E+17
   96.1875000       3.23733504E+17
   96.2578125       3.11886506E+17
   96.3281250       3.00322668E+17
   96.3984375       2.89867137E+17
   96.4687500       2.81339496E+17
   96.5390625       2.75334565E+17
   96.6093750       2.72142116E+17
   96.6796875       2.71640206E+17
   96.7500000       2.73388601E+17
   96.8203125       2.76707597E+17
   96.8906250       2.80904382E+17
   96.9609375       2.85376851E+17
   97.0312500       2.89741105E+17
   97.1015625       2.93769132E+17
   97.1718750       2.97375461E+17
   97.2421875       3.00497971E+17
   97.3125000       3.03105016E+17
   97.3828125       3.05131416E+17
   97.4531250       3.06538172E+17
   97.5234375       3.07279999E+17
   97.5937500       3.07375588E+17
   97.6640625       3.06865071E+17
   97.7343750       3.05858296E+17
   97.8046875       3.04466452E+17
   97.8750000       3.02832818E+17
   97.9453125       3.01068686E+17
   98.0156250       2.99301118E+17
   98.0859375       2.97616529E+17
   98.1562500       2.96091712E+17
   98.2265625       2.94714712E+17
   98.2968750       2.93416669E+17
   98.3671875       2.92025375E+17
   98.4375000       2.90344531E+17
   98.5078125       2.88148102E+17
   98.5781250       2.85283805E+17
   98.6484375       2.81673988E+17
   98.7187500       2.77409223E+17
   98.7890625       2.72718741E+17
   98.8593750       2.68011113E+17
   98.9296875       2.63772736E+17
   99.0000000       2.60538643E+17
   99.0703125       1.87874359E+17
   99.1406250       1.95641052E+17
   99.2109375       2.04111741E+17
   99.2812500       2.13199531E+17
   99.3515625       2.22732365E+17
   99.4218750       2.32421468E+17
   99.4921875       2.41777590E+17
   99.5625000       2.50115685E+17
   99.6328125       2.56565816E+17
   99.7031250       2.60215438E+17
   99.7734375       2.60257563E+17
   99.8437500       2.56216480E+17
   99.9140625       2.48076916E+17
   99.9843750       2.36370587E+17
   100.054688       2.22062763E+17
   100.125000       2.06366444E+17
   100.195312       1.90439812E+17
   100.265625       1.75184243E+17
   100.335938       1.61102213E+17
   100.406250       1.48343686E+17
   100.476562       1.36785904E+17
   100.546875       1.26198560E+17
   100.617188       1.16328966E+17
   100.687500       1.06998905E+17
   100.757812       9.81023444E+16
   100.828125       8.96325573E+16
   100.898438       0.00000000    
   100.968750       0.00000000    
   101.039062       0.00000000    
   101.109375       0.00000000    
   101.179688       0.00000000    
   101.250000       0.00000000    
   101.320312       0.00000000    
   101.390625       0.00000000    
   101.460938       0.00000000    
   101.531250       0.00000000    
   101.601562       0.00000000    
   101.671875       0.00000000    
   101.742188       0.00000000    
   101.812500       0.00000000    
   101.882812       0.00000000    
   101.953125       0.00000000    
   102.023438       0.00000000    
   102.093750       0.00000000    
   102.164062       0.00000000    
   102.234375       0.00000000    
   102.304688       0.00000000    
   102.375000       0.00000000    
   102.445312       0.00000000    
   102.515625       0.00000000    
   102.585938       0.00000000    
   102.656250       0.00000000    
   102.726562       0.00000000    
   102.796875       0.00000000    
   102.867188       0.00000000    
   102.937500       0.00000000    
   103.007812       0.00000000    
   103.078125       0.00000000    
   103.148438       0.00000000    
   103.218750       0.00000000    
   103.289062       0.00000000    
   103.359375       0.00000000    
   103.429688       0.00000000    
   103.500000       0.00000000    
   103.570312       0.00000000    
   103.640625       0.00000000    
   103.710938       0.00000000    
   103.781250       0.00000000    
   103.851562       0.00000000    
   103.921875       0.00000000    
   103.992188       0.00000000    
   104.062500       0.00000000    
   104.132812       0.00000000    
   104.203125       0.00000000    
   104.273438       0.00000000    
   104.343750       0.00000000    
   104.414062       0.00000000    
   104.484375       0.00000000    
   104.554688       0.00000000    
   104.625000       0.00000000    
   104.695312       0.00000000    
   104.765625       0.00000000    
   104.835938       0.00000000    
   104.906250       0.00000000    
   104.976562       0.00000000    
   105.046875       0.00000000    
   105.117188       0.00000000    
   105.187500       0.00000000    
   105.257812       0.00000000    
   105.328125       0.00000000    
   105.398438       0.00000000    
   105.468750       0.00000000    
   105.539062       0.00000000    
   105.609375       0.00000000    
   105.679688       0.00000000    
   105.750000       0.00000000    
   105.820312       0.00000000    
   105.890625       0.00000000    
   105.960938       0.00000000    
   106.031250       0.00000000    
   106.101562       0.00000000    
   106.171875       0.00000000    
   106.242188       0.00000000    
   106.312500       0.00000000    
   106.382812       0.00000000    
   106.453125       0.00000000    
   106.523438       0.00000000    
   106.593750       0.00000000    
   106.664062       0.00000000    
   106.734375       0.00000000    
   106.804688       0.00000000    
   106.875000       0.00000000    
   106.945312       0.00000000    
   107.015625       0.00000000    
   107.085938       0.00000000    
   107.156250       0.00000000    
   107.226562       0.00000000    
   107.296875       0.00000000    
   107.367188       0.00000000    
   107.437500       0.00000000    
   107.507812       0.00000000    
   107.578125       0.00000000    
   107.648438       0.00000000    
   107.718750       0.00000000    
   107.789062       0.00000000    
   107.859375       0.00000000    
   107.929688       0.00000000    
   108.000000       0.00000000    
   108.070312       0.00000000    
   108.140625       0.00000000    
   108.210938       0.00000000    
   108.281250       0.00000000    
   108.351562       0.00000000    
   108.421875       0.00000000    
   108.492188       0.00000000    
   108.562500       0.00000000    
   108.632812       0.00000000    
   108.703125       0.00000000    
   108.773438       0.00000000    
   108.843750       0.00000000    
   108.914062       0.00000000    
   108.984375       0.00000000    
   109.054688       0.00000000    
   109.125000       0.00000000    
   109.195312       0.00000000    
   109.265625       0.00000000    
   109.335938       0.00000000    
   109.406250       0.00000000    
   109.476562       0.00000000    
   109.546875       0.00000000    
   109.617188       0.00000000    
   109.687500       0.00000000    
   109.757812       0.00000000    
   109.828125       0.00000000    
   109.898438       0.00000000    
   109.968750       0.00000000    
   110.039062       0.00000000    
   110.109375       0.00000000    
   110.179688       0.00000000    
   110.250000       0.00000000    
   110.320312       0.00000000    
   110.390625       0.00000000    
   110.460938       0.00000000    
   110.531250       0.00000000    
   110.601562       0.00000000    
   110.671875       0.00000000    
   110.742188       0.00000000    
   110.812500       0.00000000    
   110.882812       0.00000000    
   110.953125       0.00000000    
   111.023438       0.00000000    
   111.093750       0.00000000    
   111.164062       0.00000000    
   111.234375       0.00000000    
   111.304688       0.00000000    
   111.375000       0.00000000    
   111.445312       0.00000000    
   111.515625       0.00000000    
   111.585938       0.00000000    
   111.656250       0.00000000    
   111.726562       0.00000000    
   111.796875       0.00000000    
   111.867188       0.00000000    
   111.937500       0.00000000    
   112.007812       0.00000000    
   112.078125       0.00000000    
   112.148438       0.00000000    
   112.218750       0.00000000    
   112.289062       0.00000000    
   112.359375       0.00000000    
   112.429688       0.00000000    
   112.500000       0.00000000    
   112.570312       0.00000000    
   112.640625       0.00000000    
   112.710938       0.00000000    
   112.781250       0.00000000    
   112.851562       0.00000000    
   112.921875       0.00000000    
   112.992188       0.00000000    
