2002 11 03 22 12 41.0 63.520 -147.440
19. 1.053E+21 7.948 26 86 -40 120 50 -174
  -1.12500000       0.00000000    
  -1.05468750       0.00000000    
 -0.984375000       0.00000000    
 -0.914062500       0.00000000    
 -0.843750000       0.00000000    
 -0.773437500       0.00000000    
 -0.703125000       0.00000000    
 -0.632812500       0.00000000    
 -0.562500000       0.00000000    
 -0.492187500       0.00000000    
 -0.421875000       0.00000000    
 -0.351562500       0.00000000    
 -0.281250000       0.00000000    
 -0.210937500       0.00000000    
 -0.140625000       0.00000000    
  -7.03125000E-02   0.00000000    
   0.00000000       0.00000000    
   7.03125000E-02   0.00000000    
  0.140625000       0.00000000    
  0.210937500       0.00000000    
  0.281250000       0.00000000    
  0.351562500       0.00000000    
  0.421875000       0.00000000    
  0.492187500       0.00000000    
  0.562500000       0.00000000    
  0.632812500       0.00000000    
  0.703125000       0.00000000    
  0.773437500       0.00000000    
  0.843750000       0.00000000    
  0.914062500       0.00000000    
  0.984375000       0.00000000    
   1.05468750       0.00000000    
   1.12500000       0.00000000    
   1.19531250       0.00000000    
   1.26562500       0.00000000    
   1.33593750       0.00000000    
   1.40625000       0.00000000    
   1.47656250       0.00000000    
   1.54687500       0.00000000    
   1.61718750       0.00000000    
   1.68750000       0.00000000    
   1.75781250       0.00000000    
   1.82812500       0.00000000    
   1.89843750       0.00000000    
   1.96875000       0.00000000    
   2.03906250       0.00000000    
   2.10937500       0.00000000    
   2.17968750       0.00000000    
   2.25000000       0.00000000    
   2.32031250       0.00000000    
   2.39062500       0.00000000    
   2.46093750       0.00000000    
   2.53125000       0.00000000    
   2.60156250       4.13532036E+16
   2.67187500       1.39995181E+17
   2.74218750       2.87378684E+17
   2.81250000       4.18302533E+17
   2.88281250       4.86449061E+17
   2.95312500       4.72119779E+17
   3.02343750       3.80893333E+17
   3.09375000       2.42593961E+17
   3.16406250       1.09539799E+17
   3.23437500       2.84891945E+16
   3.30468750       0.00000000    
   3.37500000       0.00000000    
   3.44531250       0.00000000    
   3.51562500       0.00000000    
   3.58593750       0.00000000    
   3.65625000       0.00000000    
   3.72656250       0.00000000    
   3.79687500       0.00000000    
   3.86718750       0.00000000    
   3.93750000       0.00000000    
   4.00781250       0.00000000    
   4.07812500       0.00000000    
   4.14843750       3.22719655E+16
   4.21875000       1.82918225E+17
   4.28906250       5.07982618E+17
   4.35937500       1.00750518E+18
   4.42968750       1.61011617E+18
   4.50000000       2.26270559E+18
   4.57031250       2.92849864E+18
   4.64062500       3.58449339E+18
   4.71093750       4.21787476E+18
   4.78125000       4.82318808E+18
   4.85156250       5.39927389E+18
   4.92187500       5.94739363E+18
   4.99218750       6.46939887E+18
   5.06250000       6.96717253E+18
   5.13281250       7.44206534E+18
   5.20312500       7.89541048E+18
   5.27343750       8.32866534E+18
   5.34375000       8.74411526E+18
   5.41406250       9.14471792E+18
   5.48437500       9.53419408E+18
   5.55468750       9.91626667E+18
   5.62500000       1.02942480E+19
   5.69531250       1.06698500E+19
   5.76562500       1.10425558E+19
   5.83593750       1.14087042E+19
   5.90625000       1.17618024E+19
   5.97656250       1.20931919E+19
   6.04687500       1.23942349E+19
   6.11718750       1.26582387E+19
   6.18750000       1.28826116E+19
   6.25781250       1.30693944E+19
   6.32812500       1.32252810E+19
   6.39843750       1.33601614E+19
   6.46875000       1.34857069E+19
   6.53906250       1.36131502E+19
   6.60937500       1.37518151E+19
   6.67968750       1.39075313E+19
   6.75000000       1.40822503E+19
   6.82031250       1.42736170E+19
   6.89062500       1.44754741E+19
   6.96093750       1.46779173E+19
   7.03125000       1.48682142E+19
   7.10156250       1.50316082E+19
   7.17187500       1.51535187E+19
   7.24218750       1.52216972E+19
   7.31250000       1.52291618E+19
   7.38281250       1.51759059E+19
   7.45312500       1.50700636E+19
   7.52343750       1.49268016E+19
   7.59375000       1.47663103E+19
   7.66406250       1.46102665E+19
   7.73437500       1.44789650E+19
   7.80468750       1.43885929E+19
   7.87500000       1.43500616E+19
   7.94531250       1.43679452E+19
   8.01562500       1.44406889E+19
   8.08593750       1.45607401E+19
   8.15625000       1.47158878E+19
   8.22656250       1.48903539E+19
   8.29687500       1.50665847E+19
   8.36718750       1.52259974E+19
   8.43750000       1.53498453E+19
   8.50781250       1.54192652E+19
   8.57812500       1.54164438E+19
   8.64843750       1.53259925E+19
   8.71875000       1.51376682E+19
   8.78906250       1.48485329E+19
   8.85937500       1.44650738E+19
   8.92968750       1.40032767E+19
   9.00000000       1.34875519E+19
   9.07031250       1.29473036E+19
   9.14062500       1.24132664E+19
   9.21093750       1.19131546E+19
   9.28125000       1.14688376E+19
   9.35156250       1.10940009E+19
   9.42187500       1.07937099E+19
   9.49218750       1.05644332E+19
   9.56250000       1.03957725E+19
   9.63281250       1.02723941E+19
   9.70312500       1.01771995E+19
   9.77343750       1.00939203E+19
   9.84375000       1.00099154E+19
   9.91406250       9.91739257E+18
   9.98437500       9.81423529E+18
   10.0546875       9.70313954E+18
   10.1250000       9.59069248E+18
   10.1953125       9.48528120E+18
   10.2656250       9.39547529E+18
   10.3359375       9.32773438E+18
   10.4062500       9.28504914E+18
   10.4765625       9.26539867E+18
   10.5468750       9.26185604E+18
   10.6171875       9.26319855E+18
   10.6875000       9.25635079E+18
   10.7578125       9.22875085E+18
   10.8281250       9.17120681E+18
   10.8984375       9.07925135E+18
   10.9687500       8.95398344E+18
   11.0390625       8.80117716E+18
   11.1093750       8.63028557E+18
   11.1796875       8.45248464E+18
   11.2500000       8.27948144E+18
   11.3203125       8.12194231E+18
   11.3906250       7.98897727E+18
   11.4609375       7.88724166E+18
   11.5312500       7.82107250E+18
   11.6015625       7.79227684E+18
   11.6718750       7.80096628E+18
   11.7421875       7.84586154E+18
   11.8125000       7.92518416E+18
   11.8828125       8.03657403E+18
   11.9531250       8.17743631E+18
   12.0234375       8.34448017E+18
   12.0937500       8.53396890E+18
   12.1640625       8.74143410E+18
   12.2343750       8.96217645E+18
   12.3046875       9.19109477E+18
   12.3750000       9.42302136E+18
   12.4453125       9.65231461E+18
   12.5156250       9.87335053E+18
   12.5859375       1.00807041E+19
   12.6562500       1.02702500E+19
   12.7265625       1.04394803E+19
   12.7968750       1.05882970E+19
   12.8671875       1.07189025E+19
   12.9375000       1.08362929E+19
   13.0078125       1.09478967E+19
   13.0781250       1.10634894E+19
   13.1484375       1.11937002E+19
   13.2187500       1.13483861E+19
   13.2890625       1.15339946E+19
   13.3593750       1.17520036E+19
   13.4296875       1.19978192E+19
   13.5000000       1.22617185E+19
   13.5703125       1.25302731E+19
   13.6406250       1.27891300E+19
   13.7109375       1.30252501E+19
   13.7812500       1.32293734E+19
   13.8515625       1.33969686E+19
   13.9218750       1.35288485E+19
   13.9921875       1.36301421E+19
   14.0625000       1.37091145E+19
   14.1328125       1.37748609E+19
   14.2031250       1.38357178E+19
   14.2734375       1.38975928E+19
   14.3437500       1.39637119E+19
   14.4140625       1.40344050E+19
   14.4843750       1.41079129E+19
   14.5546875       1.41807742E+19
   14.6250000       1.42489142E+19
   14.6953125       1.43080779E+19
   14.7656250       1.43547972E+19
   14.8359375       1.43864455E+19
   14.9062500       1.44016804E+19
   14.9765625       1.43999926E+19
   15.0468750       1.43819244E+19
   15.1171875       1.43487334E+19
   15.1875000       1.43028255E+19
   15.2578125       1.42474893E+19
   15.3281250       1.41872305E+19
   15.3984375       1.41272874E+19
   15.4687500       1.40736576E+19
   15.5390625       1.40322423E+19
   15.6093750       1.40085786E+19
   15.6796875       1.40069447E+19
   15.7500000       1.40301873E+19
   15.8203125       1.40787197E+19
   15.8906250       1.41500747E+19
   15.9609375       1.42377828E+19
   16.0312500       1.43313864E+19
   16.1015625       1.44165799E+19
   16.1718750       1.44769321E+19
   16.2421875       1.44956259E+19
   16.3125000       1.44580194E+19
   16.3828125       1.43531479E+19
   16.4531250       1.41752470E+19
   16.5234375       1.39238678E+19
   16.5937500       1.36040628E+19
   16.6640625       1.32254228E+19
   16.7343750       1.28014654E+19
   16.8046875       1.23481632E+19
   16.8750000       1.18830709E+19
   16.9453125       1.14236707E+19
   17.0156250       1.09863312E+19
   17.0859375       1.05845300E+19
   17.1562500       1.02278760E+19
   17.2265625       9.92077247E+18
   17.2968750       9.66248400E+18
   17.3671875       9.44733926E+18
   17.4375000       9.26645420E+18
   17.5078125       9.10909210E+18
   17.5781250       8.96464706E+18
   17.6484375       8.82344722E+18
   17.7187500       8.67772290E+18
   17.7890625       8.52132012E+18
   17.8593750       8.34980730E+18
   17.9296875       8.15980015E+18
   18.0000000       7.94922003E+18
   18.0703125       7.71709168E+18
   18.1406250       7.46419082E+18
   18.2109375       7.19293140E+18
   18.2812500       6.90776152E+18
   18.3515625       6.61459763E+18
   18.4218750       6.32071357E+18
   18.4921875       6.03366187E+18
   18.5625000       5.76080376E+18
   18.6328125       5.50817502E+18
   18.7031250       5.28031773E+18
   18.7734375       5.07967445E+18
   18.8437500       4.90690324E+18
   18.9140625       4.76053955E+18
   18.9843750       4.63744373E+18
   19.0546875       4.53270810E+18
   19.1250000       4.44051625E+18
   19.1953125       4.35449760E+18
   19.2656250       4.26890200E+18
   19.3359375       4.17905953E+18
   19.4062500       4.08255209E+18
   19.4765625       3.97963506E+18
   19.5468750       3.87423945E+18
   19.6171875       3.77378641E+18
   19.6875000       3.68895140E+18
   19.7578125       3.63188674E+18
   19.8281250       3.61466592E+18
   19.8984375       3.64703774E+18
   19.9687500       3.73535821E+18
   20.0390625       3.88157841E+18
   20.1093750       4.08374589E+18
   20.1796875       4.33649970E+18
   20.2500000       4.63259378E+18
   20.3203125       4.96362485E+18
   20.3906250       5.32103320E+18
   20.4609375       5.69593093E+18
   20.5312500       6.07938121E+18
   20.6015625       6.46209812E+18
   20.6718750       6.83513547E+18
   20.7421875       7.19013150E+18
   20.8125000       7.52030109E+18
   20.8828125       7.82061455E+18
   20.9531250       8.08849187E+18
   21.0234375       8.32355316E+18
   21.0937500       8.52772917E+18
   21.1640625       8.70440805E+18
   21.2343750       8.85812307E+18
   21.3046875       8.99354552E+18
   21.3750000       9.11518229E+18
   21.4453125       9.22651664E+18
   21.5156250       9.33011153E+18
   21.5859375       9.42737982E+18
   21.6562500       9.51922863E+18
   21.7265625       9.60591192E+18
   21.7968750       9.68741322E+18
   21.8671875       9.76304753E+18
   21.9375000       9.83187476E+18
   22.0078125       9.89260408E+18
   22.0781250       9.94437239E+18
   22.1484375       9.98686082E+18
   22.2187500       1.00208984E+19
   22.2890625       1.00480113E+19
   22.3593750       1.00702379E+19
   22.4296875       1.00890197E+19
   22.5000000       1.01049484E+19
   22.5703125       1.01173454E+19
   22.6406250       1.01251948E+19
   22.7109375       1.01277346E+19
   22.7812500       1.01255598E+19
   22.8515625       1.01205515E+19
   22.9218750       1.01160512E+19
   22.9921875       1.01160600E+19
   23.0625000       1.01249529E+19
   23.1328125       1.01464263E+19
   23.2031250       1.01831566E+19
   23.2734375       1.02360453E+19
   23.3437500       1.03045174E+19
   23.4140625       1.03864255E+19
   23.4843750       1.04787526E+19
   23.5546875       1.05776405E+19
   23.6250000       1.06790650E+19
   23.6953125       1.07787819E+19
   23.7656250       1.08728847E+19
   23.8359375       1.09575394E+19
   23.9062500       1.10292429E+19
   23.9765625       1.10842339E+19
   24.0468750       1.11187080E+19
   24.1171875       1.11285893E+19
   24.1875000       1.11102967E+19
   24.2578125       1.10610155E+19
   24.3281250       1.09796626E+19
   24.3984375       1.08670562E+19
   24.4687500       1.07265045E+19
   24.5390625       1.05633809E+19
   24.6093750       1.03849269E+19
   24.6796875       1.01989709E+19
   24.7500000       1.00130974E+19
   24.8203125       9.83318428E+18
   24.8906250       9.66308103E+18
   24.9609375       9.50414662E+18
   25.0312500       9.35596874E+18
   25.1015625       9.21650724E+18
   25.1718750       9.08284840E+18
   25.2421875       8.95110437E+18
   25.3125000       8.81697660E+18
   25.3828125       8.67575642E+18
   25.4531250       8.52325966E+18
   25.5234375       8.35620976E+18
   25.5937500       8.17334228E+18
   25.6640625       7.97561271E+18
   25.7343750       7.76684733E+18
   25.8046875       7.55330348E+18
   25.8750000       7.34346004E+18
   25.9453125       7.14660238E+18
   26.0156250       6.97183336E+18
   26.0859375       6.82642789E+18
   26.1562500       6.71524363E+18
   26.2265625       6.63984957E+18
   26.2968750       6.59882349E+18
   26.3671875       6.58768928E+18
   26.4375000       6.59987022E+18
   26.5078125       6.62717330E+18
   26.5781250       6.66116470E+18
   26.6484375       6.69395598E+18
   26.7187500       6.71958285E+18
   26.7890625       6.73429377E+18
   26.8593750       6.73693974E+18
   26.9296875       6.72806393E+18
   27.0000000       6.70935464E+18
   27.0703125       6.68242266E+18
   27.1406250       6.64863741E+18
   27.2109375       6.60867016E+18
   27.2812500       6.56303109E+18
   27.3515625       6.51203024E+18
   27.4218750       6.45650820E+18
   27.4921875       6.39786685E+18
   27.5625000       6.33879174E+18
   27.6328125       6.28317734E+18
   27.7031250       6.23653331E+18
   27.7734375       6.20538744E+18
   27.8437500       6.19701741E+18
   27.9140625       6.21810164E+18
   27.9843750       6.27390681E+18
   28.0546875       6.36689800E+18
   28.1250000       6.49653042E+18
   28.1953125       6.65910806E+18
   28.2656250       6.84912731E+18
   28.3359375       7.06039352E+18
   28.4062500       7.28773679E+18
   28.4765625       7.52746826E+18
   28.5468750       7.77777153E+18
   28.6171875       8.03775765E+18
   28.6875000       8.30689556E+18
   28.7578125       8.58387079E+18
   28.8281250       8.86648321E+18
   28.8984375       9.15132654E+18
   28.9687500       9.43443649E+18
   29.0390625       9.71143425E+18
   29.1093750       9.97831321E+18
   29.1796875       1.02314384E+19
   29.2500000       1.04679356E+19
   29.3203125       1.06851848E+19
   29.3906250       1.08809573E+19
   29.4609375       1.10530440E+19
   29.5312500       1.11997728E+19
   29.6015625       1.13200000E+19
   29.6718750       1.14138477E+19
   29.7421875       1.14827442E+19
   29.8125000       1.15299957E+19
   29.8828125       1.15602806E+19
   29.9531250       1.15794056E+19
   30.0234375       1.15930010E+19
   30.0937500       1.16059170E+19
   30.1640625       1.16211936E+19
   30.2343750       1.16402228E+19
   30.3046875       1.16626606E+19
   30.3750000       1.16873292E+19
   30.4453125       1.17126015E+19
   30.5156250       1.17374823E+19
   30.5859375       1.17618893E+19
   30.6562500       1.17872023E+19
   30.7265625       1.18155587E+19
   30.7968750       1.18494115E+19
   30.8671875       1.18902584E+19
   30.9375000       1.19383081E+19
   31.0078125       1.19918873E+19
   31.0781250       1.20480207E+19
   31.1484375       1.21027577E+19
   31.2187500       1.21523512E+19
   31.2890625       1.21936697E+19
   31.3593750       1.22249145E+19
   31.4296875       1.22452225E+19
   31.5000000       1.22546233E+19
   31.5703125       1.22531709E+19
   31.6406250       1.22408531E+19
   31.7109375       1.22169651E+19
   31.7812500       1.21804448E+19
   31.8515625       1.21298189E+19
   31.9218750       1.20641143E+19
   31.9921875       1.19831616E+19
   32.0625000       1.18883628E+19
   32.1328125       1.17823039E+19
   32.2031250       1.16686177E+19
   32.2734375       1.15509733E+19
   32.3437500       1.14327538E+19
   32.4140625       1.13162352E+19
   32.4843750       1.12026766E+19
   32.5546875       1.10919239E+19
   32.6250000       1.09828138E+19
   32.6953125       1.08730364E+19
   32.7656250       1.07599406E+19
   32.8359375       1.06408481E+19
   32.9062500       1.05141448E+19
   32.9765625       1.03794030E+19
   33.0468750       1.02378342E+19
   33.1171875       1.00916377E+19
   33.1875000       9.94387101E+18
   33.2578125       9.79755020E+18
   33.3281250       9.65560655E+18
   33.3984375       9.52026547E+18
   33.4687500       9.39318391E+18
   33.5390625       9.27480609E+18
   33.6093750       9.16443601E+18
   33.6796875       9.05983837E+18
   33.7500000       8.95787901E+18
   33.8203125       8.85480639E+18
   33.8906250       8.74742479E+18
   33.9609375       8.63356431E+18
   34.0312500       8.51303750E+18
   34.1015625       8.38746667E+18
   34.1718750       8.26027737E+18
   34.2421875       8.13552623E+18
   34.3125000       8.01718249E+18
   34.3828125       7.90776899E+18
   34.4531250       7.80808122E+18
   34.5234375       7.71672390E+18
   34.5937500       7.63090207E+18
   34.6640625       7.54692082E+18
   34.7343750       7.46157233E+18
   34.8046875       7.37277467E+18
   34.8750000       7.28056523E+18
   34.9453125       7.18694621E+18
   35.0156250       7.09598966E+18
   35.0859375       7.01298918E+18
   35.1562500       6.94415040E+18
   35.2265625       6.89549481E+18
   35.2968750       6.87249963E+18
   35.3671875       6.87913628E+18
   35.4375000       6.91788417E+18
   35.5078125       6.98932274E+18
   35.5781250       7.09273126E+18
   35.6484375       7.22615919E+18
   35.7187500       7.38729537E+18
   35.7890625       7.57366204E+18
   35.8593750       7.78343567E+18
   35.9296875       8.01536665E+18
   36.0000000       8.26901903E+18
   36.0703125       8.54391618E+18
   36.1406250       8.83911966E+18
   36.2109375       9.15207805E+18
   36.2812500       9.47838067E+18
   36.3515625       9.81120724E+18
   36.4218750       1.01419711E+19
   36.4921875       1.04606943E+19
   36.5625000       1.07573194E+19
   36.6328125       1.10224391E+19
   36.7031250       1.12486725E+19
   36.7734375       1.14312112E+19
   36.8437500       1.15687128E+19
   36.9140625       1.16630663E+19
   36.9843750       1.17193448E+19
   37.0546875       1.17446709E+19
   37.1250000       1.17474736E+19
   37.1953125       1.17359518E+19
   37.2656250       1.17173657E+19
   37.3359375       1.16969994E+19
   37.4062500       1.16782462E+19
   37.4765625       1.16623868E+19
   37.5468750       1.16494862E+19
   37.6171875       1.16388539E+19
   37.6875000       1.16302635E+19
   37.7578125       1.16242260E+19
   37.8281250       1.16224811E+19
   37.8984375       1.16273673E+19
   37.9687500       1.16415851E+19
   38.0390625       1.16673170E+19
   38.1093750       1.17063860E+19
   38.1796875       1.17600993E+19
   38.2500000       1.18299656E+19
   38.3203125       1.19174966E+19
   38.3906250       1.20243625E+19
   38.4609375       1.21515562E+19
   38.5312500       1.22991459E+19
   38.6015625       1.24654338E+19
   38.6718750       1.26471182E+19
   38.7421875       1.28391127E+19
   38.8125000       1.30353591E+19
   38.8828125       1.32290259E+19
   38.9531250       1.34132964E+19
   39.0234375       1.35812941E+19
   39.0937500       1.37265517E+19
   39.1640625       1.38428778E+19
   39.2343750       1.39250696E+19
   39.3046875       1.39691204E+19
   39.3750000       1.39731204E+19
   39.4453125       1.39372203E+19
   39.5156250       1.38639972E+19
   39.5859375       1.37578372E+19
   39.6562500       1.36246654E+19
   39.7265625       1.34706821E+19
   39.7968750       1.33017070E+19
   39.8671875       1.31220962E+19
   39.9375000       1.29347955E+19
   40.0078125       1.27411583E+19
   40.0781250       1.25417300E+19
   40.1484375       1.23363808E+19
   40.2187500       1.21250536E+19
   40.2890625       1.19077142E+19
   40.3593750       1.16849510E+19
   40.4296875       1.14579260E+19
   40.5000000       1.12289725E+19
   40.5703125       1.10013230E+19
   40.6406250       1.07793701E+19
   40.7109375       1.05681682E+19
   40.7812500       1.03736371E+19
   40.8515625       1.02020166E+19
   40.9218750       1.00599289E+19
   40.9921875       9.95359399E+18
   41.0625000       9.88860186E+18
   41.1328125       9.86895909E+18
   41.2031250       9.89693286E+18
   41.2734375       9.97240004E+18
   41.3437500       1.00930549E+19
   41.4140625       1.02540476E+19
   41.4843750       1.04483874E+19
   41.5546875       1.06667152E+19
   41.6250000       1.08979315E+19
   41.6953125       1.11293524E+19
   41.7656250       1.13479737E+19
   41.8359375       1.15414361E+19
   41.9062500       1.16998010E+19
   41.9765625       1.18163415E+19
   42.0468750       1.18884068E+19
   42.1171875       1.19168182E+19
   42.1875000       1.19053679E+19
   42.2578125       1.18593599E+19
   42.3281250       1.17849757E+19
   42.3984375       1.16882748E+19
   42.4687500       1.15752714E+19
   42.5390625       1.14515247E+19
   42.6093750       1.13224662E+19
   42.6796875       1.11929877E+19
   42.7500000       1.10676566E+19
   42.8203125       1.09502155E+19
   42.8906250       1.08438290E+19
   42.9609375       1.07506729E+19
   43.0312500       1.06723085E+19
   43.1015625       1.06094087E+19
   43.1718750       1.05622221E+19
   43.2421875       1.05303681E+19
   43.3125000       1.05132641E+19
   43.3828125       1.05097929E+19
   43.4531250       1.05185956E+19
   43.5234375       1.05377271E+19
   43.5937500       1.05649950E+19
   43.6640625       1.05976670E+19
   43.7343750       1.06328030E+19
   43.8046875       1.06669417E+19
   43.8750000       1.06965263E+19
   43.9453125       1.07177238E+19
   44.0156250       1.07270334E+19
   44.0859375       1.07211938E+19
   44.1562500       1.06977940E+19
   44.2265625       1.06551308E+19
   44.2968750       1.05927973E+19
   44.3671875       1.05115049E+19
   44.4375000       1.04134449E+19
   44.5078125       1.03016477E+19
   44.5781250       1.01798460E+19
   44.6484375       1.00516913E+19
   44.7187500       9.92087583E+18
   44.7890625       9.79079700E+18
   44.8593750       9.66500298E+18
   44.9296875       9.54698690E+18
   45.0000000       9.44069931E+18
   45.0703125       9.35038762E+18
   45.1406250       9.28109090E+18
   45.2109375       9.23831330E+18
   45.2812500       9.22814062E+18
   45.3515625       9.25630571E+18
   45.4218750       9.32773108E+18
   45.4921875       9.44530406E+18
   45.5625000       9.60957440E+18
   45.6328125       9.81818584E+18
   45.7031250       1.00664468E+19
   45.7734375       1.03475270E+19
   45.8437500       1.06534210E+19
   45.9140625       1.09751865E+19
   45.9843750       1.13038372E+19
   46.0546875       1.16305746E+19
   46.1250000       1.19476518E+19
   46.1953125       1.22483363E+19
   46.2656250       1.25273176E+19
   46.3359375       1.27801965E+19
   46.4062500       1.30035997E+19
   46.4765625       1.31946035E+19
   46.5468750       1.33510365E+19
   46.6171875       1.34712418E+19
   46.6875000       1.35546826E+19
   46.7578125       1.36018538E+19
   46.8281250       1.36148160E+19
   46.8984375       1.35967323E+19
   46.9687500       1.35517249E+19
   47.0390625       1.34837179E+19
   47.1093750       1.33961011E+19
   47.1796875       1.32911626E+19
   47.2500000       1.31708420E+19
   47.3203125       1.30370072E+19
   47.3906250       1.28923467E+19
   47.4609375       1.27400973E+19
   47.5312500       1.25840117E+19
   47.6015625       1.24272247E+19
   47.6718750       1.22717339E+19
   47.7421875       1.21173823E+19
   47.8125000       1.19620433E+19
   47.8828125       1.18017147E+19
   47.9531250       1.16318655E+19
   48.0234375       1.14484152E+19
   48.0937500       1.12493750E+19
   48.1640625       1.10354156E+19
   48.2343750       1.08105380E+19
   48.3046875       1.05814426E+19
   48.3750000       1.03570719E+19
   48.4453125       1.01471168E+19
   48.5156250       9.96115314E+18
   48.5859375       9.80733586E+18
   48.6562500       9.69222798E+18
   48.7265625       9.62037270E+18
   48.7968750       9.59482775E+18
   48.8671875       9.61699280E+18
   48.9375000       9.68689975E+18
   49.0078125       9.80266513E+18
   49.0781250       9.96071333E+18
   49.1484375       1.01556919E+19
   49.2187500       1.03814678E+19
   49.2890625       1.06316848E+19
   49.3593750       1.09008804E+19
   49.4296875       1.11844302E+19
   49.5000000       1.14785517E+19
   49.5703125       1.17791659E+19
   49.6406250       1.20814030E+19
   49.7109375       1.23787593E+19
   49.7812500       1.26635427E+19
   49.8515625       1.29271462E+19
   49.9218750       1.31613884E+19
   49.9921875       1.33592103E+19
   50.0625000       1.35157544E+19
   50.1328125       1.36282399E+19
   50.2031250       1.36960842E+19
   50.2734375       1.37201657E+19
   50.3437500       1.37028132E+19
   50.4140625       1.36472571E+19
   50.4843750       1.35577832E+19
   50.5546875       1.34391118E+19
   50.6250000       1.32963204E+19
   50.6953125       1.31341403E+19
   50.7656250       1.29572322E+19
   50.8359375       1.27701580E+19
   50.9062500       1.25782085E+19
   50.9765625       1.23874070E+19
   51.0468750       1.22048682E+19
   51.1171875       1.20380481E+19
   51.1875000       1.18942980E+19
   51.2578125       1.17794958E+19
   51.3281250       1.16974381E+19
   51.3984375       1.16489563E+19
   51.4687500       1.16322954E+19
   51.5390625       1.16432311E+19
   51.6093750       1.16760702E+19
   51.6796875       1.17238968E+19
   51.7500000       1.17793781E+19
   51.8203125       1.18348210E+19
   51.8906250       1.18829059E+19
   51.9609375       1.19167786E+19
   52.0312500       1.19307490E+19
   52.1015625       1.19201849E+19
   52.1718750       1.18820890E+19
   52.2421875       1.18151584E+19
   52.3125000       1.17206840E+19
   52.3828125       1.16026679E+19
   52.4531250       1.14682845E+19
   52.5234375       1.13271710E+19
   52.5937500       1.11911185E+19
   52.6640625       1.10729551E+19
   52.7343750       1.09861454E+19
   52.8046875       1.09436778E+19
   52.8750000       1.09574701E+19
   52.9453125       1.10369065E+19
   53.0156250       1.11880586E+19
   53.0859375       1.14124931E+19
   53.1562500       1.17072952E+19
   53.2265625       1.20651126E+19
   53.2968750       1.24755207E+19
   53.3671875       1.29261138E+19
   53.4375000       1.34042606E+19
   53.5078125       1.38977885E+19
   53.5781250       1.43959211E+19
   53.6484375       1.48891005E+19
   53.7187500       1.53692396E+19
   53.7890625       1.58291730E+19
   53.8593750       1.62627731E+19
   53.9296875       1.66645622E+19
   54.0000000       1.70301025E+19
   54.0703125       1.73558383E+19
   54.1406250       1.76397179E+19
   54.2109375       1.78811652E+19
   54.2812500       1.80815072E+19
   54.3515625       1.82433806E+19
   54.4218750       1.83704786E+19
   54.4921875       1.84664055E+19
   54.5625000       1.85342762E+19
   54.6328125       1.85757784E+19
   54.7031250       1.85913057E+19
   54.7734375       1.85798312E+19
   54.8437500       1.85397298E+19
   54.9140625       1.84689476E+19
   54.9843750       1.83657398E+19
   55.0546875       1.82286032E+19
   55.1250000       1.80567627E+19
   55.1953125       1.78499083E+19
   55.2656250       1.76086644E+19
   55.3359375       1.73344517E+19
   55.4062500       1.70302344E+19
   55.4765625       1.67005723E+19
   55.5468750       1.63522723E+19
   55.6171875       1.59941020E+19
   55.6875000       1.56368025E+19
   55.7578125       1.52919824E+19
   55.8281250       1.49714374E+19
   55.8984375       1.46856600E+19
   55.9687500       1.44431496E+19
   56.0390625       1.42492760E+19
   56.1093750       1.41062658E+19
   56.1796875       1.40129535E+19
   56.2500000       1.39656679E+19
   56.3203125       1.39585981E+19
   56.3906250       1.39849952E+19
   56.4609375       1.40377431E+19
   56.5312500       1.41106770E+19
   56.6015625       1.41991998E+19
   56.6718750       1.43014126E+19
   56.7421875       1.44181950E+19
   56.8125000       1.45533371E+19
   56.8828125       1.47122385E+19
   56.9531250       1.49006695E+19
   57.0234375       1.51225829E+19
   57.0937500       1.53788559E+19
   57.1640625       1.56661155E+19
   57.2343750       1.59773289E+19
   57.3046875       1.63027371E+19
   57.3750000       1.66319891E+19
   57.4453125       1.69554303E+19
   57.5156250       1.72654552E+19
   57.5859375       1.75563662E+19
   57.6562500       1.78243138E+19
   57.7265625       1.80662350E+19
   57.7968750       1.82796238E+19
   57.8671875       1.84620581E+19
   57.9375000       1.86117566E+19
   58.0078125       1.87276957E+19
   58.0781250       1.88103394E+19
   58.1484375       1.88615546E+19
   58.2187500       1.88848665E+19
   58.2890625       1.88847169E+19
   58.3593750       1.88661682E+19
   58.4296875       1.88338227E+19
   58.5000000       1.87914915E+19
   58.5703125       1.87413560E+19
   58.6406250       1.86841770E+19
   58.7109375       1.86193432E+19
   58.7812500       1.85460388E+19
   58.8515625       1.84637777E+19
   58.9218750       1.83733891E+19
   58.9921875       1.82768102E+19
   59.0625000       1.81771559E+19
   59.1328125       1.80777942E+19
   59.2031250       1.79821157E+19
   59.2734375       1.78928596E+19
   59.3437500       1.78124094E+19
   59.4140625       1.77426080E+19
   59.4843750       1.76852872E+19
   59.5546875       1.76421830E+19
   59.6250000       1.76154550E+19
   59.6953125       1.76074374E+19
   59.7656250       1.76209570E+19
   59.8359375       1.76588516E+19
   59.9062500       1.77241076E+19
   59.9765625       1.78191945E+19
   60.0468750       1.79461122E+19
   60.1171875       1.81058680E+19
   60.1875000       1.82988455E+19
   60.2578125       1.85245939E+19
   60.3281250       1.87822732E+19
   60.3984375       1.90702705E+19
   60.4687500       1.93862702E+19
   60.5390625       1.97266394E+19
   60.6093750       2.00866349E+19
   60.6796875       2.04603105E+19
   60.7500000       2.08413507E+19
   60.8203125       2.12232638E+19
   60.8906250       2.16002182E+19
   60.9609375       2.19670900E+19
   61.0312500       2.23200597E+19
   61.1015625       2.26563387E+19
   61.1718750       2.29743526E+19
   61.2421875       2.32732505E+19
   61.3125000       2.35531026E+19
   61.3828125       2.38144983E+19
   61.4531250       2.40587108E+19
   61.5234375       2.42870750E+19
   61.5937500       2.45008354E+19
   61.6640625       2.47002033E+19
   61.7343750       2.48841296E+19
   61.8046875       2.50497490E+19
   61.8750000       2.51928658E+19
   61.9453125       2.53081342E+19
   62.0156250       2.53902128E+19
   62.0859375       2.54343912E+19
   62.1562500       2.54378326E+19
   62.2265625       2.53996268E+19
   62.2968750       2.53208776E+19
   62.3671875       2.52035333E+19
   62.4375000       2.50497160E+19
   62.5078125       2.48605231E+19
   62.5781250       2.46359962E+19
   62.6484375       2.43750337E+19
   62.7187500       2.40764349E+19
   62.7890625       2.37395314E+19
   62.8593750       2.33654115E+19
   62.9296875       2.29572992E+19
   63.0000000       2.25211405E+19
   63.0703125       2.20648498E+19
   63.1406250       2.15977069E+19
   63.2109375       2.11288246E+19
   63.2812500       2.06666185E+19
   63.3515625       2.02179562E+19
   63.4218750       1.97885573E+19
   63.4921875       1.93828771E+19
   63.5625000       1.90048012E+19
   63.6328125       1.86574215E+19
   63.7031250       1.83434076E+19
   63.7734375       1.80646286E+19
   63.8437500       1.78226019E+19
   63.9140625       1.76183797E+19
   63.9843750       1.74532254E+19
   64.0546875       1.73286133E+19
   64.1250000       1.72468690E+19
   64.1953125       1.72108765E+19
   64.2656250       1.72242906E+19
   64.3359375       1.72907549E+19
   64.4062500       1.74135880E+19
   64.4765625       1.75944961E+19
   64.5468750       1.78329571E+19
   64.6171875       1.81252942E+19
   64.6875000       1.84650619E+19
   64.7578125       1.88434655E+19
   64.8281250       1.92508103E+19
   64.8984375       1.96772229E+19
   64.9687500       2.01134498E+19
   65.0390625       2.05503495E+19
   65.1093750       2.09786841E+19
   65.1796875       2.13883489E+19
   65.2500000       2.17687755E+19
   65.3203125       2.21091249E+19
   65.3906250       2.23995653E+19
   65.4609375       2.26319405E+19
   65.5312500       2.28010322E+19
   65.6015625       2.29047316E+19
   65.6718750       2.29444855E+19
   65.7421875       2.29246283E+19
   65.8125000       2.28520144E+19
   65.8828125       2.27346547E+19
   65.9531250       2.25809342E+19
   66.0234375       2.23983471E+19
   66.0937500       2.21933255E+19
   66.1640625       2.19707844E+19
   66.2343750       2.17347214E+19
   66.3046875       2.14883187E+19
   66.3750000       2.12348813E+19
   66.4453125       2.09777671E+19
   66.5156250       2.07206045E+19
   66.5859375       2.04663776E+19
   66.6562500       2.02171733E+19
   66.7265625       1.99733588E+19
   66.7968750       1.97340787E+19
   66.8671875       1.94976749E+19
   66.9375000       1.92632590E+19
   67.0078125       1.90314929E+19
   67.0781250       1.88055455E+19
   67.1484375       1.85906789E+19
   67.2187500       1.83938422E+19
   67.2890625       1.82222359E+19
   67.3593750       1.80825726E+19
   67.4296875       1.79800641E+19
   67.5000000       1.79187047E+19
   67.5703125       1.79012709E+19
   67.6406250       1.79302584E+19
   67.7109375       1.80079158E+19
   67.7812500       1.81366719E+19
   67.8515625       1.83183684E+19
   67.9218750       1.85539333E+19
   67.9921875       1.88423396E+19
   68.0625000       1.91805186E+19
   68.1328125       1.95629529E+19
   68.2031250       1.99824452E+19
   68.2734375       2.04305973E+19
   68.3437500       2.08991520E+19
   68.4140625       2.13804632E+19
   68.4843750       2.18682044E+19
   68.5546875       2.23569747E+19
   68.6250000       2.28422529E+19
   68.6953125       2.33194388E+19
   68.7656250       2.37836284E+19
   68.8359375       2.42288844E+19
   68.9062500       2.46486692E+19
   68.9765625       2.50357940E+19
   69.0468750       2.53834112E+19
   69.1171875       2.56852997E+19
   69.1875000       2.59368944E+19
   69.2578125       2.61353606E+19
   69.3281250       2.62801135E+19
   69.3984375       2.63723581E+19
   69.4687500       2.64150962E+19
   69.5390625       2.64122088E+19
   69.6093750       2.63681338E+19
   69.6796875       2.62869569E+19
   69.7500000       2.61723262E+19
   69.8203125       2.60267838E+19
   69.8906250       2.58517768E+19
   69.9609375       2.56471181E+19
   70.0312500       2.54114685E+19
   70.1015625       2.51424005E+19
   70.1718750       2.48375894E+19
   70.2421875       2.44954236E+19
   70.3125000       2.41163252E+19
   70.3828125       2.37029836E+19
   70.4531250       2.32607578E+19
   70.5234375       2.27968783E+19
   70.5937500       2.23200399E+19
   70.6640625       2.18390299E+19
   70.7343750       2.13622135E+19
   70.8046875       2.08964824E+19
   70.8750000       2.04474286E+19
   70.9453125       2.00189533E+19
   71.0156250       1.96137745E+19
   71.0859375       1.92332203E+19
   71.1562500       1.88780561E+19
   71.2265625       1.85486490E+19
   71.2968750       1.82459403E+19
   71.3671875       1.79714604E+19
   71.4375000       1.77277140E+19
   71.5078125       1.75173709E+19
   71.5781250       1.73430334E+19
   71.6484375       1.72063806E+19
   71.7187500       1.71084933E+19
   71.7890625       1.70497673E+19
   71.8593750       1.70307281E+19
   71.9296875       1.70519344E+19
   72.0000000       1.71141855E+19
   72.0703125       1.72174967E+19
   72.1406250       1.73605794E+19
   72.2109375       1.75398042E+19
   72.2812500       1.77495481E+19
   72.3515625       1.79823060E+19
   72.4218750       1.82298170E+19
   72.4921875       1.84833402E+19
   72.5625000       1.87343939E+19
   72.6328125       1.89745053E+19
   72.7031250       1.91957534E+19
   72.7734375       1.93907782E+19
   72.8437500       1.95538357E+19
   72.9140625       1.96809745E+19
   72.9843750       1.97707298E+19
   73.0546875       1.98236669E+19
   73.1250000       1.98425719E+19
   73.1953125       1.98316691E+19
   73.2656250       1.97965529E+19
   73.3359375       1.97431299E+19
   73.4062500       1.96772075E+19
   73.4765625       1.96032236E+19
   73.5468750       1.95237399E+19
   73.6171875       1.94386487E+19
   73.6875000       1.93456366E+19
   73.7578125       1.92403980E+19
   73.8281250       1.91179519E+19
   73.8984375       1.89733662E+19
   73.9687500       1.88031266E+19
   74.0390625       1.86053816E+19
   74.1093750       1.83803589E+19
   74.1796875       1.81295855E+19
   74.2500000       1.78557368E+19
   74.3203125       1.75618428E+19
   74.3906250       1.72516057E+19
   74.4609375       1.69293114E+19
   74.5312500       1.66007223E+19
   74.6015625       1.62729788E+19
   74.6718750       1.59548648E+19
   74.7421875       1.56558152E+19
   74.8125000       1.53854277E+19
   74.8828125       1.51520883E+19
   74.9531250       1.49624500E+19
   75.0234375       1.48204822E+19
   75.0937500       1.47277625E+19
   75.1640625       1.46833192E+19
   75.2343750       1.46844671E+19
   75.3046875       1.47268302E+19
   75.3750000       1.48050681E+19
   75.4453125       1.49127169E+19
   75.5156250       1.50428463E+19
   75.5859375       1.51881720E+19
   75.6562500       1.53423104E+19
   75.7265625       1.55003696E+19
   75.7968750       1.56601638E+19
   75.8671875       1.58222417E+19
   75.9375000       1.59900338E+19
   76.0078125       1.61685659E+19
   76.0781250       1.63634114E+19
   76.1484375       1.65787343E+19
   76.2187500       1.68163728E+19
   76.2890625       1.70746635E+19
   76.3593750       1.73486783E+19
   76.4296875       1.76303413E+19
   76.5000000       1.79098525E+19
   76.5703125       1.81765721E+19
   76.6406250       1.84205911E+19
   76.7109375       1.86332212E+19
   76.7812500       1.88078325E+19
   76.8515625       1.89394374E+19
   76.9218750       1.90247046E+19
   76.9921875       1.90611292E+19
   77.0625000       1.90471742E+19
   77.1328125       1.89818544E+19
   77.2031250       1.88653743E+19
   77.2734375       1.86991766E+19
   77.3437500       1.84867553E+19
   77.4140625       1.82334113E+19
   77.4843750       1.79462629E+19
   77.5546875       1.76330087E+19
   77.6250000       1.73013520E+19
   77.6953125       1.69577887E+19
   77.7656250       1.66075415E+19
   77.8359375       1.62541409E+19
   77.9062500       1.59001388E+19
   77.9765625       1.55470109E+19
   78.0468750       1.51957092E+19
   78.1171875       1.48462140E+19
   78.1875000       1.44979217E+19
   78.2578125       1.41493776E+19
   78.3281250       1.37990556E+19
   78.3984375       1.34454505E+19
   78.4687500       1.30880213E+19
   78.5390625       1.27271374E+19
   78.6093750       1.23647680E+19
   78.6796875       1.20042986E+19
   78.7500000       1.16511795E+19
   78.8203125       1.13125486E+19
   78.8906250       1.09972526E+19
   78.9609375       1.07145726E+19
   79.0312500       1.04735311E+19
   79.1015625       1.02813551E+19
   79.1718750       1.01430014E+19
   79.2421875       1.00603379E+19
   79.3125000       1.00325950E+19
   79.3828125       1.00563500E+19
   79.4531250       1.01264097E+19
   79.5234375       1.02358760E+19
   79.5937500       1.03768851E+19
   79.6640625       1.05404715E+19
   79.7343750       1.07172224E+19
   79.8046875       1.08972982E+19
   79.8750000       1.10715191E+19
   79.9453125       1.12317048E+19
   80.0156250       1.13716880E+19
   80.0859375       1.14872445E+19
   80.1562500       1.15765413E+19
   80.2265625       1.16396170E+19
   80.2968750       1.16785485E+19
   80.3671875       1.16968004E+19
   80.4375000       1.16992446E+19
   80.5078125       1.16911676E+19
   80.5781250       1.16777910E+19
   80.6484375       1.16629003E+19
   80.7187500       1.16484472E+19
   80.7890625       1.16336818E+19
   80.8593750       1.16155564E+19
   80.9296875       1.15887437E+19
   81.0000000       1.15468006E+19
   81.0703125       1.14826628E+19
   81.1406250       1.13899289E+19
   81.2109375       1.12632619E+19
   81.2812500       1.10995193E+19
   81.3515625       1.08978799E+19
   81.4218750       1.06605459E+19
   81.4921875       1.03923992E+19
   81.5625000       1.01012540E+19
   81.6328125       9.79699495E+18
   81.7031250       9.49111961E+18
   81.7734375       9.19516736E+18
   81.8437500       8.91985405E+18
   81.9140625       8.67353046E+18
   81.9843750       8.46182829E+18
   82.0546875       8.28703673E+18
   82.1250000       8.14894247E+18
   82.1953125       8.04531240E+18
   82.2656250       7.97344557E+18
   82.3359375       7.93079221E+18
   82.4062500       7.91605546E+18
   82.4765625       7.92891865E+18
   82.5468750       7.96999805E+18
   82.6171875       8.03963782E+18
   82.6875000       8.13750150E+18
   82.7578125       8.26160778E+18
   82.8281250       8.40857125E+18
   82.8984375       8.57341718E+18
   82.9687500       8.75048803E+18
   83.0390625       8.93357925E+18
   83.1093750       9.11681946E+18
   83.1796875       9.29461929E+18
   83.2500000       9.46240916E+18
   83.3203125       9.61653101E+18
   83.3906250       9.75487266E+18
   83.4609375       9.87655671E+18
   83.5312500       9.98225936E+18
   83.6015625       1.00735254E+19
   83.6718750       1.01527331E+19
   83.7421875       1.02222322E+19
   83.8125000       1.02843700E+19
   83.8828125       1.03408277E+19
   83.9531250       1.03928269E+19
   84.0234375       1.04406710E+19
   84.0937500       1.04842513E+19
   84.1640625       1.05228727E+19
   84.2343750       1.05559010E+19
   84.3046875       1.05825399E+19
   84.3750000       1.06023366E+19
   84.4453125       1.06147644E+19
   84.5156250       1.06194538E+19
   84.5859375       1.06154307E+19
   84.6562500       1.06010931E+19
   84.7265625       1.05733073E+19
   84.7968750       1.05274654E+19
   84.8671875       1.04571285E+19
   84.9375000       1.03550807E+19
   85.0078125       1.02139825E+19
   85.0781250       1.00279485E+19
   85.1484375       9.79304330E+18
   85.2187500       9.50824340E+18
   85.2890625       9.17511942E+18
   85.3593750       8.79796879E+18
   85.4296875       8.38286577E+18
   85.5000000       7.93743986E+18
   85.5703125       7.46980822E+18
   85.6406250       6.98847831E+18
   85.7109375       6.50169153E+18
   85.7812500       6.01794710E+18
   85.8515625       5.54578932E+18
   85.9218750       5.09420670E+18
   85.9921875       4.67172815E+18
   86.0625000       4.28594113E+18
   86.1328125       3.94199383E+18
   86.2031250       3.64221143E+18
   86.2734375       3.38553896E+18
   86.3437500       3.16864545E+18
   86.4140625       2.98671778E+18
   86.4843750       2.83514158E+18
   86.5546875       2.70989374E+18
   86.6250000       2.60820926E+18
   86.6953125       2.52778878E+18
   86.7656250       2.46653608E+18
   86.8359375       2.42148772E+18
   86.9062500       2.38911370E+18
   86.9765625       2.36545193E+18
   87.0468750       2.34760603E+18
   87.1171875       2.33446440E+18
   87.1875000       2.32777414E+18
   87.2578125       2.33148967E+18
   87.3281250       2.35105933E+18
   87.3984375       2.39142102E+18
   87.4687500       2.45601513E+18
   87.5390625       2.54559702E+18
   87.6093750       2.65861362E+18
   87.6796875       2.79128426E+18
   87.7500000       2.93873345E+18
   87.8203125       3.09522391E+18
   87.8906250       3.25501374E+18
   87.9609375       3.41223126E+18
   88.0312500       3.56155703E+18
   88.1015625       3.69809741E+18
   88.1718750       3.81807667E+18
   88.2421875       3.91869215E+18
   88.3125000       3.99878305E+18
   88.3828125       4.05865009E+18
   88.4531250       4.10051454E+18
   88.5234375       4.12789678E+18
   88.5937500       4.14547247E+18
   88.6640625       4.15785462E+18
   88.7343750       4.16910867E+18
   88.8046875       4.18163074E+18
   88.8750000       4.19627761E+18
   88.9453125       4.21214466E+18
   89.0156250       4.22753397E+18
   89.0859375       4.24025697E+18
   89.1562500       4.24870287E+18
   89.2265625       4.25175676E+18
   89.2968750       4.24904702E+18
   89.3671875       4.23995818E+18
   89.4375000       4.22334099E+18
   89.5078125       4.19665309E+18
   89.5781250       4.15645192E+18
   89.6484375       4.09871024E+18
   89.7187500       4.02043161E+18
   89.7890625       3.92051267E+18
   89.8593750       3.80098806E+18
   89.9296875       3.66665852E+18
   90.0000000       3.52468436E+18
   90.0703125       3.38272614E+18
   90.1406250       3.24771408E+18
   90.2109375       3.12417625E+18
   90.2812500       3.01415225E+18
   90.3515625       2.91712832E+18
   90.4218750       2.83134167E+18
   90.4921875       2.75441489E+18
   90.5625000       2.68453680E+18
   90.6328125       2.62032478E+18
   90.7031250       2.56100255E+18
   90.7734375       2.50556957E+18
   90.8437500       2.45294172E+18
   90.9140625       2.40164346E+18
   90.9843750       2.35062749E+18
   91.0546875       2.29937678E+18
   91.1250000       2.24872998E+18
   91.1953125       2.20059418E+18
   91.2656250       2.15811620E+18
   91.3359375       2.12475152E+18
   91.4062500       2.10409376E+18
   91.4765625       2.09902501E+18
   91.5468750       2.11192421E+18
   91.6171875       2.14430537E+18
   91.6875000       2.19737962E+18
   91.7578125       2.27174757E+18
   91.8281250       2.36774029E+18
   91.8984375       2.48485285E+18
   91.9687500       2.62202929E+18
   92.0390625       2.77723828E+18
   92.1093750       2.94793526E+18
   92.1796875       3.13071422E+18
   92.2500000       3.32175355E+18
   92.3203125       3.51647018E+18
   92.3906250       3.71003975E+18
   92.4609375       3.89726899E+18
   92.5312500       4.07340993E+18
   92.6015625       4.23418135E+18
   92.6718750       4.37637431E+18
   92.7421875       4.49733873E+18
   92.8125000       4.59501687E+18
   92.8828125       4.66710690E+18
   92.9531250       4.71117643E+18
   93.0234375       4.72430899E+18
   93.0937500       4.70387292E+18
   93.1640625       4.64766479E+18
   93.2343750       4.55485529E+18
   93.3046875       4.42599005E+18
   93.3750000       4.26366200E+18
   93.4453125       4.07207787E+18
   93.5156250       3.85707552E+18
   93.5859375       3.62496944E+18
   93.6562500       3.38205763E+18
   93.7265625       3.13337999E+18
   93.7968750       2.88255555E+18
   93.8671875       2.63122149E+18
   93.9375000       2.37975218E+18
   94.0078125       2.12747776E+18
   94.0781250       1.87382276E+18
   94.1484375       0.00000000    
   94.2187500       0.00000000    
   94.2890625       0.00000000    
   94.3593750       0.00000000    
   94.4296875       0.00000000    
   94.5000000       0.00000000    
   94.5703125       0.00000000    
   94.6406250       0.00000000    
   94.7109375       0.00000000    
   94.7812500       0.00000000    
   94.8515625       0.00000000    
   94.9218750       0.00000000    
   94.9921875       0.00000000    
   95.0625000       0.00000000    
   95.1328125       0.00000000    
   95.2031250       0.00000000    
   95.2734375       0.00000000    
   95.3437500       0.00000000    
   95.4140625       0.00000000    
   95.4843750       0.00000000    
   95.5546875       0.00000000    
   95.6250000       0.00000000    
   95.6953125       0.00000000    
   95.7656250       0.00000000    
   95.8359375       0.00000000    
   95.9062500       0.00000000    
   95.9765625       0.00000000    
   96.0468750       0.00000000    
   96.1171875       0.00000000    
   96.1875000       0.00000000    
   96.2578125       0.00000000    
   96.3281250       0.00000000    
   96.3984375       0.00000000    
   96.4687500       0.00000000    
   96.5390625       0.00000000    
   96.6093750       0.00000000    
   96.6796875       0.00000000    
   96.7500000       0.00000000    
   96.8203125       0.00000000    
   96.8906250       0.00000000    
   96.9609375       0.00000000    
   97.0312500       0.00000000    
   97.1015625       0.00000000    
   97.1718750       0.00000000    
   97.2421875       0.00000000    
   97.3125000       0.00000000    
   97.3828125       0.00000000    
   97.4531250       0.00000000    
   97.5234375       0.00000000    
   97.5937500       0.00000000    
   97.6640625       0.00000000    
   97.7343750       0.00000000    
   97.8046875       0.00000000    
   97.8750000       0.00000000    
   97.9453125       0.00000000    
   98.0156250       0.00000000    
   98.0859375       0.00000000    
   98.1562500       0.00000000    
   98.2265625       0.00000000    
   98.2968750       0.00000000    
   98.3671875       0.00000000    
   98.4375000       0.00000000    
   98.5078125       0.00000000    
   98.5781250       0.00000000    
   98.6484375       0.00000000    
   98.7187500       0.00000000    
   98.7890625       0.00000000    
   98.8593750       0.00000000    
   98.9296875       0.00000000    
   99.0000000       0.00000000    
   99.0703125       0.00000000    
   99.1406250       0.00000000    
   99.2109375       0.00000000    
   99.2812500       0.00000000    
   99.3515625       0.00000000    
   99.4218750       0.00000000    
   99.4921875       0.00000000    
   99.5625000       0.00000000    
   99.6328125       0.00000000    
   99.7031250       0.00000000    
   99.7734375       0.00000000    
   99.8437500       0.00000000    
   99.9140625       0.00000000    
   99.9843750       0.00000000    
   100.054688       0.00000000    
   100.125000       0.00000000    
   100.195312       0.00000000    
   100.265625       0.00000000    
   100.335938       0.00000000    
   100.406250       0.00000000    
   100.476562       0.00000000    
   100.546875       0.00000000    
   100.617188       0.00000000    
   100.687500       0.00000000    
   100.757812       0.00000000    
   100.828125       0.00000000    
   100.898438       0.00000000    
   100.968750       0.00000000    
   101.039062       0.00000000    
   101.109375       0.00000000    
   101.179688       0.00000000    
   101.250000       0.00000000    
   101.320312       0.00000000    
   101.390625       0.00000000    
   101.460938       0.00000000    
   101.531250       0.00000000    
   101.601562       0.00000000    
   101.671875       0.00000000    
   101.742188       0.00000000    
   101.812500       0.00000000    
   101.882812       0.00000000    
   101.953125       0.00000000    
   102.023438       0.00000000    
   102.093750       0.00000000    
   102.164062       0.00000000    
   102.234375       0.00000000    
   102.304688       0.00000000    
   102.375000       0.00000000    
   102.445312       0.00000000    
   102.515625       0.00000000    
   102.585938       0.00000000    
   102.656250       0.00000000    
   102.726562       0.00000000    
   102.796875       0.00000000    
   102.867188       0.00000000    
   102.937500       0.00000000    
   103.007812       0.00000000    
   103.078125       0.00000000    
   103.148438       0.00000000    
   103.218750       0.00000000    
   103.289062       0.00000000    
   103.359375       0.00000000    
   103.429688       0.00000000    
   103.500000       0.00000000    
   103.570312       0.00000000    
   103.640625       0.00000000    
   103.710938       0.00000000    
   103.781250       0.00000000    
   103.851562       0.00000000    
   103.921875       0.00000000    
   103.992188       0.00000000    
   104.062500       0.00000000    
   104.132812       0.00000000    
   104.203125       0.00000000    
   104.273438       0.00000000    
   104.343750       0.00000000    
   104.414062       0.00000000    
   104.484375       0.00000000    
   104.554688       0.00000000    
   104.625000       0.00000000    
   104.695312       0.00000000    
   104.765625       0.00000000    
   104.835938       0.00000000    
   104.906250       0.00000000    
   104.976562       0.00000000    
   105.046875       0.00000000    
   105.117188       0.00000000    
   105.187500       0.00000000    
   105.257812       0.00000000    
   105.328125       0.00000000    
   105.398438       0.00000000    
   105.468750       0.00000000    
   105.539062       0.00000000    
   105.609375       0.00000000    
   105.679688       0.00000000    
   105.750000       0.00000000    
   105.820312       0.00000000    
   105.890625       0.00000000    
   105.960938       0.00000000    
   106.031250       0.00000000    
   106.101562       0.00000000    
   106.171875       0.00000000    
   106.242188       0.00000000    
   106.312500       0.00000000    
   106.382812       0.00000000    
   106.453125       0.00000000    
   106.523438       0.00000000    
   106.593750       0.00000000    
   106.664062       0.00000000    
   106.734375       0.00000000    
   106.804688       0.00000000    
   106.875000       0.00000000    
   106.945312       0.00000000    
   107.015625       0.00000000    
   107.085938       0.00000000    
   107.156250       0.00000000    
   107.226562       0.00000000    
   107.296875       0.00000000    
   107.367188       0.00000000    
   107.437500       0.00000000    
   107.507812       0.00000000    
   107.578125       0.00000000    
   107.648438       0.00000000    
   107.718750       0.00000000    
   107.789062       0.00000000    
   107.859375       0.00000000    
   107.929688       0.00000000    
   108.000000       0.00000000    
   108.070312       0.00000000    
   108.140625       0.00000000    
   108.210938       0.00000000    
   108.281250       0.00000000    
   108.351562       0.00000000    
   108.421875       0.00000000    
   108.492188       0.00000000    
   108.562500       0.00000000    
   108.632812       0.00000000    
   108.703125       0.00000000    
   108.773438       0.00000000    
   108.843750       0.00000000    
   108.914062       0.00000000    
   108.984375       0.00000000    
   109.054688       0.00000000    
   109.125000       0.00000000    
   109.195312       0.00000000    
   109.265625       0.00000000    
   109.335938       0.00000000    
   109.406250       0.00000000    
   109.476562       0.00000000    
   109.546875       0.00000000    
   109.617188       0.00000000    
   109.687500       0.00000000    
   109.757812       0.00000000    
   109.828125       0.00000000    
   109.898438       0.00000000    
   109.968750       0.00000000    
   110.039062       0.00000000    
   110.109375       0.00000000    
   110.179688       0.00000000    
   110.250000       0.00000000    
   110.320312       0.00000000    
   110.390625       0.00000000    
   110.460938       0.00000000    
   110.531250       0.00000000    
   110.601562       0.00000000    
   110.671875       0.00000000    
   110.742188       0.00000000    
   110.812500       0.00000000    
   110.882812       0.00000000    
   110.953125       0.00000000    
   111.023438       0.00000000    
   111.093750       0.00000000    
   111.164062       0.00000000    
   111.234375       0.00000000    
   111.304688       0.00000000    
   111.375000       0.00000000    
   111.445312       0.00000000    
   111.515625       0.00000000    
   111.585938       0.00000000    
   111.656250       0.00000000    
   111.726562       0.00000000    
   111.796875       0.00000000    
   111.867188       0.00000000    
   111.937500       0.00000000    
   112.007812       0.00000000    
   112.078125       0.00000000    
   112.148438       0.00000000    
   112.218750       0.00000000    
   112.289062       0.00000000    
   112.359375       0.00000000    
   112.429688       0.00000000    
   112.500000       0.00000000    
   112.570312       0.00000000    
   112.640625       0.00000000    
   112.710938       0.00000000    
   112.781250       0.00000000    
   112.851562       0.00000000    
   112.921875       0.00000000    
   112.992188       0.00000000    
