2013 05 24 05 44 49.0 54.874 153.281
630. 3.689E+21 8.311 192 11 -92 14 79 -90
  -1.12500000       0.00000000    
  -1.05468750       0.00000000    
 -0.984375000       0.00000000    
 -0.914062500       0.00000000    
 -0.843750000       0.00000000    
 -0.773437500       0.00000000    
 -0.703125000       0.00000000    
 -0.632812500       0.00000000    
 -0.562500000       0.00000000    
 -0.492187500       0.00000000    
 -0.421875000       0.00000000    
 -0.351562500       0.00000000    
 -0.281250000       0.00000000    
 -0.210937500       0.00000000    
 -0.140625000       0.00000000    
  -7.03125000E-02   0.00000000    
   0.00000000       0.00000000    
   7.03125000E-02   6.25894630E+18
  0.140625000       7.31981834E+18
  0.210937500       8.62656647E+18
  0.281250000       1.00784996E+19
  0.351562500       1.15595528E+19
  0.421875000       1.29564537E+19
  0.492187500       1.41749325E+19
  0.562500000       1.51552714E+19
  0.632812500       1.58897517E+19
  0.703125000       1.64351260E+19
  0.773437500       1.69111760E+19
  0.843750000       1.74759809E+19
  0.914062500       1.82815293E+19
  0.984375000       1.94219977E+19
   1.05468750       2.08964648E+19
   1.12500000       2.26015126E+19
   1.19531250       2.43612216E+19
   1.26562500       2.59823768E+19
   1.33593750       2.73130783E+19
   1.40625000       2.82773082E+19
   1.47656250       2.88749456E+19
   1.54687500       2.91526646E+19
   1.61718750       2.91692342E+19
   1.68750000       2.89742007E+19
   1.75781250       2.86094641E+19
   1.82812500       2.81242056E+19
   1.89843750       2.75895307E+19
   1.96875000       2.71011188E+19
   2.03906250       2.67716942E+19
   2.10937500       2.67185614E+19
   2.17968750       2.70528261E+19
   2.25000000       2.78685494E+19
   2.32031250       2.92313083E+19
   2.39062500       3.11631260E+19
   2.46093750       3.36287852E+19
   2.53125000       3.65273134E+19
   2.60156250       3.96972252E+19
   2.67187500       4.29366679E+19
   2.74218750       4.60376074E+19
   2.81250000       4.88232289E+19
   2.88281250       5.11799661E+19
   2.95312500       5.30728237E+19
   3.02343750       5.45427520E+19
   3.09375000       5.56878054E+19
   3.16406250       5.66407698E+19
   3.23437500       5.75500659E+19
   3.30468750       5.85683236E+19
   3.37500000       5.98413997E+19
   3.44531250       6.14959712E+19
   3.51562500       6.36246917E+19
   3.58593750       6.62765290E+19
   3.65625000       6.94520505E+19
   3.72656250       7.31046634E+19
   3.79687500       7.71420085E+19
   3.86718750       8.14286965E+19
   3.93750000       8.57901424E+19
   4.00781250       9.00241682E+19
   4.07812500       9.39228781E+19
   4.14843750       9.73063568E+19
   4.21875000       1.00059085E+20
   4.28906250       1.02157772E+20
   4.35937500       1.03674816E+20
   4.42968750       1.04753701E+20
   4.50000000       1.05559467E+20
   4.57031250       1.06224680E+20
   4.64062500       1.06809990E+20
   4.71093750       1.07298173E+20
   4.78125000       1.07622124E+20
   4.85156250       1.07716542E+20
   4.92187500       1.07565891E+20
   4.99218750       1.07226204E+20
   5.06250000       1.06805390E+20
   5.13281250       1.06414861E+20
   5.20312500       1.06118133E+20
   5.27343750       1.05906772E+20
   5.34375000       1.05713179E+20
   5.41406250       1.05452894E+20
   5.48437500       1.05070703E+20
   5.55468750       1.04568350E+20
   5.62500000       1.03998750E+20
   5.69531250       1.03433460E+20
   5.76562500       1.02922926E+20
   5.83593750       1.02476964E+20
   5.90625000       1.02077006E+20
   5.97656250       1.01715416E+20
   6.04687500       1.01435366E+20
   6.11718750       1.01347027E+20
   6.18750000       1.01603081E+20
   6.25781250       1.02343457E+20
   6.32812500       1.03632718E+20
   6.39843750       1.05421509E+20
   6.46875000       1.07548255E+20
   6.53906250       1.09782058E+20
   6.60937500       1.11885081E+20
   6.67968750       1.13669183E+20
   6.75000000       1.15024652E+20
   6.82031250       1.15921748E+20
   6.89062500       1.16396218E+20
   6.96093750       1.16536930E+20
   7.03125000       1.16478567E+20
   7.10156250       1.16394785E+20
   7.17187500       1.16481048E+20
   7.24218750       1.16927212E+20
   7.31250000       1.17884086E+20
   7.38281250       1.19435717E+20
   7.45312500       1.21581902E+20
   7.52343750       1.24239105E+20
   7.59375000       1.27258910E+20
   7.66406250       1.30466766E+20
   7.73437500       1.33709472E+20
   7.80468750       1.36897009E+20
   7.87500000       1.40016543E+20
   7.94531250       1.43112196E+20
   8.01562500       1.46237386E+20
   8.08593750       1.49404226E+20
   8.15625000       1.52550571E+20
   8.22656250       1.55539079E+20
   8.29687500       1.58185542E+20
   8.36718750       1.60309376E+20
   8.43750000       1.61788949E+20
   8.50781250       1.62605948E+20
   8.57812500       1.62860542E+20
   8.64843750       1.62750714E+20
   8.71875000       1.62520766E+20
   8.78906250       1.62401509E+20
   8.85937500       1.62564342E+20
   8.92968750       1.63105742E+20
   9.00000000       1.64055491E+20
   9.07031250       1.65395312E+20
   9.14062500       1.67068874E+20
   9.21093750       1.68981426E+20
   9.28125000       1.70994254E+20
   9.35156250       1.72932315E+20
   9.42187500       1.74611612E+20
   9.49218750       1.75885128E+20
   9.56250000       1.76687560E+20
   9.63281250       1.77062467E+20
   9.70312500       1.77158503E+20
   9.77343750       1.77200003E+20
   9.84375000       1.77441825E+20
   9.91406250       1.78126759E+20
   9.98437500       1.79453650E+20
   10.0546875       1.81558432E+20
   10.1250000       1.84497506E+20
   10.1953125       1.88230304E+20
   10.2656250       1.92604794E+20
   10.3359375       1.97364044E+20
   10.4062500       2.02184496E+20
   10.4765625       2.06746080E+20
   10.5468750       2.10809505E+20
   10.6171875       2.14273107E+20
   10.6875000       2.17183066E+20
   10.7578125       2.19699787E+20
   10.8281250       2.22037085E+20
   10.8984375       2.24403163E+20
   10.9687500       2.26959783E+20
   11.0390625       2.29810227E+20
   11.1093750       2.33012339E+20
   11.1796875       2.36607127E+20
   11.2500000       2.40640065E+20
   11.3203125       2.45162136E+20
   11.3906250       2.50203353E+20
   11.4609375       2.55738699E+20
   11.5312500       2.61664047E+20
   11.6015625       2.67798125E+20
   11.6718750       2.73905499E+20
   11.7421875       2.79729322E+20
   11.8125000       2.85017568E+20
   11.8828125       2.89537564E+20
   11.9531250       2.93077956E+20
   12.0234375       2.95447535E+20
   12.0937500       2.96480267E+20
   12.1640625       2.96057069E+20
   12.2343750       2.94141632E+20
   12.3046875       2.90819102E+20
   12.3750000       2.86316346E+20
   12.4453125       2.80991614E+20
   12.5156250       2.75289951E+20
   12.5859375       2.69675880E+20
   12.6562500       2.64552947E+20
   12.7265625       2.60185107E+20
   12.7968750       2.56636393E+20
   12.8671875       2.53751116E+20
   12.9375000       2.51187513E+20
   13.0078125       2.48501168E+20
   13.0781250       2.45255586E+20
   13.1484375       2.41129004E+20
   13.2187500       2.35989008E+20
   13.2890625       2.29920935E+20
   13.3593750       2.23209340E+20
   13.4296875       2.16283666E+20
   13.5000000       2.09638305E+20
   13.5703125       2.03740736E+20
   13.6406250       1.98943030E+20
   13.7109375       1.95417838E+20
   13.7812500       1.93134548E+20
   13.8515625       1.91881157E+20
   13.9218750       1.91321233E+20
   13.9921875       1.91069014E+20
   14.0625000       1.90762629E+20
   14.1328125       1.90123029E+20
   14.2031250       1.88990955E+20
   14.2734375       1.87338345E+20
   14.3437500       1.85250627E+20
   14.4140625       1.82883880E+20
   14.4843750       1.80409522E+20
   14.5546875       1.77968043E+20
   14.6250000       1.75646085E+20
   14.6953125       1.73479150E+20
   14.7656250       1.71466604E+20
   14.8359375       1.69583695E+20
   14.9062500       1.67781534E+20
   14.9765625       1.65980499E+20
   15.0468750       1.64071219E+20
   15.1171875       1.61934771E+20
   15.1875000       1.59478127E+20
   15.2578125       1.56668726E+20
   15.3281250       1.53549877E+20
   15.3984375       1.50230250E+20
   15.4687500       1.46851873E+20
   15.5390625       1.43551921E+20
   15.6093750       1.40433460E+20
   15.6796875       1.37555141E+20
   15.7500000       1.34937556E+20
   15.8203125       1.32577590E+20
   15.8906250       1.30462508E+20
   15.9609375       1.28581684E+20
   16.0312500       1.26935996E+20
   16.1015625       1.25544577E+20
   16.1718750       1.24446684E+20
   16.2421875       1.23698286E+20
   16.3125000       1.23364721E+20
   16.3828125       1.23513102E+20
   16.4531250       1.24205900E+20
   16.5234375       1.25495627E+20
   16.5937500       1.27418031E+20
   16.6640625       1.29983121E+20
   16.7343750       1.33164835E+20
   16.8046875       1.36892487E+20
   16.8750000       1.41044762E+20
   16.9453125       1.45451640E+20
   17.0156250       1.49909069E+20
   17.0859375       1.54210534E+20
   17.1562500       1.58188532E+20
   17.2265625       1.61752322E+20
   17.2968750       1.64905985E+20
   17.3671875       1.67738521E+20
   17.4375000       1.70386778E+20
   17.5078125       1.72982875E+20
   17.5781250       1.75604216E+20
   17.6484375       1.78247336E+20
   17.7187500       1.80833212E+20
   17.7890625       1.83239453E+20
   17.8593750       1.85338307E+20
   17.9296875       1.87023621E+20
   18.0000000       1.88218148E+20
   18.0703125       1.88870079E+20
   18.1406250       1.88952357E+20
   18.2109375       1.88475451E+20
   18.2812500       1.87506315E+20
   18.3515625       1.86178175E+20
   18.4218750       1.84674589E+20
   18.4921875       1.83189263E+20
   18.5625000       1.81875848E+20
   18.6328125       1.80812347E+20
   18.7031250       1.79997002E+20
   18.7734375       1.79380080E+20
   18.8437500       1.78915488E+20
   18.9140625       1.78606023E+20
   18.9843750       1.78517781E+20
   19.0546875       1.78756648E+20
   19.1250000       1.79417674E+20
   19.1953125       1.80533388E+20
   19.2656250       1.82047002E+20
   19.3359375       1.83826047E+20
   19.4062500       1.85709854E+20
   19.4765625       1.87568961E+20
   19.5468750       1.89348868E+20
   19.6171875       1.91082068E+20
   19.6875000       1.92865792E+20
   19.7578125       1.94818208E+20
   19.8281250       1.97031428E+20
   19.8984375       1.99539476E+20
   19.9687500       2.02306392E+20
   20.0390625       2.05230566E+20
   20.1093750       2.08156797E+20
   20.1796875       2.10896217E+20
   20.2500000       2.13255910E+20
   20.3203125       2.15081099E+20
   20.3906250       2.16296297E+20
   20.4609375       2.16928859E+20
   20.5312500       2.17096706E+20
   20.6015625       2.16959346E+20
   20.6718750       2.16651747E+20
   20.7421875       2.16232121E+20
   20.8125000       2.15669751E+20
   20.8828125       2.14878701E+20
   20.9531250       2.13780210E+20
   21.0234375       2.12364742E+20
   21.0937500       2.10725379E+20
   21.1640625       2.09049706E+20
   21.2343750       2.07573634E+20
   21.3046875       2.06515217E+20
   21.3750000       2.06009987E+20
   21.4453125       2.06067883E+20
   21.5156250       2.06563596E+20
   21.5859375       2.07264240E+20
   21.6562500       2.07885525E+20
   21.7265625       2.08161336E+20
   21.7968750       2.07907375E+20
   21.8671875       2.07061859E+20
   21.9375000       2.05690777E+20
   22.0078125       2.03955202E+20
   22.0781250       2.02051745E+20
   22.1484375       2.00146125E+20
   22.2187500       1.98321569E+20
   22.2890625       1.96554469E+20
   22.3593750       1.94724477E+20
   22.4296875       1.92655653E+20
   22.5000000       1.90176703E+20
   22.5703125       1.87177464E+20
   22.6406250       1.83639236E+20
   22.7109375       1.79625895E+20
   22.7812500       1.75241817E+20
   22.8515625       1.70578955E+20
   22.9218750       1.65680798E+20
   22.9921875       1.60541821E+20
   23.0625000       1.55142885E+20
   23.1328125       1.49503200E+20
   23.2031250       1.43723181E+20
   23.2734375       1.37996054E+20
   23.3437500       1.32584214E+20
   23.4140625       1.27769743E+20
   23.4843750       1.23799652E+20
   23.5546875       1.20843840E+20
   23.6250000       1.18975717E+20
   23.6953125       1.18173856E+20
   23.7656250       1.18338756E+20
   23.8359375       1.19312686E+20
   23.9062500       1.20895007E+20
   23.9765625       1.22848777E+20
   24.0468750       1.24905304E+20
   24.1171875       1.26776074E+20
   24.1875000       1.28180028E+20
   24.2578125       1.28882264E+20
   24.3281250       1.28733557E+20
   24.3984375       1.27695996E+20
   24.4687500       1.25844973E+20
   24.5390625       1.23345053E+20
   24.6093750       1.20409876E+20
   24.6796875       1.17260303E+20
   24.7500000       1.14094518E+20
   24.8203125       1.11072612E+20
   24.8906250       1.08314113E+20
   24.9609375       1.05902576E+20
   25.0312500       1.03892599E+20
   25.1015625       1.02313155E+20
   25.1718750       1.01165748E+20
   25.2421875       1.00418476E+20
   25.3125000       9.99993335E+19
   25.3828125       9.97918513E+19
   25.4531250       9.96374974E+19
   25.5234375       9.93520466E+19
   25.5937500       9.87598408E+19
   25.6640625       9.77395644E+19
   25.7343750       9.62639407E+19
   25.8046875       9.44128029E+19
   25.8750000       9.23506292E+19
   25.9453125       9.02747425E+19
   26.0156250       8.83548105E+19
   26.0859375       8.66841597E+19
   26.1562500       8.52587968E+19
   26.2265625       8.39868642E+19
   26.2968750       8.27248711E+19
   26.3671875       8.13265474E+19
   26.4375000       7.96894274E+19
   26.5078125       7.77815108E+19
   26.5781250       7.56418876E+19
   26.6484375       7.33582151E+19
   26.7187500       7.10353253E+19
   26.7890625       6.87678157E+19
   26.8593750       6.66259494E+19
   26.9296875       6.46534651E+19
   27.0000000       6.28723223E+19
   27.0703125       6.12866902E+19
   27.1406250       5.98855605E+19
   27.2109375       5.86446781E+19
   27.2812500       5.75302923E+19
   27.3515625       5.65021389E+19
   27.4218750       5.55143773E+19
   27.4921875       5.45144330E+19
   27.5625000       5.34442300E+19
   27.6328125       5.22456436E+19
   27.7031250       5.08714739E+19
   27.7734375       4.92995153E+19
   27.8437500       4.75457239E+19
   27.9140625       4.56689367E+19
   27.9843750       4.37613017E+19
   28.0546875       4.19232745E+19
   28.1250000       4.02318605E+19
   28.1953125       3.87148028E+19
   28.2656250       3.73440196E+19
   28.3359375       3.60500682E+19
   28.4062500       3.47521431E+19
   28.4765625       3.33896129E+19
   28.5468750       3.19459651E+19
   28.6171875       3.04585502E+19
   28.6875000       2.90142801E+19
   28.7578125       2.77306002E+19
   28.8281250       2.67269880E+19
   28.8984375       2.60938233E+19
   28.9687500       2.58681133E+19
   29.0390625       2.60205672E+19
   29.1093750       2.64562443E+19
   29.1796875       2.70272888E+19
   29.2500000       2.75574777E+19
   29.3203125       2.78745021E+19
   29.3906250       2.78453497E+19
   29.4609375       2.74050393E+19
   29.5312500       2.65714291E+19
   29.6015625       2.54393456E+19
   29.6718750       2.41567301E+19
   29.7421875       2.28897584E+19
   29.8125000       2.17886173E+19
   29.8828125       2.09598142E+19
   29.9531250       2.04478530E+19
   30.0234375       2.02252459E+19
   30.0937500       2.01931930E+19
   30.1640625       2.01956712E+19
   30.2343750       2.00494626E+19
   30.3046875       0.00000000    
   30.3750000       0.00000000    
   30.4453125       0.00000000    
   30.5156250       0.00000000    
   30.5859375       0.00000000    
   30.6562500       0.00000000    
   30.7265625       0.00000000    
   30.7968750       0.00000000    
   30.8671875       0.00000000    
   30.9375000       0.00000000    
   31.0078125       0.00000000    
   31.0781250       0.00000000    
   31.1484375       0.00000000    
   31.2187500       0.00000000    
   31.2890625       0.00000000    
   31.3593750       0.00000000    
   31.4296875       0.00000000    
   31.5000000       0.00000000    
   31.5703125       0.00000000    
   31.6406250       0.00000000    
   31.7109375       0.00000000    
   31.7812500       0.00000000    
   31.8515625       0.00000000    
   31.9218750       0.00000000    
   31.9921875       0.00000000    
   32.0625000       0.00000000    
   32.1328125       0.00000000    
   32.2031250       0.00000000    
   32.2734375       0.00000000    
   32.3437500       0.00000000    
   32.4140625       0.00000000    
   32.4843750       0.00000000    
   32.5546875       0.00000000    
   32.6250000       0.00000000    
   32.6953125       0.00000000    
   32.7656250       0.00000000    
   32.8359375       0.00000000    
   32.9062500       0.00000000    
   32.9765625       0.00000000    
   33.0468750       0.00000000    
   33.1171875       0.00000000    
   33.1875000       0.00000000    
   33.2578125       0.00000000    
   33.3281250       0.00000000    
   33.3984375       0.00000000    
   33.4687500       0.00000000    
   33.5390625       0.00000000    
   33.6093750       0.00000000    
   33.6796875       0.00000000    
   33.7500000       0.00000000    
   33.8203125       0.00000000    
   33.8906250       0.00000000    
   33.9609375       0.00000000    
   34.0312500       0.00000000    
   34.1015625       0.00000000    
   34.1718750       0.00000000    
   34.2421875       0.00000000    
   34.3125000       0.00000000    
   34.3828125       0.00000000    
   34.4531250       0.00000000    
   34.5234375       0.00000000    
   34.5937500       0.00000000    
   34.6640625       0.00000000    
   34.7343750       0.00000000    
   34.8046875       0.00000000    
   34.8750000       0.00000000    
   34.9453125       0.00000000    
   35.0156250       0.00000000    
   35.0859375       0.00000000    
   35.1562500       0.00000000    
   35.2265625       0.00000000    
   35.2968750       0.00000000    
   35.3671875       0.00000000    
   35.4375000       0.00000000    
   35.5078125       0.00000000    
   35.5781250       0.00000000    
   35.6484375       0.00000000    
   35.7187500       0.00000000    
   35.7890625       0.00000000    
   35.8593750       0.00000000    
   35.9296875       0.00000000    
   36.0000000       0.00000000    
   36.0703125       0.00000000    
   36.1406250       0.00000000    
   36.2109375       0.00000000    
   36.2812500       0.00000000    
   36.3515625       0.00000000    
   36.4218750       0.00000000    
   36.4921875       0.00000000    
   36.5625000       0.00000000    
   36.6328125       0.00000000    
   36.7031250       0.00000000    
