1994 03 09 23 28 06.0 -18.040 -178.410
587. 3.345E+20 7.616 252 31 -29 7 76 -117
  -1.12500000       0.00000000    
  -1.05468750       2.44261473E+17
 -0.984375000       2.30818999E+17
 -0.914062500       2.12866894E+17
 -0.843750000       1.93643531E+17
 -0.773437500       1.78006689E+17
 -0.703125000       2.10484579E+17
 -0.632812500       4.33469403E+17
 -0.562500000       8.99214625E+17
 -0.492187500       1.56122020E+18
 -0.421875000       2.24063771E+18
 -0.351562500       2.83372321E+18
 -0.281250000       3.29531936E+18
 -0.210937500       3.61983829E+18
 -0.140625000       3.82537000E+18
  -7.03125000E-02   3.94083164E+18
   0.00000000       4.04635837E+18
   7.03125000E-02   4.22889874E+18
  0.140625000       4.53701351E+18
  0.210937500       5.04888483E+18
  0.281250000       5.78476872E+18
  0.351562500       6.75033454E+18
  0.421875000       7.83807590E+18
  0.492187500       8.96979882E+18
  0.562500000       1.01086988E+19
  0.632812500       1.12516873E+19
  0.703125000       1.24380889E+19
  0.773437500       1.38289745E+19
  0.843750000       1.55360674E+19
  0.914062500       1.76151405E+19
  0.984375000       1.99853831E+19
   1.05468750       2.25953554E+19
   1.12500000       2.54060370E+19
   1.19531250       2.83790328E+19
   1.26562500       3.14710574E+19
   1.33593750       3.46333452E+19
   1.40625000       3.78137222E+19
   1.47656250       4.09595569E+19
   1.54687500       4.40205973E+19
   1.61718750       4.69513851E+19
   1.68750000       4.97134463E+19
   1.75781250       5.22776525E+19
   1.82812500       5.46265436E+19
   1.89843750       5.67561921E+19
   1.96875000       5.86763836E+19
   2.03906250       6.04089764E+19
   2.10937500       6.19845326E+19
   2.17968750       6.34376956E+19
   2.25000000       6.48013978E+19
   2.32031250       6.61002465E+19
   2.39062500       6.73436227E+19
   2.46093750       6.85202408E+19
   2.53125000       6.95958359E+19
   2.60156250       7.05154762E+19
   2.67187500       7.12109305E+19
   2.74218750       7.16115881E+19
   2.81250000       7.16566725E+19
   2.88281250       7.13063461E+19
   2.95312500       7.05491125E+19
   3.02343750       6.94039051E+19
   3.09375000       6.79160988E+19
   3.16406250       6.61485063E+19
   3.23437500       6.41709687E+19
   3.30468750       6.20518227E+19
   3.37500000       5.98530238E+19
   3.44531250       5.76284523E+19
   3.51562500       5.54233377E+19
   3.58593750       5.32736737E+19
   3.65625000       5.12058794E+19
   3.72656250       4.92373050E+19
   3.79687500       4.73784838E+19
   3.86718750       4.56361537E+19
   3.93750000       4.40155571E+19
   4.00781250       4.25206787E+19
   4.07812500       4.11523717E+19
   4.14843750       3.99066030E+19
   4.21875000       3.87749680E+19
   4.28906250       3.77493260E+19
   4.35937500       3.68293998E+19
   4.42968750       3.60304419E+19
   4.50000000       3.53865525E+19
   4.57031250       3.49468292E+19
   4.64062500       3.47639144E+19
   4.71093750       3.48789366E+19
   4.78125000       3.53080825E+19
   4.85156250       3.60361637E+19
   4.92187500       3.70188017E+19
   4.99218750       3.81918399E+19
   5.06250000       3.94838848E+19
   5.13281250       4.08279981E+19
   5.20312500       4.21691956E+19
   5.27343750       4.34665094E+19
   5.34375000       4.46900503E+19
   5.41406250       4.58156864E+19
   5.48437500       4.68196724E+19
   5.55468750       4.76754971E+19
   5.62500000       4.83533636E+19
   5.69531250       4.88220018E+19
   5.76562500       4.90523231E+19
   5.83593750       4.90223109E+19
   5.90625000       4.87220870E+19
   5.97656250       4.81578924E+19
   6.04687500       4.73531687E+19
   6.11718750       4.63459280E+19
   6.18750000       4.51829262E+19
   6.25781250       4.39129199E+19
   6.32812500       4.25812002E+19
   6.39843750       4.12268262E+19
   6.46875000       3.98817540E+19
   6.53906250       3.85705864E+19
   6.60937500       3.73093498E+19
   6.67968750       3.61032384E+19
   6.75000000       3.49438781E+19
   6.82031250       3.38084520E+19
   6.89062500       3.26620286E+19
   6.96093750       3.14639348E+19
   7.03125000       3.01762923E+19
   7.10156250       2.87719411E+19
   7.17187500       2.72388217E+19
   7.24218750       2.55798192E+19
   7.31250000       2.38089589E+19
   7.38281250       2.19467073E+19
   7.45312500       2.00168093E+19
   7.52343750       1.80464944E+19
   7.59375000       1.60698242E+19
   7.66406250       1.41334732E+19
   7.73437500       1.23036165E+19
   7.80468750       9.62307640E+18
   7.87500000       8.33465383E+18
   7.94531250       7.36267126E+18
   8.01562500       7.28899958E+18
   8.08593750       7.24143801E+18
   8.15625000       7.19716342E+18
   8.22656250       6.69556237E+18
   8.29687500       6.75111135E+18
   8.36718750       6.81437120E+18
   8.43750000       6.87794991E+18
   8.50781250       6.93408712E+18
   8.57812500       6.97501369E+18
   8.64843750       6.99361083E+18
   8.71875000       6.98484278E+18
   8.78906250       6.94793547E+18
   8.85937500       6.88828917E+18
   8.92968750       6.81781377E+18
   9.00000000       6.75287331E+18
   9.07031250       6.71043986E+18
   9.14062500       6.70387907E+18
   9.21093750       6.73999308E+18
   9.28125000       6.81806940E+18
   9.35156250       6.93084411E+18
   9.42187500       7.06650131E+18
   9.49218750       7.21084025E+18
   9.56250000       7.34893451E+18
   9.63281250       7.46624250E+18
   9.70312500       7.54941561E+18
   9.77343750       7.58717174E+18
   9.84375000       7.57115461E+18
   9.91406250       7.49652031E+18
   9.98437500       7.36191040E+18
   10.0546875       7.16884660E+18
   10.1250000       6.92078963E+18
   10.1953125       6.62238217E+18
   10.2656250       6.27914268E+18
   10.3359375       5.89775178E+18
   10.4062500       5.48645802E+18
   10.4765625       5.05516029E+18
   10.5468750       4.61495212E+18
   10.6171875       3.77485239E+18
   10.6875000       3.47247295E+18
   10.7578125       3.19805519E+18
   10.8281250       2.95273435E+18
   10.8984375       2.73446288E+18
   10.9687500       1.44075922E+18
   11.0390625       1.37813447E+18
   11.1093750       1.31439936E+18
   11.1796875       1.24765584E+18
   11.2500000       1.17870134E+18
   11.3203125       1.11041225E+18
   11.3906250       1.04665467E+18
   11.4609375       9.91069888E+17
   11.5312500       9.46028944E+17
   11.6015625       9.11963050E+17
   11.6718750       8.87192222E+17
   11.7421875       8.68266328E+17
   11.8125000       8.50741418E+17
   11.8828125       8.30198555E+17
   11.9531250       8.03257428E+17
   12.0234375       7.68302304E+17
   12.0937500       7.25724678E+17
   12.1640625       6.77618502E+17
   12.2343750       6.27053337E+17
   12.3046875       5.77156743E+17
   12.3750000       5.30306862E+17
   12.4453125       4.87694464E+17
   12.5156250       0.00000000    
   12.5859375       0.00000000    
   12.6562500       0.00000000    
   12.7265625       0.00000000    
   12.7968750       0.00000000    
   12.8671875       0.00000000    
   12.9375000       0.00000000    
   13.0078125       0.00000000    
   13.0781250       0.00000000    
   13.1484375       0.00000000    
   13.2187500       0.00000000    
