2012 04 11 08 38 36.0 2.327 93.063
24. 1.361E+22 8.689 289 83 175 20 85 7
  -1.12500000       0.00000000    
  -1.05468750       7.81024506E+18
 -0.984375000       8.09697680E+18
 -0.914062500       8.33839932E+18
 -0.843750000       8.51685720E+18
 -0.773437500       8.61717994E+18
 -0.703125000       8.63173912E+18
 -0.632812500       8.56575633E+18
 -0.562500000       8.44304424E+18
 -0.492187500       8.32251852E+18
 -0.421875000       8.23340365E+18
 -0.351562500       8.16413387E+18
 -0.281250000       8.06495187E+18
 -0.210937500       7.90845564E+18
 -0.140625000       7.69413113E+18
  -7.03125000E-02   7.42569142E+18
   0.00000000       7.11005022E+18
   7.03125000E-02   6.75722243E+18
  0.140625000       6.38164685E+18
  0.210937500       6.00489864E+18
  0.281250000       5.65976909E+18
  0.351562500       5.36342267E+18
  0.421875000       5.13271599E+18
  0.492187500       4.99049141E+18
  0.562500000       4.95796236E+18
  0.632812500       5.01277741E+18
  0.703125000       5.10748000E+18
  0.773437500       5.20504846E+18
  0.843750000       5.30751250E+18
  0.914062500       5.41502825E+18
  0.984375000       5.52388814E+18
   1.05468750       5.62241593E+18
   1.12500000       5.70266379E+18
   1.19531250       5.76001706E+18
   1.26562500       5.79223660E+18
   1.33593750       5.79940762E+18
   1.40625000       5.78351802E+18
   1.47656250       5.74867945E+18
   1.54687500       5.70041474E+18
   1.61718750       5.64514833E+18
   1.68750000       5.58890117E+18
   1.75781250       5.53676233E+18
   1.82812500       5.49217768E+18
   1.89843750       5.45730172E+18
   1.96875000       5.43311301E+18
   2.03906250       5.42028006E+18
   2.10937500       5.41927071E+18
   2.17968750       5.43082218E+18
   2.25000000       5.45539132E+18
   2.32031250       5.49300726E+18
   2.39062500       5.54238963E+18
   2.46093750       5.60089794E+18
   2.53125000       5.66429578E+18
   2.60156250       5.72772276E+18
   2.67187500       5.78650705E+18
   2.74218750       5.83769041E+18
   2.81250000       5.88065383E+18
   2.88281250       5.91773871E+18
   2.95312500       5.95346679E+18
   3.02343750       5.99368912E+18
   3.09375000       6.04377792E+18
   3.16406250       6.10756444E+18
   3.23437500       6.18616633E+18
   3.30468750       6.27821414E+18
   3.37500000       6.38014217E+18
   3.44531250       6.50672400E+18
   3.51562500       6.67565681E+18
   3.58593750       6.89483126E+18
   3.65625000       7.14549682E+18
   3.72656250       7.40136747E+18
   3.79687500       7.64423530E+18
   3.86718750       7.86396280E+18
   3.93750000       8.05693259E+18
   4.00781250       8.22522384E+18
   4.07812500       8.37444845E+18
   4.14843750       8.51250259E+18
   4.21875000       8.64732195E+18
   4.28906250       8.78595937E+18
   4.35937500       8.93315594E+18
   4.42968750       9.09165659E+18
   4.50000000       9.26209024E+18
   4.57031250       9.44420455E+18
   4.64062500       9.63696543E+18
   4.71093750       9.83941301E+18
   4.78125000       1.00765095E+19
   4.85156250       1.03762474E+19
   4.92187500       1.07509488E+19
   4.99218750       1.11766061E+19
   5.06250000       1.16207197E+19
   5.13281250       1.21290855E+19
   5.20312500       1.27470814E+19
   5.27343750       1.35015322E+19
   5.34375000       1.44473431E+19
   5.41406250       1.55938215E+19
   5.48437500       1.69294081E+19
   5.55468750       1.83216713E+19
   5.62500000       1.96762268E+19
   5.69531250       2.09347652E+19
   5.76562500       2.20669653E+19
   5.83593750       2.30636264E+19
   5.90625000       2.39306309E+19
   5.97656250       2.46837546E+19
   6.04687500       2.53437694E+19
   6.11718750       2.59321423E+19
   6.18750000       2.64672680E+19
   6.25781250       2.69621560E+19
   6.32812500       2.74236276E+19
   6.39843750       2.78532640E+19
   6.46875000       2.82493059E+19
   6.53906250       2.86090507E+19
   6.60937500       2.89308007E+19
   6.67968750       2.92153302E+19
   6.75000000       2.94662343E+19
   6.82031250       2.96897189E+19
   6.89062500       2.98936453E+19
   6.96093750       3.01114321E+19
   7.03125000       3.03662220E+19
   7.10156250       3.06705294E+19
   7.17187500       3.10050514E+19
   7.24218750       3.13551799E+19
   7.31250000       3.17117339E+19
   7.38281250       3.20701110E+19
   7.45312500       3.24313555E+19
   7.52343750       3.28040548E+19
   7.59375000       3.32027553E+19
   7.66406250       3.36458936E+19
   7.73437500       3.41518647E+19
   7.80468750       3.47824082E+19
   7.87500000       3.56011332E+19
   7.94531250       3.66666303E+19
   8.01562500       3.79882719E+19
   8.08593750       3.96602156E+19
   8.15625000       4.17274910E+19
   8.22656250       4.41509598E+19
   8.29687500       4.67424427E+19
   8.36718750       4.93307151E+19
   8.43750000       5.18795150E+19
   8.50781250       5.44087524E+19
   8.57812500       5.69401448E+19
   8.64843750       5.94276843E+19
   8.71875000       6.18191353E+19
   8.78906250       6.40939413E+19
   8.85937500       6.62543189E+19
   8.92968750       6.83172578E+19
   9.00000000       7.03084821E+19
   9.07031250       7.22568124E+19
   9.14062500       7.41902156E+19
   9.21093750       7.61322786E+19
   9.28125000       7.81001493E+19
   9.35156250       8.01030021E+19
   9.42187500       8.21420684E+19
   9.49218750       8.42111030E+19
   9.56250000       8.62986534E+19
   9.63281250       8.83906546E+19
   9.70312500       9.04740971E+19
   9.77343750       9.25399476E+19
   9.84375000       9.45854702E+19
   9.91406250       9.66142627E+19
   9.98437500       9.86351035E+19
   10.0546875       1.00658882E+20
   10.1250000       1.02696304E+20
   10.1953125       1.04755689E+20
   10.2656250       1.06842536E+20
   10.3359375       1.08959280E+20
   10.4062500       1.11106239E+20
   10.4765625       1.13281979E+20
   10.5468750       1.15483896E+20
   10.6171875       1.17708332E+20
   10.6875000       1.19950966E+20
   10.7578125       1.22206874E+20
   10.8281250       1.24471401E+20
   10.8984375       1.26740705E+20
   10.9687500       1.29013132E+20
   11.0390625       1.31289737E+20
   11.1093750       1.33575015E+20
   11.1796875       1.35876292E+20
   11.2500000       1.38202956E+20
   11.3203125       1.40564751E+20
   11.3906250       1.42970157E+20
   11.4609375       1.45424258E+20
   11.5312500       1.47927556E+20
   11.6015625       1.50474957E+20
   11.6718750       1.53055607E+20
   11.7421875       1.55653270E+20
   11.8125000       1.58247748E+20
   11.8828125       1.60816400E+20
   11.9531250       1.63337361E+20
   12.0234375       1.65792157E+20
   12.0937500       1.68169266E+20
   12.1640625       1.70465538E+20
   12.2343750       1.72687097E+20
   12.3046875       1.74847242E+20
   12.3750000       1.76963740E+20
   12.4453125       1.79054730E+20
   12.5156250       1.81135709E+20
   12.5859375       1.83216812E+20
   12.6562500       1.85302735E+20
   12.7265625       1.87393127E+20
   12.7968750       1.89484891E+20
   12.8671875       1.91573593E+20
   12.9375000       1.93655329E+20
   13.0078125       1.95727179E+20
   13.0781250       1.97787540E+20
   13.1484375       1.99835359E+20
   13.2187500       2.01869842E+20
   13.2890625       2.03889619E+20
   13.3593750       2.05892260E+20
   13.4296875       2.07874249E+20
   13.5000000       2.09831520E+20
   13.5703125       2.11759483E+20
   13.6406250       2.13654144E+20
   13.7109375       2.15512583E+20
   13.7812500       2.17333585E+20
   13.8515625       2.19118558E+20
   13.9218750       2.20872535E+20
   13.9921875       2.22604679E+20
   14.0625000       2.24328449E+20
   14.1328125       2.26059749E+20
   14.2031250       2.27815062E+20
   14.2734375       2.29607794E+20
   14.3437500       2.31445667E+20
   14.4140625       2.33327996E+20
   14.4843750       2.35246230E+20
   14.5546875       2.37184942E+20
   14.6250000       2.39124920E+20
   14.6953125       2.41046268E+20
   14.7656250       2.42931042E+20
   14.8359375       2.44764658E+20
   14.9062500       2.46536825E+20
   14.9765625       2.48241349E+20
   15.0468750       2.49876226E+20
   15.1171875       2.51443409E+20
   15.1875000       2.52948719E+20
   15.2578125       2.54400743E+20
   15.3281250       2.55809701E+20
   15.3984375       2.57185375E+20
   15.4687500       2.58535347E+20
   15.5390625       2.59862959E+20
   15.6093750       2.61167120E+20
   15.6796875       2.62442255E+20
   15.7500000       2.63680146E+20
   15.8203125       2.64871348E+20
   15.8906250       2.66008331E+20
   15.9609375       2.67086328E+20
   16.0312500       2.68105566E+20
   16.1015625       2.69071272E+20
   16.1718750       2.69993876E+20
   16.2421875       2.70887665E+20
   16.3125000       2.71768822E+20
   16.3828125       2.72651915E+20
   16.4531250       2.73547111E+20
   16.5234375       2.74456363E+20
   16.5937500       2.75371649E+20
   16.6640625       2.76273988E+20
   16.7343750       2.77135371E+20
   16.8046875       2.77922094E+20
   16.8750000       2.78599903E+20
   16.9453125       2.79139508E+20
   17.0156250       2.79520819E+20
   17.0859375       2.79735110E+20
   17.1562500       2.79785071E+20
   17.2265625       2.79682755E+20
   17.2968750       2.79447249E+20
   17.3671875       2.79101861E+20
   17.4375000       2.78671504E+20
   17.5078125       2.78180382E+20
   17.5781250       2.77649310E+20
   17.6484375       2.77093344E+20
   17.7187500       2.76520208E+20
   17.7890625       2.75929409E+20
   17.8593750       2.75313806E+20
   17.9296875       2.74661857E+20
   18.0000000       2.73961284E+20
   18.0703125       2.73201899E+20
   18.1406250       2.72378092E+20
   18.2109375       2.71489142E+20
   18.2812500       2.70538953E+20
   18.3515625       2.69534316E+20
   18.4218750       2.68484080E+20
   18.4921875       2.67398466E+20
   18.5625000       2.66289402E+20
   18.6328125       2.65170310E+20
   18.7031250       2.64056144E+20
   18.7734375       2.62961558E+20
   18.8437500       2.61900081E+20
   18.9140625       2.60881124E+20
   18.9843750       2.59909261E+20
   19.0546875       2.58982751E+20
   19.1250000       2.58093871E+20
   19.1953125       2.57229162E+20
   19.2656250       2.56371314E+20
   19.3359375       2.55499885E+20
   19.4062500       2.54593466E+20
   19.4765625       2.53630592E+20
   19.5468750       2.52591299E+20
   19.6171875       2.51458028E+20
   19.6875000       2.50217110E+20
   19.7578125       2.48859943E+20
   19.8281250       2.47384627E+20
   19.8984375       2.45796335E+20
   19.9687500       2.44107414E+20
   20.0390625       2.42336180E+20
   20.1093750       2.40504763E+20
   20.1796875       2.38636737E+20
   20.2500000       2.36754707E+20
   20.3203125       2.34878114E+20
   20.3906250       2.33021733E+20
   20.4609375       2.31194662E+20
   20.5312500       2.29400083E+20
   20.6015625       2.27636255E+20
   20.6718750       2.25897655E+20
   20.7421875       2.24177121E+20
   20.8125000       2.22467601E+20
   20.8828125       2.20763445E+20
   20.9531250       2.19061595E+20
   21.0234375       2.17361697E+20
   21.0937500       2.15666233E+20
   21.1640625       2.13979723E+20
   21.2343750       2.12308395E+20
   21.3046875       2.10659145E+20
   21.3750000       2.09039327E+20
   21.4453125       2.07456575E+20
   21.5156250       2.05919792E+20
   21.5859375       2.04440835E+20
   21.6562500       2.03036151E+20
   21.7265625       2.01728471E+20
   21.7968750       2.00547596E+20
   21.8671875       1.99478167E+20
   21.9375000       1.98482696E+20
   22.0078125       1.97503585E+20
   22.0781250       1.96513074E+20
   22.1484375       1.95487749E+20
   22.2187500       1.94405302E+20
   22.2890625       1.93247367E+20
   22.3593750       1.92002280E+20
   22.4296875       1.90666487E+20
   22.5000000       1.89244370E+20
   22.5703125       1.87747310E+20
   22.6406250       1.86191229E+20
   22.7109375       1.84593612E+20
   22.7812500       1.82970856E+20
   22.8515625       1.81335627E+20
   22.9218750       1.79694821E+20
   22.9921875       1.78048492E+20
   23.0625000       1.76390076E+20
   23.1328125       1.74739314E+20
   23.2031250       1.73120604E+20
   23.2734375       1.71541037E+20
   23.3437500       1.69966554E+20
   23.4140625       1.68352453E+20
   23.4843750       1.66674211E+20
   23.5546875       1.64927131E+20
   23.6250000       1.63124073E+20
   23.6953125       1.61291565E+20
   23.7656250       1.59464669E+20
   23.8359375       1.57681596E+20
   23.9062500       1.55978461E+20
   23.9765625       1.54385066E+20
   24.0468750       1.52922100E+20
   24.1171875       1.51600153E+20
   24.1875000       1.50419770E+20
   24.2578125       1.49372842E+20
   24.3281250       1.48444344E+20
   24.3984375       1.47614573E+20
   24.4687500       1.46861733E+20
   24.5390625       1.46164475E+20
   24.6093750       1.45504434E+20
   24.6796875       1.44867923E+20
   24.7500000       1.44246892E+20
   24.8203125       1.43638449E+20
   24.8906250       1.43043877E+20
   24.9609375       1.42467003E+20
   25.0312500       1.41912532E+20
   25.1015625       1.41384353E+20
   25.1718750       1.40884049E+20
   25.2421875       1.40409667E+20
   25.3125000       1.39955014E+20
   25.3828125       1.39509571E+20
   25.4531250       1.39059634E+20
   25.5234375       1.38589782E+20
   25.5937500       1.38085431E+20
   25.6640625       1.37535095E+20
   25.7343750       1.36932158E+20
   25.8046875       1.36275362E+20
   25.8750000       1.35568429E+20
   25.9453125       1.34818272E+20
   26.0156250       1.34033810E+20
   26.0859375       1.33224420E+20
   26.1562500       1.32399610E+20
   26.2265625       1.31569039E+20
   26.2968750       1.30742954E+20
   26.3671875       1.29932183E+20
   26.4375000       1.29148187E+20
   26.5078125       1.28402630E+20
   26.5781250       1.27707194E+20
   26.6484375       1.27073611E+20
   26.7187500       1.26514452E+20
   26.7890625       1.26043729E+20
   26.8593750       1.25676501E+20
   26.9296875       1.25427044E+20
   27.0000000       1.25305728E+20
   27.0703125       1.25315202E+20
   27.1406250       1.25447776E+20
   27.2109375       1.25685174E+20
   27.2812500       1.26001007E+20
   27.3515625       1.26365596E+20
   27.4218750       1.26751762E+20
   27.4921875       1.27139740E+20
   27.5625000       1.27519942E+20
   27.6328125       1.27892721E+20
   27.7031250       1.28265965E+20
   27.7734375       1.28650724E+20
   27.8437500       1.29057473E+20
   27.9140625       1.29493047E+20
   27.9843750       1.29959583E+20
   28.0546875       1.30454557E+20
   28.1250000       1.30972154E+20
   28.1953125       1.31505127E+20
   28.2656250       1.32046658E+20
   28.3359375       1.32591726E+20
   28.4062500       1.33138051E+20
   28.4765625       1.33686180E+20
   28.5468750       1.34239120E+20
   28.6171875       1.34801287E+20
   28.6875000       1.35377466E+20
   28.7578125       1.35971897E+20
   28.8281250       1.36587492E+20
   28.8984375       1.37225956E+20
   28.9687500       1.37888135E+20
   29.0390625       1.38575101E+20
   29.1093750       1.39289370E+20
   29.1796875       1.40035481E+20
   29.2500000       1.40820400E+20
   29.3203125       1.41652423E+20
   29.3906250       1.42539729E+20
   29.4609375       1.43488378E+20
   29.5312500       1.44500914E+20
   29.6015625       1.45576316E+20
   29.6718750       1.46711258E+20
   29.7421875       1.47902205E+20
   29.8125000       1.49147433E+20
   29.8828125       1.50447759E+20
   29.9531250       1.51805700E+20
   30.0234375       1.53223173E+20
   30.0937500       1.54698823E+20
   30.1640625       1.56226194E+20
   30.2343750       1.57793201E+20
   30.3046875       1.59383200E+20
   30.3750000       1.60977193E+20
   30.4453125       1.62556074E+20
   30.5156250       1.64102726E+20
   30.5859375       1.65602777E+20
   30.6562500       1.67044404E+20
   30.7265625       1.68417667E+20
   30.7968750       1.69713912E+20
   30.8671875       1.70925680E+20
   30.9375000       1.72047023E+20
   31.0078125       1.73074372E+20
   31.0781250       1.74007057E+20
   31.1484375       1.74847189E+20
   31.2187500       1.75599431E+20
   31.2890625       1.76269746E+20
   31.3593750       1.76864731E+20
   31.4296875       1.77390210E+20
   31.5000000       1.77850967E+20
   31.5703125       1.78250433E+20
   31.6406250       1.78591158E+20
   31.7109375       1.78874639E+20
   31.7812500       1.79101894E+20
   31.8515625       1.79273524E+20
   31.9218750       1.79390054E+20
   31.9921875       1.79452296E+20
   32.0625000       1.79462411E+20
   32.1328125       1.79424693E+20
   32.2031250       1.79346813E+20
   32.2734375       1.79240292E+20
   32.3437500       1.79120912E+20
   32.4140625       1.79007671E+20
   32.4843750       1.78921979E+20
   32.5546875       1.78885071E+20
   32.6250000       1.78915804E+20
   32.6953125       1.79027954E+20
   32.7656250       1.79228347E+20
   32.8359375       1.79515821E+20
   32.9062500       1.79881087E+20
   32.9765625       1.80307997E+20
   33.0468750       1.80775861E+20
   33.1171875       1.81261300E+20
   33.1875000       1.81741215E+20
   33.2578125       1.82194354E+20
   33.3281250       1.82603320E+20
   33.3984375       1.82955762E+20
   33.4687500       1.83245417E+20
   33.5390625       1.83472673E+20
   33.6093750       1.83644302E+20
   33.6796875       1.83772268E+20
   33.7500000       1.83871365E+20
   33.8203125       1.83956106E+20
   33.8906250       1.84037892E+20
   33.9609375       1.84122212E+20
   34.0312500       1.84207903E+20
   34.1015625       1.84287754E+20
   34.1718750       1.84350787E+20
   34.2421875       1.84385514E+20
   34.3125000       1.84382998E+20
   34.3828125       1.84339634E+20
   34.4531250       1.84258111E+20
   34.5234375       1.84147562E+20
   34.5937500       1.84022816E+20
   34.6640625       1.83902468E+20
   34.7343750       1.83807048E+20
   34.8046875       1.83756523E+20
   34.8750000       1.83768134E+20
   34.9453125       1.83854318E+20
   35.0156250       1.84021461E+20
   35.0859375       1.84268860E+20
   35.1562500       1.84588545E+20
   35.2265625       1.84965616E+20
   35.2968750       1.85380352E+20
   35.3671875       1.85810446E+20
   35.4375000       1.86234646E+20
   35.5078125       1.86635238E+20
   35.5781250       1.86999678E+20
   35.6484375       1.87320190E+20
   35.7187500       1.87591707E+20
   35.7890625       1.87808619E+20
   35.8593750       1.87962428E+20
   35.9296875       1.88039921E+20
   36.0000000       1.88023877E+20
   36.0703125       1.87895349E+20
   36.1406250       1.87637465E+20
   36.2109375       1.87238949E+20
   36.2812500       1.86696441E+20
   36.3515625       1.86015043E+20
   36.4218750       1.85207245E+20
   36.4921875       1.84289971E+20
   36.5625000       1.83281886E+20
   36.6328125       1.82200846E+20
   36.7031250       1.81062244E+20
   36.7734375       1.79878572E+20
   36.8437500       1.78660260E+20
   36.9140625       1.77416968E+20
   36.9843750       1.76159197E+20
   37.0546875       1.74899684E+20
   37.1250000       1.73653788E+20
   37.1953125       1.72439558E+20
   37.2656250       1.71276468E+20
   37.3359375       1.70183536E+20
   37.4062500       1.69177087E+20
   37.4765625       1.68268556E+20
   37.5468750       1.67462869E+20
   37.6171875       1.66757246E+20
   37.6875000       1.66140974E+20
   37.7578125       1.65596162E+20
   37.8281250       1.65099640E+20
   37.8984375       1.64625460E+20
   37.9687500       1.64147815E+20
   38.0390625       1.63643289E+20
   38.1093750       1.63092319E+20
   38.1796875       1.62479689E+20
   38.2500000       1.61794403E+20
   38.3203125       1.61029178E+20
   38.3906250       1.60180073E+20
   38.4609375       1.59246034E+20
   38.5312500       1.58228185E+20
   38.6015625       1.57128709E+20
   38.6718750       1.55948994E+20
   38.7421875       1.54687547E+20
   38.8125000       1.53337821E+20
   38.8828125       1.51887011E+20
   38.9531250       1.50317208E+20
   39.0234375       1.48609499E+20
   39.0937500       1.46752846E+20
   39.1640625       1.44757778E+20
   39.2343750       1.42673772E+20
   39.3046875       1.40609145E+20
   39.3750000       1.38749932E+20
   39.4453125       1.37263471E+20
   39.5156250       1.36084786E+20
   39.5859375       1.35060138E+20
   39.6562500       1.34022533E+20
   39.7265625       1.32978701E+20
   39.7968750       1.31933347E+20
   39.8671875       1.30889594E+20
   39.9375000       1.29849939E+20
   40.0078125       1.28817049E+20
   40.0781250       1.27794495E+20
   40.1484375       1.26786656E+20
   40.2187500       1.25798714E+20
   40.2890625       1.24835903E+20
   40.3593750       1.23902839E+20
   40.4296875       1.23002410E+20
   40.5000000       1.22135405E+20
   40.5703125       1.21300102E+20
   40.6406250       1.20492946E+20
   40.7109375       1.19709021E+20
   40.7812500       1.18943101E+20
   40.8515625       1.18190252E+20
   40.9218750       1.17446147E+20
   40.9921875       1.16706351E+20
   41.0625000       1.15965808E+20
   41.1328125       1.15217823E+20
   41.2031250       1.14453751E+20
   41.2734375       1.13662921E+20
   41.3437500       1.12833968E+20
   41.4140625       1.11955801E+20
   41.4843750       1.11018973E+20
   41.5546875       1.10016315E+20
   41.6250000       1.08943438E+20
   41.6953125       1.07799023E+20
   41.7656250       1.06585918E+20
   41.8359375       1.05312895E+20
   41.9062500       1.03997879E+20
   41.9765625       1.02670839E+20
   42.0468750       1.01376643E+20
   42.1171875       1.00144742E+20
   42.1875000       9.89698212E+19
   42.2578125       9.78324248E+19
   42.3281250       9.67228856E+19
   42.3984375       9.56532015E+19
   42.4687500       9.46287909E+19
   42.5390625       9.36483168E+19
   42.6093750       9.27053317E+19
   42.6796875       9.17904940E+19
   42.7500000       9.08949726E+19
   42.8203125       9.00135865E+19
   42.8906250       8.91476111E+19
   42.9609375       8.83061329E+19
   43.0312500       8.75066472E+19
   43.1015625       8.67743988E+19
   43.1718750       8.61413880E+19
   43.2421875       8.56211431E+19
   43.3125000       8.52068911E+19
   43.3828125       8.48772047E+19
   43.4531250       8.46175880E+19
   43.5234375       8.44195440E+19
   43.5937500       8.42733002E+19
   43.6640625       8.41691456E+19
   43.7343750       8.40988824E+19
   43.8046875       8.40807625E+19
   43.8750000       8.41306011E+19
   43.9453125       8.42540279E+19
   44.0156250       8.44251999E+19
   44.0859375       8.46181774E+19
   44.1562500       8.48161774E+19
   44.2265625       8.50100169E+19
   44.2968750       8.51968372E+19
   44.3671875       8.53786700E+19
   44.4375000       8.55613648E+19
   44.5078125       8.57528734E+19
   44.5781250       8.59617278E+19
   44.6484375       8.61955368E+19
   44.7187500       8.64602288E+19
   44.7890625       8.67598677E+19
   44.8593750       8.70969076E+19
   44.9296875       8.75541461E+19
   45.0000000       8.81930943E+19
   45.0703125       8.90338689E+19
   45.1406250       8.99879635E+19
   45.2109375       9.09718856E+19
   45.2812500       9.19356736E+19
   45.3515625       9.28540384E+19
   45.4218750       9.37179203E+19
   45.4921875       9.45491775E+19
   45.5625000       9.54137807E+19
   45.6328125       9.63503535E+19
   45.7031250       9.73565561E+19
   45.7734375       9.83781520E+19
   45.8437500       9.93830616E+19
   45.9140625       1.00356129E+20
   45.9843750       1.01294400E+20
   46.0546875       1.02202922E+20
   46.1250000       1.03091301E+20
   46.1953125       1.03970664E+20
   46.2656250       1.04853739E+20
   46.3359375       1.05781577E+20
   46.4062500       1.06779300E+20
   46.4765625       1.07856136E+20
   46.5468750       1.08980197E+20
   46.6171875       1.10125440E+20
   46.6875000       1.11272072E+20
   46.7578125       1.12406223E+20
   46.8281250       1.13519377E+20
   46.8984375       1.14607207E+20
   46.9687500       1.15668430E+20
   47.0390625       1.16703264E+20
   47.1093750       1.17712237E+20
   47.1796875       1.18694752E+20
   47.2500000       1.19648292E+20
   47.3203125       1.20568232E+20
   47.3906250       1.21448615E+20
   47.4609375       1.22282898E+20
   47.5312500       1.23065117E+20
   47.6015625       1.23791041E+20
   47.6718750       1.24459175E+20
   47.7421875       1.25070846E+20
   47.8125000       1.25630331E+20
   47.8828125       1.26143908E+20
   47.9531250       1.26619029E+20
   48.0234375       1.27062695E+20
   48.0937500       1.27480448E+20
   48.1640625       1.27875780E+20
   48.2343750       1.28250520E+20
   48.3046875       1.28606216E+20
   48.3750000       1.28945745E+20
   48.4453125       1.29274939E+20
   48.5156250       1.29603341E+20
   48.5859375       1.29943741E+20
   48.6562500       1.30310740E+20
   48.7265625       1.30718976E+20
   48.7968750       1.31181800E+20
   48.8671875       1.31710067E+20
   48.9375000       1.32311526E+20
   49.0078125       1.32990391E+20
   49.0781250       1.33747339E+20
   49.1484375       1.34579300E+20
   49.2187500       1.35479993E+20
   49.2890625       1.36440527E+20
   49.3593750       1.37451356E+20
   49.4296875       1.38503879E+20
   49.5000000       1.39592624E+20
   49.5703125       1.40716202E+20
   49.6406250       1.41878087E+20
   49.7109375       1.43085359E+20
   49.7812500       1.44347220E+20
   49.8515625       1.45672272E+20
   49.9218750       1.47066726E+20
   49.9921875       1.48532463E+20
   50.0625000       1.50066396E+20
   50.1328125       1.51659879E+20
   50.2031250       1.53299629E+20
   50.2734375       1.54968476E+20
   50.3437500       1.56646823E+20
   50.4140625       1.58313648E+20
   50.4843750       1.59947645E+20
   50.5546875       1.61527248E+20
   50.6250000       1.63030658E+20
   50.6953125       1.64435623E+20
   50.7656250       1.65720257E+20
   50.8359375       1.66864242E+20
   50.9062500       1.67850741E+20
   50.9765625       1.68668162E+20
   51.0468750       1.69311509E+20
   51.1171875       1.69782117E+20
   51.1875000       1.70086902E+20
   51.2578125       1.70236558E+20
   51.3281250       1.70243982E+20
   51.3984375       1.70122702E+20
   51.4687500       1.69886351E+20
   51.5390625       1.69548370E+20
   51.6093750       1.69122639E+20
   51.6796875       1.68623637E+20
   51.7500000       1.68066791E+20
   51.8203125       1.67467988E+20
   51.8906250       1.66842744E+20
   51.9609375       1.66205573E+20
   52.0312500       1.65569475E+20
   52.1015625       1.64945656E+20
   52.1718750       1.64343933E+20
   52.2421875       1.63773242E+20
   52.3125000       1.63241342E+20
   52.3828125       1.62754883E+20
   52.4531250       1.62318368E+20
   52.5234375       1.61933574E+20
   52.5937500       1.61598725E+20
   52.6640625       1.61308014E+20
   52.7343750       1.61051836E+20
   52.8046875       1.60817385E+20
   52.8750000       1.60589602E+20
   52.9453125       1.60352547E+20
   53.0156250       1.60090899E+20
   53.0859375       1.59791198E+20
   53.1562500       1.59442591E+20
   53.2265625       1.59037021E+20
   53.2968750       1.58569350E+20
   53.3671875       1.58036765E+20
   53.4375000       1.57438771E+20
   53.5078125       1.56776636E+20
   53.5781250       1.56052964E+20
   53.6484375       1.55270358E+20
   53.7187500       1.54430085E+20
   53.7890625       1.53530508E+20
   53.8593750       1.52566281E+20
   53.9296875       1.51528254E+20
   54.0000000       1.50404746E+20
   54.0703125       1.49183550E+20
   54.1406250       1.47854460E+20
   54.2109375       1.46411795E+20
   54.2812500       1.44856778E+20
   54.3515625       1.43199181E+20
   54.4218750       1.41458275E+20
   54.4921875       1.39662606E+20
   54.5625000       1.37848711E+20
   54.6328125       1.36058512E+20
   54.7031250       1.34335850E+20
   54.7734375       1.32722603E+20
   54.8437500       1.31254596E+20
   54.9140625       1.29957885E+20
   54.9843750       1.28845769E+20
   55.0546875       1.27917411E+20
   55.1250000       1.27158502E+20
   55.1953125       1.26544113E+20
   55.2656250       1.26043070E+20
   55.3359375       1.25622775E+20
   55.4062500       1.25253172E+20
   55.4765625       1.24908506E+20
   55.5468750       1.24567921E+20
   55.6171875       1.24213781E+20
   55.6875000       1.23830008E+20
   55.7578125       1.23400688E+20
   55.8281250       1.22909558E+20
   55.8984375       1.22340820E+20
   55.9687500       1.21681254E+20
   56.0390625       1.20922389E+20
   56.1093750       1.20063143E+20
   56.1796875       1.19111370E+20
   56.2500000       1.18084787E+20
   56.3203125       1.17010845E+20
   56.3906250       1.15925715E+20
   56.4609375       1.14872181E+20
   56.5312500       1.13873147E+20
   56.6015625       1.12919809E+20
   56.6718750       1.11987581E+20
   56.7421875       1.11058213E+20
   56.8125000       1.10128527E+20
   56.8828125       1.09192799E+20
   56.9531250       1.08244870E+20
   57.0234375       1.07279411E+20
   57.0937500       1.06294038E+20
   57.1640625       1.05290377E+20
   57.2343750       1.04274982E+20
   57.3046875       1.03259086E+20
   57.3750000       1.02257607E+20
   57.4453125       1.01286994E+20
   57.5156250       1.00390417E+20
   57.5859375       9.96131938E+19
   57.6562500       9.89858477E+19
   57.7265625       9.84968465E+19
   57.7968750       9.81158525E+19
   57.8671875       9.78109975E+19
   57.9375000       9.75507563E+19
   58.0078125       9.73062337E+19
   58.0781250       9.70540497E+19
   58.1484375       9.67794709E+19
   58.2187500       9.64793658E+19
   58.2890625       9.61643249E+19
   58.3593750       9.58598306E+19
   58.4296875       9.56055443E+19
   58.5000000       9.54537853E+19
   58.5703125       9.54134640E+19
   58.6406250       9.54636721E+19
   58.7109375       9.55642466E+19
   58.7812500       9.57070336E+19
   58.8515625       9.58978473E+19
   58.9218750       9.61419828E+19
   58.9921875       9.64434337E+19
   59.0625000       9.68031148E+19
   59.1328125       9.72172524E+19
   59.2031250       9.76763293E+19
   59.2734375       9.81655944E+19
   59.3437500       9.86672708E+19
   59.4140625       9.91635199E+19
   59.4843750       9.96395645E+19
   59.5546875       1.00085570E+20
   59.6250000       1.00497597E+20
   59.6953125       1.00876814E+20
   59.7656250       1.01228104E+20
   59.8359375       1.01558291E+20
   59.9062500       1.01874361E+20
   59.9765625       1.02182709E+20
   60.0468750       1.02488452E+20
   60.1171875       1.02795409E+20
   60.1875000       1.03128570E+20
   60.2578125       1.03525327E+20
   60.3281250       1.04009217E+20
   60.3984375       1.04570716E+20
   60.4687500       1.05178834E+20
   60.5390625       1.05809487E+20
   60.6093750       1.06443571E+20
   60.6796875       1.07064496E+20
   60.7500000       1.07656341E+20
   60.8203125       1.08203124E+20
   60.8906250       1.08689689E+20
   60.9609375       1.09103351E+20
   61.0312500       1.09436741E+20
   61.1015625       1.09690403E+20
   61.1718750       1.09874610E+20
   61.2421875       1.10008839E+20
   61.3125000       1.10119775E+20
   61.3828125       1.10237528E+20
   61.4531250       1.10391574E+20
   61.5234375       1.10607387E+20
   61.5937500       1.10904580E+20
   61.6640625       1.11296270E+20
   61.7343750       1.11789793E+20
   61.8046875       1.12386889E+20
   61.8750000       1.13083953E+20
   61.9453125       1.13871837E+20
   62.0156250       1.14735938E+20
   62.0859375       1.15657048E+20
   62.1562500       1.16613579E+20
   62.2265625       1.17584509E+20
   62.2968750       1.18552941E+20
   62.3671875       1.19508364E+20
   62.4375000       1.20447523E+20
   62.5078125       1.21373356E+20
   62.5781250       1.22292363E+20
   62.6484375       1.23211528E+20
   62.7187500       1.24135285E+20
   62.7890625       1.25063818E+20
   62.8593750       1.25992518E+20
   62.9296875       1.26912634E+20
   63.0000000       1.27812588E+20
   63.0703125       1.28679998E+20
   63.1406250       1.29503954E+20
   63.2109375       1.30277306E+20
   63.2812500       1.30998138E+20
   63.3515625       1.31670546E+20
   63.4218750       1.32304102E+20
   63.4921875       1.32911675E+20
   63.5625000       1.33506739E+20
   63.6328125       1.34100176E+20
   63.7031250       1.34697317E+20
   63.7734375       1.35295803E+20
   63.8437500       1.35885036E+20
   63.9140625       1.36447563E+20
   63.9843750       1.36962170E+20
   64.0546875       1.37408677E+20
   64.1250000       1.37772202E+20
   64.1953125       1.38046526E+20
   64.2656250       1.38235334E+20
   64.3359375       1.38350906E+20
   64.4062500       1.38411194E+20
   64.4765625       1.38436228E+20
   64.5468750       1.38444883E+20
   64.6171875       1.38452070E+20
   64.6875000       1.38467586E+20
   64.7578125       1.38495742E+20
   64.8281250       1.38536662E+20
   64.8984375       1.38587688E+20
   64.9687500       1.38646120E+20
   65.0390625       1.38710939E+20
   65.1093750       1.38784589E+20
   65.1796875       1.38873095E+20
   65.2500000       1.38985641E+20
   65.3203125       1.39133125E+20
   65.3906250       1.39326894E+20
   65.4609375       1.39577416E+20
   65.5312500       1.39893750E+20
   65.6015625       1.40283109E+20
   65.6718750       1.40751034E+20
   65.7421875       1.41301256E+20
   65.8125000       1.41935516E+20
   65.8828125       1.42653154E+20
   65.9531250       1.43450810E+20
   66.0234375       1.44322055E+20
   66.0937500       1.45257801E+20
   66.1640625       1.46246904E+20
   66.2343750       1.47277577E+20
   66.3046875       1.48338491E+20
   66.3750000       1.49420165E+20
   66.4453125       1.50515261E+20
   66.5156250       1.51618994E+20
   66.5859375       1.52727988E+20
   66.6562500       1.53838970E+20
   66.7265625       1.54946574E+20
   66.7968750       1.56041846E+20
   66.8671875       1.57110641E+20
   66.9375000       1.58133170E+20
   67.0078125       1.59084309E+20
   67.0781250       1.59935260E+20
   67.1484375       1.60655748E+20
   67.2187500       1.61217432E+20
   67.2890625       1.61597159E+20
   67.3593750       1.61780399E+20
   67.4296875       1.61763493E+20
   67.5000000       1.61554604E+20
   67.5703125       1.61172642E+20
   67.6406250       1.60644859E+20
   67.7109375       1.60003465E+20
   67.7812500       1.59281816E+20
   67.8515625       1.58511067E+20
   67.9218750       1.57718100E+20
   67.9921875       1.56924059E+20
   68.0625000       1.56143845E+20
   68.1328125       1.55386255E+20
   68.2031250       1.54654860E+20
   68.2734375       1.53949414E+20
   68.3437500       1.53267171E+20
   68.4140625       1.52604614E+20
   68.4843750       1.51958752E+20
   68.5546875       1.51327932E+20
   68.6250000       1.50712399E+20
   68.6953125       1.50114141E+20
   68.7656250       1.49536502E+20
   68.8359375       1.48982840E+20
   68.9062500       1.48455075E+20
   68.9765625       1.47951886E+20
   69.0468750       1.47467995E+20
   69.1171875       1.46994035E+20
   69.1875000       1.46517586E+20
   69.2578125       1.46024978E+20
   69.3281250       1.45503546E+20
   69.3984375       1.44943191E+20
   69.4687500       1.44337430E+20
   69.5390625       1.43683071E+20
   69.6093750       1.42979401E+20
   69.6796875       1.42226500E+20
   69.7500000       1.41424208E+20
   69.8203125       1.40571462E+20
   69.8906250       1.39666977E+20
   69.9609375       1.38710314E+20
   70.0312500       1.37703197E+20
   70.1015625       1.36649935E+20
   70.1718750       1.35557531E+20
   70.2421875       1.34435053E+20
   70.3125000       1.33292308E+20
   70.3828125       1.32138876E+20
   70.4531250       1.30983228E+20
   70.5234375       1.29832435E+20
   70.5937500       1.28692233E+20
   70.6640625       1.27567512E+20
   70.7343750       1.26463329E+20
   70.8046875       1.25386582E+20
   70.8750000       1.24348520E+20
   70.9453125       1.23368257E+20
   71.0156250       1.22477327E+20
   71.0859375       1.21724619E+20
   71.1562500       1.21154834E+20
   71.2265625       1.20726315E+20
   71.2968750       1.20366942E+20
   71.3671875       1.19992404E+20
   71.4375000       1.19583870E+20
   71.5078125       1.19126587E+20
   71.5781250       1.18611136E+20
   71.6484375       1.18033866E+20
   71.7187500       1.17396431E+20
   71.7890625       1.16704451E+20
   71.8593750       1.15966177E+20
   71.9296875       1.15190916E+20
   72.0000000       1.14388053E+20
   72.0703125       1.13565996E+20
   72.1406250       1.12731713E+20
   72.2109375       1.11890059E+20
   72.2812500       1.11043356E+20
   72.3515625       1.10191243E+20
   72.4218750       1.09330704E+20
   72.4921875       1.08456759E+20
   72.5625000       1.07563630E+20
   72.6328125       1.06646532E+20
   72.7031250       1.05703538E+20
   72.7734375       1.04737938E+20
   72.8437500       1.03759874E+20
   72.9140625       1.02786983E+20
   72.9843750       1.01843505E+20
   73.0546875       1.00957870E+20
   73.1250000       1.00159062E+20
   73.1953125       9.94724299E+19
   73.2656250       9.89163585E+19
   73.3359375       9.85003297E+19
   73.4062500       9.82246514E+19
   73.4765625       9.80821283E+19
   73.5468750       9.80609561E+19
   73.6171875       9.81477207E+19
   73.6875000       9.83304068E+19
   73.7578125       9.85998575E+19
   73.8281250       9.89502851E+19
   73.8984375       9.93781446E+19
   73.9687500       9.98804543E+19
   74.0390625       1.00452297E+20
   74.1093750       1.01102029E+20
   74.1796875       1.01886535E+20
   74.2500000       1.02829617E+20
   74.3203125       1.03913551E+20
   74.3906250       1.05051317E+20
   74.4609375       1.06175809E+20
   74.5312500       1.07238245E+20
   74.6015625       1.08205543E+20
   74.6718750       1.09056829E+20
   74.7421875       1.09780651E+20
   74.8125000       1.10372768E+20
   74.8828125       1.10834862E+20
   74.9531250       1.11173969E+20
   75.0234375       1.11402105E+20
   75.0937500       1.11536157E+20
   75.1640625       1.11596463E+20
   75.2343750       1.11605286E+20
   75.3046875       1.11584615E+20
   75.3750000       1.11553943E+20
   75.4453125       1.11528848E+20
   75.5156250       1.11520377E+20
   75.5859375       1.11535541E+20
   75.6562500       1.11578721E+20
   75.7265625       1.11653594E+20
   75.7968750       1.11764926E+20
   75.8671875       1.11920247E+20
   75.9375000       1.12130386E+20
   76.0078125       1.12408949E+20
   76.0781250       1.12770909E+20
   76.1484375       1.13230293E+20
   76.2187500       1.13797985E+20
   76.2890625       1.14480095E+20
   76.3593750       1.15276986E+20
   76.4296875       1.16183854E+20
   76.5000000       1.17191992E+20
   76.5703125       1.18290519E+20
   76.6406250       1.19468175E+20
   76.7109375       1.20714537E+20
   76.7812500       1.22020150E+20
   76.8515625       1.23376376E+20
   76.9218750       1.24774180E+20
   76.9921875       1.26202789E+20
   77.0625000       1.27648365E+20
   77.1328125       1.29092490E+20
   77.2031250       1.30511634E+20
   77.2734375       1.31877369E+20
   77.3437500       1.33157957E+20
   77.4140625       1.34321152E+20
   77.4843750       1.35337593E+20
   77.5546875       1.36183742E+20
   77.6250000       1.36844065E+20
   77.6953125       1.37311692E+20
   77.7656250       1.37587713E+20
   77.8359375       1.37679870E+20
   77.9062500       1.37601136E+20
   77.9765625       1.37368743E+20
   78.0468750       1.37003529E+20
   78.1171875       1.36529429E+20
   78.1875000       1.35972381E+20
   78.2578125       1.35359293E+20
   78.3281250       1.34715965E+20
   78.3984375       1.34065511E+20
   78.4687500       1.33426932E+20
   78.5390625       1.32814302E+20
   78.6093750       1.32237164E+20
   78.6796875       1.31701746E+20
   78.7500000       1.31213070E+20
   78.8203125       1.30777092E+20
   78.8906250       1.30402017E+20
   78.9609375       1.30098385E+20
   79.0312500       1.29877533E+20
   79.1015625       1.29749515E+20
   79.1718750       1.29720989E+20
   79.2421875       1.29794278E+20
   79.3125000       1.29967587E+20
   79.3828125       1.30236290E+20
   79.4531250       1.30593931E+20
   79.5234375       1.31032460E+20
   79.5937500       1.31541120E+20
   79.6640625       1.32104642E+20
   79.7343750       1.32701677E+20
   79.8046875       1.33304579E+20
   79.8750000       1.33881330E+20
   79.9453125       1.34398619E+20
   80.0156250       1.34825916E+20
   80.0859375       1.35138863E+20
   80.1562500       1.35321382E+20
   80.2265625       1.35366022E+20
   80.2968750       1.35272766E+20
   80.3671875       1.35047041E+20
   80.4375000       1.34697642E+20
   80.5078125       1.34235047E+20
   80.5781250       1.33670690E+20
   80.6484375       1.33016498E+20
   80.7187500       1.32285182E+20
   80.7890625       1.31490587E+20
   80.8593750       1.30647842E+20
   80.9296875       1.29773308E+20
   81.0000000       1.28883873E+20
   81.0703125       1.27996304E+20
   81.1406250       1.27126089E+20
   81.2109375       1.26286827E+20
   81.2812500       1.25489514E+20
   81.3515625       1.24742514E+20
   81.4218750       1.24051731E+20
   81.4921875       1.23421148E+20
   81.5625000       1.22853782E+20
   81.6328125       1.22352326E+20
   81.7031250       1.21920051E+20
   81.7734375       1.21561425E+20
   81.8437500       1.21282483E+20
   81.9140625       1.21090808E+20
   81.9843750       1.20995062E+20
   82.0546875       1.21003858E+20
   82.1250000       1.21124162E+20
   82.1953125       1.21359704E+20
   82.2656250       1.21710176E+20
   82.3359375       1.22171021E+20
   82.4062500       1.22734314E+20
   82.4765625       1.23389209E+20
   82.5468750       1.24122416E+20
   82.6171875       1.24918014E+20
   82.6875000       1.25757065E+20
   82.7578125       1.26617578E+20
   82.8281250       1.27475443E+20
   82.8984375       1.28306621E+20
   82.9687500       1.29090203E+20
   83.0390625       1.29811888E+20
   83.1093750       1.30466933E+20
   83.1796875       1.31061425E+20
   83.2500000       1.31611691E+20
   83.3203125       1.32141207E+20
   83.3906250       1.32676195E+20
   83.4609375       1.33240103E+20
   83.5312500       1.33849013E+20
   83.6015625       1.34508025E+20
   83.6718750       1.35210287E+20
   83.7421875       1.35937935E+20
   83.8125000       1.36664528E+20
   83.8828125       1.37358592E+20
   83.9531250       1.37987381E+20
   84.0234375       1.38520231E+20
   84.0937500       1.38931615E+20
   84.1640625       1.39203344E+20
   84.2343750       1.39326076E+20
   84.3046875       1.39299582E+20
   84.3750000       1.39132263E+20
   84.4453125       1.38839045E+20
   84.5156250       1.38439280E+20
   84.5859375       1.37953824E+20
   84.6562500       1.37403171E+20
   84.7265625       1.36806180E+20
   84.7968750       1.36180162E+20
   84.8671875       1.35541821E+20
   84.9375000       1.34908502E+20
   85.0078125       1.34298863E+20
   85.0781250       1.33732676E+20
   85.1484375       1.33229566E+20
   85.2187500       1.32806658E+20
   85.2890625       1.32476277E+20
   85.3593750       1.32243867E+20
   85.4296875       1.32107404E+20
   85.5000000       1.32057970E+20
   85.5703125       1.32081332E+20
   85.6406250       1.32160559E+20
   85.7109375       1.32278286E+20
   85.7812500       1.32418830E+20
   85.8515625       1.32568909E+20
   85.9218750       1.32718126E+20
   85.9921875       1.32858318E+20
   86.0625000       1.32982492E+20
   86.1328125       1.33083981E+20
   86.2031250       1.33155846E+20
   86.2734375       1.33190977E+20
   86.3437500       1.33182955E+20
   86.4140625       1.33127390E+20
   86.4843750       1.33023746E+20
   86.5546875       1.32876508E+20
   86.6250000       1.32696188E+20
   86.6953125       1.32498944E+20
   86.7656250       1.32305686E+20
   86.8359375       1.32139897E+20
   86.9062500       1.32025354E+20
   86.9765625       1.31983212E+20
   87.0468750       1.32029761E+20
   87.1171875       1.32174677E+20
   87.1875000       1.32420272E+20
   87.2578125       1.32761640E+20
   87.3281250       1.33187635E+20
   87.3984375       1.33682872E+20
   87.4687500       1.34229611E+20
   87.5390625       1.34809898E+20
   87.6093750       1.35401453E+20
   87.6796875       1.35979646E+20
   87.7500000       1.36521732E+20
   87.8203125       1.37012976E+20
   87.8906250       1.37445049E+20
   87.9609375       1.37812462E+20
   88.0312500       1.38111142E+20
   88.1015625       1.38338433E+20
   88.1718750       1.38492198E+20
   88.2421875       1.38571336E+20
   88.3125000       1.38575303E+20
   88.3828125       1.38504521E+20
   88.4531250       1.38361206E+20
   88.5234375       1.38150047E+20
   88.5937500       1.37876058E+20
   88.6640625       1.37544480E+20
   88.7343750       1.37161516E+20
   88.8046875       1.36737113E+20
   88.8750000       1.36284352E+20
   88.9453125       1.35817886E+20
   89.0156250       1.35351931E+20
   89.0859375       1.34898334E+20
   89.1562500       1.34464722E+20
   89.2265625       1.34053672E+20
   89.2968750       1.33662624E+20
   89.3671875       1.33284480E+20
   89.4375000       1.32909018E+20
   89.5078125       1.32524664E+20
   89.5781250       1.32120651E+20
   89.6484375       1.31689475E+20
   89.7187500       1.31228613E+20
   89.7890625       1.30741775E+20
   89.8593750       1.30238700E+20
   89.9296875       1.29734016E+20
   90.0000000       1.29240810E+20
   90.0703125       1.28766630E+20
   90.1406250       1.28315760E+20
   90.2109375       1.27892035E+20
   90.2812500       1.27499465E+20
   90.3515625       1.27137823E+20
   90.4218750       1.26802999E+20
   90.4921875       1.26487791E+20
   90.5625000       1.26182936E+20
   90.6328125       1.25878002E+20
   90.7031250       1.25561941E+20
   90.7734375       1.25223881E+20
   90.8437500       1.24852800E+20
   90.9140625       1.24437844E+20
   90.9843750       1.23967737E+20
   91.0546875       1.23431272E+20
   91.1250000       1.22817833E+20
   91.1953125       1.22118658E+20
   91.2656250       1.21328417E+20
   91.3359375       1.20446503E+20
   91.4062500       1.19477569E+20
   91.4765625       1.18431283E+20
   91.5468750       1.17320934E+20
   91.6171875       1.16162453E+20
   91.6875000       1.14973187E+20
   91.7578125       1.13771183E+20
   91.8281250       1.12386994E+20
   91.8984375       1.11214035E+20
   91.9687500       1.10081547E+20
   92.0390625       1.09004650E+20
   92.1093750       1.07995246E+20
   92.1796875       1.07061118E+20
   92.2500000       1.06205303E+20
   92.3203125       1.05426567E+20
   92.3906250       1.04720680E+20
   92.4609375       1.04082541E+20
   92.5312500       1.03507858E+20
   92.6015625       1.02994394E+20
   92.6718750       1.02541959E+20
   92.7421875       1.02151166E+20
   92.8125000       1.01821664E+20
   92.8828125       1.01550225E+20
   92.9531250       1.01329567E+20
   93.0234375       1.01148138E+20
   93.0937500       1.00991084E+20
   93.1640625       1.00841603E+20
   93.2343750       1.00682693E+20
   93.3046875       1.00498556E+20
   93.3750000       1.00275654E+20
   93.4453125       1.00003133E+20
   93.5156250       9.96731832E+19
   93.5859375       9.92812732E+19
   93.6562500       9.88263481E+19
   93.7265625       9.83110290E+19
   93.7968750       9.77416227E+19
   93.8671875       9.71278313E+19
   93.9375000       9.64819870E+19
   94.0078125       9.58176885E+19
   94.0781250       9.51481299E+19
   94.1484375       9.44843151E+19
   94.2187500       9.38336065E+19
   94.2890625       9.31989420E+19
   94.3593750       9.25787911E+19
   94.4296875       9.19683774E+19
   94.5000000       9.13611831E+19
   94.5703125       9.07510509E+19
   94.6406250       9.01338291E+19
   94.7109375       8.95089107E+19
   94.7812500       8.88800780E+19
   94.8515625       8.82555993E+19
   94.9218750       8.76476662E+19
   94.9921875       8.70709591E+19
   95.0625000       8.65409154E+19
   95.1328125       8.60712832E+19
   95.2031250       8.56719317E+19
   95.2734375       8.53473823E+19
   95.3437500       8.50962978E+19
   95.4140625       8.49122132E+19
   95.4843750       8.47849689E+19
   95.5546875       8.47023912E+19
   95.6250000       8.46516817E+19
   95.6953125       8.46203764E+19
   95.7656250       8.45967061E+19
   95.8359375       8.45700012E+19
   95.9062500       8.45308234E+19
   95.9765625       8.44709484E+19
   96.0468750       8.43833041E+19
   96.1171875       8.42617773E+19
   96.1875000       8.41010991E+19
   96.2578125       8.38969505E+19
   96.3281250       8.22772819E+19
   96.3984375       8.20898900E+19
   96.4687500       8.18310737E+19
   96.5390625       8.14993907E+19
   96.6093750       8.10970134E+19
   96.6796875       8.06295714E+19
   96.7500000       7.86521833E+19
   96.8203125       7.81108717E+19
   96.8906250       7.75346925E+19
   96.9609375       7.69365493E+19
   97.0312500       7.63286865E+19
   97.1015625       7.57210348E+19
   97.1718750       7.51202177E+19
   97.2421875       7.45294457E+19
   97.3125000       7.39496249E+19
   97.3828125       7.33807947E+19
   97.4531250       7.28238877E+19
   97.5234375       7.22822067E+19
   97.5937500       7.17621860E+19
   97.6640625       7.12735807E+19
   97.7343750       7.08287974E+19
   97.8046875       7.04419804E+19
   97.8750000       7.01278896E+19
   97.9453125       6.99005062E+19
   98.0156250       6.97720084E+19
   98.0859375       6.97514212E+19
   98.1562500       6.98435383E+19
   98.2265625       7.00476604E+19
   98.2968750       7.03566188E+19
   98.3671875       7.07565507E+19
   98.4375000       7.12273308E+19
   98.5078125       7.17441760E+19
   98.5781250       7.22797833E+19
   98.6484375       7.28070036E+19
   98.7187500       7.33016431E+19
   98.7890625       7.37447023E+19
   98.8593750       7.41237171E+19
   98.9296875       7.44327942E+19
   99.0000000       7.46716521E+19
   99.0703125       7.48436422E+19
   99.1406250       7.49538044E+19
   99.2109375       7.50068625E+19
   99.2812500       7.50058069E+19
   99.3515625       7.49508753E+19
   99.4218750       7.48393673E+19
   99.4921875       7.46663041E+19
   99.5625000       7.44256958E+19
   99.6328125       7.41122822E+19
   99.7031250       7.21608338E+19
   99.7734375       7.17904479E+19
   99.8437500       7.13422034E+19
   99.9140625       7.08235857E+19
   99.9843750       7.02449172E+19
   100.054688       6.96173379E+19
   100.125000       6.89529294E+19
   100.195312       6.66323750E+19
   100.265625       6.60483628E+19
   100.335938       6.54713962E+19
   100.406250       6.49122902E+19
   100.476562       6.43808478E+19
   100.546875       6.38848845E+19
   100.617188       6.34307862E+19
   100.687500       6.30231973E+19
   100.757812       6.26657812E+19
   100.828125       6.23610230E+19
   100.898438       6.21109457E+19
   100.968750       6.19166224E+19
   101.039062       6.17785765E+19
   101.109375       6.16958228E+19
   101.179688       6.16660173E+19
   101.250000       6.16843132E+19
   101.320312       6.17438979E+19
   101.390625       6.18353157E+19
   101.460938       6.19474703E+19
   101.531250       6.20678624E+19
   101.601562       6.06008412E+19
   101.671875       6.08080772E+19
   101.742188       6.09896593E+19
   101.812500       6.11344694E+19
   101.882812       6.12327349E+19
   101.953125       6.12758666E+19
   102.023438       6.12571001E+19
   102.093750       6.11711051E+19
   102.164062       6.10143675E+19
   102.234375       6.07844860E+19
   102.304688       6.04804051E+19
   102.375000       5.85795782E+19
   102.445312       5.82401150E+19
   102.515625       5.78270373E+19
   102.585938       5.73417480E+19
   102.656250       5.67876161E+19
   102.726562       5.61706978E+19
   102.796875       5.54989269E+19
   102.867188       5.47820278E+19
   102.937500       5.40302785E+19
   103.007812       5.32543619E+19
   103.078125       5.24644640E+19
   103.148438       5.16706122E+19
   103.218750       5.08821084E+19
   103.289062       5.01081973E+19
   103.359375       4.93575168E+19
   103.429688       4.86388144E+19
   103.500000       4.79603542E+19
   103.570312       4.73305935E+19
   103.640625       4.67573213E+19
   103.710938       4.62479352E+19
   103.781250       4.58084032E+19
   103.851562       4.54432862E+19
   103.921875       4.51548227E+19
   103.992188       4.49433382E+19
   104.062500       4.48069504E+19
   104.132812       4.47424399E+19
   104.203125       4.47449555E+19
   104.273438       4.48085381E+19
   104.343750       4.49253854E+19
   104.414062       4.50860021E+19
   104.484375       4.52782495E+19
   104.554688       4.54879131E+19
   104.625000       4.56985884E+19
   104.695312       4.58933427E+19
   104.765625       4.60555118E+19
   104.835938       4.61707846E+19
   104.906250       4.62279812E+19
   104.976562       4.62205045E+19
   105.046875       4.61459753E+19
   105.117188       4.60064604E+19
   105.187500       4.58070442E+19
   105.257812       4.55552780E+19
   105.328125       4.52594082E+19
   105.398438       4.49279451E+19
   105.468750       4.45683168E+19
   105.539062       4.41871953E+19
   105.609375       4.37898934E+19
   105.679688       4.33812093E+19
   105.750000       4.29653476E+19
   105.820312       4.25467855E+19
   105.890625       4.21295736E+19
   105.960938       4.17174811E+19
   106.031250       4.13127772E+19
   106.101562       4.09164209E+19
   106.171875       3.89088710E+19
   106.242188       3.88423593E+19
   106.312500       3.87831132E+19
   106.382812       3.87239595E+19
   106.453125       3.86592554E+19
   106.523438       3.85862347E+19
   106.593750       3.85049632E+19
   106.664062       3.84184668E+19
   106.734375       3.83313943E+19
   106.804688       3.82492212E+19
   106.875000       3.81767458E+19
   106.945312       3.81177504E+19
   107.015625       3.80743548E+19
   107.085938       3.80474696E+19
   107.156250       3.80364525E+19
   107.226562       3.80394607E+19
   107.296875       3.80526285E+19
   107.367188       3.80701063E+19
   107.437500       3.80834852E+19
   107.507812       3.80826188E+19
   107.578125       3.80561557E+19
   107.648438       3.79932197E+19
   107.718750       3.78843900E+19
   107.789062       3.77232324E+19
   107.859375       3.75064615E+19
   107.929688       3.72344819E+19
   108.000000       3.56082294E+19
   108.070312       3.52950467E+19
   108.140625       3.49327950E+19
   108.210938       3.45286102E+19
   108.281250       3.40898215E+19
   108.351562       3.36239232E+19
   108.421875       3.31376312E+19
   108.492188       3.26369730E+19
   108.562500       3.21263796E+19
   108.632812       3.16088021E+19
   108.703125       3.10850277E+19
   108.773438       3.05542605E+19
   108.843750       3.00142243E+19
   108.914062       2.94627841E+19
   108.984375       2.88988182E+19
   109.054688       2.83239583E+19
   109.125000       2.77429104E+19
   109.195312       2.71641758E+19
   109.265625       2.65990884E+19
   109.335938       2.60611919E+19
   109.406250       2.55642567E+19
   109.476562       2.51211491E+19
   109.546875       2.47419473E+19
   109.617188       2.44334156E+19
   109.687500       2.41982036E+19
   109.757812       2.40355705E+19
   109.828125       2.39415710E+19
   109.898438       2.39101822E+19
   109.968750       2.39333731E+19
   110.039062       2.40018924E+19
   110.109375       2.41048991E+19
   110.179688       2.42304039E+19
   110.250000       2.43647862E+19
   110.320312       2.44934445E+19
   110.390625       2.46008052E+19
   110.460938       2.46716028E+19
   110.531250       2.46915699E+19
   110.601562       2.46491595E+19
   110.671875       2.45361583E+19
   110.742188       2.43488455E+19
   110.812500       2.40877005E+19
   110.882812       2.37576689E+19
   110.953125       2.33670740E+19
   111.023438       2.29272869E+19
   111.093750       2.24511984E+19
   111.164062       2.19526447E+19
   111.234375       2.14449100E+19
   111.304688       2.09403903E+19
   111.375000       2.04495749E+19
   111.445312       1.99813281E+19
   111.515625       1.95424668E+19
   111.585938       1.91384468E+19
   111.656250       1.87732353E+19
   111.726562       1.84501877E+19
   111.796875       1.81719915E+19
   111.867188       1.79414844E+19
   111.937500       1.77613415E+19
   112.007812       1.76345502E+19
   112.078125       1.75636746E+19
   112.148438       1.75508290E+19
   112.218750       1.75964511E+19
   112.289062       1.76989365E+19
   112.359375       1.78533926E+19
   112.429688       1.80516786E+19
   112.500000       1.82819658E+19
   112.570312       1.85298606E+19
   112.640625       1.87790561E+19
   112.710938       1.90130695E+19
   112.781250       1.92159822E+19
   112.851562       1.93739117E+19
   112.921875       1.81133007E+19
   112.992188       1.82213409E+19
   113.062500       1.82706529E+19
   113.132812       1.82616578E+19
   113.203125       1.81975936E+19
   113.273438       1.80843099E+19
   113.343750       1.79293601E+19
   113.414062       1.77414382E+19
   113.484375       1.75292247E+19
   113.554688       1.73008331E+19
   113.625000       1.70628064E+19
   113.695312       1.68198913E+19
   113.765625       1.65744726E+19
   113.835938       1.63268868E+19
   113.906250       1.60755428E+19
   113.976562       1.58178602E+19
   114.046875       1.55508229E+19
   114.117188       1.52719724E+19
   114.187500       1.49796530E+19
   114.257812       1.46734588E+19
   114.328125       1.43538637E+19
   114.398438       1.40223159E+19
   114.468750       1.36809461E+19
   114.539062       1.33331706E+19
   114.609375       1.16395653E+19
   114.679688       1.15671174E+19
   114.750000       1.15314350E+19
   114.820312       1.15349171E+19
   114.890625       1.15768844E+19
   114.960938       1.16541932E+19
   115.031250       1.17607997E+19
   115.101562       1.18892292E+19
   115.171875       1.20308013E+19
   115.242188       1.21773552E+19
   115.312500       1.23213791E+19
   115.382812       1.24573733E+19
   115.453125       1.25814400E+19
   115.523438       1.26921168E+19
   115.593750       1.27893719E+19
   115.664062       1.28748183E+19
   115.734375       1.29501733E+19
   115.804688       1.30172820E+19
   115.875000       1.30768348E+19
   115.945312       1.31290111E+19
   116.015625       1.31729530E+19
   116.085938       1.32079758E+19
   116.156250       1.32332030E+19
   116.226562       1.32484961E+19
   116.296875       1.32536121E+19
   116.367188       1.32487424E+19
   116.437500       1.32335438E+19
   116.507812       1.32077427E+19
   116.578125       1.31703450E+19
   116.648438       1.31205536E+19
   116.718750       1.30572097E+19
   116.789062       1.29797689E+19
   116.859375       1.28875957E+19
   116.929688       1.27805725E+19
   117.000000       1.26580572E+19
   117.070312       1.25192901E+19
   117.140625       1.23625107E+19
   117.210938       1.21858698E+19
   117.281250       1.19871583E+19
   117.351562       1.17653704E+19
   117.421875       1.15210017E+19
   117.492188       1.00457858E+19
   117.562500       1.00877861E+19
   117.632812       1.01284482E+19
   117.703125       1.01676370E+19
   117.773438       1.02046686E+19
   117.843750       1.02375451E+19
   117.914062       1.02638135E+19
   117.984375       1.02802523E+19
   118.054688       1.02839335E+19
   118.125000       1.02717795E+19
   118.195312       1.02413461E+19
   118.265625       1.01901770E+19
   118.335938       1.01165493E+19
   118.406250       1.00189852E+19
   118.476562       9.89709889E+18
   118.546875       9.75108814E+18
   118.617188       9.58236478E+18
   118.687500       9.39275180E+18
   118.757812       9.18485834E+18
   118.828125       8.96109233E+18
   118.898438       8.72389304E+18
   118.968750       8.47461396E+18
   119.039062       8.21371470E+18
   119.109375       7.93973289E+18
   119.179688       7.64989998E+18
   119.250000       7.34008509E+18
   119.320312       7.00714087E+18
   119.390625       5.58881266E+18
   119.460938       5.52084689E+18
   119.531250       5.45306090E+18
   119.601562       5.38539916E+18
   119.671875       5.31911070E+18
   119.742188       5.25684096E+18
   119.812500       5.20184394E+18
   119.882812       5.15756935E+18
   119.953125       5.12669946E+18
   120.023438       5.11089179E+18
   120.093750       5.11021833E+18
   120.164062       5.12340478E+18
   120.234375       5.14777050E+18
   120.304688       5.17990318E+18
   120.375000       5.21590064E+18
   120.445312       5.25216309E+18
   120.515625       5.28554481E+18
   120.585938       5.31386383E+18
   120.656250       5.33565340E+18
   120.726562       5.35029175E+18
   120.796875       5.35747871E+18
   120.867188       5.35721043E+18
   120.937500       5.34915815E+18
   121.007812       5.33259731E+18
   121.078125       5.30578792E+18
   121.148438       5.26595811E+18
   121.218750       5.20877031E+18
   121.289062       5.12842570E+18
   121.359375       5.01745089E+18
   121.429688       4.86748520E+18
   121.500000       4.67027350E+18
   121.570312       3.09670001E+18
   121.640625       3.05281685E+18
   121.710938       3.00232288E+18
   121.781250       2.94674229E+18
   121.851562       2.88755558E+18
   121.921875       2.82610580E+18
   121.992188       2.76362440E+18
   122.062500       2.70130958E+18
   122.132812       2.64036365E+18
   122.203125       2.58192461E+18
   122.273438       2.52693885E+18
   122.343750       2.47603999E+18
   122.414062       2.42953175E+18
   122.484375       2.38748092E+18
   122.554688       2.34991666E+18
   122.625000       2.31702257E+18
   122.695312       2.28925303E+18
   122.765625       2.26730897E+18
   122.835938       2.25200487E+18
   122.906250       2.24402613E+18
   122.976562       2.24364199E+18
   123.046875       2.25047064E+18
   123.117188       2.26340241E+18
   123.187500       2.28069938E+18
   123.257812       2.30021296E+18
   123.328125       2.31967212E+18
   123.398438       2.33699740E+18
   123.468750       2.35060220E+18
   123.539062       2.35961380E+18
   123.609375       2.36396319E+18
   123.679688       2.36432603E+18
   123.750000       2.36188842E+18
   123.820312       2.35800522E+18
   123.890625       2.35382570E+18
   123.960938       2.35001754E+18
   124.031250       2.34660410E+18
   124.101562       2.34292129E+18
   124.171875       2.33768926E+18
   124.242188       2.32922357E+18
   124.312500       2.31576363E+18
   124.382812       2.29584529E+18
   124.453125       2.26861863E+18
   124.523438       2.23402250E+18
   124.593750       2.19274422E+18
   124.664062       2.14599697E+18
   124.734375       2.09519417E+18
   124.804688       2.04167215E+18
   124.875000       1.98648532E+18
   124.945312       1.93031265E+18
   125.015625       1.87340564E+18
   125.085938       1.81562630E+18
   125.156250       1.75650130E+18
   125.226562       1.69534358E+18
   125.296875       1.63140835E+18
   125.367188       1.56413102E+18
   125.437500       1.49336384E+18
   125.507812       1.41955060E+18
   125.578125       1.34377762E+18
   125.648438       1.26770323E+18
   125.718750       0.00000000    
   125.789062       0.00000000    
   125.859375       0.00000000    
   125.929688       0.00000000    
   126.000000       0.00000000    
   126.070312       0.00000000    
   126.140625       0.00000000    
   126.210938       0.00000000    
   126.281250       0.00000000    
   126.351562       0.00000000    
   126.421875       0.00000000    
   126.492188       0.00000000    
   126.562500       0.00000000    
   126.632812       0.00000000    
   126.703125       0.00000000    
   126.773438       0.00000000    
   126.843750       0.00000000    
   126.914062       0.00000000    
   126.984375       0.00000000    
   127.054688       0.00000000    
   127.125000       0.00000000    
   127.195312       0.00000000    
   127.265625       0.00000000    
   127.335938       0.00000000    
   127.406250       0.00000000    
   127.476562       0.00000000    
   127.546875       0.00000000    
   127.617188       0.00000000    
   127.687500       0.00000000    
   127.757812       0.00000000    
   127.828125       0.00000000    
   127.898438       0.00000000    
   127.968750       0.00000000    
   128.039062       0.00000000    
   128.109375       0.00000000    
   128.179688       0.00000000    
   128.250000       0.00000000    
   128.320312       0.00000000    
   128.390625       0.00000000    
   128.460938       0.00000000    
   128.531250       0.00000000    
   128.601562       0.00000000    
   128.671875       0.00000000    
   128.742188       0.00000000    
   128.812500       0.00000000    
   128.882812       0.00000000    
   128.953125       0.00000000    
   129.023438       0.00000000    
   129.093750       0.00000000    
   129.164062       0.00000000    
   129.234375       0.00000000    
   129.304688       0.00000000    
   129.375000       0.00000000    
   129.445312       0.00000000    
   129.515625       0.00000000    
   129.585938       0.00000000    
   129.656250       0.00000000    
   129.726562       0.00000000    
   129.796875       0.00000000    
   129.867188       0.00000000    
   129.937500       0.00000000    
   130.007812       0.00000000    
   130.078125       0.00000000    
   130.148438       0.00000000    
   130.218750       0.00000000    
   130.289062       0.00000000    
   130.359375       0.00000000    
   130.429688       0.00000000    
   130.500000       0.00000000    
   130.570312       0.00000000    
   130.640625       0.00000000    
   130.710938       0.00000000    
   130.781250       0.00000000    
   130.851562       0.00000000    
   130.921875       0.00000000    
   130.992188       0.00000000    
   131.062500       0.00000000    
   131.132812       0.00000000    
   131.203125       0.00000000    
   131.273438       0.00000000    
   131.343750       0.00000000    
   131.414062       0.00000000    
   131.484375       0.00000000    
   131.554688       0.00000000    
   131.625000       0.00000000    
   131.695312       0.00000000    
   131.765625       0.00000000    
   131.835938       0.00000000    
   131.906250       0.00000000    
   131.976562       0.00000000    
   132.046875       0.00000000    
   132.117188       0.00000000    
   132.187500       0.00000000    
   132.257812       0.00000000    
   132.328125       0.00000000    
   132.398438       0.00000000    
   132.468750       0.00000000    
   132.539062       0.00000000    
   132.609375       0.00000000    
   132.679688       0.00000000    
   132.750000       0.00000000    
   132.820312       0.00000000    
   132.890625       0.00000000    
   132.960938       0.00000000    
   133.031250       0.00000000    
   133.101562       0.00000000    
   133.171875       0.00000000    
   133.242188       0.00000000    
   133.312500       0.00000000    
   133.382812       0.00000000    
   133.453125       0.00000000    
   133.523438       0.00000000    
   133.593750       0.00000000    
   133.664062       0.00000000    
   133.734375       0.00000000    
   133.804688       0.00000000    
   133.875000       0.00000000    
   133.945312       0.00000000    
   134.015625       0.00000000    
   134.085938       0.00000000    
   134.156250       0.00000000    
   134.226562       0.00000000    
   134.296875       0.00000000    
   134.367188       0.00000000    
   134.437500       0.00000000    
   134.507812       0.00000000    
   134.578125       0.00000000    
   134.648438       0.00000000    
   134.718750       0.00000000    
   134.789062       0.00000000    
   134.859375       0.00000000    
   134.929688       0.00000000    
   135.000000       0.00000000    
   135.070312       0.00000000    
   135.140625       0.00000000    
   135.210938       0.00000000    
   135.281250       0.00000000    
   135.351562       0.00000000    
   135.421875       0.00000000    
   135.492188       0.00000000    
   135.562500       0.00000000    
   135.632812       0.00000000    
   135.703125       0.00000000    
   135.773438       0.00000000    
   135.843750       0.00000000    
   135.914062       0.00000000    
   135.984375       0.00000000    
   136.054688       0.00000000    
   136.125000       0.00000000    
   136.195312       0.00000000    
   136.265625       0.00000000    
   136.335938       0.00000000    
   136.406250       0.00000000    
   136.476562       0.00000000    
   136.546875       0.00000000    
   136.617188       0.00000000    
   136.687500       0.00000000    
   136.757812       0.00000000    
   136.828125       0.00000000    
   136.898438       0.00000000    
   136.968750       0.00000000    
   137.039062       0.00000000    
   137.109375       0.00000000    
   137.179688       0.00000000    
   137.250000       0.00000000    
   137.320312       0.00000000    
   137.390625       0.00000000    
   137.460938       0.00000000    
   137.531250       0.00000000    
   137.601562       0.00000000    
   137.671875       0.00000000    
   137.742188       0.00000000    
   137.812500       0.00000000    
   137.882812       0.00000000    
   137.953125       0.00000000    
   138.023438       0.00000000    
   138.093750       0.00000000    
   138.164062       0.00000000    
   138.234375       0.00000000    
   138.304688       0.00000000    
   138.375000       0.00000000    
   138.445312       0.00000000    
   138.515625       0.00000000    
   138.585938       0.00000000    
   138.656250       0.00000000    
   138.726562       0.00000000    
   138.796875       0.00000000    
   138.867188       0.00000000    
   138.937500       0.00000000    
   139.007812       0.00000000    
   139.078125       0.00000000    
   139.148438       0.00000000    
   139.218750       0.00000000    
   139.289062       0.00000000    
   139.359375       0.00000000    
   139.429688       0.00000000    
   139.500000       0.00000000    
   139.570312       0.00000000    
   139.640625       0.00000000    
   139.710938       0.00000000    
   139.781250       0.00000000    
   139.851562       0.00000000    
   139.921875       0.00000000    
   139.992188       0.00000000    
   140.062500       0.00000000    
   140.132812       0.00000000    
   140.203125       0.00000000    
   140.273438       0.00000000    
   140.343750       0.00000000    
   140.414062       0.00000000    
   140.484375       0.00000000    
   140.554688       0.00000000    
   140.625000       0.00000000    
   140.695312       0.00000000    
   140.765625       0.00000000    
   140.835938       0.00000000    
   140.906250       0.00000000    
   140.976562       0.00000000    
   141.046875       0.00000000    
   141.117188       0.00000000    
   141.187500       0.00000000    
   141.257812       0.00000000    
   141.328125       0.00000000    
   141.398438       0.00000000    
   141.468750       0.00000000    
   141.539062       0.00000000    
   141.609375       0.00000000    
   141.679688       0.00000000    
   141.750000       0.00000000    
   141.820312       0.00000000    
   141.890625       0.00000000    
   141.960938       0.00000000    
   142.031250       0.00000000    
   142.101562       0.00000000    
   142.171875       0.00000000    
   142.242188       0.00000000    
   142.312500       0.00000000    
   142.382812       0.00000000    
   142.453125       0.00000000    
   142.523438       0.00000000    
   142.593750       0.00000000    
   142.664062       0.00000000    
   142.734375       0.00000000    
   142.804688       0.00000000    
   142.875000       0.00000000    
   142.945312       0.00000000    
   143.015625       0.00000000    
   143.085938       0.00000000    
   143.156250       0.00000000    
   143.226562       0.00000000    
   143.296875       0.00000000    
   143.367188       0.00000000    
   143.437500       0.00000000    
   143.507812       0.00000000    
   143.578125       0.00000000    
   143.648438       0.00000000    
   143.718750       0.00000000    
   143.789062       0.00000000    
   143.859375       0.00000000    
   143.929688       0.00000000    
   144.000000       0.00000000    
   144.070312       0.00000000    
   144.140625       0.00000000    
   144.210938       0.00000000    
   144.281250       0.00000000    
   144.351562       0.00000000    
   144.421875       0.00000000    
   144.492188       0.00000000    
   144.562500       0.00000000    
   144.632812       0.00000000    
   144.703125       0.00000000    
   144.773438       0.00000000    
   144.843750       0.00000000    
   144.914062       0.00000000    
   144.984375       0.00000000    
   145.054688       0.00000000    
   145.125000       0.00000000    
   145.195312       0.00000000    
   145.265625       0.00000000    
   145.335938       0.00000000    
   145.406250       0.00000000    
   145.476562       0.00000000    
   145.546875       0.00000000    
   145.617188       0.00000000    
   145.687500       0.00000000    
   145.757812       0.00000000    
   145.828125       0.00000000    
   145.898438       0.00000000    
