2010 10 25 14 42 22.0 -3.490 100.080
12. 7.050E+20 7.832 317 9 92 135 81 90
  -1.12500000       0.00000000    
  -1.05468750       5.22562486E+17
 -0.984375000       5.49599615E+17
 -0.914062500       5.77832874E+17
 -0.843750000       6.06818818E+17
 -0.773437500       6.36164990E+17
 -0.703125000       6.65516934E+17
 -0.632812500       6.94532289E+17
 -0.562500000       7.22908005E+17
 -0.492187500       7.50375935E+17
 -0.421875000       7.77128634E+17
 -0.351562500       8.03572713E+17
 -0.281250000       8.30018785E+17
 -0.210937500       8.56317248E+17
 -0.140625000       8.82794450E+17
  -7.03125000E-02   9.10315982E+17
   0.00000000       9.39418199E+17
   7.03125000E-02   9.70987996E+17
  0.140625000       1.00467731E+18
  0.210937500       1.04001733E+18
  0.281250000       1.07527241E+18
  0.351562500       1.10944276E+18
  0.421875000       1.14207860E+18
  0.492187500       1.17309974E+18
  0.562500000       1.20262919E+18
  0.632812500       1.23084733E+18
  0.703125000       1.25905984E+18
  0.773437500       1.28800503E+18
  0.843750000       1.31789292E+18
  0.914062500       1.34740216E+18
  0.984375000       1.37548960E+18
   1.05468750       1.40149318E+18
   1.12500000       1.42510162E+18
   1.19531250       1.44630323E+18
   1.26562500       1.46532506E+18
   1.33593750       1.48257090E+18
   1.40625000       1.49855395E+18
   1.47656250       1.55457832E+18
   1.54687500       1.57078238E+18
   1.61718750       1.58809034E+18
   1.68750000       1.60694243E+18
   1.75781250       1.62757421E+18
   1.82812500       1.64999669E+18
   1.89843750       1.67401497E+18
   1.96875000       1.69926938E+18
   2.03906250       1.72528699E+18
   2.10937500       1.75153041E+18
   2.17968750       1.77743792E+18
   2.25000000       1.80245154E+18
   2.32031250       1.82603634E+18
   2.39062500       1.84770689E+18
   2.46093750       1.86706943E+18
   2.53125000       1.88386625E+18
   2.60156250       1.89802645E+18
   2.67187500       1.90970904E+18
   2.74218750       1.91932413E+18
   2.81250000       1.92751700E+18
   2.88281250       1.93511930E+18
   2.95312500       1.94306423E+18
   3.02343750       1.95229257E+18
   3.09375000       1.96363733E+18
   3.16406250       1.97771837E+18
   3.23437500       1.99486291E+18
   3.30468750       2.01508417E+18
   3.37500000       2.03811619E+18
   3.44531250       2.06349113E+18
   3.51562500       2.09064123E+18
   3.58593750       2.11899764E+18
   3.65625000       2.14805553E+18
   3.72656250       2.17740452E+18
   3.79687500       2.20673069E+18
   3.86718750       2.23581374E+18
   3.93750000       2.26451209E+18
   4.00781250       2.29275855E+18
   4.07812500       2.32055530E+18
   4.14843750       2.34797904E+18
   4.21875000       2.37516997E+18
   4.28906250       2.40231416E+18
   4.35937500       2.42961613E+18
   4.42968750       2.45727270E+18
   4.50000000       2.48546253E+18
   4.57031250       2.51434670E+18
   4.64062500       2.54409976E+18
   4.71093750       2.57494601E+18
   4.78125000       2.60719138E+18
   4.85156250       2.64123034E+18
   4.92187500       2.67752164E+18
   4.99218750       2.71656255E+18
   5.06250000       2.75884125E+18
   5.13281250       2.80479781E+18
   5.20312500       2.85479261E+18
   5.27343750       2.90909171E+18
   5.34375000       2.96784879E+18
   5.41406250       3.03108225E+18
   5.48437500       3.09865989E+18
   5.55468750       3.17030929E+18
   5.62500000       3.24564425E+18
   5.69531250       3.32420353E+18
   5.76562500       3.40550335E+18
   5.83593750       3.48909399E+18
   5.90625000       3.57461181E+18
   5.97656250       3.66180830E+18
   6.04687500       3.75056226E+18
   6.11718750       3.84087532E+18
   6.18750000       3.93283517E+18
   6.25781250       4.02656441E+18
   6.32812500       4.12216420E+18
   6.39843750       4.21967906E+18
   6.46875000       4.31907684E+18
   6.53906250       4.42024648E+18
   6.60937500       4.52299309E+18
   6.67968750       4.62705884E+18
   6.75000000       4.73213807E+18
   6.82031250       4.83790394E+18
   6.89062500       4.94405574E+18
   6.96093750       5.05035817E+18
   7.03125000       5.15668260E+18
   7.10156250       5.26301747E+18
   7.17187500       5.36946064E+18
   7.24218750       5.47620782E+18
   7.31250000       5.58351191E+18
   7.38281250       5.69164393E+18
   7.45312500       5.80085622E+18
   7.52343750       5.91135109E+18
   7.59375000       6.02324070E+18
   7.66406250       6.13653053E+18
   7.73437500       6.25108699E+18
   7.80468750       6.36665391E+18
   7.87500000       6.48287119E+18
   7.94531250       6.59931387E+18
   8.01562500       6.71551301E+18
   8.08593750       6.83099196E+18
   8.15625000       6.94527245E+18
   8.22656250       7.05790258E+18
   8.29687500       7.16846012E+18
   8.36718750       7.27658554E+18
   8.43750000       7.38198418E+18
   8.50781250       7.48444272E+18
   8.57812500       7.58381383E+18
   8.64843750       7.68002935E+18
   8.71875000       7.77309696E+18
   8.78906250       7.86307274E+18
   8.85937500       7.95004961E+18
   8.92968750       8.03412432E+18
   9.00000000       8.11538482E+18
   9.07031250       8.19387676E+18
   9.14062500       8.26960727E+18
   9.21093750       8.34254942E+18
   9.28125000       8.41267023E+18
   9.35156250       8.47997738E+18
   9.42187500       8.54456269E+18
   9.49218750       8.60665377E+18
   9.56250000       8.66663048E+18
   9.63281250       8.72500300E+18
   9.70312500       8.78236067E+18
   9.77343750       8.83931757E+18
   9.84375000       8.89646084E+18
   9.91406250       8.95429350E+18
   9.98437500       9.01319819E+18
   10.0546875       9.07340140E+18
   10.1250000       9.13495206E+18
   10.1953125       9.19769624E+18
   10.2656250       9.26127000E+18
   10.3359375       9.32513624E+18
   10.4062500       9.38862863E+18
   10.4765625       9.45102482E+18
   10.5468750       9.51161561E+18
   10.6171875       9.56978637E+18
   10.6875000       9.62508301E+18
   10.7578125       9.67725923E+18
   10.8281250       9.72632384E+18
   10.8984375       9.77255940E+18
   10.9687500       9.81654317E+18
   11.0390625       9.85912066E+18
   11.1093750       9.90133970E+18
   11.1796875       9.94436469E+18
   11.2500000       9.98935121E+18
   11.3203125       1.00373416E+19
   11.3906250       1.00891506E+19
   11.4609375       1.01453070E+19
   11.5312500       1.02060265E+19
   11.6015625       1.02712451E+19
   11.6718750       1.03406419E+19
   11.7421875       1.04137330E+19
   11.8125000       1.04899237E+19
   11.8828125       1.05685805E+19
   11.9531250       1.06490769E+19
   12.0234375       1.07308443E+19
   12.0937500       1.08134077E+19
   12.1640625       1.08964120E+19
   12.2343750       1.09796308E+19
   12.3046875       1.10629825E+19
   12.3750000       1.11465256E+19
   12.4453125       1.12304667E+19
   12.5156250       1.13151082E+19
   12.5859375       1.14008262E+19
   12.6562500       1.14879999E+19
   12.7265625       1.15769437E+19
   12.7968750       1.16678250E+19
   12.8671875       1.17606480E+19
   12.9375000       1.18552323E+19
   13.0078125       1.19512505E+19
   13.0781250       1.20482516E+19
   13.1484375       1.21457453E+19
   13.2187500       1.22432511E+19
   13.2890625       1.23403347E+19
   13.3593750       1.24366475E+19
   13.4296875       1.25319125E+19
   13.5000000       1.26258932E+19
   13.5703125       1.27183688E+19
   13.6406250       1.28090774E+19
   13.7109375       1.28977178E+19
   13.7812500       1.29839536E+19
   13.8515625       1.30674560E+19
   13.9218750       1.31479073E+19
   13.9921875       1.32250479E+19
   14.0625000       1.32986987E+19
   14.1328125       1.33687904E+19
   14.2031250       1.34353966E+19
   14.2734375       1.34987669E+19
   14.3437500       1.35593093E+19
   14.4140625       1.36176208E+19
   14.4843750       1.36744095E+19
   14.5546875       1.37304802E+19
   14.6250000       1.37866916E+19
   14.6953125       1.38438816E+19
   14.7656250       1.39027847E+19
   14.8359375       1.39639593E+19
   14.9062500       1.40276837E+19
   14.9765625       1.40939150E+19
   15.0468750       1.41622870E+19
   15.1171875       1.42321544E+19
   15.1875000       1.43026507E+19
   15.2578125       1.43727808E+19
   15.3281250       1.44414926E+19
   15.3984375       1.45077525E+19
   15.4687500       1.45706247E+19
   15.5390625       1.46293134E+19
   15.6093750       1.46831905E+19
   15.6796875       1.47318186E+19
   15.7500000       1.47749624E+19
   15.8203125       1.48125767E+19
   15.8906250       1.48447847E+19
   15.9609375       1.48718337E+19
   16.0312500       1.48940340E+19
   16.1015625       1.49116822E+19
   16.1718750       1.49250028E+19
   16.2421875       1.49341420E+19
   16.3125000       1.49392107E+19
   16.3828125       1.49403696E+19
   16.4531250       1.49379320E+19
   16.5234375       1.49324597E+19
   16.5937500       1.49248060E+19
   16.6640625       1.49161144E+19
   16.7343750       1.49077394E+19
   16.8046875       1.49011797E+19
   16.8750000       1.48979537E+19
   16.9453125       1.48995217E+19
   17.0156250       1.49071182E+19
   17.0859375       1.49216867E+19
   17.1562500       1.49437572E+19
   17.2265625       1.49733879E+19
   17.2968750       1.50101149E+19
   17.3671875       1.50529640E+19
   17.4375000       1.51004552E+19
   17.5078125       1.51507007E+19
   17.5781250       1.52015058E+19
   17.6484375       1.52505561E+19
   17.7187500       1.52956240E+19
   17.7890625       1.53347534E+19
   17.8593750       1.53664084E+19
   17.9296875       1.53895454E+19
   18.0000000       1.54036598E+19
   18.0703125       1.54087704E+19
   18.1406250       1.54053553E+19
   18.2109375       1.53942975E+19
   18.2812500       1.53767823E+19
   18.3515625       1.53542225E+19
   18.4218750       1.53281696E+19
   18.4921875       1.53002705E+19
   18.5625000       1.52722055E+19
   18.6328125       1.52456215E+19
   18.7031250       1.52220238E+19
   18.7734375       1.52026823E+19
   18.8437500       1.51885327E+19
   18.9140625       1.51801148E+19
   18.9843750       1.51775453E+19
   19.0546875       1.51805359E+19
   19.1250000       1.51884623E+19
   19.1953125       1.52004712E+19
   19.2656250       1.52155895E+19
   19.3359375       1.52328738E+19
   19.4062500       1.52515072E+19
   19.4765625       1.52708795E+19
   19.5468750       1.52905498E+19
   19.6171875       1.53102288E+19
   19.6875000       1.53297210E+19
   19.7578125       1.53488558E+19
   19.8281250       1.53674529E+19
   19.8984375       1.53853288E+19
   19.9687500       1.54023008E+19
   20.0390625       1.54182295E+19
   20.1093750       1.54330234E+19
   20.1796875       1.54466859E+19
   20.2500000       1.54592852E+19
   20.3203125       1.54709466E+19
   20.3906250       1.54818076E+19
   20.4609375       1.54919803E+19
   20.5312500       1.55015109E+19
   20.6015625       1.55103674E+19
   20.6718750       1.55184049E+19
   20.7421875       1.55253890E+19
   20.8125000       1.55309338E+19
   20.8828125       1.55345127E+19
   20.9531250       1.55354099E+19
   21.0234375       1.55327403E+19
   21.0937500       1.55255396E+19
   21.1640625       1.55128545E+19
   21.2343750       1.54938715E+19
   21.3046875       1.54680428E+19
   21.3750000       1.54351762E+19
   21.4453125       1.53954894E+19
   21.5156250       1.53496111E+19
   21.5859375       1.52985333E+19
   21.6562500       1.52435852E+19
   21.7265625       1.51863447E+19
   21.7968750       1.51285411E+19
   21.8671875       1.50719515E+19
   21.9375000       1.50182898E+19
   22.0078125       1.49690702E+19
   22.0781250       1.49254767E+19
   22.1484375       1.48882703E+19
   22.2187500       1.48577336E+19
   22.2890625       1.48336983E+19
   22.3593750       1.48155948E+19
   22.4296875       1.48025722E+19
   22.5000000       1.47935903E+19
   22.5703125       1.47875551E+19
   22.6406250       1.47834286E+19
   22.7109375       1.47802939E+19
   22.7812500       1.47774308E+19
   22.8515625       1.47743247E+19
   22.9218750       1.47706325E+19
   22.9921875       1.47661586E+19
   23.0625000       1.47608216E+19
   23.1328125       1.47546302E+19
   23.2031250       1.47476835E+19
   23.2734375       1.47401782E+19
   23.3437500       1.47323816E+19
   23.4140625       1.47246113E+19
   23.4843750       1.47171545E+19
   23.5546875       1.47102110E+19
   23.6250000       1.47038888E+19
   23.6953125       1.46982198E+19
   23.7656250       1.46932203E+19
   23.8359375       1.46889872E+19
   23.9062500       1.46857788E+19
   23.9765625       1.46840482E+19
   24.0468750       1.46844451E+19
   24.1171875       1.46877271E+19
   24.1875000       1.46946749E+19
   24.2578125       1.47059559E+19
   24.3281250       1.47220110E+19
   24.3984375       1.47429600E+19
   24.4687500       1.47685819E+19
   24.5390625       1.47983039E+19
   24.6093750       1.48312497E+19
   24.6796875       1.48662900E+19
   24.7500000       1.49021264E+19
   24.8203125       1.49373822E+19
   24.8906250       1.49707161E+19
   24.9609375       1.50009351E+19
   25.0312500       1.50271024E+19
   25.1015625       1.50486055E+19
   25.1718750       1.50651664E+19
   25.2421875       1.50768564E+19
   25.3125000       1.50840395E+19
   25.3828125       1.50873369E+19
   25.4531250       1.50875601E+19
   25.5234375       1.50856294E+19
   25.5937500       1.50824804E+19
   25.6640625       1.50789619E+19
   25.7343750       1.50757459E+19
   25.8046875       1.50732632E+19
   25.8750000       1.50716964E+19
   25.9453125       1.50709993E+19
   26.0156250       1.50709443E+19
   26.0859375       1.50711796E+19
   26.1562500       1.50713104E+19
   26.2265625       1.50709619E+19
   26.2968750       1.50698008E+19
   26.3671875       1.50675897E+19
   26.4375000       1.50641867E+19
   26.5078125       1.50595655E+19
   26.5781250       1.50538084E+19
   26.6484375       1.50470992E+19
   26.7187500       1.50397292E+19
   26.7890625       1.50320535E+19
   26.8593750       1.50244877E+19
   26.9296875       1.50174410E+19
   27.0000000       1.50113079E+19
   27.0703125       1.50064107E+19
   27.1406250       1.50029901E+19
   27.2109375       1.50011880E+19
   27.2812500       1.50010868E+19
   27.3515625       1.50027383E+19
   27.4218750       1.50061963E+19
   27.4921875       1.50115696E+19
   27.5625000       1.50190199E+19
   27.6328125       1.50287604E+19
   27.7031250       1.50409925E+19
   27.7734375       1.50558205E+19
   27.8437500       1.50732071E+19
   27.9140625       1.50928708E+19
   27.9843750       1.51143014E+19
   28.0546875       1.51367732E+19
   28.1250000       1.51594242E+19
   28.1953125       1.51813441E+19
   28.2656250       1.52016652E+19
   28.3359375       1.52196730E+19
   28.4062500       1.52348848E+19
   28.4765625       1.52471257E+19
   28.5468750       1.52565573E+19
   28.6171875       1.52636843E+19
   28.6875000       1.52692951E+19
   28.7578125       1.52743705E+19
   28.8281250       1.52799164E+19
   28.8984375       1.52867872E+19
   28.9687500       1.52955218E+19
   29.0390625       1.53062277E+19
   29.1093750       1.53185422E+19
   29.1796875       1.53316671E+19
   29.2500000       1.53445149E+19
   29.3203125       1.53558465E+19
   29.3906250       1.53644556E+19
   29.4609375       1.53693287E+19
   29.5312500       1.53697465E+19
   29.6015625       1.53653429E+19
   29.6718750       1.53561279E+19
   29.7421875       1.53424588E+19
   29.8125000       1.53249700E+19
   29.8828125       1.53045070E+19
   29.9531250       1.52819934E+19
   30.0234375       1.52583451E+19
   30.0937500       1.52343570E+19
   30.1640625       1.52106109E+19
   30.2343750       1.51873936E+19
   30.3046875       1.51646667E+19
   30.3750000       1.51420816E+19
   30.4453125       1.51190369E+19
   30.5156250       1.50947366E+19
   30.5859375       1.50683121E+19
   30.6562500       1.50388979E+19
   30.7265625       1.50057631E+19
   30.7968750       1.49683819E+19
   30.8671875       1.49265158E+19
   30.9375000       1.48802285E+19
   31.0078125       1.48298984E+19
   31.0781250       1.47761422E+19
   31.1484375       1.47197790E+19
   31.2187500       1.46617314E+19
   31.2890625       1.46029845E+19
   31.3593750       1.45444981E+19
   31.4296875       1.44871564E+19
   31.5000000       1.44317278E+19
   31.5703125       1.43788259E+19
   31.6406250       1.43288938E+19
   31.7109375       1.42821942E+19
   31.7812500       1.42388108E+19
   31.8515625       1.41986523E+19
   31.9218750       1.41614613E+19
   31.9921875       1.41268399E+19
   32.0625000       1.40942712E+19
   32.1328125       1.40631759E+19
   32.2031250       1.40329196E+19
   32.2734375       1.40028765E+19
   32.3437500       1.39724508E+19
   32.4140625       1.39411180E+19
   32.4843750       1.39084450E+19
   32.5546875       1.38741171E+19
   32.6250000       1.38379311E+19
   32.6953125       1.37998176E+19
   32.7656250       1.37598273E+19
   32.8359375       1.37181745E+19
   32.9062500       1.36752726E+19
   32.9765625       1.36317639E+19
   33.0468750       1.35885267E+19
   33.1171875       1.35466430E+19
   33.1875000       1.35073486E+19
   33.2578125       1.34719542E+19
   33.3281250       1.34417364E+19
   33.3984375       1.34178308E+19
   33.4687500       1.34010863E+19
   33.5390625       1.33919538E+19
   33.6093750       1.33903705E+19
   33.6796875       1.33957108E+19
   33.7500000       1.34068071E+19
   33.8203125       1.34220595E+19
   33.8906250       1.34396176E+19
   33.9609375       1.34575946E+19
   34.0312500       1.34743028E+19
   34.1015625       1.34884216E+19
   34.1718750       1.34991023E+19
   34.2421875       1.35059588E+19
   34.3125000       1.35090276E+19
   34.3828125       1.35086570E+19
   34.4531250       1.35053959E+19
   34.5234375       1.34999390E+19
   34.5937500       1.34930759E+19
   34.6640625       1.34856838E+19
   34.7343750       1.34787217E+19
   34.8046875       1.34732066E+19
   34.8750000       1.34701389E+19
   34.9453125       1.34704611E+19
   35.0156250       1.34749163E+19
   35.0859375       1.34839983E+19
   35.1562500       1.34978818E+19
   35.2265625       1.35163822E+19
   35.2968750       1.35389442E+19
   35.3671875       1.35646310E+19
   35.4375000       1.35921781E+19
   35.5078125       1.36200486E+19
   35.5781250       1.36465523E+19
   35.6484375       1.36699378E+19
   35.7187500       1.36885569E+19
   35.7890625       1.37009605E+19
   35.8593750       1.37060414E+19
   35.9296875       1.37030991E+19
   36.0000000       1.36918687E+19
   36.0703125       1.36725645E+19
   36.1406250       1.36458167E+19
   36.2109375       1.36126444E+19
   36.2812500       1.35743726E+19
   36.3515625       1.35325637E+19
   36.4218750       1.34888625E+19
   36.4921875       1.34448458E+19
   36.5625000       1.34018538E+19
   36.6328125       1.33608332E+19
   36.7031250       1.33222403E+19
   36.7734375       1.32860334E+19
   36.8437500       1.32517100E+19
   36.9140625       1.32184211E+19
   36.9843750       1.31850961E+19
   37.0546875       1.31505681E+19
   37.1250000       1.31137114E+19
   37.1953125       1.30735198E+19
   37.2656250       1.30292018E+19
   37.3359375       1.29802339E+19
   37.4062500       1.29263975E+19
   37.4765625       1.28678540E+19
   37.5468750       1.28051323E+19
   37.6171875       1.27391319E+19
   37.6875000       1.26710920E+19
   37.7578125       1.26025176E+19
   37.8281250       1.25350890E+19
   37.8984375       1.24705465E+19
   37.9687500       1.24105671E+19
   38.0390625       1.23566580E+19
   38.1093750       1.23100486E+19
   38.1796875       1.22715811E+19
   38.2500000       1.22416733E+19
   38.3203125       1.22202669E+19
   38.3906250       1.22068287E+19
   38.4609375       1.22004328E+19
   38.5312500       1.21998556E+19
   38.6015625       1.22037445E+19
   38.6718750       1.22107649E+19
   38.7421875       1.22197336E+19
   38.8125000       1.22296765E+19
   38.8828125       1.22398800E+19
   38.9531250       1.22498482E+19
   39.0234375       1.22592446E+19
   39.0937500       1.22678582E+19
   39.1640625       1.22755415E+19
   39.2343750       1.22822222E+19
   39.3046875       1.22878957E+19
   39.3750000       1.22926972E+19
   39.4453125       1.22969205E+19
   39.5156250       1.23010491E+19
   39.5859375       1.23056946E+19
   39.6562500       1.23115681E+19
   39.7265625       1.23193659E+19
   39.7968750       1.23297090E+19
   39.8671875       1.23430758E+19
   39.9375000       1.23597564E+19
   40.0078125       1.23798456E+19
   40.0781250       1.24032025E+19
   40.1484375       1.24294468E+19
   40.2187500       1.24579802E+19
   40.2890625       1.24879815E+19
   40.3593750       1.25184874E+19
   40.4296875       1.25484084E+19
   40.5000000       1.25766461E+19
   40.5703125       1.26021823E+19
   40.6406250       1.26241824E+19
   40.7109375       1.26420934E+19
   40.7812500       1.26557120E+19
   40.8515625       1.26652294E+19
   40.9218750       1.26712448E+19
   40.9921875       1.26747181E+19
   41.0625000       1.26769117E+19
   41.1328125       1.26792668E+19
   41.2031250       1.26832603E+19
   41.2734375       1.26902356E+19
   41.3437500       1.27012659E+19
   41.4140625       1.27170680E+19
   41.4843750       1.27379566E+19
   41.5546875       1.27638775E+19
   41.6250000       1.27944781E+19
   41.6953125       1.28291819E+19
   41.7656250       1.28672349E+19
   41.8359375       1.29077585E+19
   41.9062500       1.29497577E+19
   41.9765625       1.29921702E+19
   42.0468750       1.30339088E+19
   42.1171875       1.30739717E+19
   42.1875000       1.31115530E+19
   42.2578125       1.31461491E+19
   42.3281250       1.31776491E+19
   42.3984375       1.32063155E+19
   42.4687500       1.32327445E+19
   42.5390625       1.32577210E+19
   42.6093750       1.32820565E+19
   42.6796875       1.33064799E+19
   42.7500000       1.33315224E+19
   42.8203125       1.33575050E+19
   42.8906250       1.33845684E+19
   42.9609375       1.34127356E+19
   43.0312500       1.34420211E+19
   43.1015625       1.34724952E+19
   43.1718750       1.35043327E+19
   43.2421875       1.35378403E+19
   43.3125000       1.35734007E+19
   43.3828125       1.36114152E+19
   43.4531250       1.36522324E+19
   43.5234375       1.36960633E+19
   43.5937500       1.37429564E+19
   43.6640625       1.37927444E+19
   43.7343750       1.38450328E+19
   43.8046875       1.38991772E+19
   43.8750000       1.39543067E+19
   43.9453125       1.40094032E+19
   44.0156250       1.40633826E+19
   44.0859375       1.41152367E+19
   44.1562500       1.41641309E+19
   44.2265625       1.42094780E+19
   44.2968750       1.42509351E+19
   44.3671875       1.42883548E+19
   44.4375000       1.43217261E+19
   44.5078125       1.43511116E+19
   44.5781250       1.43766005E+19
   44.6484375       1.43982961E+19
   44.7187500       1.44163402E+19
   44.7890625       1.44309296E+19
   44.8593750       1.44423348E+19
   44.9296875       1.44508736E+19
   45.0000000       1.44568847E+19
   45.0703125       1.44606659E+19
   45.1406250       1.44624262E+19
   45.2109375       1.44622371E+19
   45.2812500       1.44600567E+19
   45.3515625       1.44557522E+19
   45.4218750       1.44491353E+19
   45.4921875       1.44400599E+19
   45.5625000       1.44284909E+19
   45.6328125       1.44145458E+19
   45.7031250       1.43985655E+19
   45.7734375       1.43810832E+19
   45.8437500       1.43628170E+19
   45.9140625       1.43445794E+19
   45.9843750       1.43271885E+19
   46.0546875       1.43113687E+19
   46.1250000       1.42976512E+19
   46.1953125       1.42863328E+19
   46.2656250       1.42774334E+19
   46.3359375       1.42706879E+19
   46.4062500       1.42655894E+19
   46.4765625       1.42614729E+19
   46.5468750       1.42575982E+19
   46.6171875       1.42532551E+19
   46.6875000       1.42478301E+19
   46.7578125       1.42408658E+19
   46.8281250       1.42320356E+19
   46.8984375       1.42211175E+19
   46.9687500       1.42079288E+19
   47.0390625       1.41922971E+19
   47.1093750       1.41739781E+19
   47.1796875       1.41526652E+19
   47.2500000       1.41280064E+19
   47.3203125       1.40996313E+19
   47.3906250       1.40672254E+19
   47.4609375       1.40305611E+19
   47.5312500       1.39895416E+19
   47.6015625       1.39442110E+19
   47.6718750       1.38947362E+19
   47.7421875       1.38413912E+19
   47.8125000       1.37845146E+19
   47.8828125       1.37245329E+19
   47.9531250       1.36619378E+19
   48.0234375       1.35972997E+19
   48.0937500       1.35312564E+19
   48.1640625       1.34644809E+19
   48.2343750       1.33976086E+19
   48.3046875       1.33311827E+19
   48.3750000       1.32656309E+19
   48.4453125       1.32012314E+19
   48.5156250       1.31381513E+19
   48.5859375       1.30764500E+19
   48.6562500       1.30161407E+19
   48.7265625       1.29572124E+19
   48.7968750       1.28996815E+19
   48.8671875       1.28436042E+19
   48.9375000       1.27890893E+19
   49.0078125       1.27362809E+19
   49.0781250       1.26853163E+19
   49.1484375       1.26362726E+19
   49.2187500       1.25891267E+19
   49.2890625       1.25436904E+19
   49.3593750       1.24995890E+19
   49.4296875       1.24562309E+19
   49.5000000       1.24128563E+19
   49.5703125       1.23685624E+19
   49.6406250       1.23223895E+19
   49.7109375       1.22733590E+19
   49.7812500       1.22205539E+19
   49.8515625       1.21631594E+19
   49.9218750       1.21005147E+19
   49.9921875       1.20321592E+19
   50.0625000       1.19579036E+19
   50.1328125       1.18778746E+19
   50.2031250       1.17925118E+19
   50.2734375       1.17025728E+19
   50.3437500       1.16090957E+19
   50.4140625       1.15133447E+19
   50.4843750       1.14167526E+19
   50.5546875       1.13208202E+19
   50.6250000       1.12270341E+19
   50.6953125       1.11367664E+19
   50.7656250       1.10511859E+19
   50.8359375       1.09711568E+19
   50.9062500       1.08971729E+19
   50.9765625       1.08293165E+19
   51.0468750       1.07672601E+19
   51.1171875       1.07102977E+19
   51.1875000       1.06574782E+19
   51.2578125       1.06077253E+19
   51.3281250       1.05599692E+19
   51.3984375       1.05132289E+19
   51.4687500       1.04666514E+19
   51.5390625       1.04194978E+19
   51.6093750       1.03710994E+19
   51.6796875       1.03208144E+19
   51.7500000       1.02680070E+19
   51.8203125       1.02120815E+19
   51.8906250       1.01525165E+19
   51.9609375       1.00889120E+19
   52.0312500       1.00210413E+19
   52.1015625       9.94884410E+18
   52.1718750       9.87241045E+18
   52.2421875       9.79194049E+18
   52.3125000       9.70770251E+18
   52.3828125       9.62002745E+18
   52.4531250       9.52930125E+18
   52.5234375       9.43598570E+18
   52.5937500       9.34064485E+18
   52.6640625       9.24394390E+18
   52.7343750       9.14664097E+18
   52.8046875       9.04952386E+18
   52.8750000       8.95335177E+18
   52.9453125       8.85881246E+18
   53.0156250       8.76646723E+18
   53.0859375       8.67673939E+18
   53.1562500       8.58991645E+18
   53.2265625       8.50617490E+18
   53.2968750       8.42560543E+18
   53.3671875       8.34824050E+18
   53.4375000       8.27409053E+18
   53.5078125       8.20317368E+18
   53.5781250       8.13553173E+18
   53.6484375       8.07125812E+18
   53.7187500       8.01052715E+18
   53.7890625       7.95363842E+18
   53.8593750       7.90100370E+18
   53.9296875       7.85312711E+18
   54.0000000       7.81051004E+18
   54.0703125       7.77353896E+18
   54.1406250       7.74233482E+18
   54.2109375       7.71663869E+18
   54.2812500       7.69574632E+18
   54.3515625       7.67853126E+18
   54.4218750       7.66352238E+18
   54.4921875       7.64901982E+18
   54.5625000       7.63323138E+18
   54.6328125       7.61437971E+18
   54.7031250       7.59078419E+18
   54.7734375       7.56089891E+18
   54.8437500       7.52334399E+18
   54.9140625       7.47693580E+18
   54.9843750       7.42072547E+18
   55.0546875       7.35404559E+18
   55.1250000       7.27658609E+18
   55.1953125       7.18845639E+18
   55.2656250       7.09023866E+18
   55.3359375       6.98300604E+18
   55.4062500       6.86830444E+18
   55.4765625       6.74809099E+18
   55.5468750       6.62461913E+18
   55.6171875       6.50030944E+18
   55.6875000       6.37761054E+18
   55.7578125       6.25886329E+18
   55.8281250       6.14619248E+18
   55.8984375       6.04138374E+18
   55.9687500       5.94582903E+18
   56.0390625       5.76642996E+18
   56.1093750       5.62108222E+18
   56.1796875       5.57209623E+18
   56.2500000       5.52636150E+18
   56.3203125       5.48347504E+18
   56.3906250       5.44292780E+18
   56.4609375       5.40417332E+18
   56.5312500       5.36666843E+18
   56.6015625       5.32993924E+18
   56.6718750       5.29358004E+18
   56.7421875       5.25725822E+18
   56.8125000       5.22069561E+18
   56.8828125       5.18366516E+18
   56.9531250       5.14598105E+18
   57.0234375       5.10748220E+18
   57.0937500       5.06804492E+18
   57.1640625       5.02758509E+18
   57.2343750       4.98606753E+18
   57.3046875       4.94350653E+18
   57.3750000       4.89995708E+18
   57.4453125       4.85553021E+18
   57.5156250       4.81038096E+18
   57.5859375       4.76472374E+18
   57.6562500       4.71883068E+18
   57.7265625       4.67305251E+18
   57.7968750       4.62779881E+18
   57.8671875       4.58350279E+18
   57.9375000       4.54057455E+18
   58.0078125       4.49934837E+18
   58.0781250       4.46003780E+18
   58.1484375       4.42270086E+18
   58.2187500       4.38723694E+18
   58.2890625       4.35342311E+18
   58.3593750       4.32095150E+18
   58.4296875       4.28948018E+18
   58.5000000       4.25867901E+18
   58.5703125       4.22827559E+18
   58.6406250       4.19806624E+18
   58.7109375       4.16791213E+18
   58.7812500       4.13772284E+18
   58.8515625       4.10745136E+18
   58.9218750       4.07709384E+18
   58.9921875       4.04670389E+18
   59.0625000       4.01640712E+18
   59.1328125       3.98640832E+18
   59.2031250       3.95696973E+18
   59.2734375       3.92838050E+18
   59.3437500       3.90090865E+18
   59.4140625       3.87478151E+18
   59.4843750       3.85014640E+18
   59.5546875       3.82704896E+18
   59.6250000       3.80541222E+18
   59.6953125       3.78503964E+18
   59.7656250       3.76561457E+18
   59.8359375       3.74672084E+18
   59.9062500       3.72788318E+18
   59.9765625       3.70864365E+18
   60.0468750       3.68864023E+18
   60.1171875       3.66767887E+18
   60.1875000       3.64578210E+18
   60.2578125       3.62320637E+18
   60.3281250       3.60040525E+18
   60.3984375       3.57793975E+18
   60.4687500       3.55637091E+18
   60.5390625       3.53616299E+18
   60.6093750       3.51761258E+18
   60.6796875       3.50083513E+18
   60.7500000       3.48578474E+18
   60.8203125       3.47231599E+18
   60.8906250       3.46023319E+18
   60.9609375       3.44934252E+18
   61.0312500       3.43948733E+18
   61.1015625       3.43058705E+18
   61.1718750       3.42265298E+18
   61.2421875       3.41580110E+18
   61.3125000       3.41024362E+18
   61.3828125       3.31360561E+18
   61.4531250       3.31555065E+18
   61.5234375       3.31920295E+18
   61.5937500       3.32482008E+18
   61.6640625       3.33260627E+18
   61.7343750       3.34268110E+18
   61.8046875       3.35507205E+18
   61.8750000       3.36968978E+18
   61.9453125       3.38631632E+18
   62.0156250       3.40456326E+18
   62.0859375       3.42385365E+18
   62.1562500       3.44340626E+18
   62.2265625       3.46227773E+18
   62.2968750       3.47941554E+18
   62.3671875       3.49375537E+18
   62.4375000       3.50431343E+18
   62.5078125       3.51028625E+18
   62.5781250       3.51111611E+18
   62.6484375       3.50652812E+18
   62.7187500       3.49653549E+18
   62.7890625       3.48142462E+18
   62.8593750       3.46171395E+18
   62.9296875       3.43811898E+18
   63.0000000       3.41150613E+18
   63.0703125       3.38286852E+18
   63.1406250       3.35328699E+18
   63.2109375       3.32388330E+18
   63.2812500       3.29575339E+18
   63.3515625       3.26991597E+18
   63.4218750       3.24724184E+18
   63.4921875       3.14810108E+18
   63.5625000       3.13911339E+18
   63.6328125       3.13315047E+18
   63.7031250       3.13024501E+18
   63.7734375       3.13030081E+18
   63.8437500       3.13311803E+18
   63.9140625       3.13841355E+18
   63.9843750       3.14583498E+18
   64.0546875       3.15497000E+18
   64.1250000       3.16535709E+18
   64.1953125       3.17650668E+18
   64.2656250       3.18793089E+18
   64.3359375       3.19916927E+18
   64.4062500       3.20982656E+18
   64.4765625       3.21958473E+18
   64.5468750       3.22821589E+18
   64.6171875       3.23555568E+18
   64.6875000       3.24148727E+18
   64.7578125       3.24590951E+18
   64.8281250       3.24873085E+18
   64.8984375       3.24986143E+18
   64.9687500       3.24923581E+18
   65.0390625       3.24684437E+18
   65.1093750       3.24275171E+18
   65.1796875       3.23710352E+18
   65.2500000       3.23011887E+18
   65.3203125       3.22207869E+18
   65.3906250       3.21330432E+18
   65.4609375       3.20413301E+18
   65.5312500       3.19490976E+18
   65.6015625       3.18597266E+18
   65.6718750       3.17765073E+18
   65.7421875       3.17023837E+18
   65.8125000       3.16398600E+18
   65.8828125       3.15907998E+18
   65.9531250       3.15562861E+18
   66.0234375       3.15364344E+18
   66.0937500       3.15304008E+18
   66.1640625       3.15364784E+18
   66.2343750       3.15521767E+18
   66.3046875       3.15742136E+18
   66.3750000       3.15986778E+18
   66.4453125       3.16212095E+18
   66.5156250       3.16374218E+18
   66.5859375       3.16433866E+18
   66.6562500       3.16363195E+18
   66.7265625       3.16151017E+18
   66.7968750       3.15806018E+18
   66.8671875       3.15354696E+18
   66.9375000       3.14837650E+18
   67.0078125       3.14302491E+18
   67.0781250       3.13796578E+18
   67.1484375       3.13360594E+18
   67.2187500       3.13024776E+18
   67.2890625       3.12806743E+18
   67.3593750       3.12710618E+18
   67.4296875       3.12726093E+18
   67.5000000       3.12828403E+18
   67.5703125       3.12978321E+18
   67.6406250       3.13125216E+18
   67.7109375       3.13210731E+18
   67.7812500       3.13176041E+18
   67.8515625       3.12969250E+18
   67.9218750       3.12552920E+18
   67.9921875       3.11908551E+18
   68.0625000       3.11038673E+18
   68.1328125       3.09964862E+18
   68.2031250       3.08724586E+18
   68.2734375       3.07364600E+18
   68.3437500       3.05936197E+18
   68.4140625       3.04489047E+18
   68.4843750       3.03066361E+18
   68.5546875       3.01700026E+18
   68.6250000       3.00408842E+18
   68.6953125       2.99197812E+18
   68.7656250       2.98061577E+18
   68.8359375       2.96987162E+18
   68.9062500       2.95959613E+18
   68.9765625       2.94966617E+18
   69.0468750       2.94003334E+18
   69.1171875       2.93074440E+18
   69.1875000       2.92195270E+18
   69.2578125       2.91388998E+18
   69.3281250       2.90682177E+18
   69.3984375       2.90096990E+18
   69.4687500       2.89645640E+18
   69.5390625       2.89325765E+18
   69.6093750       2.89121283E+18
   69.6796875       2.89004075E+18
   69.7500000       2.88940386E+18
   69.8203125       2.88895608E+18
   69.8906250       2.88838901E+18
   69.9609375       2.88743793E+18
   70.0312500       2.88588212E+18
   70.1015625       2.88351625E+18
   70.1718750       2.88012618E+18
   70.2421875       2.87545903E+18
   70.3125000       2.86922232E+18
   70.3828125       2.86109336E+18
   70.4531250       2.85075575E+18
   70.5234375       2.83792307E+18
   70.5937500       2.82238560E+18
   70.6640625       2.80403173E+18
   70.7343750       2.78286256E+18
   70.8046875       2.75897759E+18
   70.8750000       2.73256567E+18
   70.9453125       2.70389151E+18
   71.0156250       2.67328138E+18
   71.0859375       2.64109510E+18
   71.1562500       2.60770046E+18
   71.2265625       2.57343610E+18
   71.2968750       2.53858928E+18
   71.3671875       2.50337110E+18
   71.4375000       2.46793026E+18
   71.5078125       2.43236739E+18
   71.5781250       2.39676960E+18
   71.6484375       2.36121579E+18
   71.7187500       2.32580162E+18
   71.7890625       2.20363145E+18
   71.8593750       2.17509252E+18
   71.9296875       2.14718884E+18
   72.0000000       2.12015597E+18
   72.0703125       2.09422674E+18
   72.1406250       2.06961252E+18
   72.2109375       2.04646945E+18
   72.2812500       2.02485841E+18
   72.3515625       2.00470478E+18
   72.4218750       1.98578026E+18
   72.4921875       1.96770140E+18
   72.5625000       1.94996243E+18
   72.6328125       1.93198707E+18
   72.7031250       1.91318720E+18
   72.7734375       1.89300471E+18
   72.8437500       1.87094850E+18
   72.9140625       1.84660738E+18
   72.9843750       1.81966192E+18
   73.0546875       1.78988027E+18
   73.1250000       1.67568376E+18
   73.1953125       1.64851400E+18
   73.2656250       1.61899582E+18
   73.3359375       1.58716524E+18
   73.4062500       1.55316738E+18
   73.4765625       1.51726791E+18
   73.5468750       1.47984672E+18
   73.6171875       1.44138305E+18
   73.6875000       1.40243382E+18
   73.7578125       1.36361157E+18
   73.8281250       1.32556215E+18
   73.8984375       1.28894649E+18
   73.9687500       1.25442663E+18
   74.0390625       1.22266023E+18
   74.1093750       1.19428513E+18
   74.1796875       1.10293221E+18
   74.2500000       1.10215554E+18
   74.3203125       1.02349215E+18
   74.3906250       1.03237517E+18
   74.4609375       1.04302525E+18
   74.5312500       1.05509995E+18
   74.6015625       1.06818366E+18
   74.6718750       1.08182928E+18
   74.7421875       1.09560094E+18
   74.8125000       1.10912177E+18
   74.8828125       1.12210886E+18
   74.9531250       1.13439240E+18
   75.0234375       1.14591645E+18
   75.0937500       1.15672884E+18
   75.1640625       1.16695801E+18
   75.2343750       1.17678957E+18
   75.3046875       1.18643489E+18
   75.3750000       1.19610565E+18
   75.4453125       1.20598655E+18
   75.5156250       1.21620458E+18
   75.5859375       1.22679618E+18
   75.6562500       1.23768217E+18
   75.7265625       1.24864993E+18
   75.7968750       1.25935505E+18
   75.8671875       1.26933601E+18
   75.9375000       1.27805115E+18
   76.0078125       1.28492379E+18
   76.0781250       1.28939935E+18
   76.1484375       1.29100367E+18
   76.2187500       1.28940622E+18
   76.2890625       1.28447642E+18
   76.3593750       1.27632134E+18
   76.4296875       1.26529036E+18
   76.5000000       1.25194476E+18
   76.5703125       1.23698824E+18
   76.6406250       1.22117273E+18
   76.7109375       1.20519215E+18
   76.7812500       1.18959352E+18
   76.8515625       1.17472111E+18
   76.9218750       1.16069780E+18
   76.9921875       1.14744250E+18
   77.0625000       1.13471668E+18
   77.1328125       1.12218782E+18
   77.2031250       1.10949732E+18
   77.2734375       1.09631830E+18
   77.3437500       1.08240371E+18
   77.4140625       1.06761095E+18
   77.4843750       1.05191246E+18
   77.5546875       1.03538275E+18
   77.6250000       1.01818151E+18
   77.6953125       1.00052734E+18
   77.7656250       9.82674018E+17
   77.8359375       8.92393599E+17
   77.9062500       8.87366425E+17
   77.9765625       8.82233836E+17
   78.0468750       8.77243428E+17
   78.1171875       8.72629809E+17
   78.1875000       8.68604496E+17
   78.2578125       8.65353584E+17
   78.3281250       8.63011624E+17
   78.3984375       8.61645894E+17
   78.4687500       8.61228835E+17
   78.5390625       8.61634005E+17
   78.6093750       8.62631331E+17
   78.6796875       8.63912880E+17
   78.7500000       8.65124886E+17
   78.8203125       8.65923750E+17
   78.8906250       8.66018033E+17
   78.9609375       8.65213328E+17
   79.0312500       8.63424079E+17
   79.1015625       8.60679285E+17
   79.1718750       8.57097626E+17
   79.2421875       8.52868767E+17
   79.3125000       8.48226423E+17
   79.3828125       8.43440249E+17
   79.4531250       8.38801547E+17
   79.5234375       8.34622647E+17
   79.5937500       8.31222957E+17
   79.6640625       8.28913501E+17
   79.7343750       8.27958163E+17
   79.8046875       8.28537949E+17
   79.8750000       8.30710996E+17
   79.9453125       8.34399033E+17
   80.0156250       8.39391916E+17
   80.0859375       8.45385010E+17
   80.1562500       8.52025923E+17
   80.2265625       8.58968926E+17
   80.2968750       8.65907669E+17
   80.3671875       8.72596617E+17
   80.4375000       8.78843355E+17
   80.5078125       8.84496013E+17
   80.5781250       8.89415846E+17
   80.6484375       8.93462668E+17
   80.7187500       8.96486943E+17
   80.7890625       8.98345393E+17
   80.8593750       8.98918857E+17
   80.9296875       8.98146312E+17
   81.0000000       8.96044458E+17
   81.0703125       8.92726476E+17
   81.1406250       8.88395500E+17
   81.2109375       8.83329775E+17
   81.2812500       7.94678695E+17
   81.3515625       7.90056210E+17
   81.4218750       7.85435582E+17
   81.4921875       7.80984071E+17
   81.5625000       7.76727037E+17
   81.6328125       7.72542846E+17
   81.7031250       7.68181427E+17
   81.7734375       7.63318630E+17
   81.8437500       7.57618418E+17
   81.9140625       7.50800141E+17
   81.9843750       7.42681347E+17
   82.0546875       7.33207680E+17
   82.1250000       7.22452463E+17
   82.1953125       7.10604263E+17
   82.2656250       6.97929437E+17
   82.3359375       6.84742925E+17
   82.4062500       6.71374582E+17
   82.4765625       6.58153367E+17
   82.5468750       6.45389068E+17
   82.6171875       6.33371612E+17
   82.6875000       6.22365981E+17
   82.7578125       6.12612145E+17
   82.8281250       6.04311313E+17
   82.8984375       5.97614257E+17
   82.9687500       5.92596085E+17
   83.0390625       5.89235428E+17
   83.1093750       5.87387355E+17
   83.1796875       5.86778088E+17
   83.2500000       5.87011597E+17
   83.3203125       5.87610487E+17
   83.3906250       5.88067128E+17
   83.4609375       5.87916427E+17
   83.5312500       5.86799941E+17
   83.6015625       5.84523127E+17
   83.6718750       5.81073959E+17
   83.7421875       5.76622243E+17
   83.8125000       5.71484053E+17
   83.8828125       5.66080778E+17
   83.9531250       5.60884624E+17
   84.0234375       5.56376592E+17
   84.0937500       5.53001538E+17
   84.1640625       5.51135048E+17
   84.2343750       5.51046434E+17
   84.3046875       5.52880626E+17
   84.3750000       5.56647793E+17
   84.4453125       5.62235305E+17
   84.5156250       5.69422126E+17
   84.5859375       5.77907572E+17
   84.6562500       5.87335884E+17
   84.7265625       5.97330101E+17
   84.7968750       6.07514328E+17
   84.8671875       6.17543867E+17
   84.9375000       6.27121094E+17
   85.0078125       6.36011676E+17
   85.0781250       6.44041135E+17
   85.1484375       6.51096564E+17
   85.2187500       6.57116802E+17
   85.2890625       6.62090718E+17
   85.3593750       6.66046898E+17
   85.4296875       6.69056124E+17
   85.5000000       6.71233501E+17
   85.5703125       6.72757424E+17
   85.6406250       6.73880025E+17
   85.7109375       6.74940710E+17
   85.7812500       6.76349528E+17
   85.8515625       6.78553637E+17
   85.9218750       6.81969751E+17
   85.9921875       6.86917278E+17
   86.0625000       6.93552968E+17
   86.1328125       7.01834627E+17
   86.2031250       7.11506619E+17
   86.2734375       7.22125565E+17
   86.3437500       7.33107487E+17
   86.4140625       7.43804498E+17
   86.4843750       7.53577576E+17
   86.5546875       7.61874009E+17
   86.6250000       7.68281688E+17
   86.6953125       6.90651563E+17
   86.7656250       6.96316041E+17
   86.8359375       7.00202127E+17
   86.9062500       7.02499282E+17
   86.9765625       7.03510627E+17
   87.0468750       7.03610613E+17
   87.1171875       7.03200702E+17
   87.1875000       7.02672867E+17
   87.2578125       7.02376755E+17
   87.3281250       7.02594390E+17
   87.3984375       7.03521965E+17
   87.4687500       7.05258919E+17
   87.5390625       7.07804082E+17
   87.6093750       7.11057949E+17
   87.6796875       7.14832367E+17
   87.7500000       7.18868605E+17
   87.8203125       7.22858527E+17
   87.8906250       7.26470491E+17
   87.9609375       7.29381860E+17
   88.0312500       7.31312671E+17
   88.1015625       7.32055254E+17
   88.1718750       7.31492373E+17
   88.2421875       7.29602244E+17
   88.3125000       7.26447882E+17
   88.3828125       7.22152228E+17
   88.4531250       7.16872510E+17
   88.5234375       7.10776955E+17
   88.5937500       7.04035231E+17
   88.6640625       6.96817212E+17
   88.7343750       6.89299164E+17
   88.8046875       6.81667041E+17
   88.8750000       6.74117313E+17
   88.9453125       6.66846724E+17
   89.0156250       6.60036555E+17
   89.0859375       6.53835791E+17
   89.1562500       6.48349365E+17
   89.2265625       6.43628887E+17
   89.2968750       6.39668377E+17
   89.3671875       6.36404752E+17
   89.4375000       6.33724074E+17
   89.5078125       6.31472549E+17
   89.5781250       6.29472331E+17
   89.6484375       6.27540695E+17
   89.7187500       6.25509279E+17
   89.7890625       6.23235008E+17
   89.8593750       6.20599547E+17
   89.9296875       6.17502429E+17
   90.0000000       6.13851363E+17
   90.0703125       6.09558045E+17
   90.1406250       6.04546059E+17
   90.2109375       5.98777127E+17
   90.2812500       5.92288153E+17
   90.3515625       5.85221249E+17
   90.4218750       5.77833149E+17
   90.4921875       5.70475080E+17
   90.5625000       5.63545098E+17
   90.6328125       5.57425285E+17
   90.7031250       5.52419518E+17
   90.7734375       5.48711243E+17
   90.8437500       5.46346881E+17
   90.9140625       5.45243659E+17
   90.9843750       5.45214178E+17
   91.0546875       5.46001360E+17
   91.1250000       5.47315654E+17
   91.1953125       5.48867855E+17
   91.2656250       5.50393428E+17
   91.3359375       5.51670373E+17
   91.4062500       5.52529641E+17
   91.4765625       5.52858464E+17
   91.5468750       5.52599357E+17
   91.6171875       5.51747923E+17
   91.6875000       5.50352917E+17
   91.7578125       5.48514465E+17
   91.8281250       5.46379798E+17
   91.8984375       5.44134836E+17
   91.9687500       5.41989963E+17
   92.0390625       5.40157009E+17
   92.1093750       5.38822270E+17
   92.1796875       5.38121744E+17
   92.2500000       5.38124321E+17
   92.3203125       5.38826668E+17
   92.3906250       5.40157868E+17
   92.4609375       5.41996698E+17
   92.5312500       5.44193075E+17
   92.6015625       5.46590148E+17
   92.6718750       5.49042918E+17
   92.7421875       5.51433772E+17
   92.8125000       5.53682307E+17
   92.8828125       5.55747328E+17
   92.9531250       5.57619899E+17
   93.0234375       5.59313250E+17
   93.0937500       5.60851845E+17
   93.1640625       5.62260903E+17
   93.2343750       5.63559323E+17
   93.3046875       5.64756520E+17
   93.3750000       5.65854760E+17
   93.4453125       5.66852533E+17
   93.5156250       5.67750765E+17
   93.5859375       5.68561208E+17
   93.6562500       5.69317294E+17
   93.7265625       5.70082623E+17
   93.7968750       5.70951065E+17
   93.8671875       5.72040131E+17
   93.9375000       5.73472623E+17
   94.0078125       5.75350005E+17
   94.0781250       5.77725053E+17
   94.1484375       5.80581997E+17
   94.2187500       5.83833046E+17
   94.2890625       5.87328394E+17
   94.3593750       5.90879748E+17
   94.4296875       5.94290021E+17
   94.5000000       5.97383153E+17
   94.5703125       6.00022805E+17
   94.6406250       6.02118337E+17
   94.7109375       6.03617865E+17
   94.7812500       6.04498024E+17
   94.8515625       6.04751049E+17
   94.9218750       6.04379552E+17
   94.9921875       6.03400230E+17
   95.0625000       6.01852255E+17
   95.1328125       5.99802216E+17
   95.2031250       5.97342608E+17
   95.2734375       5.94577612E+17
   95.3437500       5.91606594E+17
   95.4140625       5.88505902E+17
   95.4843750       5.85320617E+17
   95.5546875       5.82069842E+17
   95.6250000       5.78763061E+17
   95.6953125       5.75417384E+17
   95.7656250       5.72065626E+17
   95.8359375       5.68752248E+17
   95.9062500       5.65517347E+17
   95.9765625       5.62371954E+17
   96.0468750       5.59277172E+17
   96.1171875       5.56134424E+17
   96.1875000       5.52796204E+17
   96.2578125       5.49089063E+17
   96.3281250       5.44846838E+17
   96.3984375       5.39945559E+17
   96.4687500       5.34333823E+17
   96.5390625       5.28050767E+17
   96.6093750       5.21229122E+17
   96.6796875       5.14083121E+17
   96.7500000       5.06881664E+17
   96.8203125       4.99907942E+17
   96.8906250       4.93413299E+17
   96.9609375       4.87577332E+17
   97.0312500       4.82481680E+17
   97.1015625       4.78100572E+17
   97.1718750       4.74311174E+17
   97.2421875       4.70922514E+17
   97.3125000       4.67718296E+17
   97.3828125       4.64502500E+17
   97.4531250       4.61141808E+17
   97.5234375       4.57596192E+17
   97.5937500       4.53928325E+17
   97.6640625       4.50289560E+17
   97.7343750       4.46882792E+17
   97.8046875       4.43914866E+17
   97.8750000       4.41552256E+17
   97.9453125       4.39889382E+17
   98.0156250       4.38934388E+17
   98.0859375       4.38615186E+17
   98.1562500       4.38797842E+17
   98.2265625       4.39309493E+17
   98.2968750       4.39958205E+17
   98.3671875       4.40551804E+17
   98.4375000       4.40914677E+17
   98.5078125       4.40902891E+17
   98.5781250       4.40419106E+17
   98.6484375       4.39426763E+17
   98.7187500       4.37962041E+17
   98.7890625       4.36137505E+17
   98.8593750       4.34133782E+17
   98.9296875       4.32182596E+17
   99.0000000       4.30540888E+17
   99.0703125       4.29462885E+17
   99.1406250       4.29173989E+17
   99.2109375       4.29853212E+17
   99.2812500       4.31626587E+17
   99.3515625       4.34565616E+17
   99.4218750       4.38688509E+17
   99.4921875       4.43962660E+17
   99.5625000       4.50308629E+17
   99.6328125       4.57605366E+17
   99.7031250       4.65698665E+17
   99.7734375       4.74414116E+17
   99.8437500       4.83573495E+17
   99.9140625       4.93008026E+17
   99.9843750       5.02570135E+17
   100.054688       5.12141899E+17
   100.125000       5.21641954E+17
   100.195312       5.31027592E+17
   100.265625       5.40292833E+17
   100.335938       5.49461969E+17
   100.406250       5.58578742E+17
   100.476562       5.67688161E+17
   100.546875       5.76814520E+17
   100.617188       5.85940467E+17
   100.687500       5.94992471E+17
   100.757812       6.03836805E+17
   100.828125       6.12288270E+17
   100.898438       6.20136309E+17
   100.968750       6.27183148E+17
   101.039062       6.33286880E+17
   101.109375       6.38400434E+17
   101.179688       6.42594521E+17
   101.250000       6.46057914E+17
   101.320312       6.49071538E+17
   101.390625       6.51961604E+17
   101.460938       6.55044498E+17
   101.531250       6.58575029E+17
   101.601562       6.62703352E+17
   101.671875       6.67451318E+17
   101.742188       6.72708839E+17
   101.812500       6.78252783E+17
   101.882812       6.83779616E+17
   101.953125       6.88948076E+17
   102.023438       6.93424050E+17
   102.093750       6.96920085E+17
   102.164062       6.99220057E+17
   102.234375       7.00188040E+17
   102.304688       6.99765621E+17
   102.375000       6.97957681E+17
   102.445312       6.94813421E+17
   102.515625       6.90406853E+17
   102.585938       6.84824014E+17
   102.656250       6.78160149E+17
   102.726562       6.70526515E+17
   102.796875       6.62063161E+17
   102.867188       6.52953020E+17
   102.937500       6.43430013E+17
   103.007812       6.33771490E+17
   103.078125       6.24277070E+17
   103.148438       6.15236610E+17
   103.218750       6.06899289E+17
   103.289062       5.99445699E+17
   103.359375       5.92971156E+17
   103.429688       5.87483563E+17
   103.500000       5.82911243E+17
   103.570312       5.79117791E+17
   103.640625       5.75918762E+17
   103.710938       5.73100439E+17
   103.781250       5.70437490E+17
   103.851562       5.67712144E+17
   103.921875       5.64730406E+17
   103.992188       5.61341815E+17
   104.062500       5.57455969E+17
   104.132812       5.53053009E+17
   104.203125       5.48180626E+17
   104.273438       5.42941831E+17
   104.343750       5.37472963E+17
   104.414062       5.31916238E+17
   104.484375       5.26393666E+17
   104.554688       5.20991696E+17
   104.625000       5.15758468E+17
   104.695312       5.10713462E+17
   104.765625       5.05862382E+17
   104.835938       5.01215090E+17
   104.906250       4.96799211E+17
   104.976562       4.92666078E+17
   105.046875       4.88887091E+17
   105.117188       4.85545022E+17
   105.187500       4.82721579E+17
   105.257812       4.80483077E+17
   105.328125       4.78866004E+17
   105.398438       4.77866376E+17
   105.468750       4.77438014E+17
   105.539062       4.77498349E+17
   105.609375       4.77942415E+17
   105.679688       4.78662835E+17
   105.750000       4.79570379E+17
   105.820312       4.80609246E+17
   105.890625       4.81763424E+17
   105.960938       4.83054456E+17
   106.031250       4.84530894E+17
   106.101562       4.86248709E+17
   106.171875       4.88248652E+17
   106.242188       4.90539485E+17
   106.312500       4.93091245E+17
   106.382812       4.95838856E+17
   106.453125       4.98693257E+17
   106.523438       5.01557760E+17
   106.593750       5.04345984E+17
   106.664062       5.06996425E+17
   106.734375       5.09480188E+17
   106.804688       5.11801841E+17
   106.875000       5.13991449E+17
   106.945312       5.16087874E+17
   107.015625       5.18115580E+17
   107.085938       5.20066011E+17
   107.156250       5.21886321E+17
   107.226562       5.23478379E+17
   107.296875       5.24706499E+17
   107.367188       5.25413073E+17
   107.437500       5.25438224E+17
   107.507812       5.24638605E+17
   107.578125       5.22905534E+17
   107.648438       5.20179776E+17
   107.718750       5.16463358E+17
   107.789062       5.11822113E+17
   107.859375       5.06377366E+17
   107.929688       5.00288167E+17
   108.000000       4.93728515E+17
   108.070312       4.86861103E+17
   108.140625       4.79814608E+17
   108.210938       4.72670806E+17
   108.281250       4.65462820E+17
   108.351562       4.58180720E+17
   108.421875       4.50783309E+17
   108.492188       4.43213068E+17
   108.562500       4.35413958E+17
   108.632812       4.27342855E+17
   108.703125       4.18976018E+17
   108.773438       4.10308946E+17
   108.843750       4.01353458E+17
   108.914062       3.18837894E+17
   108.984375       3.12444440E+17
   109.054688       3.05814213E+17
   109.125000       2.98939722E+17
   109.195312       2.91827909E+17
   109.265625       2.84501417E+17
   109.335938       2.76988024E+17
   109.406250       2.69322178E+17
   109.476562       1.88959028E+17
   109.546875       1.85785820E+17
   109.617188       1.82645374E+17
   109.687500       1.79507849E+17
   109.757812       1.76354896E+17
   109.828125       1.73188921E+17
   109.898438       1.70026451E+17
   109.968750       1.66900368E+17
   110.039062       1.63842969E+17
   110.109375       1.60878205E+17
   110.179688       1.58001384E+17
   110.250000       1.55176395E+17
   110.320312       1.52329073E+17
   110.390625       1.49364686E+17
   110.460938       1.46182236E+17
   110.531250       1.42705039E+17
   110.601562       1.38891769E+17
   110.671875       1.34750570E+17
   110.742188       1.30329589E+17
   110.812500       1.25713847E+17
   110.882812       1.21006331E+17
   110.953125       1.16322618E+17
   111.023438       1.11776971E+17
   111.093750       1.07483567E+17
   111.164062       1.03546267E+17
   111.234375       1.00060557E+17
   111.304688       9.71047352E+16
   111.375000       9.47455956E+16
   111.445312       9.30322558E+16
   111.515625       9.20042382E+16
   111.585938       9.16871408E+16
   111.656250       9.21018113E+16
   111.726562       9.32582312E+16
   111.796875       9.51611938E+16
   111.867188       9.78014219E+16
   111.937500       1.01159047E+17
   112.007812       1.05193335E+17
   112.078125       1.09846426E+17
   112.148438       1.15035442E+17
   112.218750       1.20659856E+17
   112.289062       1.26596498E+17
   112.359375       1.32709619E+17
   112.429688       1.38850829E+17
   112.500000       1.44874968E+17
   112.570312       1.50643521E+17
   112.640625       1.56040938E+17
   112.710938       1.60975288E+17
   112.781250       1.65390412E+17
   112.851562       1.69260246E+17
   112.921875       1.72595683E+17
   112.992188       1.75434605E+17
   113.062500       1.77844683E+17
   113.132812       1.79909428E+17
   113.203125       1.81726526E+17
   113.273438       1.83393798E+17
   113.343750       1.85009702E+17
   113.414062       1.86660773E+17
   113.484375       1.88422483E+17
   113.554688       1.90346817E+17
   113.625000       1.92462759E+17
   113.695312       1.94763349E+17
   113.765625       1.97208904E+17
   113.835938       1.99721391E+17
   113.906250       2.02198951E+17
   113.976562       2.04520828E+17
   114.046875       2.06570043E+17
   114.117188       2.08243860E+17
   114.187500       2.09476378E+17
   114.257812       2.10242223E+17
   114.328125       2.10566544E+17
   114.398438       2.10514060E+17
   114.468750       2.10183966E+17
   114.539062       2.09684478E+17
   114.609375       2.09118436E+17
   114.679688       2.08557049E+17
   114.750000       2.08032754E+17
   114.820312       2.07524883E+17
   114.890625       2.06968289E+17
   114.960938       2.06255892E+17
   115.031250       2.05262689E+17
   115.101562       2.03858784E+17
   115.171875       2.01937697E+17
   115.242188       1.99428371E+17
   115.312500       1.96313850E+17
   115.382812       1.92626294E+17
   115.453125       1.88444198E+17
   115.523438       1.83869818E+17
   115.593750       1.79016006E+17
   115.664062       1.73982288E+17
   115.734375       1.68847740E+17
   115.804688       1.63659763E+17
   115.875000       1.58441756E+17
   115.945312       1.53192928E+17
   116.015625       1.47903710E+17
   116.085938       1.42561089E+17
   116.156250       1.37166910E+17
   116.226562       1.31740760E+17
   116.296875       1.26332503E+17
   116.367188       1.21018237E+17
   116.437500       1.15904271E+17
   116.507812       1.11112797E+17
   116.578125       1.06775825E+17
   116.648438       1.03015117E+17
   116.718750       9.99364329E+16
   116.789062       9.76129415E+16
   116.859375       9.60858143E+16
   116.929688       9.53565804E+16
   117.000000       9.53958622E+16
   117.070312       9.61406954E+16
   117.140625       9.75045967E+16
   117.210938       9.93746254E+16
   117.281250       1.01621804E+17
   117.351562       1.04097543E+17
   117.421875       1.06645387E+17
   117.492188       1.09101446E+17
   117.562500       1.11310941E+17
   117.632812       1.13132918E+17
   117.703125       1.14458233E+17
   117.773438       1.15215204E+17
   117.843750       1.15385619E+17
   117.914062       1.15003539E+17
   117.984375       1.14160136E+17
   118.054688       1.12990428E+17
   118.125000       1.11667157E+17
   118.195312       1.10376974E+17
   118.265625       1.09307768E+17
   118.335938       1.08624044E+17
   118.406250       1.08459461E+17
   118.476562       1.08899257E+17
   118.546875       1.09980008E+17
   118.617188       1.11678616E+17
   118.687500       1.13914456E+17
   118.757812       1.16536344E+17
   118.828125       1.19320926E+17
   118.898438       1.21961644E+17
   118.968750       1.24081554E+17
   119.039062       1.25250395E+17
   119.109375       1.25038687E+17
   119.179688       1.23082364E+17
   119.250000       1.19173737E+17
   119.320312       1.13329077E+17
   119.390625       1.05831868E+17
   119.460938       9.72019733E+16
   119.531250       8.81111768E+16
   119.601562       7.92401537E+16
   119.671875       0.00000000    
   119.742188       0.00000000    
   119.812500       0.00000000    
   119.882812       0.00000000    
   119.953125       0.00000000    
   120.023438       0.00000000    
