1994 10 04 13 22 55.0 43.770 147.320
55. 3.493E+21 8.295 168 32 27 55 76 119
  -1.12500000       0.00000000    
  -1.05468750       2.58806998E+17
 -0.984375000       2.89639744E+17
 -0.914062500       3.15499605E+17
 -0.843750000       3.37639096E+17
 -0.773437500       3.57464115E+17
 -0.703125000       3.84947336E+17
 -0.632812500       4.28088118E+17
 -0.562500000       4.89662075E+17
 -0.492187500       5.60305422E+17
 -0.421875000       6.30526900E+17
 -0.351562500       6.94782428E+17
 -0.281250000       7.50603603E+17
 -0.210937500       7.96930907E+17
 -0.140625000       8.51834745E+17
  -7.03125000E-02   9.25947533E+17
   0.00000000       1.02307159E+18
   7.03125000E-02   1.12535613E+18
  0.140625000       1.24167147E+18
  0.210937500       1.38238724E+18
  0.281250000       1.55252444E+18
  0.351562500       1.73416142E+18
  0.421875000       1.91603068E+18
  0.492187500       2.09761681E+18
  0.562500000       2.27301187E+18
  0.632812500       2.43623244E+18
  0.703125000       2.58056259E+18
  0.773437500       2.70964360E+18
  0.843750000       2.82679684E+18
  0.914062500       2.93434090E+18
  0.984375000       3.03322383E+18
   1.05468750       3.12318202E+18
   1.12500000       3.20302416E+18
   1.19531250       3.27115649E+18
   1.26562500       3.32596687E+18
   1.33593750       3.36629036E+18
   1.40625000       3.39161129E+18
   1.47656250       3.40224879E+18
   1.54687500       3.39921249E+18
   1.61718750       3.38405407E+18
   1.68750000       3.35844645E+18
   1.75781250       3.32531706E+18
   1.82812500       3.28242896E+18
   1.89843750       3.23116258E+18
   1.96875000       3.17054953E+18
   2.03906250       3.09911014E+18
   2.10937500       3.01520008E+18
   2.17968750       2.91752442E+18
   2.25000000       2.80539017E+18
   2.32031250       2.67888889E+18
   2.39062500       2.53873029E+18
   2.46093750       2.38612523E+18
   2.53125000       2.22254731E+18
   2.60156250       2.04974476E+18
   2.67187500       1.86980501E+18
   2.74218750       1.68559077E+18
   2.81250000       1.50118013E+18
   2.88281250       1.32246867E+18
   2.95312500       1.15750688E+18
   3.02343750       1.01342365E+18
   3.09375000       8.86654492E+17
   3.16406250       7.70634643E+17
   3.23437500       6.58676734E+17
   3.30468750       5.53524940E+17
   3.37500000       4.59454023E+17
   3.44531250       3.82602387E+17
   3.51562500       3.20329965E+17
   3.58593750       2.66922013E+17
   3.65625000       2.14229481E+17
   3.72656250       1.62082205E+17
   3.79687500       1.12263934E+17
   3.86718750       6.76461687E+16
   3.93750000       3.22186242E+16
   4.00781250       1.13473025E+16
   4.07812500       2.86911036E+15
   4.14843750       2.10644537E+15
   4.21875000       2.11893285E+15
   4.28906250       2.13146946E+15
   4.35937500       2.14405519E+15
   4.42968750       2.15669004E+15
   4.50000000       2.16937429E+15
   4.57031250       2.18210726E+15
   4.64062500       2.19488962E+15
   4.71093750       2.20772137E+15
   4.78125000       2.22060171E+15
   4.85156250       2.23353144E+15
   4.92187500       2.24651029E+15
   4.99218750       2.25953854E+15
   5.06250000       2.27261510E+15
   5.13281250       2.28574160E+15
   5.20312500       2.29891668E+15
   5.27343750       2.31214088E+15
   5.34375000       2.32541367E+15
   5.41406250       1.40478384E+16
   5.48437500       4.16242418E+16
   5.55468750       8.72277192E+16
   5.62500000       1.53978941E+17
   5.69531250       2.48029740E+17
   5.76562500       3.70403477E+17
   5.83593750       5.04831968E+17
   5.90625000       6.36980346E+17
   5.97656250       7.58476793E+17
   6.04687500       8.65413370E+17
   6.11718750       9.56870335E+17
   6.18750000       1.03373252E+18
   6.25781250       1.09783480E+18
   6.32812500       1.15146128E+18
   6.39843750       1.19707899E+18
   6.46875000       1.23723123E+18
   6.53906250       1.27447100E+18
   6.60937500       1.31140140E+18
   6.67968750       1.36510223E+18
   6.75000000       1.45662063E+18
   6.82031250       1.61331410E+18
   6.89062500       1.83721672E+18
   6.96093750       2.12072236E+18
   7.03125000       2.44568110E+18
   7.10156250       2.80135827E+18
   7.17187500       3.18021231E+18
   7.24218750       3.57683502E+18
   7.31250000       3.98794462E+18
   7.38281250       4.41454578E+18
   7.45312500       4.88550400E+18
   7.52343750       5.43205693E+18
   7.59375000       6.07930864E+18
   7.66406250       6.81234920E+18
   7.73437500       7.61127469E+18
   7.80468750       8.46356442E+18
   7.87500000       9.35527275E+18
   7.94531250       1.02927900E+19
   8.01562500       1.12665131E+19
   8.08593750       1.22732546E+19
   8.15625000       1.32900082E+19
   8.22656250       1.43058821E+19
   8.29687500       1.53189040E+19
   8.36718750       1.63289285E+19
   8.43750000       1.73635173E+19
   8.50781250       1.84347022E+19
   8.57812500       1.95432606E+19
   8.64843750       2.06551044E+19
   8.71875000       2.17488942E+19
   8.78906250       2.28161373E+19
   8.85937500       2.38968473E+19
   8.92968750       2.50269649E+19
   9.00000000       2.62307322E+19
   9.07031250       2.74849979E+19
   9.14062500       2.87715739E+19
   9.21093750       3.00848526E+19
   9.28125000       3.14284052E+19
   9.35156250       3.28089718E+19
   9.42187500       3.42310515E+19
   9.49218750       3.56921551E+19
   9.56250000       3.71818285E+19
   9.63281250       3.86828905E+19
   9.70312500       4.01756359E+19
   9.77343750       4.16418611E+19
   9.84375000       4.30687984E+19
   9.91406250       4.44504536E+19
   9.98437500       4.57881590E+19
   10.0546875       4.70891759E+19
   10.1250000       4.83654362E+19
   10.1953125       4.96310093E+19
   10.2656250       5.09001008E+19
   10.3359375       5.21843964E+19
   10.4062500       5.34913374E+19
   10.4765625       5.48219268E+19
   10.5468750       5.61706362E+19
   10.6171875       5.75259954E+19
   10.6875000       5.88736448E+19
   10.7578125       6.01992424E+19
   10.8281250       6.14917183E+19
   10.8984375       6.27445766E+19
   10.9687500       6.39564407E+19
   11.0390625       6.51295713E+19
   11.1093750       6.62685906E+19
   11.1796875       6.73783012E+19
   11.2500000       6.84624637E+19
   11.3203125       6.95222038E+19
   11.3906250       7.05553885E+19
   11.4609375       7.15562695E+19
   11.5312500       7.25165610E+19
   11.6015625       7.34265564E+19
   11.6718750       7.42775520E+19
   11.7421875       7.50636324E+19
   11.8125000       7.57836894E+19
   11.8828125       7.64411534E+19
   11.9531250       7.70427534E+19
   12.0234375       7.75955174E+19
   12.0937500       7.81043187E+19
   12.1640625       7.85701861E+19
   12.2343750       7.89912991E+19
   12.3046875       7.93655552E+19
   12.3750000       7.96948458E+19
   12.4453125       7.99876941E+19
   12.5156250       8.02604785E+19
   12.5859375       8.05351805E+19
   12.6562500       8.08356375E+19
   12.7265625       8.11822915E+19
   12.7968750       8.15887502E+19
   12.8671875       8.20595698E+19
   12.9375000       8.25913288E+19
   13.0078125       8.31740260E+19
   13.0781250       8.37934821E+19
   13.1484375       8.44323687E+19
   13.2187500       8.50717831E+19
   13.2890625       8.56921276E+19
   13.3593750       8.62756428E+19
   13.4296875       8.68089587E+19
   13.5000000       8.72869120E+19
   13.5703125       8.77138568E+19
   13.6406250       8.81033390E+19
   13.7109375       8.84742174E+19
   13.7812500       8.88456325E+19
   13.8515625       8.92314819E+19
   13.9218750       8.96374743E+19
   13.9921875       9.00607160E+19
   14.0625000       9.04932814E+19
   14.1328125       9.09262779E+19
   14.2031250       9.13545069E+19
   14.2734375       9.17784258E+19
   14.3437500       9.22044558E+19
   14.4140625       9.26421230E+19
   14.4843750       9.31011559E+19
   14.5546875       9.35878437E+19
   14.6250000       9.41037697E+19
   14.6953125       9.46452308E+19
   14.7656250       9.52046184E+19
   14.8359375       9.57717465E+19
   14.9062500       9.63358751E+19
   14.9765625       9.68863522E+19
   15.0468750       9.74133701E+19
   15.1171875       9.79076666E+19
   15.1875000       9.83613866E+19
   15.2578125       9.87684082E+19
   15.3281250       9.91261981E+19
   15.3984375       9.94366034E+19
   15.4687500       9.97067315E+19
   15.5390625       9.99474014E+19
   15.6093750       1.00170998E+20
   15.6796875       1.00387681E+20
   15.7500000       1.00603264E+20
   15.8203125       1.00817555E+20
   15.8906250       1.01025794E+20
   15.9609375       1.01220952E+20
   16.0312500       1.01397745E+20
   16.1015625       1.01555107E+20
   16.1718750       1.01697463E+20
   16.2421875       1.01832369E+20
   16.3125000       1.01967055E+20
   16.3828125       1.02103429E+20
   16.4531250       1.02235555E+20
   16.5234375       1.02349342E+20
   16.5937500       1.02426114E+20
   16.6640625       1.02446978E+20
   16.7343750       1.02397483E+20
   16.8046875       1.02269667E+20
   16.8750000       1.02062167E+20
   16.9453125       1.01778035E+20
   17.0156250       1.01422594E+20
   17.0859375       1.01001428E+20
   17.1562500       1.00520652E+20
   17.2265625       9.99876963E+19
   17.2968750       9.94132762E+19
   17.3671875       9.88114563E+19
   17.4375000       9.81991251E+19
   17.5078125       9.75926873E+19
   17.5781250       9.70048004E+19
   17.6484375       9.64412171E+19
   17.7187500       9.59004597E+19
   17.7890625       9.53753417E+19
   17.8593750       9.48569616E+19
   17.9296875       9.43387926E+19
   18.0000000       9.38208346E+19
   18.0703125       9.33113825E+19
   18.1406250       9.28272279E+19
   18.2109375       9.23909769E+19
   18.2812500       9.20275136E+19
   18.3515625       9.17593911E+19
   18.4218750       9.16031900E+19
   18.4921875       9.15671524E+19
   18.5625000       9.16517005E+19
   18.6328125       9.18508088E+19
   18.7031250       9.21551009E+19
   18.7734375       9.25539597E+19
   18.8437500       9.30374634E+19
   18.9140625       9.35959097E+19
   18.9843750       9.42187435E+19
   19.0546875       9.48918117E+19
   19.1250000       9.55960709E+19
   19.1953125       9.63068656E+19
   19.2656250       9.69965057E+19
   19.3359375       9.76378640E+19
   19.4062500       9.82092670E+19
   19.4765625       9.86970192E+19
   19.5468750       9.90959572E+19
   19.6171875       9.94066615E+19
   19.6875000       9.96326332E+19
   19.7578125       9.97774784E+19
   19.8281250       9.98451380E+19
   19.8984375       9.98415404E+19
   19.9687500       9.97780238E+19
   20.0390625       9.96729984E+19
   20.1093750       9.95520170E+19
   20.1796875       9.94442385E+19
   20.2500000       9.93776432E+19
   20.3203125       9.93731748E+19
   20.3906250       9.94415908E+19
   20.4609375       9.95826010E+19
   20.5312500       9.97881833E+19
   20.6015625       1.00047026E+20
   20.6718750       1.00349955E+20
   20.7421875       1.00692712E+20
   20.8125000       1.01077066E+20
   20.8828125       1.01507872E+20
   20.9531250       1.01988975E+20
   21.0234375       1.02517919E+20
   21.0937500       1.03083033E+20
   21.1640625       1.03662616E+20
   21.2343750       1.04228126E+20
   21.3046875       1.04749136E+20
   21.3750000       1.05200067E+20
   21.4453125       1.05565422E+20
   21.5156250       1.05843484E+20
   21.5859375       1.06046428E+20
   21.6562500       1.06198433E+20
   21.7265625       1.06330550E+20
   21.7968750       1.06475228E+20
   21.8671875       1.06660430E+20
   21.9375000       1.06906606E+20
   22.0078125       1.07224761E+20
   22.0781250       1.07617753E+20
   22.1484375       1.08082090E+20
   22.2187500       1.08611157E+20
   22.2890625       1.09197091E+20
   22.3593750       1.09832996E+20
   22.4296875       1.10513435E+20
   22.5000000       1.11235463E+20
   22.5703125       1.11998260E+20
   22.6406250       1.12802583E+20
   22.7109375       1.13648952E+20
   22.7812500       1.14535950E+20
   22.8515625       1.15457693E+20
   22.9218750       1.16402235E+20
   22.9921875       1.17350911E+20
   23.0625000       1.18279506E+20
   23.1328125       1.19160426E+20
   23.2031250       1.19966007E+20
   23.2734375       1.20671630E+20
   23.3437500       1.21259226E+20
   23.4140625       1.21719157E+20
   23.4843750       1.22051148E+20
   23.5546875       1.22262315E+20
   23.6250000       1.22364957E+20
   23.6953125       1.22372926E+20
   23.7656250       1.22300059E+20
   23.8359375       1.22159234E+20
   23.9062500       1.21963644E+20
   23.9765625       1.21727645E+20
   24.0468750       1.21467166E+20
   24.1171875       1.21198146E+20
   24.1875000       1.20934915E+20
   24.2578125       1.20687630E+20
   24.3281250       1.20461693E+20
   24.3984375       1.20257738E+20
   24.4687500       1.20073927E+20
   24.5390625       1.19907760E+20
   24.6093750       1.19758164E+20
   24.6796875       1.19625449E+20
   24.7500000       1.19511240E+20
   24.8203125       1.19417034E+20
   24.8906250       1.19343798E+20
   24.9609375       1.19291215E+20
   25.0312500       1.19259215E+20
   25.1015625       1.19248396E+20
   25.1718750       1.19261097E+20
   25.2421875       1.19300891E+20
   25.3125000       1.19371611E+20
   25.3828125       1.19475687E+20
   25.4531250       1.19612994E+20
   25.5234375       1.19779627E+20
   25.5937500       1.19968585E+20
   25.6640625       1.20170402E+20
   25.7343750       1.20375175E+20
   25.8046875       1.20573949E+20
   25.8750000       1.20761042E+20
   25.9453125       1.20934862E+20
   26.0156250       1.21098495E+20
   26.0859375       1.21258391E+20
   26.1562500       1.21423019E+20
   26.2265625       1.21600066E+20
   26.2968750       1.21793967E+20
   26.3671875       1.22003666E+20
   26.4375000       1.22222750E+20
   26.5078125       1.22440630E+20
   26.5781250       1.22645675E+20
   26.6484375       1.22827851E+20
   26.7187500       1.22980824E+20
   26.7890625       1.23101674E+20
   26.8593750       1.23190629E+20
   26.9296875       1.23249501E+20
   27.0000000       1.23282196E+20
   27.0703125       1.23295320E+20
   27.1406250       1.23299401E+20
   27.2109375       1.23308813E+20
   27.2812500       1.23341007E+20
   27.3515625       1.23413442E+20
   27.4218750       1.23540546E+20
   27.4921875       1.23729732E+20
   27.5625000       1.23979735E+20
   27.6328125       1.24279831E+20
   27.7031250       1.24611461E+20
   27.7734375       1.24950604E+20
   27.8437500       1.25271696E+20
   27.9140625       1.25550268E+20
   27.9843750       1.25765711E+20
   28.0546875       1.25902288E+20
   28.1250000       1.25950473E+20
   28.1953125       1.25907302E+20
   28.2656250       1.25776821E+20
   28.3359375       1.25569382E+20
   28.4062500       1.25300688E+20
   28.4765625       1.24989298E+20
   28.5468750       1.24654096E+20
   28.6171875       1.24311304E+20
   28.6875000       1.23972971E+20
   28.7578125       1.23645642E+20
   28.8281250       1.23331076E+20
   28.8984375       1.23026669E+20
   28.9687500       1.22727567E+20
   29.0390625       1.22427708E+20
   29.1093750       1.22121446E+20
   29.1796875       1.21803529E+20
   29.2500000       1.21470069E+20
   29.3203125       1.21117917E+20
   29.3906250       1.20745007E+20
   29.4609375       1.20349183E+20
   29.5312500       1.19927815E+20
   29.6015625       1.19476417E+20
   29.6718750       1.18988216E+20
   29.7421875       1.18453334E+20
   29.8125000       1.17860328E+20
   29.8828125       1.17197595E+20
   29.9531250       1.16456630E+20
   30.0234375       1.15633993E+20
   30.0937500       1.14733493E+20
   30.1640625       1.13765782E+20
   30.2343750       1.12747942E+20
   30.3046875       1.11701541E+20
   30.3750000       1.10651367E+20
   30.4453125       1.09623324E+20
   30.5156250       1.08643025E+20
   30.5859375       1.07732832E+20
   30.6562500       1.06910028E+20
   30.7265625       1.06184130E+20
   30.7968750       1.05556125E+20
   30.8671875       1.05018120E+20
   30.9375000       1.04556000E+20
   31.0078125       1.04152189E+20
   31.0781250       1.03789667E+20
   31.1484375       1.03453806E+20
   31.2187500       1.03133549E+20
   31.2890625       1.02820302E+20
   31.3593750       1.02507328E+20
   31.4296875       1.02188672E+20
   31.5000000       1.01860349E+20
   31.5703125       1.01520890E+20
   31.6406250       1.01172759E+20
   31.7109375       1.00820880E+20
   31.7812500       1.00471209E+20
   31.8515625       1.00127695E+20
   31.9218750       9.97912883E+19
   31.9921875       9.94597020E+19
   32.0625000       9.91305522E+19
   32.1328125       9.88039445E+19
   32.2031250       9.84855963E+19
   32.2734375       9.81863796E+19
   32.3437500       9.79206056E+19
   32.4140625       9.77017148E+19
   32.4843750       9.75388552E+19
   32.5546875       9.74340057E+19
   32.6250000       9.73826102E+19
   32.6953125       9.73751863E+19
   32.7656250       9.74006774E+19
   32.8359375       9.74479564E+19
   32.9062500       9.75070661E+19
   32.9765625       9.75678911E+19
   33.0468750       9.76193834E+19
   33.1171875       9.76481994E+19
   33.1875000       9.76399751E+19
   33.2578125       9.75807862E+19
   33.3281250       9.74602885E+19
   33.3984375       9.72735914E+19
   33.4687500       9.70232370E+19
   33.5390625       9.67183116E+19
   33.6093750       9.63731969E+19
   33.6796875       9.60034268E+19
   33.7500000       9.56225735E+19
   33.8203125       9.52385361E+19
   33.8906250       9.48524756E+19
   33.9609375       9.44586833E+19
   34.0312500       9.40476155E+19
   34.1015625       9.36090951E+19
   34.1718750       9.31364634E+19
   34.2421875       9.26284187E+19
   34.3125000       9.20902297E+19
   34.3828125       9.15316866E+19
   34.4531250       9.09648752E+19
   34.5234375       9.04004826E+19
   34.5937500       8.98458626E+19
   34.6640625       8.93034427E+19
   34.7343750       8.87714638E+19
   34.8046875       8.82444019E+19
   34.8750000       8.77150442E+19
   34.9453125       8.71754391E+19
   35.0156250       8.66184705E+19
   35.0859375       8.60378932E+19
   35.1562500       8.54293003E+19
   35.2265625       8.47900266E+19
   35.2968750       8.41196940E+19
   35.3671875       8.34193930E+19
   35.4375000       8.26914020E+19
   35.5078125       8.19376384E+19
   35.5781250       8.11589731E+19
   35.6484375       8.03542273E+19
   35.7187500       7.95212461E+19
   35.7890625       7.86582174E+19
   35.8593750       7.77664959E+19
   35.9296875       7.68520101E+19
   36.0000000       7.59265380E+19
   36.0703125       7.50061060E+19
   36.1406250       7.41088781E+19
   36.2109375       7.32504190E+19
   36.2812500       7.24403164E+19
   36.3515625       7.16789618E+19
   36.4218750       7.09577745E+19
   36.4921875       7.02607721E+19
   36.5625000       6.95691529E+19
   36.6328125       6.88654391E+19
   36.7031250       6.81377383E+19
   36.7734375       6.73814722E+19
   36.8437500       6.66005463E+19
   36.9140625       6.58064218E+19
   36.9843750       6.50176938E+19
   37.0546875       6.42584414E+19
   37.1250000       6.35570673E+19
   37.1953125       6.29433243E+19
   37.2656250       6.24448058E+19
   37.3359375       6.20815711E+19
   37.4062500       6.18619415E+19
   37.4765625       6.17790471E+19
   37.5468750       6.18111748E+19
   37.6171875       6.19245301E+19
   37.6875000       6.20798998E+19
   37.7578125       6.22397337E+19
   37.8281250       6.23757740E+19
   37.8984375       6.24730676E+19
   37.9687500       6.25312230E+19
   38.0390625       6.25606767E+19
   38.1093750       6.25770506E+19
   38.1796875       6.25936445E+19
   38.2500000       6.26165627E+19
   38.3203125       6.26420494E+19
   38.3906250       6.26583133E+19
   38.4609375       6.26486728E+19
   38.5312500       6.25968418E+19
   38.6015625       6.24901408E+19
   38.6718750       6.23221399E+19
   38.7421875       6.20923287E+19
   38.8125000       6.18058136E+19
   38.8828125       6.14718347E+19
   38.9531250       6.11036787E+19
   39.0234375       6.07177809E+19
   39.0937500       6.03338446E+19
   39.1640625       5.99731388E+19
   39.2343750       5.96567389E+19
   39.3046875       5.94016347E+19
   39.3750000       5.92177567E+19
   39.4453125       5.91045554E+19
   39.5156250       5.90506442E+19
   39.5859375       5.90349387E+19
   39.6562500       5.90314203E+19
   39.7265625       5.90142635E+19
   39.7968750       5.89635496E+19
   39.8671875       5.88681516E+19
   39.9375000       5.87270491E+19
   40.0078125       5.85470195E+19
   40.0781250       5.83395724E+19
   40.1484375       5.81161077E+19
   40.2187500       5.78847880E+19
   40.2890625       5.76480060E+19
   40.3593750       5.74029028E+19
   40.4296875       5.71428068E+19
   40.5000000       5.68608700E+19
   40.5703125       5.65529056E+19
   40.6406250       5.62202110E+19
   40.7109375       5.58701309E+19
   40.7812500       5.55162069E+19
   40.8515625       5.51762774E+19
   40.9218750       5.48706880E+19
   40.9921875       5.46190889E+19
   41.0625000       5.44380917E+19
   41.1328125       5.43383660E+19
   41.2031250       5.43235270E+19
   41.2734375       5.43890843E+19
   41.3437500       5.45235722E+19
   41.4140625       5.47095919E+19
   41.4843750       5.49264992E+19
   41.5546875       5.51523565E+19
   41.6250000       5.53672934E+19
   41.6953125       5.55556090E+19
   41.7656250       5.57085290E+19
   41.8359375       5.58248178E+19
   41.9062500       5.59111602E+19
   41.9765625       5.59800512E+19
   42.0468750       5.60475437E+19
   42.1171875       5.61290526E+19
   42.1875000       5.62366597E+19
   42.2578125       5.63763020E+19
   42.3281250       5.65477819E+19
   42.3984375       5.67455444E+19
   42.4687500       5.69617172E+19
   42.5390625       5.71882518E+19
   42.6093750       5.74192372E+19
   42.6796875       5.76508163E+19
   42.7500000       5.78809221E+19
   42.8203125       5.81074831E+19
   42.8906250       5.83282342E+19
   42.9609375       5.85401057E+19
   43.0312500       5.87405379E+19
   43.1015625       5.89280178E+19
   43.1718750       5.91033372E+19
   43.2421875       5.92691831E+19
   43.3125000       5.94301164E+19
   43.3828125       5.95909706E+19
   43.4531250       5.97559897E+19
   43.5234375       5.99268406E+19
   43.5937500       6.01022611E+19
   43.6640625       6.02771186E+19
   43.7343750       6.04432284E+19
   43.8046875       6.05900176E+19
   43.8750000       6.07065966E+19
   43.9453125       6.07829027E+19
   44.0156250       6.08114856E+19
   44.0859375       6.07874063E+19
   44.1562500       6.07087737E+19
   44.2265625       6.05759790E+19
   44.2968750       6.03919384E+19
   44.3671875       6.01612565E+19
   44.4375000       5.98906183E+19
   44.5078125       5.95877072E+19
   44.5781250       5.92609016E+19
   44.6484375       5.89173790E+19
   44.7187500       5.85622279E+19
   44.7890625       5.81967414E+19
   44.8593750       5.78186238E+19
   44.9296875       5.74220475E+19
   45.0000000       5.70002925E+19
   45.0703125       5.65479270E+19
   45.1406250       5.60642035E+19
   45.2109375       5.55540828E+19
   45.2812500       5.50285427E+19
   45.3515625       5.45016435E+19
   45.4218750       5.39872612E+19
   45.4921875       5.34943457E+19
   45.5625000       5.30248762E+19
   45.6328125       5.25729242E+19
   45.7031250       5.21269139E+19
   45.7734375       5.16720943E+19
   45.8437500       5.11941762E+19
   45.9140625       5.06811968E+19
   45.9843750       5.01255652E+19
   46.0546875       4.95240136E+19
   46.1250000       4.88784420E+19
   46.1953125       4.81952846E+19
   46.2656250       4.74856950E+19
   46.3359375       4.67638832E+19
   46.4062500       4.60461132E+19
   46.4765625       4.53481564E+19
   46.5468750       4.46838095E+19
   46.6171875       4.40626162E+19
   46.6875000       4.34894408E+19
   46.7578125       4.29638083E+19
   46.8281250       4.24810567E+19
   46.8984375       4.20331816E+19
   46.9687500       4.16112506E+19
   47.0390625       4.12068987E+19
   47.1093750       4.08144698E+19
   47.1796875       4.04308633E+19
   47.2500000       4.00555209E+19
   47.3203125       3.96883939E+19
   47.3906250       3.93288888E+19
   47.4609375       3.89744942E+19
   47.5312500       3.86215158E+19
   47.6015625       3.82657402E+19
   47.6718750       3.79045375E+19
   47.7421875       3.75374105E+19
   47.8125000       3.71669059E+19
   47.8828125       3.67975580E+19
   47.9531250       3.64350622E+19
   48.0234375       3.60840695E+19
   48.0937500       3.57474760E+19
   48.1640625       3.54254488E+19
   48.2343750       3.51166444E+19
   48.3046875       3.48188944E+19
   48.3750000       3.45313282E+19
   48.4453125       3.42548735E+19
   48.5156250       3.39929875E+19
   48.5859375       3.37502153E+19
   48.6562500       3.35312827E+19
   48.7265625       3.33391343E+19
   48.7968750       3.31744648E+19
   48.8671875       3.30349214E+19
   48.9375000       3.29161852E+19
   49.0078125       3.28124418E+19
   49.0781250       3.27180488E+19
   49.1484375       3.26275128E+19
   49.2187500       3.25359806E+19
   49.2890625       3.24379834E+19
   49.3593750       3.23270448E+19
   49.4296875       3.21946263E+19
   49.5000000       3.20313334E+19
   49.5703125       3.18280535E+19
   49.6406250       3.15786337E+19
   49.7109375       3.12808903E+19
   49.7812500       3.09376514E+19
   49.8515625       3.05552676E+19
   49.9218750       3.01421943E+19
   49.9921875       2.97061236E+19
   50.0625000       2.92526784E+19
   50.1328125       2.87840731E+19
   50.2031250       2.82999977E+19
   50.2734375       2.77980839E+19
   50.3437500       2.72759896E+19
   50.4140625       2.67322151E+19
   50.4843750       2.61676533E+19
   50.5546875       2.55851144E+19
   50.6250000       2.49892803E+19
   50.6953125       2.43847688E+19
   50.7656250       2.29511749E+19
   50.8359375       2.24014037E+19
   50.9062500       2.18468167E+19
   50.9765625       2.12847155E+19
   51.0468750       2.07111025E+19
   51.1171875       1.93451198E+19
   51.1875000       1.89209063E+19
   51.2578125       1.84950874E+19
   51.3281250       1.80665868E+19
   51.3984375       1.76344920E+19
   51.4687500       1.71980210E+19
   51.5390625       1.67555786E+19
   51.6093750       1.63051681E+19
   51.6796875       1.50839054E+19
   51.7500000       1.46585780E+19
   51.8203125       1.42212109E+19
   51.8906250       1.37692743E+19
   51.9609375       1.25050855E+19
   52.0312500       1.21342763E+19
   52.1015625       1.17543576E+19
   52.1718750       1.13599925E+19
   52.2421875       1.02474989E+19
   52.3125000       9.30364078E+18
   52.3828125       9.16501766E+18
   52.4531250       9.01799811E+18
   52.5234375       8.86689497E+18
   52.5937500       8.71517831E+18
   52.6640625       8.56444132E+18
   52.7343750       8.41401548E+18
   52.8046875       8.26174466E+18
   52.8750000       7.50007173E+18
   52.9453125       7.44036550E+18
   53.0156250       7.37368012E+18
   53.0859375       7.29831794E+18
   53.1562500       7.21229875E+18
   53.2265625       7.11295567E+18
   53.2968750       6.99602701E+18
   53.3671875       6.85574747E+18
   53.4375000       6.68485478E+18
   53.5078125       6.47605202E+18
   53.5781250       6.22359590E+18
   53.6484375       5.25399102E+18
   53.7187500       5.09260086E+18
   53.7890625       4.90243098E+18
   53.8593750       4.00006398E+18
   53.9296875       3.77344062E+18
   54.0000000       2.83656655E+18
   54.0703125       2.68607969E+18
   54.1406250       2.54008407E+18
   54.2109375       2.40232213E+18
   54.2812500       1.56800364E+18
   54.3515625       1.57281235E+18
   54.4218750       1.58596457E+18
   54.4921875       1.60757300E+18
   54.5625000       1.63709585E+18
   54.6328125       1.67270999E+18
   54.7031250       1.71102440E+18
   54.7734375       1.74728052E+18
   54.8437500       1.77610655E+18
   54.9140625       1.79254288E+18
   54.9843750       1.79308452E+18
   55.0546875       1.77633773E+18
   55.1250000       1.74316092E+18
   55.1953125       1.69621480E+18
   55.2656250       1.63917750E+18
   55.3359375       1.57587545E+18
   55.4062500       1.50962933E+18
   55.4765625       1.44285434E+18
   55.5468750       1.37695373E+18
   55.6171875       1.31243123E+18
   55.6875000       1.24926044E+18
   55.7578125       1.18734309E+18
   55.8281250       1.12692520E+18
   55.8984375       1.06869706E+18
   55.9687500       1.01355325E+18
   56.0390625       9.62017286E+17
   56.1093750       9.13618777E+17
   56.1796875       8.66434473E+17
   56.2500000       8.17090659E+17
   56.3203125       0.00000000    
   56.3906250       0.00000000    
   56.4609375       0.00000000    
   56.5312500       0.00000000    
   56.6015625       0.00000000    
   56.6718750       0.00000000    
   56.7421875       0.00000000    
   56.8125000       0.00000000    
   56.8828125       0.00000000    
   56.9531250       0.00000000    
   57.0234375       0.00000000    
   57.0937500       0.00000000    
   57.1640625       0.00000000    
   57.2343750       0.00000000    
   57.3046875       0.00000000    
   57.3750000       0.00000000    
   57.4453125       0.00000000    
   57.5156250       0.00000000    
   57.5859375       0.00000000    
   57.6562500       0.00000000    
   57.7265625       0.00000000    
   57.7968750       0.00000000    
   57.8671875       0.00000000    
   57.9375000       0.00000000    
   58.0078125       0.00000000    
   58.0781250       0.00000000    
   58.1484375       0.00000000    
   58.2187500       0.00000000    
   58.2890625       0.00000000    
   58.3593750       0.00000000    
   58.4296875       0.00000000    
   58.5000000       0.00000000    
   58.5703125       0.00000000    
   58.6406250       0.00000000    
   58.7109375       0.00000000    
   58.7812500       0.00000000    
   58.8515625       0.00000000    
   58.9218750       0.00000000    
   58.9921875       0.00000000    
   59.0625000       0.00000000    
   59.1328125       0.00000000    
   59.2031250       0.00000000    
   59.2734375       0.00000000    
   59.3437500       0.00000000    
   59.4140625       0.00000000    
   59.4843750       0.00000000    
   59.5546875       0.00000000    
   59.6250000       0.00000000    
   59.6953125       0.00000000    
   59.7656250       0.00000000    
   59.8359375       0.00000000    
   59.9062500       0.00000000    
   59.9765625       0.00000000    
   60.0468750       0.00000000    
   60.1171875       0.00000000    
   60.1875000       0.00000000    
   60.2578125       0.00000000    
   60.3281250       0.00000000    
   60.3984375       0.00000000    
   60.4687500       0.00000000    
   60.5390625       0.00000000    
   60.6093750       0.00000000    
   60.6796875       0.00000000    
   60.7500000       0.00000000    
   60.8203125       0.00000000    
   60.8906250       0.00000000    
   60.9609375       0.00000000    
   61.0312500       0.00000000    
   61.1015625       0.00000000    
   61.1718750       0.00000000    
   61.2421875       0.00000000    
   61.3125000       0.00000000    
   61.3828125       0.00000000    
   61.4531250       0.00000000    
   61.5234375       0.00000000    
   61.5937500       0.00000000    
   61.6640625       0.00000000    
   61.7343750       0.00000000    
   61.8046875       0.00000000    
   61.8750000       0.00000000    
   61.9453125       0.00000000    
   62.0156250       0.00000000    
   62.0859375       0.00000000    
   62.1562500       0.00000000    
   62.2265625       0.00000000    
   62.2968750       0.00000000    
   62.3671875       0.00000000    
   62.4375000       0.00000000    
   62.5078125       0.00000000    
   62.5781250       0.00000000    
   62.6484375       0.00000000    
   62.7187500       0.00000000    
   62.7890625       0.00000000    
   62.8593750       0.00000000    
   62.9296875       0.00000000    
   63.0000000       0.00000000    
   63.0703125       0.00000000    
   63.1406250       0.00000000    
   63.2109375       0.00000000    
   63.2812500       0.00000000    
   63.3515625       0.00000000    
   63.4218750       0.00000000    
   63.4921875       0.00000000    
   63.5625000       0.00000000    
   63.6328125       0.00000000    
   63.7031250       0.00000000    
   63.7734375       0.00000000    
   63.8437500       0.00000000    
   63.9140625       0.00000000    
   63.9843750       0.00000000    
   64.0546875       0.00000000    
   64.1250000       0.00000000    
   64.1953125       0.00000000    
   64.2656250       0.00000000    
   64.3359375       0.00000000    
   64.4062500       0.00000000    
   64.4765625       0.00000000    
   64.5468750       0.00000000    
   64.6171875       0.00000000    
   64.6875000       0.00000000    
   64.7578125       0.00000000    
   64.8281250       0.00000000    
