1994 10 04 13 22 55.0 43.770 147.320
55. 3.493E+21 8.295 168 32 27 55 76 119
  -1.12500000       0.00000000    
  -1.05468750       0.00000000    
 -0.984375000       0.00000000    
 -0.914062500       0.00000000    
 -0.843750000       0.00000000    
 -0.773437500       0.00000000    
 -0.703125000       0.00000000    
 -0.632812500       0.00000000    
 -0.562500000       0.00000000    
 -0.492187500       0.00000000    
 -0.421875000       0.00000000    
 -0.351562500       0.00000000    
 -0.281250000       0.00000000    
 -0.210937500       0.00000000    
 -0.140625000       0.00000000    
  -7.03125000E-02   0.00000000    
   0.00000000       0.00000000    
   7.03125000E-02   2.95793422E+18
  0.140625000       4.15891318E+18
  0.210937500       5.27506591E+18
  0.281250000       6.24573292E+18
  0.351562500       7.04744017E+18
  0.421875000       7.68080945E+18
  0.492187500       8.16281281E+18
  0.562500000       8.51751581E+18
  0.632812500       8.77228915E+18
  0.703125000       8.95204060E+18
  0.773437500       9.07845805E+18
  0.843750000       9.16675324E+18
  0.914062500       9.22680911E+18
  0.984375000       9.26150200E+18
   1.05468750       9.26927225E+18
   1.12500000       9.24371630E+18
   1.19531250       9.17694791E+18
   1.26562500       9.05952996E+18
   1.33593750       8.88414301E+18
   1.40625000       8.64568313E+18
   1.47656250       8.34462750E+18
   1.54687500       7.98606356E+18
   1.61718750       7.58142239E+18
   1.68750000       7.14544349E+18
   1.75781250       6.69576248E+18
   1.82812500       6.24837835E+18
   1.89843750       5.81710261E+18
   1.96875000       5.41027891E+18
   2.03906250       5.03217830E+18
   2.10937500       4.68166389E+18
   2.17968750       4.35496490E+18
   2.25000000       4.04490976E+18
   2.32031250       3.74327387E+18
   2.39062500       3.43927979E+18
   2.46093750       3.12179636E+18
   2.53125000       2.77863741E+18
   2.60156250       2.40035620E+18
   2.67187500       1.98165475E+18
   2.74218750       1.52781580E+18
   2.81250000       1.05847311E+18
   2.88281250       6.15147000E+17
   2.95312500       2.64134493E+17
   3.02343750       6.83547052E+16
   3.09375000       0.00000000    
   3.16406250       0.00000000    
   3.23437500       0.00000000    
   3.30468750       0.00000000    
   3.37500000       0.00000000    
   3.44531250       0.00000000    
   3.51562500       0.00000000    
   3.58593750       0.00000000    
   3.65625000       0.00000000    
   3.72656250       0.00000000    
   3.79687500       0.00000000    
   3.86718750       0.00000000    
   3.93750000       0.00000000    
   4.00781250       0.00000000    
   4.07812500       0.00000000    
   4.14843750       0.00000000    
   4.21875000       0.00000000    
   4.28906250       0.00000000    
   4.35937500       0.00000000    
   4.42968750       0.00000000    
   4.50000000       0.00000000    
   4.57031250       0.00000000    
   4.64062500       0.00000000    
   4.71093750       0.00000000    
   4.78125000       0.00000000    
   4.85156250       0.00000000    
   4.92187500       0.00000000    
   4.99218750       0.00000000    
   5.06250000       0.00000000    
   5.13281250       0.00000000    
   5.20312500       0.00000000    
   5.27343750       0.00000000    
   5.34375000       0.00000000    
   5.41406250       0.00000000    
   5.48437500       0.00000000    
   5.55468750       0.00000000    
   5.62500000       0.00000000    
   5.69531250       0.00000000    
   5.76562500       0.00000000    
   5.83593750       0.00000000    
   5.90625000       0.00000000    
   5.97656250       0.00000000    
   6.04687500       0.00000000    
   6.11718750       0.00000000    
   6.18750000       0.00000000    
   6.25781250       0.00000000    
   6.32812500       0.00000000    
   6.39843750       0.00000000    
   6.46875000       0.00000000    
   6.53906250       0.00000000    
   6.60937500       0.00000000    
   6.67968750       0.00000000    
   6.75000000       0.00000000    
   6.82031250       0.00000000    
   6.89062500       0.00000000    
   6.96093750       0.00000000    
   7.03125000       0.00000000    
   7.10156250       0.00000000    
   7.17187500       0.00000000    
   7.24218750       0.00000000    
   7.31250000       0.00000000    
   7.38281250       0.00000000    
   7.45312500       0.00000000    
   7.52343750       0.00000000    
   7.59375000       0.00000000    
   7.66406250       0.00000000    
   7.73437500       8.94698639E+16
   7.80468750       4.00442066E+17
   7.87500000       1.01801720E+18
   7.94531250       1.90380287E+18
   8.01562500       2.95286712E+18
   8.08593750       4.09295540E+18
   8.15625000       5.27709946E+18
   8.22656250       6.47831921E+18
   8.29687500       7.68129763E+18
   8.36718750       8.87920895E+18
   8.43750000       1.00694264E+19
   8.50781250       1.12544922E+19
   8.57812500       1.24408025E+19
   8.64843750       1.36407930E+19
   8.71875000       1.48709585E+19
   8.78906250       1.61515333E+19
   8.85937500       1.75016248E+19
   8.92968750       1.89370955E+19
   9.00000000       2.04659950E+19
   9.07031250       2.20881243E+19
   9.14062500       2.37931963E+19
   9.21093750       2.55639708E+19
   9.28125000       2.73779077E+19
   9.35156250       2.92123153E+19
   9.42187500       3.10460566E+19
   9.49218750       3.28636769E+19
   9.56250000       3.46551156E+19
   9.63281250       3.64172347E+19
   9.70312500       3.81509380E+19
   9.77343750       3.98610744E+19
   9.84375000       4.15533284E+19
   9.91406250       4.32342925E+19
   9.98437500       4.49088619E+19
   10.0546875       4.65810080E+19
   10.1250000       4.82518919E+19
   10.1953125       4.99208582E+19
   10.2656250       5.15831878E+19
   10.3359375       5.32312986E+19
   10.4062500       5.48534388E+19
   10.4765625       5.64361287E+19
   10.5468750       5.79638913E+19
   10.6171875       5.94227585E+19
   10.6875000       6.08008776E+19
   10.7578125       6.20920780E+19
   10.8281250       6.32954891E+19
   10.8984375       6.44171801E+19
   10.9687500       6.54677723E+19
   11.0390625       6.64617791E+19
   11.1093750       6.74134021E+19
   11.1796875       6.83354569E+19
   11.2500000       6.92365902E+19
   11.3203125       7.01222601E+19
   11.3906250       7.09934867E+19
   11.4609375       7.18492542E+19
   11.5312500       7.26862332E+19
   11.6015625       7.35014859E+19
   11.6718750       7.42915114E+19
   11.7421875       7.50542822E+19
   11.8125000       7.57879819E+19
   11.8828125       7.64924082E+19
   11.9531250       7.71665760E+19
   12.0234375       7.78091570E+19
   12.0937500       7.84160170E+19
   12.1640625       7.89812364E+19
   12.2343750       7.94958342E+19
   12.3046875       7.99505394E+19
   12.3750000       8.03363800E+19
   12.4453125       8.06483862E+19
   12.5156250       8.08856609E+19
   12.5859375       8.10539037E+19
   12.6562500       8.11638109E+19
   12.7265625       8.12315056E+19
   12.7968750       8.12745625E+19
   12.8671875       8.13104154E+19
   12.9375000       8.13520737E+19
   13.0078125       8.14076034E+19
   13.0781250       8.14779898E+19
   13.1484375       8.15598726E+19
   13.2187500       8.16469627E+19
   13.2890625       8.17351875E+19
   13.3593750       8.18247142E+19
   13.4296875       8.19237582E+19
   13.5000000       8.20480558E+19
   13.5703125       8.22211189E+19
   13.6406250       8.24695557E+19
   13.7109375       8.28202999E+19
   13.7812500       8.32944797E+19
   13.8515625       8.39049902E+19
   13.9218750       8.46519808E+19
   13.9921875       8.55236560E+19
   14.0625000       8.64960993E+19
   14.1328125       8.75386650E+19
   14.2031250       8.86174090E+19
   14.2734375       8.97021520E+19
   14.3437500       9.07698306E+19
   14.4140625       9.18087195E+19
   14.4843750       9.28169805E+19
   14.5546875       9.38017383E+19
   14.6250000       9.47738033E+19
   14.6953125       9.57450591E+19
   14.7656250       9.67235541E+19
   14.8359375       9.77134224E+19
   14.9062500       9.87135558E+19
   14.9765625       9.97207524E+19
   15.0468750       1.00729787E+20
   15.1171875       1.01736060E+20
   15.1875000       1.02734118E+20
   15.2578125       1.03718577E+20
   15.3281250       1.04681230E+20
   15.3984375       1.05611461E+20
   15.4687500       1.06494492E+20
   15.5390625       1.07313602E+20
   15.6093750       1.08049623E+20
   15.6796875       1.08684235E+20
   15.7500000       1.09200179E+20
   15.8203125       1.09584392E+20
   15.8906250       1.09827138E+20
   15.9609375       1.09923701E+20
   16.0312500       1.09872640E+20
   16.1015625       1.09677217E+20
   16.1718750       1.09343309E+20
   16.2421875       1.08880669E+20
   16.3125000       1.08301332E+20
   16.3828125       1.07621280E+20
   16.4531250       1.06858492E+20
   16.5234375       1.06033867E+20
   16.5937500       1.05168674E+20
   16.6640625       1.04285063E+20
   16.7343750       1.03403043E+20
   16.8046875       1.02541070E+20
   16.8750000       1.01713560E+20
   16.9453125       1.00932493E+20
   17.0156250       1.00205505E+20
   17.0859375       9.95378553E+19
   17.1562500       9.89318484E+19
   17.2265625       9.83897980E+19
   17.2968750       9.79135951E+19
   17.3671875       9.75071189E+19
   17.4375000       9.71746969E+19
   17.5078125       9.69218444E+19
   17.5781250       9.67521414E+19
   17.6484375       9.66669161E+19
   17.7187500       9.66625620E+19
   17.7890625       9.67317169E+19
   17.8593750       9.68623565E+19
   17.9296875       9.70409259E+19
   18.0000000       9.72533076E+19
   18.0703125       9.74887614E+19
   18.1406250       9.77399075E+19
   18.2109375       9.80043796E+19
   18.2812500       9.82822746E+19
   18.3515625       9.85761608E+19
   18.4218750       9.88871731E+19
   18.4921875       9.92149683E+19
   18.5625000       9.95551396E+19
   18.6328125       9.99010108E+19
   18.7031250       1.00242792E+20
   18.7734375       1.00570956E+20
   18.8437500       1.00876700E+20
   18.9140625       1.01155923E+20
   18.9843750       1.01409250E+20
   19.0546875       1.01644414E+20
   19.1250000       1.01874722E+20
   19.1953125       1.02119579E+20
   19.2656250       1.02400623E+20
   19.3359375       1.02740390E+20
   19.4062500       1.03157764E+20
   19.4765625       1.03666979E+20
   19.5468750       1.04273795E+20
   19.6171875       1.04975925E+20
   19.6875000       1.05761434E+20
   19.7578125       1.06611823E+20
   19.8281250       1.07502788E+20
   19.8984375       1.08409287E+20
   19.9687500       1.09307729E+20
   20.0390625       1.10180890E+20
   20.1093750       1.11017944E+20
   20.1796875       1.11815899E+20
   20.2500000       1.12576418E+20
   20.3203125       1.13304920E+20
   20.3906250       1.14006100E+20
   20.4609375       1.14683654E+20
   20.5312500       1.15338304E+20
   20.6015625       1.15970760E+20
   20.6718750       1.16581719E+20
   20.7421875       1.17174866E+20
   20.8125000       1.17755144E+20
   20.8828125       1.18329090E+20
   20.9531250       1.18900053E+20
   21.0234375       1.19466864E+20
   21.0937500       1.20019804E+20
   21.1640625       1.20542301E+20
   21.2343750       1.21011036E+20
   21.3046875       1.21401477E+20
   21.3750000       1.21691071E+20
   21.4453125       1.21865664E+20
   21.5156250       1.21921018E+20
   21.5859375       1.21865339E+20
   21.6562500       1.21716720E+20
   21.7265625       1.21502201E+20
   21.7968750       1.21252181E+20
   21.8671875       1.20997780E+20
   21.9375000       1.20765299E+20
   22.0078125       1.20575093E+20
   22.0781250       1.20438296E+20
   22.1484375       1.20358207E+20
   22.2187500       1.20329673E+20
   22.2890625       1.20342973E+20
   22.3593750       1.20383778E+20
   22.4296875       1.20436774E+20
   22.5000000       1.20485584E+20
   22.5703125       1.20516168E+20
   22.6406250       1.20516449E+20
   22.7109375       1.20478943E+20
   22.7812500       1.20399848E+20
   22.8515625       1.20281338E+20
   22.9218750       1.20129694E+20
   22.9921875       1.19956402E+20
   23.0625000       1.19775414E+20
   23.1328125       1.19603362E+20
   23.2031250       1.19455772E+20
   23.2734375       1.19346296E+20
   23.3437500       1.19283474E+20
   23.4140625       1.19271292E+20
   23.4843750       1.19308130E+20
   23.5546875       1.19389573E+20
   23.6250000       1.19508874E+20
   23.6953125       1.19660563E+20
   23.7656250       1.19839889E+20
   23.8359375       1.20044460E+20
   23.9062500       1.20271865E+20
   23.9765625       1.20521111E+20
   24.0468750       1.20790175E+20
   24.1171875       1.21077798E+20
   24.1875000       1.21382187E+20
   24.2578125       1.21703174E+20
   24.3281250       1.22041076E+20
   24.3984375       1.22398215E+20
   24.4687500       1.22777063E+20
   24.5390625       1.23181314E+20
   24.6093750       1.23613571E+20
   24.6796875       1.24075859E+20
   24.7500000       1.24567727E+20
   24.8203125       1.25087919E+20
   24.8906250       1.25632881E+20
   24.9609375       1.26198497E+20
   25.0312500       1.26778757E+20
   25.1015625       1.27367893E+20
   25.1718750       1.27958410E+20
   25.2421875       1.28542761E+20
   25.3125000       1.29111332E+20
   25.3828125       1.29654306E+20
   25.4531250       1.30160582E+20
   25.5234375       1.30620002E+20
   25.5937500       1.31023294E+20
   25.6640625       1.31365119E+20
   25.7343750       1.31643718E+20
   25.8046875       1.31862670E+20
   25.8750000       1.32028793E+20
   25.9453125       1.32152695E+20
   26.0156250       1.32245160E+20
   26.0859375       1.32316628E+20
   26.1562500       1.32374110E+20
   26.2265625       1.32422744E+20
   26.2968750       1.32464754E+20
   26.3671875       1.32502788E+20
   26.4375000       1.32539987E+20
   26.5078125       1.32582701E+20
   26.5781250       1.32638407E+20
   26.6484375       1.32715267E+20
   26.7187500       1.32817425E+20
   26.7890625       1.32943824E+20
   26.8593750       1.33084430E+20
   26.9296875       1.33221596E+20
   27.0000000       1.33330439E+20
   27.0703125       1.33384878E+20
   27.1406250       1.33360724E+20
   27.2109375       1.33241906E+20
   27.2812500       1.33021300E+20
   27.3515625       1.32702935E+20
   27.4218750       1.32297901E+20
   27.4921875       1.31821742E+20
   27.5625000       1.31288426E+20
   27.6328125       1.30708658E+20
   27.7031250       1.30086809E+20
   27.7734375       1.29422819E+20
   27.8437500       1.28712728E+20
   27.9140625       1.27953344E+20
   27.9843750       1.27143039E+20
   28.0546875       1.26284980E+20
   28.1250000       1.25385456E+20
   28.1953125       1.24454821E+20
   28.2656250       1.23503822E+20
   28.3359375       1.22543263E+20
   28.4062500       1.21580873E+20
   28.4765625       1.20622741E+20
   28.5468750       1.19671910E+20
   28.6171875       1.18731097E+20
   28.6875000       1.17801799E+20
   28.7578125       1.16886996E+20
   28.8281250       1.15989584E+20
   28.8984375       1.15113783E+20
   28.9687500       1.14262533E+20
   29.0390625       1.13438796E+20
   29.1093750       1.12643163E+20
   29.1796875       1.11875247E+20
   29.2500000       1.11131942E+20
   29.3203125       1.10409765E+20
   29.3906250       1.09703139E+20
   29.4609375       1.09006339E+20
   29.5312500       1.08311545E+20
   29.6015625       1.07611314E+20
   29.6718750       1.06897432E+20
   29.7421875       1.06163882E+20
   29.8125000       1.05406415E+20
   29.8828125       1.04625419E+20
   29.9531250       1.03824807E+20
   30.0234375       1.03013236E+20
   30.0937500       1.02201356E+20
   30.1640625       1.01402337E+20
   30.2343750       1.00628905E+20
   30.3046875       9.98945281E+19
   30.3750000       9.92115114E+19
   30.4453125       9.85933748E+19
   30.5156250       9.80531451E+19
   30.5859375       9.76051073E+19
   30.6562500       9.72618838E+19
   30.7265625       9.70353756E+19
   30.7968750       9.69333585E+19
   30.8671875       9.69600459E+19
   30.9375000       9.71132210E+19
   31.0078125       9.73857856E+19
   31.0781250       9.77641759E+19
   31.1484375       9.82309670E+19
   31.2187500       9.87644412E+19
   31.2890625       9.93425380E+19
   31.3593750       9.99431353E+19
   31.4296875       1.00547629E+20
   31.5000000       1.01140451E+20
   31.5703125       1.01711581E+20
   31.6406250       1.02254449E+20
   31.7109375       1.02766734E+20
   31.7812500       1.03247414E+20
   31.8515625       1.03698442E+20
   31.9218750       1.04122792E+20
   31.9921875       1.04526788E+20
   32.0625000       1.04918848E+20
   32.1328125       1.05311769E+20
   32.2031250       1.05720471E+20
   32.2734375       1.06162474E+20
   32.3437500       1.06653226E+20
   32.4140625       1.07205330E+20
   32.4843750       1.07823784E+20
   32.5546875       1.08505938E+20
   32.6250000       1.09239726E+20
   32.6953125       1.10007502E+20
   32.7656250       1.10787337E+20
   32.8359375       1.11558033E+20
   32.9062500       1.12299552E+20
   32.9765625       1.12995957E+20
   33.0468750       1.13632741E+20
   33.1171875       1.14196764E+20
   33.1875000       1.14672422E+20
   33.2578125       1.15042447E+20
   33.3281250       1.15286547E+20
   33.3984375       1.15385204E+20
   33.4687500       1.15321248E+20
   33.5390625       1.15085460E+20
   33.6093750       1.14677523E+20
   33.6796875       1.14108399E+20
   33.7500000       1.13396707E+20
   33.8203125       1.12567376E+20
   33.8906250       1.11645079E+20
   33.9609375       1.10652000E+20
   34.0312500       1.09603049E+20
   34.1015625       1.08507504E+20
   34.1718750       1.07368331E+20
   34.2421875       1.06186312E+20
   34.3125000       1.04960647E+20
   34.3828125       1.03693253E+20
   34.4531250       1.02388124E+20
   34.5234375       1.01053528E+20
   34.5937500       9.96991141E+19
   34.6640625       9.83364937E+19
   34.7343750       9.69753599E+19
   34.8046875       9.56232860E+19
   34.8750000       9.42824272E+19
   34.9453125       9.29515343E+19
   35.0156250       9.16254266E+19
   35.0859375       9.02995915E+19
   35.1562500       8.89711791E+19
   35.2265625       8.76437783E+19
   35.2968750       8.63264754E+19
   35.3671875       8.50343293E+19
   35.4375000       8.37831995E+19
   35.5078125       8.25879424E+19
   35.5781250       8.14574157E+19
   35.6484375       8.03949004E+19
   35.7187500       7.93965527E+19
   35.7890625       7.84550453E+19
   35.8593750       7.75597261E+19
   35.9296875       7.67003742E+19
   36.0000000       7.58666014E+19
   36.0703125       7.50511156E+19
   36.1406250       7.42485249E+19
   36.2109375       7.34575186E+19
   36.2812500       7.26786202E+19
   36.3515625       7.19159813E+19
   36.4218750       7.11745938E+19
   36.4921875       7.04613406E+19
   36.5625000       6.97817677E+19
   36.6328125       6.91411350E+19
   36.7031250       6.85415538E+19
   36.7734375       6.79835384E+19
   36.8437500       6.74642831E+19
   36.9140625       6.69805199E+19
   36.9843750       6.65279917E+19
   37.0546875       6.61046798E+19
   37.1250000       6.57097572E+19
   37.1953125       6.53462586E+19
   37.2656250       6.50187801E+19
   37.3359375       6.47344068E+19
   37.4062500       6.44991069E+19
   37.4765625       6.43181977E+19
   37.5468750       6.41931612E+19
   37.6171875       6.41228760E+19
   37.6875000       6.41017170E+19
   37.7578125       6.41223483E+19
   37.8281250       6.41749225E+19
   37.8984375       6.42501599E+19
   37.9687500       6.43384287E+19
   38.0390625       6.44325469E+19
   38.1093750       6.45261945E+19
   38.1796875       6.46161345E+19
   38.2500000       6.47003263E+19
   38.3203125       6.47804587E+19
   38.3906250       6.48603449E+19
   38.4609375       6.49480815E+19
   38.5312500       6.50533883E+19
   38.6015625       6.51884259E+19
   38.6718750       6.53634550E+19
   38.7421875       6.55858466E+19
   38.8125000       6.58553633E+19
   38.8828125       6.61648406E+19
   38.9531250       6.64987711E+19
   39.0234375       6.68376934E+19
   39.0937500       6.71597975E+19
   39.1640625       6.74467436E+19
   39.2343750       6.76845108E+19
   39.3046875       6.78665416E+19
   39.3750000       6.79915737E+19
   39.4453125       6.80644713E+19
   39.5156250       6.80926320E+19
   39.5859375       6.80861009E+19
   39.6562500       6.80541271E+19
   39.7265625       6.80062323E+19
   39.7968750       6.79499417E+19
   39.8671875       6.78927891E+19
   39.9375000       6.78406679E+19
   40.0078125       6.78001795E+19
   40.0781250       6.77770369E+19
   40.1484375       6.77779825E+19
   40.2187500       6.78084346E+19
   40.2890625       6.78741238E+19
   40.3593750       6.79784675E+19
   40.4296875       6.81238009E+19
   40.5000000       6.83091698E+19
   40.5703125       6.85328324E+19
   40.6406250       6.87911869E+19
   40.7109375       6.90817130E+19
   40.7812500       6.94013235E+19
   40.8515625       6.97481182E+19
   40.9218750       7.01179676E+19
   40.9921875       7.05041468E+19
   41.0625000       7.08928858E+19
   41.1328125       7.12640853E+19
   41.2031250       7.15901213E+19
   41.2734375       7.18409683E+19
   41.3437500       7.19872649E+19
   41.4140625       7.20079093E+19
   41.4843750       7.18922319E+19
   41.5546875       7.16437071E+19
   41.6250000       7.12771915E+19
   41.6953125       7.08186335E+19
   41.7656250       7.02998356E+19
   41.8359375       6.97568792E+19
   41.9062500       6.92248651E+19
   41.9765625       6.87372800E+19
   42.0468750       6.83217702E+19
   42.1171875       6.80002950E+19
   42.1875000       6.77857935E+19
   42.2578125       6.76834993E+19
   42.3281250       6.76886582E+19
   42.3984375       6.77887533E+19
   42.4687500       6.79625509E+19
   42.5390625       6.81839706E+19
   42.6093750       6.84225866E+19
   42.6796875       6.86485538E+19
   42.7500000       6.88333114E+19
   42.8203125       6.89541785E+19
   42.8906250       6.89938489E+19
   42.9609375       6.89429107E+19
   43.0312500       6.87975069E+19
   43.1015625       6.85610547E+19
   43.1718750       6.82415278E+19
   43.2421875       6.78527977E+19
   43.3125000       6.74117748E+19
   43.3828125       6.69393630E+19
   43.4531250       6.64570424E+19
   43.5234375       6.59871464E+19
   43.5937500       6.55490394E+19
   43.6640625       6.51598958E+19
   43.7343750       6.48317312E+19
   43.8046875       6.45730469E+19
   43.8750000       6.43867544E+19
   43.9453125       6.42727790E+19
   44.0156250       6.42265644E+19
   44.0859375       6.42415353E+19
   44.1562500       6.43070486E+19
   44.2265625       6.44103939E+19
   44.2968750       6.45346431E+19
   44.3671875       6.46606208E+19
   44.4375000       6.47656329E+19
   44.5078125       6.48271264E+19
   44.5781250       6.48231506E+19
   44.6484375       6.47371820E+19
   44.7187500       6.45588060E+19
   44.7890625       6.42876180E+19
   44.8593750       6.39316973E+19
   44.9296875       6.35083766E+19
   45.0000000       6.30393381E+19
   45.0703125       6.25493913E+19
   45.1406250       6.20608123E+19
   45.2109375       6.15923896E+19
   45.2812500       6.11551358E+19
   45.3515625       6.07536821E+19
   45.4218750       6.03843869E+19
   45.4921875       6.00381287E+19
   45.5625000       5.96992637E+19
   45.6328125       5.93489856E+19
   45.7031250       5.89646052E+19
   45.7734375       5.85230677E+19
   45.8437500       5.80006985E+19
   45.9140625       5.73779043E+19
   45.9843750       5.66400969E+19
   46.0546875       5.57825218E+19
   46.1250000       5.48101313E+19
   46.1953125       5.37403636E+19
   46.2656250       5.26000469E+19
   46.3359375       5.14250208E+19
   46.4062500       5.02547095E+19
   46.4765625       4.91310262E+19
   46.5468750       4.80933511E+19
   46.6171875       4.71777746E+19
   46.6875000       4.64125628E+19
   46.7578125       4.58181141E+19
   46.8281250       4.54033651E+19
   46.8984375       4.51669217E+19
   46.9687500       4.50949741E+19
   47.0390625       4.51644324E+19
   47.1093750       4.53426545E+19
   47.1796875       4.55917598E+19
   47.2500000       4.58691006E+19
   47.3203125       4.61323545E+19
   47.3906250       4.63405228E+19
   47.4609375       4.64589095E+19
   47.5312500       4.64593273E+19
   47.6015625       4.63241621E+19
   47.6718750       4.60453392E+19
   47.7421875       4.56264384E+19
   47.8125000       4.50798844E+19
   47.8828125       4.44277069E+19
   47.9531250       4.36976179E+19
   48.0234375       4.29222160E+19
   48.0937500       4.21336154E+19
   48.1640625       4.13618638E+19
   48.2343750       4.06294263E+19
   48.3046875       3.99508737E+19
   48.3750000       3.93299619E+19
   48.4453125       3.87633220E+19
   48.5156250       3.82417137E+19
   48.5859375       3.77562002E+19
   48.6562500       3.72993003E+19
   48.7265625       3.68686854E+19
   48.7968750       3.64641355E+19
   48.8671875       3.60868512E+19
   48.9375000       3.57341257E+19
   49.0078125       3.53992716E+19
   49.0781250       3.50691125E+19
   49.1484375       3.47272105E+19
   49.2187500       3.43539285E+19
   49.2890625       3.39312081E+19
   49.3593750       3.34430887E+19
   49.4296875       3.28797561E+19
   49.5000000       3.22365088E+19
   49.5703125       3.15161506E+19
   49.6406250       3.07261229E+19
   49.7109375       2.98789602E+19
   49.7812500       2.89881183E+19
   49.8515625       2.80684362E+19
   49.9218750       2.71330069E+19
   49.9921875       2.61949453E+19
   50.0625000       2.52655611E+19
   50.1328125       2.43572568E+19
   50.2031250       2.34819950E+19
   50.2734375       2.26532557E+19
   50.3437500       2.18828235E+19
   50.4140625       2.11811481E+19
   50.4843750       2.05530895E+19
   50.5546875       1.99981308E+19
   50.6250000       1.95072560E+19
   50.6953125       1.90655712E+19
   50.7656250       1.86521021E+19
   50.8359375       1.82448232E+19
   50.9062500       1.78218245E+19
   50.9765625       1.73668928E+19
   51.0468750       1.68701796E+19
   51.1171875       1.63320215E+19
   51.1875000       1.57610297E+19
   51.2578125       1.51750296E+19
   51.3281250       1.45964853E+19
   51.3984375       1.40512033E+19
   51.4687500       1.35626112E+19
   51.5390625       1.31508276E+19
   51.6093750       1.28285519E+19
   51.6796875       1.26022889E+19
   51.7500000       1.24703629E+19
   51.8203125       1.24262241E+19
   51.8906250       1.24579219E+19
   51.9609375       1.25518752E+19
   52.0312500       1.26919871E+19
   52.1015625       1.28629611E+19
   52.1718750       1.30491085E+19
   52.2421875       1.32372558E+19
   52.3125000       1.34152315E+19
   52.3828125       1.35745958E+19
   52.4531250       1.37088803E+19
   52.5234375       1.38155989E+19
   52.5937500       1.38936169E+19
   52.6640625       1.39446266E+19
   52.7343750       1.39704024E+19
   52.8046875       1.39744310E+19
   52.8750000       1.39594568E+19
   52.9453125       1.39295094E+19
   53.0156250       1.38875235E+19
   53.0859375       1.38367920E+19
   53.1562500       1.37777185E+19
   53.2265625       1.37087791E+19
   53.2968750       1.36234812E+19
   53.3671875       1.35118533E+19
   53.4375000       1.33583956E+19
   53.5078125       1.31449540E+19
   53.5781250       1.28500430E+19
   53.6484375       1.24524750E+19
   53.7187500       1.19306116E+19
   53.7890625       1.12656005E+19
   53.8593750       1.04402521E+19
   53.9296875       9.44270262E+18
   54.0000000       0.00000000    
   54.0703125       0.00000000    
   54.1406250       0.00000000    
   54.2109375       0.00000000    
   54.2812500       0.00000000    
   54.3515625       0.00000000    
   54.4218750       0.00000000    
   54.4921875       0.00000000    
   54.5625000       0.00000000    
   54.6328125       0.00000000    
   54.7031250       0.00000000    
   54.7734375       0.00000000    
   54.8437500       0.00000000    
   54.9140625       0.00000000    
   54.9843750       0.00000000    
   55.0546875       0.00000000    
   55.1250000       0.00000000    
   55.1953125       0.00000000    
   55.2656250       0.00000000    
   55.3359375       0.00000000    
   55.4062500       0.00000000    
   55.4765625       0.00000000    
   55.5468750       0.00000000    
   55.6171875       0.00000000    
   55.6875000       0.00000000    
   55.7578125       0.00000000    
   55.8281250       0.00000000    
   55.8984375       0.00000000    
   55.9687500       0.00000000    
   56.0390625       0.00000000    
   56.1093750       0.00000000    
   56.1796875       0.00000000    
   56.2500000       0.00000000    
   56.3203125       0.00000000    
   56.3906250       0.00000000    
   56.4609375       0.00000000    
   56.5312500       0.00000000    
   56.6015625       0.00000000    
   56.6718750       0.00000000    
   56.7421875       0.00000000    
   56.8125000       0.00000000    
   56.8828125       0.00000000    
   56.9531250       0.00000000    
   57.0234375       0.00000000    
   57.0937500       0.00000000    
   57.1640625       0.00000000    
   57.2343750       0.00000000    
   57.3046875       0.00000000    
   57.3750000       0.00000000    
   57.4453125       0.00000000    
   57.5156250       0.00000000    
   57.5859375       0.00000000    
   57.6562500       0.00000000    
   57.7265625       0.00000000    
   57.7968750       0.00000000    
   57.8671875       0.00000000    
   57.9375000       0.00000000    
   58.0078125       0.00000000    
   58.0781250       0.00000000    
   58.1484375       0.00000000    
   58.2187500       0.00000000    
   58.2890625       0.00000000    
   58.3593750       0.00000000    
   58.4296875       0.00000000    
   58.5000000       0.00000000    
   58.5703125       0.00000000    
   58.6406250       0.00000000    
   58.7109375       0.00000000    
   58.7812500       0.00000000    
   58.8515625       0.00000000    
   58.9218750       0.00000000    
   58.9921875       0.00000000    
   59.0625000       0.00000000    
   59.1328125       0.00000000    
   59.2031250       0.00000000    
   59.2734375       0.00000000    
   59.3437500       0.00000000    
   59.4140625       0.00000000    
   59.4843750       0.00000000    
   59.5546875       0.00000000    
   59.6250000       0.00000000    
   59.6953125       0.00000000    
   59.7656250       0.00000000    
   59.8359375       0.00000000    
   59.9062500       0.00000000    
   59.9765625       0.00000000    
   60.0468750       0.00000000    
   60.1171875       0.00000000    
   60.1875000       0.00000000    
   60.2578125       0.00000000    
   60.3281250       0.00000000    
   60.3984375       0.00000000    
   60.4687500       0.00000000    
   60.5390625       0.00000000    
   60.6093750       0.00000000    
   60.6796875       0.00000000    
   60.7500000       0.00000000    
   60.8203125       0.00000000    
   60.8906250       0.00000000    
   60.9609375       0.00000000    
   61.0312500       0.00000000    
   61.1015625       0.00000000    
   61.1718750       0.00000000    
   61.2421875       0.00000000    
   61.3125000       0.00000000    
   61.3828125       0.00000000    
   61.4531250       0.00000000    
   61.5234375       0.00000000    
   61.5937500       0.00000000    
   61.6640625       0.00000000    
   61.7343750       0.00000000    
   61.8046875       0.00000000    
   61.8750000       0.00000000    
   61.9453125       0.00000000    
   62.0156250       0.00000000    
   62.0859375       0.00000000    
   62.1562500       0.00000000    
   62.2265625       0.00000000    
   62.2968750       0.00000000    
   62.3671875       0.00000000    
   62.4375000       0.00000000    
   62.5078125       0.00000000    
   62.5781250       0.00000000    
   62.6484375       0.00000000    
   62.7187500       0.00000000    
   62.7890625       0.00000000    
   62.8593750       0.00000000    
   62.9296875       0.00000000    
   63.0000000       0.00000000    
   63.0703125       0.00000000    
   63.1406250       0.00000000    
   63.2109375       0.00000000    
   63.2812500       0.00000000    
   63.3515625       0.00000000    
   63.4218750       0.00000000    
   63.4921875       0.00000000    
   63.5625000       0.00000000    
   63.6328125       0.00000000    
   63.7031250       0.00000000    
   63.7734375       0.00000000    
   63.8437500       0.00000000    
   63.9140625       0.00000000    
   63.9843750       0.00000000    
   64.0546875       0.00000000    
   64.1250000       0.00000000    
   64.1953125       0.00000000    
   64.2656250       0.00000000    
   64.3359375       0.00000000    
   64.4062500       0.00000000    
   64.4765625       0.00000000    
   64.5468750       0.00000000    
   64.6171875       0.00000000    
   64.6875000       0.00000000    
   64.7578125       0.00000000    
   64.8281250       0.00000000    
