2013 02 06 01 12 27.0 -10.738 165.138
30. 9.062E+20 7.905 302 27 51 165 70 108
  -1.12500000       0.00000000    
  -1.05468750       8.77230062E+16
 -0.984375000       1.05590087E+17
 -0.914062500       1.21727104E+17
 -0.843750000       1.35900539E+17
 -0.773437500       1.48109267E+17
 -0.703125000       1.58491474E+17
 -0.632812500       1.67262141E+17
 -0.562500000       1.75090595E+17
 -0.492187500       1.83752050E+17
 -0.421875000       2.66866109E+17
 -0.351562500       2.83195506E+17
 -0.281250000       3.05376504E+17
 -0.210937500       3.33692949E+17
 -0.140625000       3.68211360E+17
  -7.03125000E-02   4.09057736E+17
   0.00000000       4.56307943E+17
   7.03125000E-02   5.07708496E+17
  0.140625000       5.61349030E+17
  0.210937500       6.17124678E+17
  0.281250000       6.75290492E+17
  0.351562500       7.35943677E+17
  0.421875000       7.97855321E+17
  0.492187500       8.59778511E+17
  0.562500000       9.20867239E+17
  0.632812500       9.80612639E+17
  0.703125000       1.03877433E+18
  0.773437500       1.09533266E+18
  0.843750000       1.15043654E+18
  0.914062500       1.20437301E+18
  0.984375000       1.25821912E+18
   1.05468750       1.31304160E+18
   1.12500000       1.36959085E+18
   1.19531250       1.42829117E+18
   1.26562500       1.48986987E+18
   1.33593750       1.55477170E+18
   1.40625000       1.62260222E+18
   1.47656250       1.69234246E+18
   1.54687500       1.76324144E+18
   1.61718750       1.83466132E+18
   1.68750000       1.90686968E+18
   1.75781250       1.98173254E+18
   1.82812500       2.06013350E+18
   1.89843750       2.14142589E+18
   1.96875000       2.22301776E+18
   2.03906250       2.30324349E+18
   2.10937500       2.38125136E+18
   2.17968750       2.63849998E+18
   2.25000000       3.00435862E+18
   2.32031250       3.42624536E+18
   2.39062500       3.68633566E+18
   2.46093750       3.83308748E+18
   2.53125000       3.90763189E+18
   2.60156250       3.94203506E+18
   2.67187500       3.95903928E+18
   2.74218750       3.97318230E+18
   2.81250000       3.99249000E+18
   2.88281250       4.02047064E+18
   2.95312500       4.05778752E+18
   3.02343750       4.10367619E+18
   3.09375000       4.15676336E+18
   3.16406250       4.21563918E+18
   3.23437500       4.27901283E+18
   3.30468750       4.34583098E+18
   3.37500000       4.41518487E+18
   3.44531250       4.48632465E+18
   3.51562500       4.55855212E+18
   3.58593750       4.63128371E+18
   3.65625000       4.70401366E+18
   3.72656250       4.77642585E+18
   3.79687500       4.84837679E+18
   3.86718750       4.92000282E+18
   3.93750000       4.99165690E+18
   4.00781250       5.06394099E+18
   4.07812500       5.13758738E+18
   4.14843750       5.21345478E+18
   4.21875000       5.29238377E+18
   4.28906250       5.37518194E+18
   4.35937500       5.46248427E+18
   4.42968750       5.55476353E+18
   4.50000000       5.65221984E+18
   4.57031250       5.75482682E+18
   4.64062500       5.86225845E+18
   4.71093750       5.97398477E+18
   4.78125000       6.08925098E+18
   4.85156250       6.20716975E+18
   4.92187500       6.32667567E+18
   4.99218750       6.44660600E+18
   5.06250000       6.56565452E+18
   5.13281250       6.68249632E+18
   5.20312500       6.79584992E+18
   5.27343750       6.90472686E+18
   5.34375000       7.00854825E+18
   5.41406250       7.10732343E+18
   5.48437500       7.20159445E+18
   5.55468750       7.29235144E+18
   5.62500000       7.38074613E+18
   5.69531250       7.46785769E+18
   5.76562500       7.55441564E+18
   5.83593750       7.64074874E+18
   5.90625000       7.72672396E+18
   5.97656250       7.81190752E+18
   6.04687500       7.89562214E+18
   6.11718750       7.97714598E+18
   6.18750000       8.05576161E+18
   6.25781250       8.13090608E+18
   6.32812500       8.20217587E+18
   6.39843750       8.26942695E+18
   6.46875000       8.33274233E+18
   6.53906250       8.39246065E+18
   6.60937500       8.44906901E+18
   6.67968750       8.50318972E+18
   6.75000000       8.55545061E+18
   6.82031250       8.60649873E+18
   6.89062500       8.65692784E+18
   6.96093750       8.70739102E+18
   7.03125000       8.75857988E+18
   7.10156250       8.81129322E+18
   7.17187500       8.86633587E+18
   7.24218750       8.92451488E+18
   7.31250000       8.98649545E+18
   7.38281250       9.05281634E+18
   7.45312500       9.12379916E+18
   7.52343750       9.19965887E+18
   7.59375000       9.28046638E+18
   7.66406250       9.36627776E+18
   7.73437500       9.45706993E+18
   7.80468750       9.55282200E+18
   7.87500000       9.65339543E+18
   7.94531250       9.75855492E+18
   8.01562500       9.86785518E+18
   8.08593750       9.98069915E+18
   8.15625000       1.00962875E+19
   8.22656250       1.02137351E+19
   8.29687500       1.03320547E+19
   8.36718750       1.04502885E+19
   8.43750000       1.05674689E+19
   8.50781250       1.06826999E+19
   8.57812500       1.07951085E+19
   8.64843750       1.09039129E+19
   8.71875000       1.10084072E+19
   8.78906250       1.11080988E+19
   8.85937500       1.12027568E+19
   8.92968750       1.12926078E+19
   9.00000000       1.13784115E+19
   9.07031250       1.14616039E+19
   9.14062500       1.15442300E+19
   9.21093750       1.16289375E+19
   9.28125000       1.17187104E+19
   9.35156250       1.18165944E+19
   9.42187500       1.19251217E+19
   9.49218750       1.20457678E+19
   9.56250000       1.21782612E+19
   9.63281250       1.23202235E+19
   9.70312500       1.24671402E+19
   9.77343750       1.26130520E+19
   9.84375000       1.27515619E+19
   9.91406250       1.28771492E+19
   9.98437500       1.29860910E+19
   10.0546875       1.30770130E+19
   10.1250000       1.31507627E+19
   10.1953125       1.32100088E+19
   10.2656250       1.32584896E+19
   10.3359375       1.33004469E+19
   10.4062500       1.33399941E+19
   10.4765625       1.33807871E+19
   10.5468750       1.34257165E+19
   10.6171875       1.34768636E+19
   10.6875000       1.35354510E+19
   10.7578125       1.36019935E+19
   10.8281250       1.36763897E+19
   10.8984375       1.37581538E+19
   10.9687500       1.38464985E+19
   11.0390625       1.39405298E+19
   11.1093750       1.40392517E+19
   11.1796875       1.41417195E+19
   11.2500000       1.42470297E+19
   11.3203125       1.43544443E+19
   11.3906250       1.44633718E+19
   11.4609375       1.45734890E+19
   11.5312500       1.46846408E+19
   11.6015625       1.47968844E+19
   11.6718750       1.49102958E+19
   11.7421875       1.50249935E+19
   11.8125000       1.51410019E+19
   11.8828125       1.52582791E+19
   11.9531250       1.53766712E+19
   12.0234375       1.54959902E+19
   12.0937500       1.56159612E+19
   12.1640625       1.57362940E+19
   12.2343750       1.58566047E+19
   12.3046875       1.59765076E+19
   12.3750000       1.60956012E+19
   12.4453125       1.62136162E+19
   12.5156250       1.63304129E+19
   12.5859375       1.64461057E+19
   12.6562500       1.65609651E+19
   12.7265625       1.66753594E+19
   12.7968750       1.67895195E+19
   12.8671875       1.69034179E+19
   12.9375000       1.70166203E+19
   13.0078125       1.71283879E+19
   13.0781250       1.72377651E+19
   13.1484375       1.73438932E+19
   13.2187500       1.74461390E+19
   13.2890625       1.75442616E+19
   13.3593750       1.76383424E+19
   13.4296875       1.77287949E+19
   13.5000000       1.78161884E+19
   13.5703125       1.79012291E+19
   13.6406250       1.79846369E+19
   13.7109375       1.80671454E+19
   13.7812500       1.81494537E+19
   13.8515625       1.82322931E+19
   13.9218750       1.83163607E+19
   13.9921875       1.84024019E+19
   14.0625000       1.84911182E+19
   14.1328125       1.85832045E+19
   14.2031250       1.86792226E+19
   14.2734375       1.87796212E+19
   14.3437500       1.88846400E+19
   14.4140625       1.89943338E+19
   14.4843750       1.91085071E+19
   14.5546875       1.92268014E+19
   14.6250000       1.93486779E+19
   14.6953125       1.94735362E+19
   14.7656250       1.96006727E+19
   14.8359375       1.97294255E+19
   14.9062500       1.98591239E+19
   14.9765625       1.99892072E+19
   15.0468750       2.01191848E+19
   15.1171875       2.02487095E+19
   15.1875000       2.03775085E+19
   15.2578125       2.05054125E+19
   15.3281250       2.06322587E+19
   15.3984375       2.07579285E+19
   15.4687500       2.08822679E+19
   15.5390625       2.10051779E+19
   15.6093750       2.11265596E+19
   15.6796875       2.12464305E+19
   15.7500000       2.13648897E+19
   15.8203125       2.14822186E+19
   15.8906250       2.15988042E+19
   15.9609375       2.17151018E+19
   16.0312500       2.18315554E+19
   16.1015625       2.19485215E+19
   16.1718750       2.20661802E+19
   16.2421875       2.21845273E+19
   16.3125000       2.23033647E+19
   16.3828125       2.24223868E+19
   16.4531250       2.25412330E+19
   16.5234375       2.26596504E+19
   16.5937500       2.27775489E+19
   16.6640625       2.28951350E+19
   16.7343750       2.30128377E+19
   16.8046875       2.31312903E+19
   16.8750000       2.32511283E+19
   16.9453125       2.33728772E+19
   17.0156250       2.34967108E+19
   17.0859375       2.36223872E+19
   17.1562500       2.37491191E+19
   17.2265625       2.38757323E+19
   17.2968750       2.40006940E+19
   17.3671875       2.41224209E+19
   17.4375000       2.42394199E+19
   17.5078125       2.43505630E+19
   17.5781250       2.44551419E+19
   17.6484375       2.45529853E+19
   17.7187500       2.46443635E+19
   17.7890625       2.47299231E+19
   17.8593750       2.48104711E+19
   17.9296875       2.48868652E+19
   18.0000000       2.49598859E+19
   18.0703125       2.50302371E+19
   18.1406250       2.50984398E+19
   18.2109375       2.51649206E+19
   18.2812500       2.52298952E+19
   18.3515625       2.52935195E+19
   18.4218750       2.53558289E+19
   18.4921875       2.54168649E+19
   18.5625000       2.54766718E+19
   18.6328125       2.55354319E+19
   18.7031250       2.55933871E+19
   18.7734375       2.56509290E+19
   18.8437500       2.57084598E+19
   18.9140625       2.57664503E+19
   18.9843750       2.58253137E+19
   19.0546875       2.58854350E+19
   19.1250000       2.59470868E+19
   19.1953125       2.60105309E+19
   19.2656250       2.60759056E+19
   19.3359375       2.61433365E+19
   19.4062500       2.62128762E+19
   19.4765625       2.62846347E+19
   19.5468750       2.63587308E+19
   19.6171875       2.64353997E+19
   19.6875000       2.65148988E+19
   19.7578125       2.65975293E+19
   19.8281250       2.66834298E+19
   19.8984375       2.67724660E+19
   19.9687500       2.68640927E+19
   20.0390625       2.69572763E+19
   20.1093750       2.70504292E+19
   20.1796875       2.71415391E+19
   20.2500000       2.72282862E+19
   20.3203125       2.73083416E+19
   20.3906250       2.73795614E+19
   20.4609375       2.74402390E+19
   20.5312500       2.74891783E+19
   20.6015625       2.75258646E+19
   20.6718750       2.75503397E+19
   20.7421875       2.75632392E+19
   20.8125000       2.75655899E+19
   20.8828125       2.75588082E+19
   20.9531250       2.75444815E+19
   21.0234375       2.75243627E+19
   21.0937500       2.75002130E+19
   21.1640625       2.74738203E+19
   21.2343750       2.74469131E+19
   21.3046875       2.74211207E+19
   21.3750000       2.73979694E+19
   21.4453125       2.73788687E+19
   21.5156250       2.73650082E+19
   21.5859375       2.73573930E+19
   21.6562500       2.73567113E+19
   21.7265625       2.73633722E+19
   21.7968750       2.73773931E+19
   21.8671875       2.73984774E+19
   21.9375000       2.74259410E+19
   22.0078125       2.74588911E+19
   22.0781250       2.74961866E+19
   22.1484375       2.75366464E+19
   22.2187500       2.75790524E+19
   22.2890625       2.76223687E+19
   22.3593750       2.76656719E+19
   22.4296875       2.77082582E+19
   22.5000000       2.77495778E+19
   22.5703125       2.77892438E+19
   22.6406250       2.78269087E+19
   22.7109375       2.78622932E+19
   22.7812500       2.78950652E+19
   22.8515625       2.79248796E+19
   22.9218750       2.79513118E+19
   22.9921875       2.79739024E+19
   23.0625000       2.79921389E+19
   23.1328125       2.80055485E+19
   23.2031250       2.80136959E+19
   23.2734375       2.80162578E+19
   23.3437500       2.80130626E+19
   23.4140625       2.80041389E+19
   23.4843750       2.79896826E+19
   23.5546875       2.79700783E+19
   23.6250000       2.79458209E+19
   23.6953125       2.79175546E+19
   23.7656250       2.78859305E+19
   23.8359375       2.78516125E+19
   23.9062500       2.78150911E+19
   23.9765625       2.77767006E+19
   24.0468750       2.77364496E+19
   24.1171875       2.76941075E+19
   24.1875000       2.76492386E+19
   24.2578125       2.76013483E+19
   24.3281250       2.75499879E+19
   24.3984375       2.74949155E+19
   24.4687500       2.74360873E+19
   24.5390625       2.73737933E+19
   24.6093750       2.73085065E+19
   24.6796875       2.72409130E+19
   24.7500000       2.71717581E+19
   24.8203125       2.71018181E+19
   24.8906250       2.70317990E+19
   24.9609375       2.69622637E+19
   25.0312500       2.68935970E+19
   25.1015625       2.68259529E+19
   25.1718750       2.67591663E+19
   25.2421875       2.66928042E+19
   25.3125000       2.66260880E+19
   25.3828125       2.65580173E+19
   25.4531250       2.64873715E+19
   25.5234375       2.64128795E+19
   25.5937500       2.63333057E+19
   25.6640625       2.62475856E+19
   25.7343750       2.61548505E+19
   25.8046875       2.60545421E+19
   25.8750000       2.59463216E+19
   25.9453125       2.58301406E+19
   26.0156250       2.57060893E+19
   26.0859375       2.55744382E+19
   26.1562500       2.54355083E+19
   26.2265625       2.52897218E+19
   26.2968750       2.51375054E+19
   26.3671875       2.49793187E+19
   26.4375000       2.48155728E+19
   26.5078125       2.46466548E+19
   26.5781250       2.44728616E+19
   26.6484375       2.42943845E+19
   26.7187500       2.41112938E+19
   26.7890625       2.39235962E+19
   26.8593750       2.37311817E+19
   26.9296875       2.35339007E+19
   27.0000000       2.33315708E+19
   27.0703125       2.31241281E+19
   27.1406250       2.29116145E+19
   27.2109375       2.26943114E+19
   27.2812500       2.24727115E+19
   27.3515625       2.22475820E+19
   27.4218750       2.20198732E+19
   27.4921875       2.17907108E+19
   27.5625000       2.15612889E+19
   27.6328125       2.13328609E+19
   27.7031250       2.11066078E+19
   27.7734375       2.08836445E+19
   27.8437500       2.06649010E+19
   27.9140625       2.04511428E+19
   27.9843750       2.02429107E+19
   28.0546875       2.00405829E+19
   28.1250000       1.98443509E+19
   28.1953125       1.96543047E+19
   28.2656250       1.94704510E+19
   28.3359375       1.92928095E+19
   28.4062500       1.91214044E+19
   28.4765625       1.89563677E+19
   28.5468750       1.87979017E+19
   28.6171875       1.86462966E+19
   28.6875000       1.85018494E+19
   28.7578125       1.83648480E+19
   28.8281250       1.82354113E+19
   28.8984375       1.81134271E+19
   28.9687500       1.79984743E+19
   29.0390625       1.78898568E+19
   29.1093750       1.77865918E+19
   29.1796875       1.76875577E+19
   29.2500000       1.75915516E+19
   29.3203125       1.74974708E+19
   29.3906250       1.74043422E+19
   29.4609375       1.73114510E+19
   29.5312500       1.72182883E+19
   29.6015625       1.71246319E+19
   29.6718750       1.70304576E+19
   29.7421875       1.69359656E+19
   29.8125000       1.68414835E+19
   29.8828125       1.67474730E+19
   29.9531250       1.66543906E+19
   30.0234375       1.65626638E+19
   30.0937500       1.64725632E+19
   30.1640625       1.63841757E+19
   30.2343750       1.62973099E+19
   30.3046875       1.62115304E+19
   30.3750000       1.61261291E+19
   30.4453125       1.60402100E+19
   30.5156250       1.59526757E+19
   30.5859375       1.58623101E+19
   30.6562500       1.57677818E+19
   30.7265625       1.56677889E+19
   30.7968750       1.55611132E+19
   30.8671875       1.54468025E+19
   30.9375000       1.53242311E+19
   31.0078125       1.51932573E+19
   31.0781250       1.50541801E+19
   31.1484375       1.49077273E+19
   31.2187500       1.47549040E+19
   31.2890625       1.45968954E+19
   31.3593750       1.44348702E+19
   31.4296875       1.42698786E+19
   31.5000000       1.41027100E+19
   31.5703125       1.39338866E+19
   31.6406250       1.37636173E+19
   31.7109375       1.35919066E+19
   31.7812500       1.34186037E+19
   31.8515625       1.32436011E+19
   31.9218750       1.30668788E+19
   31.9921875       1.28886358E+19
   32.0625000       1.27092912E+19
   32.1328125       1.25295848E+19
   32.2031250       1.23505887E+19
   32.2734375       1.21738576E+19
   32.3437500       1.20015279E+19
   32.4140625       1.18365011E+19
   32.4843750       1.16824485E+19
   32.5546875       1.15382069E+19
   32.6250000       1.14013122E+19
   32.6953125       1.12680744E+19
   32.7656250       1.11389269E+19
   32.8359375       1.10144974E+19
   32.9062500       1.08952608E+19
   32.9765625       1.07815208E+19
   33.0468750       1.06734531E+19
   33.1171875       1.05711325E+19
   33.1875000       1.04745613E+19
   33.2578125       1.03837196E+19
   33.3281250       1.02986086E+19
   33.3984375       1.02192811E+19
   33.4687500       1.01458964E+19
   33.5390625       1.00787250E+19
   33.6093750       1.00181397E+19
   33.6796875       9.96453303E+18
   33.7500000       9.91826449E+18
   33.8203125       9.87956827E+18
   33.8906250       9.84849278E+18
   33.9609375       9.82484668E+18
   34.0312500       9.80819567E+18
   34.1015625       9.79787236E+18
   34.1718750       9.79303231E+18
   34.2421875       9.79270575E+18
   34.3125000       9.79587785E+18
   34.3828125       9.80154143E+18
   34.4531250       9.80963933E+18
   34.5234375       9.81991537E+18
   34.5937500       9.83189345E+18
   34.6640625       9.84409693E+18
   34.7343750       9.85528116E+18
   34.8046875       9.86457753E+18
   34.8750000       9.87147257E+18
   34.9453125       9.87585742E+18
   35.0156250       9.87794649E+18
   35.0859375       9.87826095E+18
   35.1562500       9.87747040E+18
   35.2265625       9.87636210E+18
   35.2968750       9.87571668E+18
   35.3671875       9.87631702E+18
   35.4375000       9.87852594E+18
   35.5078125       9.88177059E+18
   35.5781250       9.88518238E+18
   35.6484375       9.88804111E+18
   35.7187500       9.89037757E+18
   35.7890625       9.89237099E+18
   35.8593750       9.89433911E+18
   35.9296875       9.89671955E+18
   36.0000000       9.90004668E+18
   36.0703125       9.90491202E+18
   36.1406250       9.91357177E+18
   36.2109375       9.92861529E+18
   36.2812500       9.95247139E+18
   36.3515625       9.98571952E+18
   36.4218750       1.00282827E+19
   36.4921875       1.00798289E+19
   36.5625000       1.01396687E+19
   36.6328125       1.02067653E+19
   36.7031250       1.02797080E+19
   36.7734375       1.03568212E+19
   36.8437500       1.04362510E+19
   36.9140625       1.05161701E+19
   36.9843750       1.05948885E+19
   37.0546875       1.06709934E+19
   37.1250000       1.07433886E+19
   37.1953125       1.08113549E+19
   37.2656250       1.08744548E+19
   37.3359375       1.09325090E+19
   37.4062500       1.09854571E+19
   37.4765625       1.10333199E+19
   37.5468750       1.10760997E+19
   37.6171875       1.11137943E+19
   37.6875000       1.11463629E+19
   37.7578125       1.11738034E+19
   37.8281250       1.11961202E+19
   37.8984375       1.12134056E+19
   37.9687500       1.12258092E+19
   38.0390625       1.12336113E+19
   38.1093750       1.12371474E+19
   38.1796875       1.12368549E+19
   38.2500000       1.12332001E+19
   38.3203125       1.12266338E+19
   38.3906250       1.12174947E+19
   38.4609375       1.12059531E+19
   38.5312500       1.11919223E+19
   38.6015625       1.11751206E+19
   38.6718750       1.11550875E+19
   38.7421875       1.11313425E+19
   38.8125000       1.11034863E+19
   38.8828125       1.10713366E+19
   38.9531250       1.10349549E+19
   39.0234375       1.09946820E+19
   39.0937500       1.09510083E+19
   39.1640625       1.09045330E+19
   39.2343750       1.08558016E+19
   39.3046875       1.08052636E+19
   39.3750000       1.07531940E+19
   39.4453125       1.06997413E+19
   39.5156250       1.06449284E+19
   39.5859375       1.05887456E+19
   39.6562500       1.05311894E+19
   39.7265625       1.04723491E+19
   39.7968750       1.04123762E+19
   39.8671875       1.03514996E+19
   39.9375000       1.02899434E+19
   40.0078125       1.02279331E+19
   40.0781250       1.01656425E+19
   40.1484375       1.01032705E+19
   40.2187500       1.00410250E+19
   40.2890625       9.97920492E+18
   40.3593750       9.91813914E+18
   40.4296875       9.85818167E+18
   40.5000000       9.79958760E+18
   40.5703125       9.74249876E+18
   40.6406250       9.68687116E+18
   40.7109375       9.63252340E+18
   40.7812500       9.57915201E+18
   40.8515625       9.52647990E+18
   40.9218750       9.47431468E+18
   40.9921875       9.42269590E+18
   41.0625000       9.37193255E+18
   41.1328125       9.32266893E+18
   41.2031250       9.27579675E+18
   41.2734375       9.23238693E+18
   41.3437500       9.07810786E+18
   41.4140625       9.06919192E+18
   41.4843750       9.06289447E+18
   41.5546875       9.05885156E+18
   41.6250000       9.05665804E+18
   41.6953125       9.05589992E+18
   41.7656250       9.05623143E+18
   41.8359375       9.05736777E+18
   41.9062500       9.05911874E+18
   41.9765625       9.06135240E+18
   42.0468750       9.06400332E+18
   42.1171875       9.06701434E+18
   42.1875000       9.07032991E+18
   42.2578125       9.07385275E+18
   42.3281250       9.07746904E+18
   42.3984375       9.08104136E+18
   42.4687500       9.08445699E+18
   42.5390625       9.08764062E+18
   42.6093750       9.09060546E+18
   42.6796875       9.09342790E+18
   42.7500000       9.09627454E+18
   42.8203125       9.09936472E+18
   42.8906250       9.10296287E+18
   42.9609375       9.10730539E+18
   43.0312500       9.11258909E+18
   43.1015625       9.11890909E+18
   43.1718750       9.12625767E+18
   43.2421875       9.13449796E+18
   43.3125000       9.14340401E+18
   43.3828125       9.15265145E+18
   43.4531250       9.16185656E+18
   43.5234375       9.17054215E+18
   43.5937500       9.17818431E+18
   43.6640625       9.18419479E+18
   43.7343750       9.18796666E+18
   43.8046875       9.18888256E+18
   43.8750000       9.18638337E+18
   43.9453125       9.18000015E+18
   44.0156250       9.16944374E+18
   44.0859375       9.15461738E+18
   44.1562500       9.13566674E+18
   44.2265625       9.11295743E+18
   44.2968750       9.08705019E+18
   44.3671875       9.05863771E+18
   44.4375000       9.02849240E+18
   44.5078125       8.99740920E+18
   44.5781250       8.96617428E+18
   44.6484375       8.93552814E+18
   44.7187500       8.90617393E+18
   44.7890625       8.87872352E+18
   44.8593750       8.85369094E+18
   44.9296875       8.83144012E+18
   45.0000000       8.81219152E+18
   45.0703125       8.79601881E+18
   45.1406250       8.78289998E+18
   45.2109375       8.77272730E+18
   45.2812500       8.76538476E+18
   45.3515625       8.76076516E+18
   45.4218750       8.75883552E+18
   45.4921875       8.75962387E+18
   45.5625000       8.76322917E+18
   45.6328125       8.76977951E+18
   45.7031250       8.77939034E+18
   45.7734375       8.79210070E+18
   45.8437500       8.80786110E+18
   45.9140625       8.82649397E+18
   45.9843750       8.84772444E+18
   46.0546875       8.87118362E+18
   46.1250000       8.89647569E+18
   46.1953125       8.92321086E+18
   46.2656250       8.95107139E+18
   46.3359375       8.97982691E+18
   46.4062500       9.00936309E+18
   46.4765625       9.03966398E+18
   46.5468750       9.07079611E+18
   46.6171875       9.10284962E+18
   46.6875000       9.13590864E+18
   46.7578125       9.16998470E+18
   46.8281250       9.20498985E+18
   46.8984375       9.24071683E+18
   46.9687500       9.27683469E+18
   47.0390625       9.31290417E+18
   47.1093750       9.34839860E+18
   47.1796875       9.38270447E+18
   47.2500000       9.41516535E+18
   47.3203125       9.44512374E+18
   47.3906250       9.47199031E+18
   47.4609375       9.49528016E+18
   47.5312500       9.51470523E+18
   47.6015625       9.53019845E+18
   47.6718750       9.54193684E+18
   47.7421875       9.55033051E+18
   47.8125000       9.55596881E+18
   47.8828125       9.55954442E+18
   47.9531250       9.56174344E+18
   48.0234375       9.56312443E+18
   48.0937500       9.56406121E+18
   48.1640625       9.56467914E+18
   48.2343750       9.56489904E+18
   48.3046875       9.56445594E+18
   48.3750000       9.56301448E+18
   48.4453125       9.56024371E+18
   48.5156250       9.55593582E+18
   48.5859375       9.55003584E+18
   48.6562500       9.54269550E+18
   48.7265625       9.53425785E+18
   48.7968750       9.52521547E+18
   48.8671875       9.51614230E+18
   48.9375000       9.50762548E+18
   49.0078125       9.50018838E+18
   49.0781250       9.49424112E+18
   49.1484375       9.49003549E+18
   49.2187500       9.48769243E+18
   49.2890625       9.48719655E+18
   49.3593750       9.48844340E+18
   49.4296875       9.49124276E+18
   49.5000000       9.49537142E+18
   49.5703125       9.50059190E+18
   49.6406250       9.50670629E+18
   49.7109375       9.51356834E+18
   49.7812500       9.52111979E+18
   49.8515625       9.52939251E+18
   49.9218750       9.53850966E+18
   49.9921875       9.54864386E+18
   50.0625000       9.55998642E+18
   50.1328125       9.57268248E+18
   50.2031250       9.58679691E+18
   50.2734375       9.60225165E+18
   50.3437500       9.61884108E+18
   50.4140625       9.63618918E+18
   50.4843750       9.65380555E+18
   50.5546875       9.67105689E+18
   50.6250000       9.68722301E+18
   50.6953125       9.70149467E+18
   50.7656250       9.71301095E+18
   50.8359375       9.72086916E+18
   50.9062500       9.72418309E+18
   50.9765625       9.72212151E+18
   51.0468750       9.71398622E+18
   51.1171875       9.69927365E+18
   51.1875000       9.67776831E+18
   51.2578125       9.64957023E+18
   51.3281250       9.61515112E+18
   51.3984375       9.57528943E+18
   51.4687500       9.53106597E+18
   51.5390625       9.48375398E+18
   51.6093750       9.43476084E+18
   51.6796875       9.38550932E+18
   51.7500000       9.33738809E+18
   51.8203125       9.29164291E+18
   51.8906250       9.24935460E+18
   51.9609375       9.21134888E+18
   52.0312500       9.17821839E+18
   52.1015625       9.15028090E+18
   52.1718750       9.12762931E+18
   52.2421875       9.11012509E+18
   52.3125000       9.09747851E+18
   52.3828125       9.08926735E+18
   52.4531250       9.08501829E+18
   52.5234375       9.08421675E+18
   52.5937500       9.08637509E+18
   52.6640625       9.09102602E+18
   52.7343750       9.09772864E+18
   52.8046875       9.10604040E+18
   52.8750000       9.11552259E+18
   52.9453125       9.12572551E+18
   53.0156250       9.13621815E+18
   53.0859375       9.14659644E+18
   53.1562500       9.15650579E+18
   53.2265625       9.16563393E+18
   53.2968750       9.17369995E+18
   53.3671875       9.18039598E+18
   53.4375000       9.18539326E+18
   53.5078125       9.18831686E+18
   53.5781250       9.18878745E+18
   53.6484375       9.18644329E+18
   53.7187500       9.18103039E+18
   53.7890625       9.17243386E+18
   53.8593750       9.16074221E+18
   53.9296875       9.14622975E+18
   54.0000000       9.12939018E+18
   54.0703125       9.11085571E+18
   54.1406250       9.09136797E+18
   54.2109375       9.07165702E+18
   54.2812500       9.05238973E+18
   54.3515625       9.03407627E+18
   54.4218750       9.01707342E+18
   54.4921875       8.83039229E+18
   54.5625000       8.82446262E+18
   54.6328125       8.82065446E+18
   54.7031250       8.81902169E+18
   54.7734375       8.81958684E+18
   54.8437500       8.82236695E+18
   54.9140625       8.82734609E+18
   54.9843750       8.83445498E+18
   55.0546875       8.84353035E+18
   55.1250000       8.85430941E+18
   55.1953125       8.86642493E+18
   55.2656250       8.87946074E+18
   55.3359375       8.89296934E+18
   55.4062500       8.90654226E+18
   55.4765625       8.91982217E+18
   55.5468750       8.93253252E+18
   55.6171875       8.94445782E+18
   55.6875000       8.95544689E+18
   55.7578125       8.96538868E+18
   55.8281250       8.97421940E+18
   55.8984375       8.98189619E+18
   55.9687500       8.98840420E+18
   56.0390625       8.81557307E+18
   56.1093750       8.83192776E+18
   56.1796875       8.84613455E+18
   56.2500000       8.85791086E+18
   56.3203125       8.86701317E+18
   56.3906250       8.87328204E+18
   56.4609375       8.87667843E+18
   56.5312500       8.87733978E+18
   56.6015625       8.87559486E+18
   56.6718750       8.87196812E+18
   56.7421875       8.86710938E+18
   56.8125000       8.86173332E+18
   56.8828125       8.85650899E+18
   56.9531250       8.85196361E+18
   57.0234375       8.84839404E+18
   57.0937500       8.84581404E+18
   57.1640625       8.84393497E+18
   57.2343750       8.84220489E+18
   57.3046875       8.83986073E+18
   57.3750000       8.83603993E+18
   57.4453125       8.82987882E+18
   57.5156250       8.82064017E+18
   57.5859375       8.80778963E+18
   57.6562500       8.79105176E+18
   57.7265625       8.77043702E+18
   57.7968750       8.74623182E+18
   57.8671875       8.71895568E+18
   57.9375000       8.68931725E+18
   58.0078125       8.65813785E+18
   58.0781250       8.62628225E+18
   58.1484375       8.59457508E+18
   58.2187500       8.56374423E+18
   58.2890625       8.53437462E+18
   58.3593750       8.50687528E+18
   58.4296875       8.48143808E+18
   58.5000000       8.45801958E+18
   58.5703125       8.43631852E+18
   58.6406250       8.41580329E+18
   58.7109375       8.39573720E+18
   58.7812500       8.37527419E+18
   58.8515625       8.35353904E+18
   58.9218750       8.32975111E+18
   58.9921875       8.30328861E+18
   59.0625000       8.27377607E+18
   59.1328125       8.24111233E+18
   59.2031250       8.20549640E+18
   59.2734375       8.16737303E+18
   59.3437500       8.12738874E+18
   59.4140625       8.08625876E+18
   59.4843750       8.04466534E+18
   59.5546875       8.00310984E+18
   59.6250000       7.96184847E+18
   59.6953125       7.92083119E+18
   59.7656250       7.87973089E+18
   59.8359375       7.83798134E+18
   59.9062500       7.79489423E+18
   59.9765625       7.74974938E+18
   60.0468750       7.70192447E+18
   60.1171875       7.65095496E+18
   60.1875000       7.59659071E+18
   60.2578125       7.53879653E+18
   60.3281250       7.47774065E+18
   60.3984375       7.41373423E+18
   60.4687500       7.34720003E+18
   60.5390625       7.27861030E+18
   60.6093750       7.20845541E+18
   60.6796875       7.13719661E+18
   60.7500000       7.06527041E+18
   60.8203125       6.99306658E+18
   60.8906250       6.92095621E+18
   60.9609375       6.84927629E+18
   61.0312500       6.77835285E+18
   61.1015625       6.70847558E+18
   61.1718750       6.63991828E+18
   61.2421875       6.40032316E+18
   61.3125000       6.34540915E+18
   61.3828125       6.29228899E+18
   61.4531250       6.24108968E+18
   61.5234375       6.19189368E+18
   61.5937500       6.14478126E+18
   61.6640625       6.09982883E+18
   61.7343750       6.05713809E+18
   61.8046875       6.01680251E+18
   61.8750000       5.97891169E+18
   61.9453125       5.94351621E+18
   62.0156250       5.91064466E+18
   62.0859375       5.88028329E+18
   62.1562500       5.85241672E+18
   62.2265625       5.82703285E+18
   62.2968750       5.80414431E+18
   62.3671875       5.78378411E+18
   62.4375000       5.76601600E+18
   62.5078125       5.75091695E+18
   62.5781250       5.73860627E+18
   62.6484375       5.72923678E+18
   62.7187500       5.72301905E+18
   62.7890625       5.72020540E+18
   62.8593750       5.72108336E+18
   62.9296875       5.72592670E+18
   63.0000000       5.73495479E+18
   63.0703125       5.74826713E+18
   63.1406250       5.76581094E+18
   63.2109375       5.78735037E+18
   63.2812500       5.81248741E+18
   63.3515625       5.84068658E+18
   63.4218750       5.87132887E+18
   63.4921875       5.90372653E+18
   63.5625000       5.93718027E+18
   63.6328125       5.97097816E+18
   63.7031250       6.00443575E+18
   63.7734375       6.03688948E+18
   63.8437500       6.06773738E+18
   63.9140625       6.09644508E+18
   63.9843750       6.12258157E+18
   64.0546875       6.14581370E+18
   64.1250000       6.16592597E+18
   64.1953125       6.18280402E+18
   64.2656250       6.19645501E+18
   64.3359375       6.20698008E+18
   64.4062500       6.21458870E+18
   64.4765625       6.21957059E+18
   64.5468750       6.22228803E+18
   64.6171875       6.22311872E+18
   64.6875000       6.22242492E+18
   64.7578125       6.22052167E+18
   64.8281250       6.21767338E+18
   64.8984375       6.21408953E+18
   64.9687500       6.20997845E+18
   65.0390625       6.20556721E+18
   65.1093750       6.20114882E+18
   65.1796875       6.19706799E+18
   65.2500000       6.19372987E+18
   65.3203125       6.19155229E+18
   65.3906250       6.19093821E+18
   65.4609375       6.19222409E+18
   65.5312500       6.19567875E+18
   65.6015625       6.20149682E+18
   65.6718750       6.20981957E+18
   65.7421875       6.22072728E+18
   65.8125000       6.23425347E+18
   65.8828125       6.25035032E+18
   65.9531250       6.26887764E+18
   66.0234375       6.28955121E+18
   66.0937500       6.31194386E+18
   66.1640625       6.33547176E+18
   66.2343750       6.35943727E+18
   66.3046875       6.38306357E+18
   66.3750000       6.40557992E+18
   66.4453125       6.42627383E+18
   66.5156250       6.44456915E+18
   66.5859375       6.46002664E+18
   66.6562500       6.47237085E+18
   66.7265625       6.48144952E+18
   66.7968750       6.48722416E+18
   66.8671875       6.48970466E+18
   66.9375000       6.48894599E+18
   67.0078125       6.48500754E+18
   67.0781250       6.47797067E+18
   67.1484375       6.46792333E+18
   67.2187500       6.45498977E+18
   67.2890625       6.43932448E+18
   67.3593750       6.42113141E+18
   67.4296875       6.40062937E+18
   67.5000000       6.37806189E+18
   67.5703125       6.35367528E+18
   67.6406250       6.32771636E+18
   67.7109375       6.30041163E+18
   67.7812500       6.27196397E+18
   67.8515625       6.24251905E+18
   67.9218750       6.21218132E+18
   67.9921875       6.18097883E+18
   68.0625000       6.14889618E+18
   68.1328125       6.11587510E+18
   68.2031250       6.08185401E+18
   68.2734375       6.04676750E+18
   68.3437500       6.01057707E+18
   68.4140625       5.97327614E+18
   68.4843750       5.93491858E+18
   68.5546875       5.89559564E+18
   68.6250000       5.85545137E+18
   68.6953125       5.81464740E+18
   68.7656250       5.77336898E+18
   68.8359375       5.73178490E+18
   68.9062500       5.69004634E+18
   68.9765625       5.64827205E+18
   69.0468750       5.60656812E+18
   69.1171875       5.56500933E+18
   69.1875000       5.52366989E+18
   69.2578125       5.48260973E+18
   69.3281250       5.44187942E+18
   69.3984375       5.40147237E+18
   69.4687500       5.36130556E+18
   69.5390625       5.32117778E+18
   69.6093750       5.28078008E+18
   69.6796875       5.23969682E+18
   69.7500000       5.19745798E+18
   69.8203125       5.15358142E+18
   69.8906250       5.10764933E+18
   69.9609375       5.05934558E+18
   70.0312500       5.00851571E+18
   70.1015625       4.95517015E+18
   70.1718750       4.89951067E+18
   70.2421875       4.84187537E+18
   70.3125000       4.62648490E+18
   70.3828125       4.57852942E+18
   70.4531250       4.52985322E+18
   70.5234375       4.48075590E+18
   70.5937500       4.43149338E+18
   70.6640625       4.38226055E+18
   70.7343750       4.33320666E+18
   70.8046875       4.28441941E+18
   70.8750000       4.23594744E+18
   70.9453125       4.18779240E+18
   71.0156250       4.13993753E+18
   71.0859375       4.09233802E+18
   71.1562500       4.04494275E+18
   71.2265625       3.99769399E+18
   71.2968750       3.95054583E+18
   71.3671875       3.90346419E+18
   71.4375000       3.85644852E+18
   71.5078125       3.80953154E+18
   71.5781250       3.76280174E+18
   71.6484375       3.71638064E+18
   71.7187500       3.67042655E+18
   71.7890625       3.62511183E+18
   71.8593750       3.58063218E+18
   71.9296875       3.53717921E+18
   72.0000000       3.49494752E+18
   72.0703125       3.45410396E+18
   72.1406250       3.41479147E+18
   72.2109375       3.37711286E+18
   72.2812500       3.34114866E+18
   72.3515625       3.30697638E+18
   72.4218750       3.27470214E+18
   72.4921875       3.24447107E+18
   72.5625000       3.02433318E+18
   72.6328125       3.01613384E+18
   72.7031250       3.00883061E+18
   72.7734375       3.00241606E+18
   72.8437500       2.99691053E+18
   72.9140625       2.99233794E+18
   72.9843750       2.98872934E+18
   73.0546875       2.98609601E+18
   73.1250000       2.98442860E+18
   73.1953125       2.98367571E+18
   73.2656250       2.98375213E+18
   73.3359375       2.98451959E+18
   73.4062500       2.98579584E+18
   73.4765625       2.98734423E+18
   73.5468750       2.98888987E+18
   73.6171875       2.99011995E+18
   73.6875000       2.99070984E+18
   73.7578125       2.99033820E+18
   73.8281250       2.98871917E+18
   73.8984375       2.98560398E+18
   73.9687500       2.98080708E+18
   74.0390625       2.97419435E+18
   74.1093750       2.96569320E+18
   74.1796875       2.95527615E+18
   74.2500000       2.94296327E+18
   74.3203125       2.92880376E+18
   74.3906250       2.91289465E+18
   74.4609375       2.89536898E+18
   74.5312500       2.87641368E+18
   74.6015625       2.85626458E+18
   74.6718750       2.83521910E+18
   74.7421875       2.81361425E+18
   74.8125000       2.79182742E+18
   74.8828125       2.77024401E+18
   74.9531250       2.59305634E+18
   75.0234375       2.57798588E+18
   75.0937500       2.56442725E+18
   75.1640625       2.55262537E+18
   75.2343750       2.54277430E+18
   75.3046875       2.53501229E+18
   75.3750000       2.52943447E+18
   75.4453125       2.52609141E+18
   75.5156250       2.52500729E+18
   75.5859375       2.52617964E+18
   75.6562500       2.52959170E+18
   75.7265625       2.53520938E+18
   75.7968750       2.54299062E+18
   75.8671875       2.55287991E+18
   75.9375000       2.56480796E+18
   76.0078125       2.57867088E+18
   76.0781250       2.59432462E+18
   76.1484375       2.61154902E+18
   76.2187500       2.63003924E+18
   76.2890625       2.64938349E+18
   76.3593750       2.66907135E+18
   76.4296875       2.68850082E+18
   76.5000000       2.70702099E+18
   76.5703125       2.72396447E+18
   76.6406250       2.73871332E+18
   76.7109375       2.75074555E+18
   76.7812500       2.75968155E+18
   76.8515625       2.76530665E+18
   76.9218750       2.76757797E+18
   76.9921875       2.76660793E+18
   77.0625000       2.76263896E+18
   77.1328125       2.75599406E+18
   77.2031250       2.74705009E+18
   77.2734375       2.73618609E+18
   77.3437500       2.72376436E+18
   77.4140625       2.71009825E+18
   77.4843750       2.69545413E+18
   77.5546875       2.68003788E+18
   77.6250000       2.66401387E+18
   77.6953125       2.64750470E+18
   77.7656250       2.63062033E+18
   77.8359375       2.61346300E+18
   77.9062500       2.59614954E+18
   77.9765625       2.57880529E+18
   78.0468750       2.56156687E+18
   78.1171875       2.54456540E+18
   78.1875000       2.52792072E+18
   78.2578125       2.51172271E+18
   78.3281250       2.49603131E+18
   78.3984375       2.48086904E+18
   78.4687500       2.46623124E+18
   78.5390625       2.45207943E+18
   78.6093750       2.43836440E+18
   78.6796875       2.42501633E+18
   78.7500000       2.41196815E+18
   78.8203125       2.39914537E+18
   78.8906250       2.38648532E+18
   78.9609375       2.37393192E+18
   79.0312500       2.36144669E+18
   79.1015625       2.34899912E+18
   79.1718750       2.33657518E+18
   79.2421875       2.32416142E+18
   79.3125000       2.31175178E+18
   79.3828125       2.29932978E+18
   79.4531250       2.28688166E+18
   79.5234375       2.27437952E+18
   79.5937500       2.26180125E+18
   79.6640625       2.24911962E+18
   79.7343750       2.23632570E+18
   79.8046875       2.22341853E+18
   79.8750000       2.21041846E+18
   79.9453125       2.19735021E+18
   80.0156250       2.18425090E+18
   80.0859375       2.17115393E+18
   80.1562500       2.15809600E+18
   80.2265625       2.14510472E+18
   80.2968750       2.13220868E+18
   80.3671875       2.11942906E+18
   80.4375000       2.10678907E+18
   80.5078125       2.09430398E+18
   80.5781250       2.08199302E+18
   80.6484375       2.06986720E+18
   80.7187500       2.05794712E+18
   80.7890625       2.04625326E+18
   80.8593750       2.03482686E+18
   80.9296875       2.02372056E+18
   81.0000000       2.01301351E+18
   81.0703125       2.00279836E+18
   81.1406250       1.99318836E+18
   81.2109375       1.98429647E+18
   81.2812500       1.97623636E+18
   81.3515625       1.96910163E+18
   81.4218750       1.96296704E+18
   81.4921875       1.95787232E+18
   81.5625000       1.95382584E+18
   81.6328125       1.95078968E+18
   81.7031250       1.94869401E+18
   81.7734375       1.94742764E+18
   81.8437500       1.94685865E+18
   81.9140625       1.94683707E+18
   81.9843750       1.94722080E+18
   82.0546875       1.94788161E+18
   82.1250000       1.94872466E+18
   82.1953125       1.94968123E+18
   82.2656250       1.95071862E+18
   82.3359375       1.95181676E+18
   82.4062500       1.95296162E+18
   82.4765625       1.95412133E+18
   82.5468750       1.95524751E+18
   82.6171875       1.95626112E+18
   82.6875000       1.95706473E+18
   82.7578125       1.95753862E+18
   82.8281250       1.95755937E+18
   82.8984375       1.95699738E+18
   82.9687500       1.95574009E+18
   83.0390625       1.95369761E+18
   83.1093750       1.81195352E+18
   83.1796875       1.80927566E+18
   83.2500000       1.80579172E+18
   83.3203125       1.80161014E+18
   83.3906250       1.79688430E+18
   83.4609375       1.79177872E+18
   83.5312500       1.78646010E+18
   83.6015625       1.78106123E+18
   83.6718750       1.77567967E+18
   83.7421875       1.77035322E+18
   83.8125000       1.76506539E+18
   83.8828125       1.75973373E+18
   83.9531250       1.75423232E+18
   84.0234375       1.74839158E+18
   84.0937500       1.74202307E+18
   84.1640625       1.73492270E+18
   84.2343750       1.72689928E+18
   84.3046875       1.71777238E+18
   84.3750000       1.70739024E+18
   84.4453125       1.69561942E+18
   84.5156250       1.68236247E+18
   84.5859375       1.54105145E+18
   84.6562500       1.52792891E+18
   84.7265625       1.51248723E+18
   84.7968750       1.49489862E+18
   84.8671875       1.47540442E+18
   84.9375000       1.45431111E+18
   85.0078125       1.43198635E+18
   85.0781250       1.40885304E+18
   85.1484375       1.38537256E+18
   85.2187500       1.36202731E+18
   85.2890625       1.33929628E+18
   85.3593750       1.31763783E+18
   85.4296875       1.29746427E+18
   85.5000000       1.27913018E+18
   85.5703125       1.26292283E+18
   85.6406250       1.24906390E+18
   85.7109375       1.23771172E+18
   85.7812500       1.22896304E+18
   85.8515625       1.22285374E+18
   85.9218750       1.21936142E+18
   85.9921875       1.21839838E+18
   86.0625000       1.21980810E+18
   86.1328125       1.22336625E+18
   86.2031250       1.22878918E+18
   86.2734375       1.23574662E+18
   86.3437500       1.24388135E+18
   86.4140625       1.25282835E+18
   86.4843750       1.26224114E+18
   86.5546875       1.27180386E+18
   86.6250000       1.28124111E+18
   86.6953125       1.29032033E+18
   86.7656250       1.29884773E+18
   86.8359375       1.30665453E+18
   86.9062500       1.31357678E+18
   86.9765625       1.31943416E+18
   87.0468750       1.32401610E+18
   87.1171875       1.32707384E+18
   87.1875000       1.32833031E+18
   87.2578125       1.32750320E+18
   87.3281250       1.32434265E+18
   87.3984375       1.31866093E+18
   87.4687500       1.31035425E+18
   87.5390625       1.29941466E+18
   87.6093750       1.28592475E+18
   87.6796875       1.27003915E+18
   87.7500000       1.25195919E+18
   87.8203125       1.23190204E+18
   87.8906250       1.21008140E+18
   87.9609375       1.18668861E+18
   88.0312500       1.16188665E+18
   88.1015625       1.13581221E+18
   88.1718750       1.10858823E+18
   88.2421875       1.08033305E+18
   88.3125000       1.05117641E+18
   88.3828125       1.02126660E+18
   88.4531250       9.90779892E+17
   88.5234375       9.59912615E+17
   88.5937500       7.98155144E+17
   88.6640625       7.75109106E+17
   88.7343750       7.52551938E+17
   88.8046875       7.30561842E+17
   88.8750000       7.09180258E+17
   88.9453125       6.88404574E+17
   89.0156250       6.68206408E+17
   89.0859375       6.48529822E+17
   89.1562500       6.29311253E+17
   89.2265625       6.10480810E+17
   89.2968750       5.91979603E+17
   89.3671875       4.41928358E+17
   89.4375000       4.30582841E+17
   89.5078125       4.19531272E+17
   89.5781250       4.08835910E+17
   89.6484375       3.98575679E+17
   89.7187500       3.88850465E+17
   89.7890625       3.79753312E+17
   89.8593750       3.71374930E+17
   89.9296875       3.63780535E+17
   90.0000000       3.57020737E+17
   90.0703125       3.51113920E+17
   90.1406250       3.46061424E+17
   90.2109375       2.07666599E+17
   90.2812500       2.10116569E+17
   90.3515625       2.13452608E+17
   90.4218750       2.17529184E+17
   90.4921875       2.22172542E+17
   90.5625000       2.27199183E+17
   90.6328125       2.32416005E+17
   90.7031250       2.37638702E+17
   90.7734375       2.42687746E+17
   90.8437500       2.47404358E+17
   90.9140625       2.51645020E+17
   90.9843750       2.55293028E+17
   91.0546875       2.58246952E+17
   91.1250000       2.60429792E+17
   91.1953125       2.61779992E+17
   91.2656250       2.62262437E+17
   91.3359375       2.61860462E+17
   91.4062500       2.60587194E+17
   91.4765625       2.58476234E+17
   91.5468750       2.55589999E+17
   91.6171875       2.52006502E+17
   91.6875000       2.47827018E+17
   91.7578125       2.43162460E+17
   91.8281250       2.38138499E+17
   91.8984375       2.32879655E+17
   91.9687500       2.27514348E+17
   92.0390625       2.22161203E+17
   92.1093750       2.16934160E+17
   92.1796875       2.11927070E+17
   92.2500000       2.07220095E+17
   92.3203125       2.02868588E+17
   92.3906250       1.98913027E+17
   92.4609375       1.95370039E+17
   92.5312500       1.92245588E+17
   92.6015625       1.89528626E+17
   92.6718750       1.87203417E+17
   92.7421875       1.85240410E+17
   92.8125000       1.83606794E+17
   92.8828125       1.82258518E+17
   92.9531250       1.81152598E+17
   93.0234375       1.80242683E+17
   93.0937500       1.79498829E+17
   93.1640625       1.78909113E+17
   93.2343750       1.78497295E+17
   93.3046875       1.78314535E+17
   93.3750000       1.78446064E+17
   93.4453125       1.78995545E+17
   93.5156250       1.80084921E+17
   93.5859375       1.81833058E+17
   93.6562500       1.84353603E+17
   93.7265625       1.87733725E+17
   93.7968750       1.92033812E+17
   93.8671875       1.97269514E+17
   93.9375000       2.03417983E+17
   94.0078125       2.10407648E+17
   94.0781250       2.18129208E+17
   94.1484375       2.26429250E+17
   94.2187500       2.35126885E+17
   94.2890625       2.44014341E+17
   94.3593750       2.52879170E+17
   94.4296875       2.61507931E+17
   94.5000000       2.69709910E+17
   94.5703125       2.77319063E+17
   94.6406250       2.84210940E+17
   94.7109375       2.90296221E+17
   94.7812500       2.95529415E+17
   94.8515625       2.99894958E+17
   94.9218750       3.03407279E+17
   94.9921875       3.06089847E+17
   95.0625000       3.07973173E+17
   95.1328125       3.09076773E+17
   95.2031250       3.09414461E+17
   95.2734375       3.08984448E+17
   95.3437500       3.07784469E+17
   95.4140625       3.05809334E+17
   95.4843750       3.03067323E+17
   95.5546875       2.99574656E+17
   95.6250000       2.95369608E+17
   95.6953125       2.90505025E+17
   95.7656250       2.85056636E+17
   95.8359375       2.79111748E+17
   95.9062500       2.72776964E+17
   95.9765625       2.66169036E+17
   96.0468750       2.59424408E+17
   96.1171875       2.52688079E+17
   96.1875000       2.46122173E+17
   96.2578125       2.39891395E+17
   96.3281250       2.34164864E+17
   96.3984375       2.29094552E+17
   96.4687500       2.24813741E+17
   96.5390625       2.21418982E+17
   96.6093750       2.18975626E+17
   96.6796875       2.17508294E+17
   96.7500000       2.17014853E+17
   96.8203125       2.17462406E+17
   96.8906250       2.18801989E+17
   96.9609375       2.20964334E+17
   97.0312500       2.23876235E+17
   97.1015625       2.27457998E+17
   97.1718750       2.31637499E+17
   97.2421875       2.36340660E+17
   97.3125000       2.41499225E+17
   97.3828125       2.47036417E+17
   97.4531250       2.52870443E+17
   97.5234375       2.58898069E+17
   97.5937500       2.65002420E+17
   97.6640625       2.71044992E+17
   97.7343750       2.76881251E+17
   97.8046875       2.82358263E+17
   97.8750000       2.87333381E+17
   97.9453125       2.91673084E+17
   98.0156250       2.95266598E+17
   98.0859375       2.98017919E+17
   98.1562500       2.99855306E+17
   98.2265625       3.00718801E+17
   98.2968750       3.00564698E+17
   98.3671875       2.99348878E+17
   98.4375000       2.97032791E+17
   98.5078125       2.93572491E+17
   98.5781250       2.88930181E+17
   98.6484375       2.83066056E+17
   98.7187500       2.75952800E+17
   98.7890625       2.67572339E+17
   98.8593750       2.57935068E+17
   98.9296875       2.47082201E+17
   99.0000000       2.35110375E+17
   99.0703125       2.22172096E+17
   99.1406250       2.08486612E+17
   99.2109375       1.94319233E+17
   99.2812500       1.79970434E+17
   99.3515625       1.65737892E+17
   99.4218750       1.51896243E+17
   99.4921875       1.38662882E+17
   99.5625000       1.26199024E+17
   99.6328125       0.00000000    
   99.7031250       0.00000000    
   99.7734375       0.00000000    
   99.8437500       0.00000000    
   99.9140625       0.00000000    
   99.9843750       0.00000000    
