2013 02 06 01 12 27.0 -10.738 165.138
30. 9.062E+20 7.905 302 27 51 165 70 108
  -1.12500000       0.00000000    
  -1.05468750       0.00000000    
 -0.984375000       0.00000000    
 -0.914062500       0.00000000    
 -0.843750000       0.00000000    
 -0.773437500       0.00000000    
 -0.703125000       0.00000000    
 -0.632812500       0.00000000    
 -0.562500000       0.00000000    
 -0.492187500       0.00000000    
 -0.421875000       0.00000000    
 -0.351562500       0.00000000    
 -0.281250000       0.00000000    
 -0.210937500       0.00000000    
 -0.140625000       0.00000000    
  -7.03125000E-02   0.00000000    
   0.00000000       0.00000000    
   7.03125000E-02   6.22897114E+17
  0.140625000       7.44981525E+17
  0.210937500       8.64687692E+17
  0.281250000       9.81926968E+17
  0.351562500       1.09718788E+18
  0.421875000       1.21128289E+18
  0.492187500       1.32504524E+18
  0.562500000       1.43916218E+18
  0.632812500       1.55401194E+18
  0.703125000       1.66966888E+18
  0.773437500       1.78586032E+18
  0.843750000       1.90203884E+18
  0.914062500       2.01742489E+18
  0.984375000       2.13115494E+18
   1.05468750       2.24234072E+18
   1.12500000       2.35017917E+18
   1.19531250       2.45399066E+18
   1.26562500       2.55330954E+18
   1.33593750       2.64783593E+18
   1.40625000       2.73743183E+18
   1.47656250       2.82201589E+18
   1.54687500       2.90158727E+18
   1.61718750       2.97611547E+18
   1.68750000       3.04553423E+18
   1.75781250       3.10968744E+18
   1.82812500       3.16840686E+18
   1.89843750       3.22149760E+18
   1.96875000       3.26876835E+18
   2.03906250       3.31000609E+18
   2.10937500       3.34502361E+18
   2.17968750       3.37363428E+18
   2.25000000       3.39569405E+18
   2.32031250       3.41109519E+18
   2.39062500       3.41985060E+18
   2.46093750       3.42206392E+18
   2.53125000       3.41796988E+18
   2.60156250       3.40788681E+18
   2.67187500       3.39228282E+18
   2.74218750       3.37172058E+18
   2.81250000       3.34687766E+18
   2.88281250       3.31848250E+18
   2.95312500       3.28735450E+18
   3.02343750       3.25432572E+18
   3.09375000       3.22022327E+18
   3.16406250       3.18578711E+18
   3.23437500       3.15168329E+18
   3.30468750       3.11844972E+18
   3.37500000       3.08652843E+18
   3.44531250       3.05626519E+18
   3.51562500       3.02802396E+18
   3.58593750       3.00219643E+18
   3.65625000       2.97927821E+18
   3.72656250       2.95984847E+18
   3.79687500       2.94463178E+18
   3.86718750       2.93438543E+18
   3.93750000       2.92983098E+18
   4.00781250       2.93150526E+18
   4.07812500       2.93975050E+18
   4.14843750       2.95463321E+18
   4.21875000       2.97597858E+18
   4.28906250       3.00339105E+18
   4.35937500       3.03639757E+18
   4.42968750       3.07449125E+18
   4.50000000       3.11723449E+18
   4.57031250       3.16425922E+18
   4.64062500       3.21533539E+18
   4.71093750       3.27028898E+18
   4.78125000       3.32899988E+18
   4.85156250       3.39132844E+18
   4.92187500       3.45719386E+18
   4.99218750       3.52654913E+18
   5.06250000       3.59943466E+18
   5.13281250       3.67595462E+18
   5.20312500       3.75632947E+18
   5.27343750       3.84080605E+18
   5.34375000       3.92960618E+18
   5.41406250       4.02280051E+18
   5.48437500       4.12029833E+18
   5.55468750       4.22175576E+18
   5.62500000       4.32659200E+18
   5.69531250       4.43395189E+18
   5.76562500       4.54280574E+18
   5.83593750       4.65192869E+18
   5.90625000       4.75998980E+18
   5.97656250       4.86557315E+18
   6.04687500       4.96736099E+18
   6.11718750       5.06419278E+18
   6.18750000       5.15520650E+18
   6.25781250       5.23988044E+18
   6.32812500       5.31818271E+18
   6.39843750       5.39055642E+18
   6.46875000       5.45791690E+18
   6.53906250       5.52151430E+18
   6.60937500       5.58287639E+18
   6.67968750       5.64360352E+18
   6.75000000       5.70526633E+18
   6.82031250       5.76923647E+18
   6.89062500       5.83667061E+18
   6.96093750       5.90840825E+18
   7.03125000       5.98499528E+18
   7.10156250       6.06662523E+18
   7.17187500       6.15325685E+18
   7.24218750       6.24459053E+18
   7.31250000       6.34013149E+18
   7.38281250       6.43916945E+18
   7.45312500       6.54090561E+18
   7.52343750       6.64445597E+18
   7.59375000       6.74897719E+18
   7.66406250       6.85369798E+18
   7.73437500       6.95808286E+18
   7.80468750       7.06185147E+18
   7.87500000       7.16503514E+18
   7.94531250       7.26789555E+18
   8.01562500       7.37092419E+18
   8.08593750       7.47465762E+18
   8.15625000       7.57960985E+18
   8.22656250       7.68610360E+18
   8.29687500       7.79434942E+18
   8.36718750       7.90437150E+18
   8.43750000       8.01607858E+18
   8.50781250       8.12920953E+18
   8.57812500       8.24345429E+18
   8.64843750       8.35839504E+18
   8.71875000       8.47354139E+18
   8.78906250       8.58825894E+18
   8.85937500       8.70188082E+18
   8.92968750       8.81371105E+18
   9.00000000       8.92317183E+18
   9.07031250       9.02984864E+18
   9.14062500       9.13367443E+18
   9.21093750       9.23490371E+18
   9.28125000       9.33414014E+18
   9.35156250       9.43218799E+18
   9.42187500       9.53003463E+18
   9.49218750       9.62866852E+18
   9.56250000       9.72900335E+18
   9.63281250       9.83172852E+18
   9.70312500       9.93737730E+18
   9.77343750       1.00462916E+19
   9.84375000       1.01587178E+19
   9.91406250       1.02748240E+19
   9.98437500       1.03948621E+19
   10.0546875       1.05191443E+19
   10.1250000       1.06481368E+19
   10.1953125       1.07823674E+19
   10.2656250       1.09225078E+19
   10.3359375       1.10692168E+19
   10.4062500       1.12231099E+19
   10.4765625       1.13845644E+19
   10.5468750       1.15537265E+19
   10.6171875       1.17303839E+19
   10.6875000       1.19139628E+19
   10.7578125       1.21034647E+19
   10.8281250       1.22976164E+19
   10.8984375       1.24949183E+19
   10.9687500       1.26937837E+19
   11.0390625       1.28925875E+19
   11.1093750       1.30898135E+19
   11.1796875       1.32840895E+19
   11.2500000       1.34742808E+19
   11.3203125       1.36594847E+19
   11.3906250       1.38391702E+19
   11.4609375       1.40131273E+19
   11.5312500       1.41815230E+19
   11.6015625       1.43447510E+19
   11.6718750       1.45034732E+19
   11.7421875       1.46584680E+19
   11.8125000       1.48105448E+19
   11.8828125       1.49603653E+19
   11.9531250       1.51084432E+19
   12.0234375       1.52550256E+19
   12.0937500       1.54001359E+19
   12.1640625       1.55435199E+19
   12.2343750       1.56848170E+19
   12.3046875       1.58235853E+19
   12.3750000       1.59594410E+19
   12.4453125       1.60920388E+19
   12.5156250       1.62211852E+19
   12.5859375       1.63467373E+19
   12.6562500       1.64686226E+19
   12.7265625       1.65867145E+19
   12.7968750       1.67009659E+19
   12.8671875       1.68113811E+19
   12.9375000       1.69181128E+19
   13.0078125       1.70213933E+19
   13.0781250       1.71216434E+19
   13.1484375       1.72193900E+19
   13.2187500       1.73152575E+19
   13.2890625       1.74098079E+19
   13.3593750       1.75035720E+19
   13.4296875       1.75969447E+19
   13.5000000       1.76902306E+19
   13.5703125       1.77835725E+19
   13.6406250       1.78771014E+19
   13.7109375       1.79708842E+19
   13.7812500       1.80650123E+19
   13.8515625       1.81595121E+19
   13.9218750       1.82544439E+19
   13.9921875       1.83498551E+19
   14.0625000       1.84457996E+19
   14.1328125       1.85422389E+19
   14.2031250       1.86391410E+19
   14.2734375       1.87363994E+19
   14.3437500       1.88339173E+19
   14.4140625       1.89314814E+19
   14.4843750       1.90288673E+19
   14.5546875       1.91257585E+19
   14.6250000       1.92218294E+19
   14.6953125       1.93166909E+19
   14.7656250       1.94100702E+19
   14.8359375       1.95017980E+19
   14.9062500       1.95919690E+19
   14.9765625       1.96808535E+19
   15.0468750       1.97690431E+19
   15.1171875       1.98573229E+19
   15.1875000       1.99466846E+19
   15.2578125       2.00380848E+19
   15.3281250       2.01324625E+19
   15.3984375       2.02306511E+19
   15.4687500       2.03334027E+19
   15.5390625       2.04413087E+19
   15.6093750       2.05549235E+19
   15.6796875       2.06746933E+19
   15.7500000       2.08009986E+19
   15.8203125       2.09340153E+19
   15.8906250       2.10737500E+19
   15.9609375       2.12199345E+19
   16.0312500       2.13720541E+19
   16.1015625       2.15292777E+19
   16.1718750       2.16906046E+19
   16.2421875       2.18548959E+19
   16.3125000       2.20209969E+19
   16.3828125       2.21876960E+19
   16.4531250       2.23538806E+19
   16.5234375       2.25185391E+19
   16.5937500       2.26808930E+19
   16.6640625       2.28403486E+19
   16.7343750       2.29966463E+19
   16.8046875       2.31498171E+19
   16.8750000       2.33002325E+19
   16.9453125       2.34484203E+19
   17.0156250       2.35950995E+19
   17.0859375       2.37409475E+19
   17.1562500       2.38865559E+19
   17.2265625       2.40321840E+19
   17.2968750       2.41778539E+19
   17.3671875       2.43232995E+19
   17.4375000       2.44680568E+19
   17.5078125       2.46114639E+19
   17.5781250       2.47528479E+19
   17.6484375       2.48915689E+19
   17.7187500       2.50271870E+19
   17.7890625       2.51593769E+19
   17.8593750       2.52880594E+19
   17.9296875       2.54133003E+19
   18.0000000       2.55353505E+19
   18.0703125       2.56544914E+19
   18.1406250       2.57710902E+19
   18.2109375       2.58854570E+19
   18.2812500       2.59978645E+19
   18.3515625       2.61083654E+19
   18.4218750       2.62168278E+19
   18.4921875       2.63228691E+19
   18.5625000       2.64259066E+19
   18.6328125       2.65250649E+19
   18.7031250       2.66193216E+19
   18.7734375       2.67075970E+19
   18.8437500       2.67888861E+19
   18.9140625       2.68623093E+19
   18.9843750       2.69272641E+19
   19.0546875       2.69834117E+19
   19.1250000       2.70307325E+19
   19.1953125       2.70694045E+19
   19.2656250       2.70998588E+19
   19.3359375       2.71227023E+19
   19.4062500       2.71387705E+19
   19.4765625       2.71489828E+19
   19.5468750       2.71544320E+19
   19.6171875       2.71563209E+19
   19.6875000       2.71559141E+19
   19.7578125       2.71543088E+19
   19.8281250       2.71523803E+19
   19.8984375       2.71506738E+19
   19.9687500       2.71493874E+19
   20.0390625       2.71482989E+19
   20.1093750       2.71469201E+19
   20.1796875       2.71445320E+19
   20.2500000       2.71403868E+19
   20.3203125       2.71337172E+19
   20.3906250       2.71239205E+19
   20.4609375       2.71105790E+19
   20.5312500       2.70935080E+19
   20.6015625       2.70726657E+19
   20.6718750       2.70481928E+19
   20.7421875       2.70203905E+19
   20.8125000       2.69897383E+19
   20.8828125       2.69568255E+19
   20.9531250       2.69223734E+19
   21.0234375       2.68872067E+19
   21.0937500       2.68522444E+19
   21.1640625       2.68183596E+19
   21.2343750       2.67863660E+19
   21.3046875       2.67568947E+19
   21.3750000       2.67303965E+19
   21.4453125       2.67070297E+19
   21.5156250       2.66867239E+19
   21.5859375       2.66691669E+19
   21.6562500       2.66539101E+19
   21.7265625       2.66403201E+19
   21.7968750       2.66277219E+19
   21.8671875       2.66154734E+19
   21.9375000       2.66030841E+19
   22.0078125       2.65901252E+19
   22.0781250       2.65763483E+19
   22.1484375       2.65616017E+19
   22.2187500       2.65458699E+19
   22.2890625       2.65291199E+19
   22.3593750       2.65112924E+19
   22.4296875       2.64922137E+19
   22.5000000       2.64716001E+19
   22.5703125       2.64490051E+19
   22.6406250       2.64239076E+19
   22.7109375       2.63957360E+19
   22.7812500       2.63639755E+19
   22.8515625       2.63281534E+19
   22.9218750       2.62879134E+19
   22.9921875       2.62430314E+19
   23.0625000       2.61934544E+19
   23.1328125       2.61392089E+19
   23.2031250       2.60804114E+19
   23.2734375       2.60172797E+19
   23.3437500       2.59501699E+19
   23.4140625       2.58795196E+19
   23.4843750       2.58058590E+19
   23.5546875       2.57297925E+19
   23.6250000       2.56519317E+19
   23.6953125       2.55727933E+19
   23.7656250       2.54927444E+19
   23.8359375       2.54119853E+19
   23.9062500       2.53305665E+19
   23.9765625       2.52483604E+19
   24.0468750       2.51651713E+19
   24.1171875       2.50808344E+19
   24.1875000       2.49953188E+19
   24.2578125       2.49086971E+19
   24.3281250       2.48211232E+19
   24.3984375       2.47328302E+19
   24.4687500       2.46440754E+19
   24.5390625       2.45550391E+19
   24.6093750       2.44658072E+19
   24.6796875       2.43763531E+19
   24.7500000       2.42865692E+19
   24.8203125       2.41962399E+19
   24.8906250       2.41050904E+19
   24.9609375       2.40128106E+19
   25.0312500       2.39190816E+19
   25.1015625       2.38234967E+19
   25.1718750       2.37255962E+19
   25.2421875       2.36248809E+19
   25.3125000       2.35208935E+19
   25.3828125       2.34132161E+19
   25.4531250       2.33015519E+19
   25.5234375       2.31857887E+19
   25.5937500       2.30660453E+19
   25.6640625       2.29426119E+19
   25.7343750       2.28159438E+19
   25.8046875       2.26866082E+19
   25.8750000       2.25552496E+19
   25.9453125       2.24225034E+19
   26.0156250       2.22889985E+19
   26.0859375       2.21553484E+19
   26.1562500       2.20221624E+19
   26.2265625       2.18900099E+19
   26.2968750       2.17594165E+19
   26.3671875       2.16309144E+19
   26.4375000       2.15050269E+19
   26.5078125       2.13822268E+19
   26.5781250       2.12629298E+19
   26.6484375       2.11475031E+19
   26.7187500       2.10362853E+19
   26.7890625       2.09295733E+19
   26.8593750       2.08276068E+19
   26.9296875       2.07305925E+19
   27.0000000       2.06386733E+19
   27.0703125       2.05518756E+19
   27.1406250       2.04701159E+19
   27.2109375       2.03931875E+19
   27.2812500       2.03208133E+19
   27.3515625       2.02526479E+19
   27.4218750       2.01883199E+19
   27.4921875       2.01274971E+19
   27.5625000       2.00699179E+19
   27.6328125       2.00153535E+19
   27.7031250       1.99635885E+19
   27.7734375       1.99144052E+19
   27.8437500       1.98676078E+19
   27.9140625       1.98229588E+19
   27.9843750       1.97802010E+19
   28.0546875       1.97391122E+19
   28.1250000       1.96995166E+19
   28.1953125       1.96612998E+19
   28.2656250       1.96244046E+19
   28.3359375       1.95888530E+19
   28.4062500       1.95546758E+19
   28.4765625       1.95218465E+19
   28.5468750       1.94902180E+19
   28.6171875       1.94595152E+19
   28.6875000       1.94293336E+19
   28.7578125       1.93991191E+19
   28.8281250       1.93681854E+19
   28.8984375       1.93357762E+19
   28.9687500       1.93011482E+19
   29.0390625       1.92636020E+19
   29.1093750       1.92225177E+19
   29.1796875       1.91773827E+19
   29.2500000       1.91278080E+19
   29.3203125       1.90734745E+19
   29.3906250       1.90140943E+19
   29.4609375       1.89494100E+19
   29.5312500       1.88791732E+19
   29.6015625       1.88031112E+19
   29.6718750       1.87209337E+19
   29.7421875       1.86323922E+19
   29.8125000       1.85373438E+19
   29.8828125       1.84357446E+19
   29.9531250       1.83276967E+19
   30.0234375       1.82134530E+19
   30.0937500       1.80934391E+19
   30.1640625       1.79681838E+19
   30.2343750       1.78382952E+19
   30.3046875       1.77044594E+19
   30.3750000       1.75674239E+19
   30.4453125       1.74279960E+19
   30.5156250       1.72870485E+19
   30.5859375       1.71455479E+19
   30.6562500       1.70045641E+19
   30.7265625       1.68651846E+19
   30.7968750       1.67284790E+19
   30.8671875       1.65954425E+19
   30.9375000       1.64669502E+19
   31.0078125       1.63436774E+19
   31.0781250       1.62260593E+19
   31.1484375       1.61142962E+19
   31.2187500       1.60083868E+19
   31.2890625       1.59081356E+19
   31.3593750       1.58131795E+19
   31.4296875       1.57230405E+19
   31.5000000       1.56371840E+19
   31.5703125       1.55550230E+19
   31.6406250       1.54759846E+19
   31.7109375       1.53995444E+19
   31.7812500       1.53252712E+19
   31.8515625       1.52528156E+19
   31.9218750       1.51818894E+19
   31.9921875       1.51122761E+19
   32.0625000       1.50438161E+19
   32.1328125       1.49763533E+19
   32.2031250       1.49096899E+19
   32.2734375       1.48435829E+19
   32.3437500       1.47777101E+19
   32.4140625       1.47116547E+19
   32.4843750       1.46448956E+19
   32.5546875       1.45768436E+19
   32.6250000       1.45068959E+19
   32.6953125       1.44344744E+19
   32.7656250       1.43590952E+19
   32.8359375       1.42804691E+19
   32.9062500       1.41985500E+19
   32.9765625       1.41135446E+19
   33.0468750       1.40259003E+19
   33.1171875       1.39362868E+19
   33.1875000       1.38455320E+19
   33.2578125       1.37545276E+19
   33.3281250       1.36640862E+19
   33.3984375       1.35748905E+19
   33.4687500       1.34874200E+19
   33.5390625       1.34019241E+19
   33.6093750       1.33184052E+19
   33.6796875       1.32366675E+19
   33.7500000       1.31563933E+19
   33.8203125       1.30771680E+19
   33.8906250       1.29985584E+19
   33.9609375       1.29201797E+19
   34.0312500       1.28417439E+19
   34.1015625       1.27630848E+19
   34.1718750       1.26841893E+19
   34.2421875       1.26052367E+19
   34.3125000       1.25266491E+19
   34.3828125       1.24490764E+19
   34.4531250       1.23733882E+19
   34.5234375       1.23006313E+19
   34.5937500       1.22319503E+19
   34.6640625       1.21684546E+19
   34.7343750       1.21110865E+19
   34.8046875       1.20605002E+19
   34.8750000       1.20169661E+19
   34.9453125       1.19802941E+19
   35.0156250       1.19498310E+19
   35.0859375       1.19245192E+19
   35.1562500       1.19029918E+19
   35.2265625       1.18836767E+19
   35.2968750       1.18649399E+19
   35.3671875       1.18452532E+19
   35.4375000       1.18233432E+19
   35.5078125       1.17982787E+19
   35.5781250       1.17695485E+19
   35.6484375       1.17371184E+19
   35.7187500       1.17014491E+19
   35.7890625       1.16634324E+19
   35.8593750       1.16243041E+19
   35.9296875       1.15855243E+19
   36.0000000       1.15486302E+19
   36.0703125       1.15150566E+19
   36.1406250       1.14860009E+19
   36.2109375       1.14623296E+19
   36.2812500       1.14445318E+19
   36.3515625       1.14327131E+19
   36.4218750       1.14266317E+19
   36.4921875       1.14257807E+19
   36.5625000       1.14294871E+19
   36.6328125       1.14369715E+19
   36.7031250       1.14474169E+19
   36.7734375       1.14600690E+19
   36.8437500       1.14743043E+19
   36.9140625       1.14896865E+19
   36.9843750       1.15060033E+19
   37.0546875       1.15232942E+19
   37.1250000       1.15418297E+19
   37.1953125       1.15620641E+19
   37.2656250       1.15845689E+19
   37.3359375       1.16099995E+19
   37.4062500       1.16390167E+19
   37.4765625       1.16722219E+19
   37.5468750       1.17100990E+19
   37.6171875       1.17529888E+19
   37.6875000       1.18010649E+19
   37.7578125       1.18543055E+19
   37.8281250       1.19125037E+19
   37.8984375       1.19753353E+19
   37.9687500       1.20424165E+19
   38.0390625       1.21133482E+19
   38.1093750       1.21877763E+19
   38.1796875       1.22653986E+19
   38.2500000       1.23459950E+19
   38.3203125       1.24293709E+19
   38.3906250       1.25153516E+19
   38.4609375       1.26037480E+19
   38.5312500       1.26943301E+19
   38.6015625       1.27867881E+19
   38.6718750       1.28807226E+19
   38.7421875       1.29756677E+19
   38.8125000       1.30711086E+19
   38.8828125       1.31664989E+19
   38.9531250       1.32612746E+19
   39.0234375       1.33549178E+19
   39.0937500       1.34469909E+19
   39.1640625       1.35371344E+19
   39.2343750       1.36250964E+19
   39.3046875       1.37107121E+19
   39.3750000       1.37939000E+19
   39.4453125       1.38745888E+19
   39.5156250       1.39527157E+19
   39.5859375       1.40281851E+19
   39.6562500       1.41008716E+19
   39.7265625       1.41705663E+19
   39.7968750       1.42369911E+19
   39.8671875       1.42998172E+19
   39.9375000       1.43586939E+19
   40.0078125       1.44132516E+19
   40.0781250       1.44631464E+19
   40.1484375       1.45081186E+19
   40.2187500       1.45480397E+19
   40.2890625       1.45829151E+19
   40.3593750       1.46128878E+19
   40.4296875       1.46382260E+19
   40.5000000       1.46593025E+19
   40.5703125       1.46765363E+19
   40.6406250       1.46903813E+19
   40.7109375       1.47013039E+19
   40.7812500       1.47097690E+19
   40.8515625       1.47161880E+19
   40.9218750       1.47208983E+19
   40.9921875       1.47241638E+19
   41.0625000       1.47261496E+19
   41.1328125       1.47269038E+19
   41.2031250       1.47263255E+19
   41.2734375       1.47242045E+19
   41.3437500       1.47202276E+19
   41.4140625       1.47139824E+19
   41.4843750       1.47049928E+19
   41.5546875       1.46927651E+19
   41.6250000       1.46768376E+19
   41.6953125       1.46568012E+19
   41.7656250       1.46323568E+19
   41.8359375       1.46033616E+19
   41.9062500       1.45698694E+19
   41.9765625       1.45321121E+19
   42.0468750       1.44905099E+19
   42.1171875       1.44456828E+19
   42.1875000       1.43984247E+19
   42.2578125       1.43496383E+19
   42.3281250       1.43002757E+19
   42.3984375       1.42512980E+19
   42.4687500       1.42036407E+19
   42.5390625       1.41581495E+19
   42.6093750       1.41155512E+19
   42.6796875       1.40764239E+19
   42.7500000       1.40411571E+19
   42.8203125       1.40098903E+19
   42.8906250       1.39824663E+19
   42.9609375       1.39584145E+19
   43.0312500       1.39369421E+19
   43.1015625       1.39169464E+19
   43.1718750       1.38970705E+19
   43.2421875       1.38758378E+19
   43.3125000       1.38517805E+19
   43.3828125       1.38235704E+19
   43.4531250       1.37901298E+19
   43.5234375       1.37507310E+19
   43.5937500       1.37050463E+19
   43.6640625       1.36531241E+19
   43.7343750       1.35953326E+19
   43.8046875       1.35322943E+19
   43.8750000       1.34648239E+19
   43.9453125       1.33938493E+19
   44.0156250       1.33203734E+19
   44.0859375       1.32454471E+19
   44.1562500       1.31701350E+19
   44.2265625       1.30954496E+19
   44.2968750       1.30222705E+19
   44.3671875       1.29512926E+19
   44.4375000       1.28829843E+19
   44.5078125       1.28175315E+19
   44.5781250       1.27548352E+19
   44.6484375       1.26945808E+19
   44.7187500       1.26363452E+19
   44.7890625       1.25796709E+19
   44.8593750       1.25241543E+19
   44.9296875       1.24695185E+19
   45.0000000       1.24156358E+19
   45.0703125       1.23625074E+19
   45.1406250       1.23102421E+19
   45.2109375       1.22590379E+19
   45.2812500       1.22091640E+19
   45.3515625       1.21609208E+19
   45.4218750       1.21146280E+19
   45.4921875       1.20706509E+19
   45.5625000       1.20293917E+19
   45.6328125       1.19913024E+19
   45.7031250       1.19568668E+19
   45.7734375       1.19266093E+19
   45.8437500       1.19010952E+19
   45.9140625       1.18809037E+19
   45.9843750       1.18666024E+19
   46.0546875       1.18587266E+19
   46.1250000       1.18577546E+19
   46.1953125       1.18640702E+19
   46.2656250       1.18779340E+19
   46.3359375       1.18994943E+19
   46.4062500       1.19287710E+19
   46.4765625       1.19656310E+19
   46.5468750       1.20097753E+19
   46.6171875       1.20607695E+19
   46.6875000       1.21180420E+19
   46.7578125       1.21808879E+19
   46.8281250       1.22485035E+19
   46.8984375       1.23200256E+19
   46.9687500       1.23945945E+19
   47.0390625       1.24713800E+19
   47.1093750       1.25496058E+19
   47.1796875       1.26285958E+19
   47.2500000       1.27077926E+19
   47.3203125       1.27867716E+19
   47.3906250       1.28652558E+19
   47.4609375       1.29431309E+19
   47.5312500       1.30204233E+19
   47.6015625       1.30972440E+19
   47.6718750       1.31737161E+19
   47.7421875       1.32499266E+19
   47.8125000       1.33258808E+19
   47.8828125       1.34014316E+19
   47.9531250       1.34762621E+19
   48.0234375       1.35499063E+19
   48.0937500       1.36217913E+19
   48.1640625       1.36912606E+19
   48.2343750       1.37576337E+19
   48.3046875       1.38202696E+19
   48.3750000       1.38786372E+19
   48.4453125       1.39323527E+19
   48.5156250       1.39812425E+19
   48.5859375       1.40253681E+19
   48.6562500       1.40650682E+19
   48.7265625       1.41008914E+19
   48.7968750       1.41335524E+19
   48.8671875       1.41638868E+19
   48.9375000       1.41927622E+19
   49.0078125       1.42209679E+19
   49.0781250       1.42491242E+19
   49.1484375       1.42776566E+19
   49.2187500       1.43067540E+19
   49.2890625       1.43363661E+19
   49.3593750       1.43662002E+19
   49.4296875       1.43957639E+19
   49.5000000       1.44244073E+19
   49.5703125       1.44513519E+19
   49.6406250       1.44757512E+19
   49.7109375       1.44967540E+19
   49.7812500       1.45135645E+19
   49.8515625       1.45254612E+19
   49.9218750       1.45318131E+19
   49.9921875       1.45321242E+19
   50.0625000       1.45260307E+19
   50.1328125       1.45132896E+19
   50.2031250       1.44937370E+19
   50.2734375       1.44672838E+19
   50.3437500       1.44338829E+19
   50.4140625       1.43935033E+19
   50.4843750       1.43461144E+19
   50.5546875       1.42917204E+19
   50.6250000       1.42304040E+19
   50.6953125       1.41623519E+19
   50.7656250       1.40878908E+19
   50.8359375       1.40075373E+19
   50.9062500       1.39220008E+19
   50.9765625       1.38321345E+19
   51.0468750       1.37388992E+19
   51.1171875       1.36433560E+19
   51.1875000       1.35466397E+19
   51.2578125       1.34498958E+19
   51.3281250       1.33542383E+19
   51.3984375       1.32607007E+19
   51.4687500       1.31701977E+19
   51.5390625       1.30834605E+19
   51.6093750       1.30009564E+19
   51.6796875       1.29228735E+19
   51.7500000       1.28490974E+19
   51.8203125       1.27792003E+19
   51.8906250       1.27124798E+19
   51.9609375       1.26480341E+19
   52.0312500       1.25848661E+19
   52.1015625       1.25219597E+19
   52.1718750       1.24583716E+19
   52.2421875       1.23933663E+19
   52.3125000       1.23264951E+19
   52.3828125       1.22576613E+19
   52.4531250       1.21871067E+19
   52.5234375       1.21154351E+19
   52.5937500       1.20435567E+19
   52.6640625       1.19726041E+19
   52.7343750       1.19038044E+19
   52.8046875       1.18383625E+19
   52.8750000       1.17773374E+19
   52.9453125       1.17215196E+19
   53.0156250       1.16713390E+19
   53.0859375       1.16268407E+19
   53.1562500       1.15877014E+19
   53.2265625       1.15532548E+19
   53.2968750       1.15225278E+19
   53.3671875       1.14943572E+19
   53.4375000       1.14674621E+19
   53.5078125       1.14405240E+19
   53.5781250       1.14122292E+19
   53.6484375       1.13813912E+19
   53.7187500       1.13470326E+19
   53.7890625       1.13084705E+19
   53.8593750       1.12653619E+19
   53.9296875       1.12177443E+19
   54.0000000       1.11660134E+19
   54.0703125       1.11108487E+19
   54.1406250       1.10530968E+19
   54.2109375       1.09936726E+19
   54.2812500       1.09334535E+19
   54.3515625       1.08731892E+19
   54.4218750       1.08134132E+19
   54.4921875       1.07544651E+19
   54.5625000       1.06964867E+19
   54.6328125       1.06394584E+19
   54.7031250       1.05832106E+19
   54.7734375       1.05274841E+19
   54.8437500       1.04719741E+19
   54.9140625       1.04163630E+19
   54.9843750       1.03603561E+19
   55.0546875       1.03037324E+19
   55.1250000       1.02463862E+19
   55.1953125       1.01883529E+19
   55.2656250       1.01298182E+19
   55.3359375       1.00711351E+19
   55.4062500       1.00127994E+19
   55.4765625       9.95538510E+18
   55.5468750       9.89945734E+18
   55.6171875       9.84554499E+18
   55.6875000       9.79409774E+18
   55.7578125       9.74545974E+18
   55.8281250       9.69983551E+18
   55.8984375       9.65734378E+18
   55.9687500       9.61803294E+18
   56.0390625       9.58193707E+18
   56.1093750       9.54907157E+18
   56.1796875       9.51949031E+18
   56.2500000       9.49329774E+18
   56.3203125       9.47065880E+18
   56.3906250       9.45179558E+18
   56.4609375       9.43702144E+18
   56.5312500       9.42672671E+18
   56.6015625       9.42137209E+18
   56.6718750       9.42144796E+18
   56.7421875       9.42747218E+18
   56.8125000       9.43996373E+18
   56.8828125       9.45940200E+18
   56.9531250       9.48618390E+18
   57.0234375       9.52060851E+18
   57.0937500       9.56287154E+18
   57.1640625       9.61302137E+18
   57.2343750       9.67097113E+18
   57.3046875       9.73647013E+18
   57.3750000       9.80912036E+18
   57.4453125       9.88835667E+18
   57.5156250       9.97345667E+18
   57.5859375       1.00635792E+19
   57.6562500       1.01578107E+19
   57.7265625       1.02551955E+19
   57.7968750       1.03548047E+19
   57.8671875       1.04557926E+19
   57.9375000       1.05574711E+19
   58.0078125       1.06593254E+19
   58.0781250       1.07609907E+19
   58.1484375       1.08622799E+19
   58.2187500       1.09631392E+19
   58.2890625       1.10636192E+19
   58.3593750       1.11638187E+19
   58.4296875       1.12638611E+19
   58.5000000       1.13638628E+19
   58.5703125       1.14638865E+19
   58.6406250       1.15639233E+19
   58.7109375       1.16638876E+19
   58.7812500       1.17636012E+19
   58.8515625       1.18627761E+19
   58.9218750       1.19609900E+19
   58.9921875       1.20577206E+19
   59.0625000       1.21523611E+19
   59.1328125       1.22442472E+19
   59.2031250       1.23326876E+19
   59.2734375       1.24170168E+19
   59.3437500       1.24966522E+19
   59.4140625       1.25710727E+19
   59.4843750       1.26398350E+19
   59.5546875       1.27025380E+19
   59.6250000       1.27588088E+19
   59.6953125       1.28082604E+19
   59.7656250       1.28504718E+19
   59.8359375       1.28849964E+19
   59.9062500       1.29113979E+19
   59.9765625       1.29292364E+19
   60.0468750       1.29380974E+19
   60.1171875       1.29376631E+19
   60.1875000       1.29277576E+19
   60.2578125       1.29083776E+19
   60.3281250       1.28796781E+19
   60.3984375       1.28420319E+19
   60.4687500       1.27960009E+19
   60.5390625       1.27423326E+19
   60.6093750       1.26818749E+19
   60.6796875       1.26155710E+19
   60.7500000       1.25443831E+19
   60.8203125       1.24692469E+19
   60.8906250       1.23909826E+19
   60.9609375       1.23103169E+19
   61.0312500       1.22278216E+19
   61.1015625       1.21439201E+19
   61.1718750       1.20588531E+19
   61.2421875       1.19727360E+19
   61.3125000       1.18855613E+19
   61.3828125       1.17972331E+19
   61.4531250       1.17075371E+19
   61.5234375       1.16162117E+19
   61.5937500       1.15229709E+19
   61.6640625       1.14275564E+19
   61.7343750       1.13297658E+19
   61.8046875       1.12295432E+19
   61.8750000       1.11270225E+19
   61.9453125       1.10225546E+19
   62.0156250       1.09166969E+19
   62.0859375       1.08102246E+19
   62.1562500       1.07040679E+19
   62.2265625       1.05992360E+19
   62.2968750       1.04966934E+19
   62.3671875       1.03973327E+19
   62.4375000       1.03018995E+19
   62.5078125       1.02109710E+19
   62.5781250       1.01248836E+19
   62.6484375       1.00437935E+19
   62.7187500       9.96769963E+18
   62.7890625       9.89649196E+18
   62.8593750       9.82996820E+18
   62.9296875       9.76789637E+18
   63.0000000       9.71003567E+18
   63.0703125       9.65613322E+18
   63.1406250       9.60589873E+18
   63.2109375       9.55900676E+18
   63.2812500       9.51507687E+18
   63.3515625       9.47364947E+18
   63.4218750       9.43413632E+18
   63.4921875       9.39584913E+18
   63.5625000       9.35801163E+18
   63.6328125       9.31979371E+18
   63.7031250       9.28031135E+18
   63.7734375       9.23870473E+18
   63.8437500       9.19416131E+18
   63.9140625       9.14596092E+18
   63.9843750       9.09347353E+18
   64.0546875       9.03619008E+18
   64.1250000       8.97374057E+18
   64.1953125       8.90589520E+18
   64.2656250       8.83255063E+18
   64.3359375       8.75377612E+18
   64.4062500       8.66980147E+18
   64.4765625       8.58103295E+18
   64.5468750       8.48799062E+18
   64.6171875       8.39135619E+18
   64.6875000       8.29193341E+18
   64.7578125       8.19064365E+18
   64.8281250       8.08844294E+18
   64.8984375       7.98631975E+18
   64.9687500       7.88524110E+18
   65.0390625       7.78610528E+18
   65.1093750       7.68965777E+18
   65.1796875       7.59646976E+18
   65.2500000       7.50688705E+18
   65.3203125       7.42102674E+18
   65.3906250       7.33874973E+18
   65.4609375       7.25974158E+18
   65.5312500       7.18354487E+18
   65.6015625       7.10964120E+18
   65.6718750       7.03746760E+18
   65.7421875       6.96651172E+18
   65.8125000       6.89635463E+18
   65.8828125       6.82671706E+18
   65.9531250       6.75743519E+18
   66.0234375       6.68849196E+18
   66.0937500       6.61997204E+18
   66.1640625       6.55205136E+18
   66.2343750       6.48490199E+18
   66.3046875       6.41868445E+18
   66.3750000       6.35349715E+18
   66.4453125       6.28935659E+18
   66.5156250       6.22616821E+18
   66.5859375       6.16376873E+18
   66.6562500       6.10194374E+18
   66.7265625       6.04049973E+18
   66.7968750       5.97926463E+18
   66.8671875       5.91819610E+18
   66.9375000       5.85740466E+18
   67.0078125       5.79721684E+18
   67.0781250       5.73810874E+18
   67.1484375       5.68071204E+18
   67.2187500       5.62574250E+18
   67.2890625       5.57394561E+18
   67.3593750       5.52598601E+18
   67.4296875       5.48240962E+18
   67.5000000       5.44357487E+18
   67.5703125       5.40963734E+18
   67.6406250       5.38049808E+18
   67.7109375       5.35586188E+18
   67.7812500       5.33523999E+18
   67.8515625       5.31801449E+18
   67.9218750       5.30343111E+18
   67.9921875       5.29068338E+18
   68.0625000       5.27894939E+18
   68.1328125       5.26746169E+18
   68.2031250       5.25552979E+18
   68.2734375       5.24261328E+18
   68.3437500       5.22835756E+18
   68.4140625       5.21263125E+18
   68.4843750       5.19550140E+18
   68.5546875       5.17724731E+18
   68.6250000       5.15830053E+18
   68.6953125       5.13921795E+18
   68.7656250       5.12059058E+18
   68.8359375       5.10302973E+18
   68.9062500       5.08710825E+18
   68.9765625       5.07333687E+18
   69.0468750       5.06208172E+18
   69.1171875       5.05358744E+18
   69.1875000       5.04794255E+18
   69.2578125       5.04510031E+18
   69.3281250       5.04483423E+18
   69.3984375       5.04679026E+18
   69.4687500       5.05049891E+18
   69.5390625       5.05544396E+18
   69.6093750       5.06106687E+18
   69.6796875       5.06684150E+18
   69.7500000       5.07228848E+18
   69.8203125       5.07699824E+18
   69.8906250       5.08057990E+18
   69.9609375       5.08268052E+18
   70.0312500       5.08292131E+18
   70.1015625       5.08090261E+18
   70.1718750       5.07613677E+18
   70.2421875       5.06809330E+18
   70.3125000       5.05620318E+18
   70.3828125       5.03991391E+18
   70.4531250       5.01868399E+18
   70.5234375       4.99205877E+18
   70.5937500       4.95967430E+18
   70.6640625       4.92130904E+18
   70.7343750       4.87687503E+18
   70.8046875       4.82645857E+18
   70.8750000       4.77032026E+18
   70.9453125       4.70890649E+18
   71.0156250       4.64280824E+18
   71.0859375       4.57276578E+18
   71.1562500       4.49961830E+18
   71.2265625       4.42427948E+18
   71.2968750       4.34764132E+18
   71.3671875       4.27057903E+18
   71.4375000       4.19390321E+18
   71.5078125       4.11837968E+18
   71.5781250       4.04466952E+18
   71.6484375       3.97337939E+18
   71.7187500       3.90504639E+18
   71.7890625       3.84016641E+18
   71.8593750       3.77914818E+18
   71.9296875       3.72232185E+18
   72.0000000       3.66989768E+18
   72.0703125       3.62195815E+18
   72.1406250       3.57841722E+18
   72.2109375       3.53906432E+18
   72.2812500       3.50357813E+18
   72.3515625       3.47159307E+18
   72.4218750       3.44269818E+18
   72.4921875       3.41650863E+18
   72.5625000       3.39267314E+18
   72.6328125       3.37090996E+18
   72.7031250       3.35095822E+18
   72.7734375       3.33259720E+18
   72.8437500       3.31561800E+18
   72.9140625       3.29984990E+18
   72.9843750       3.28514256E+18
   73.0546875       3.27142725E+18
   73.1250000       3.25874383E+18
   73.1953125       3.24729819E+18
   73.2656250       3.23745371E+18
   73.3359375       3.22977198E+18
   73.4062500       3.22496629E+18
   73.4765625       3.22387832E+18
   73.5468750       3.22734865E+18
   73.6171875       3.23617636E+18
   73.6875000       3.25100877E+18
   73.7578125       3.27229201E+18
   73.8281250       3.30016051E+18
   73.8984375       3.33441772E+18
   73.9687500       3.37450097E+18
   74.0390625       3.41950920E+18
   74.1093750       3.46821042E+18
   74.1796875       3.51913375E+18
   74.2500000       3.57064477E+18
   74.3203125       3.62106233E+18
   74.3906250       3.66873605E+18
   74.4609375       3.71217363E+18
   74.5312500       3.75010926E+18
   74.6015625       3.78158498E+18
   74.6718750       3.80595290E+18
   74.7421875       3.82292909E+18
   74.8125000       3.83258088E+18
   74.8828125       3.83533927E+18
   74.9531250       3.83193051E+18
   75.0234375       3.82335790E+18
   75.0937500       3.81082209E+18
   75.1640625       3.79565735E+18
   75.2343750       3.77921113E+18
   75.3046875       3.76277948E+18
   75.3750000       3.74750781E+18
   75.4453125       3.73434034E+18
   75.5156250       3.72394143E+18
   75.5859375       3.71670637E+18
   75.6562500       3.71274895E+18
   75.7265625       3.71194768E+18
   75.7968750       3.71393642E+18
   75.8671875       3.71818961E+18
   75.9375000       3.72405303E+18
   76.0078125       3.73081530E+18
   76.0781250       3.73770567E+18
   76.1484375       3.74396464E+18
   76.2187500       3.74886763E+18
   76.2890625       3.75178051E+18
   76.3593750       3.75217331E+18
   76.4296875       3.74966918E+18
   76.5000000       3.74406964E+18
   76.5703125       3.73537910E+18
   76.6406250       3.72378008E+18
   76.7109375       3.70964860E+18
   76.7812500       3.69350530E+18
   76.8515625       3.67599695E+18
   76.9218750       3.65780828E+18
   76.9921875       3.63964847E+18
   77.0625000       3.62220307E+18
   77.1328125       3.60614003E+18
   77.2031250       3.59206106E+18
   77.2734375       3.58053158E+18
   77.3437500       3.57205957E+18
   77.4140625       3.56710956E+18
   77.4843750       3.56605981E+18
   77.5546875       3.56920029E+18
   77.6250000       3.57669923E+18
   77.6953125       3.58858852E+18
   77.7656250       3.60471973E+18
   77.8359375       3.62479352E+18
   77.9062500       3.64835990E+18
   77.9765625       3.67487270E+18
   78.0468750       3.70369200E+18
   78.1171875       3.73416551E+18
   78.1875000       3.76565085E+18
   78.2578125       3.79756940E+18
   78.3281250       3.82937360E+18
   78.3984375       3.86058654E+18
   78.4687500       3.89077720E+18
   78.5390625       3.91958441E+18
   78.6093750       3.94668132E+18
   78.6796875       3.97180324E+18
   78.7500000       3.99472805E+18
   78.8203125       4.01527683E+18
   78.8906250       4.03327501E+18
   78.9609375       4.04855932E+18
   79.0312500       4.06095824E+18
   79.1015625       4.07030793E+18
   79.1718750       4.07642864E+18
   79.2421875       4.07917852E+18
   79.3125000       4.07846851E+18
   79.3828125       4.07430631E+18
   79.4531250       4.06677438E+18
   79.5234375       4.05604892E+18
   79.5937500       4.04236742E+18
   79.6640625       4.02600504E+18
   79.7343750       4.00720889E+18
   79.8046875       3.98618018E+18
   79.8750000       3.96303793E+18
   79.9453125       3.93782118E+18
   80.0156250       3.91045351E+18
   80.0859375       3.88078869E+18
   80.1562500       3.84861038E+18
   80.2265625       3.81367175E+18
   80.2968750       3.77565751E+18
   80.3671875       3.73424330E+18
   80.4375000       3.68908279E+18
   80.5078125       3.63985380E+18
   80.5781250       3.58622320E+18
   80.6484375       3.52790428E+18
   80.7187500       3.46466862E+18
   80.7890625       3.39640159E+18
   80.8593750       3.32310842E+18
   80.9296875       3.24497960E+18
   81.0000000       3.16241095E+18
   81.0703125       3.07604486E+18
   81.1406250       2.98674994E+18
   81.2109375       2.89564331E+18
   81.2812500       2.80403090E+18
   81.3515625       2.71336353E+18
   81.4218750       2.62509226E+18
   81.4921875       2.54058764E+18
   81.5625000       2.46100746E+18
   81.6328125       2.38724370E+18
   81.7031250       2.31983952E+18
   81.7734375       2.25902553E+18
   81.8437500       2.20474676E+18
   81.9140625       2.15675143E+18
   81.9843750       2.11462103E+18
   82.0546875       2.07785446E+18
   82.1250000       2.04588767E+18
   82.1953125       2.01813957E+18
   82.2656250       1.99398866E+18
   82.3359375       1.97281674E+18
   82.4062500       1.95400396E+18
   82.4765625       1.93697198E+18
   82.5468750       1.92116773E+18
   82.6171875       1.90611982E+18
   82.6875000       1.89144780E+18
   82.7578125       1.87690799E+18
   82.8281250       1.86236255E+18
   82.8984375       1.84780543E+18
   82.9687500       1.83332871E+18
   83.0390625       1.81912192E+18
   83.1093750       0.00000000    
   83.1796875       0.00000000    
   83.2500000       0.00000000    
   83.3203125       0.00000000    
   83.3906250       0.00000000    
   83.4609375       0.00000000    
   83.5312500       0.00000000    
   83.6015625       0.00000000    
   83.6718750       0.00000000    
   83.7421875       0.00000000    
   83.8125000       0.00000000    
   83.8828125       0.00000000    
   83.9531250       0.00000000    
   84.0234375       0.00000000    
   84.0937500       0.00000000    
   84.1640625       0.00000000    
   84.2343750       0.00000000    
   84.3046875       0.00000000    
   84.3750000       0.00000000    
   84.4453125       0.00000000    
   84.5156250       0.00000000    
   84.5859375       0.00000000    
   84.6562500       0.00000000    
   84.7265625       0.00000000    
   84.7968750       0.00000000    
   84.8671875       0.00000000    
   84.9375000       0.00000000    
   85.0078125       0.00000000    
   85.0781250       0.00000000    
   85.1484375       0.00000000    
   85.2187500       0.00000000    
   85.2890625       0.00000000    
   85.3593750       0.00000000    
   85.4296875       0.00000000    
   85.5000000       0.00000000    
   85.5703125       0.00000000    
   85.6406250       0.00000000    
   85.7109375       0.00000000    
   85.7812500       0.00000000    
   85.8515625       0.00000000    
   85.9218750       0.00000000    
   85.9921875       0.00000000    
   86.0625000       0.00000000    
   86.1328125       0.00000000    
   86.2031250       0.00000000    
   86.2734375       0.00000000    
   86.3437500       0.00000000    
   86.4140625       0.00000000    
   86.4843750       0.00000000    
   86.5546875       0.00000000    
   86.6250000       0.00000000    
   86.6953125       0.00000000    
   86.7656250       0.00000000    
   86.8359375       0.00000000    
   86.9062500       0.00000000    
   86.9765625       0.00000000    
   87.0468750       0.00000000    
   87.1171875       0.00000000    
   87.1875000       0.00000000    
   87.2578125       0.00000000    
   87.3281250       0.00000000    
   87.3984375       0.00000000    
   87.4687500       0.00000000    
   87.5390625       0.00000000    
   87.6093750       0.00000000    
   87.6796875       0.00000000    
   87.7500000       0.00000000    
   87.8203125       0.00000000    
   87.8906250       0.00000000    
   87.9609375       0.00000000    
   88.0312500       0.00000000    
   88.1015625       0.00000000    
   88.1718750       0.00000000    
   88.2421875       0.00000000    
   88.3125000       0.00000000    
   88.3828125       0.00000000    
   88.4531250       0.00000000    
   88.5234375       0.00000000    
   88.5937500       0.00000000    
   88.6640625       0.00000000    
   88.7343750       0.00000000    
   88.8046875       0.00000000    
   88.8750000       0.00000000    
   88.9453125       0.00000000    
   89.0156250       0.00000000    
   89.0859375       0.00000000    
   89.1562500       0.00000000    
   89.2265625       0.00000000    
   89.2968750       0.00000000    
   89.3671875       0.00000000    
   89.4375000       0.00000000    
   89.5078125       0.00000000    
   89.5781250       0.00000000    
   89.6484375       0.00000000    
   89.7187500       0.00000000    
   89.7890625       0.00000000    
   89.8593750       0.00000000    
   89.9296875       0.00000000    
   90.0000000       0.00000000    
   90.0703125       0.00000000    
   90.1406250       0.00000000    
   90.2109375       0.00000000    
   90.2812500       0.00000000    
   90.3515625       0.00000000    
   90.4218750       0.00000000    
   90.4921875       0.00000000    
   90.5625000       0.00000000    
   90.6328125       0.00000000    
   90.7031250       0.00000000    
   90.7734375       0.00000000    
   90.8437500       0.00000000    
   90.9140625       0.00000000    
   90.9843750       0.00000000    
   91.0546875       0.00000000    
   91.1250000       0.00000000    
   91.1953125       0.00000000    
   91.2656250       0.00000000    
   91.3359375       0.00000000    
   91.4062500       0.00000000    
   91.4765625       0.00000000    
   91.5468750       0.00000000    
   91.6171875       0.00000000    
   91.6875000       0.00000000    
   91.7578125       0.00000000    
   91.8281250       0.00000000    
   91.8984375       0.00000000    
   91.9687500       0.00000000    
   92.0390625       0.00000000    
   92.1093750       0.00000000    
   92.1796875       0.00000000    
   92.2500000       0.00000000    
   92.3203125       0.00000000    
   92.3906250       0.00000000    
   92.4609375       0.00000000    
   92.5312500       0.00000000    
   92.6015625       0.00000000    
   92.6718750       0.00000000    
   92.7421875       0.00000000    
   92.8125000       0.00000000    
   92.8828125       0.00000000    
   92.9531250       0.00000000    
   93.0234375       0.00000000    
   93.0937500       0.00000000    
   93.1640625       0.00000000    
   93.2343750       0.00000000    
   93.3046875       0.00000000    
   93.3750000       0.00000000    
   93.4453125       0.00000000    
   93.5156250       0.00000000    
   93.5859375       0.00000000    
   93.6562500       0.00000000    
   93.7265625       0.00000000    
   93.7968750       0.00000000    
   93.8671875       0.00000000    
   93.9375000       0.00000000    
   94.0078125       0.00000000    
   94.0781250       0.00000000    
   94.1484375       0.00000000    
   94.2187500       0.00000000    
   94.2890625       0.00000000    
   94.3593750       0.00000000    
   94.4296875       0.00000000    
   94.5000000       0.00000000    
   94.5703125       0.00000000    
   94.6406250       0.00000000    
   94.7109375       0.00000000    
   94.7812500       0.00000000    
   94.8515625       0.00000000    
   94.9218750       0.00000000    
   94.9921875       0.00000000    
   95.0625000       0.00000000    
   95.1328125       0.00000000    
   95.2031250       0.00000000    
   95.2734375       0.00000000    
   95.3437500       0.00000000    
   95.4140625       0.00000000    
   95.4843750       0.00000000    
   95.5546875       0.00000000    
   95.6250000       0.00000000    
   95.6953125       0.00000000    
   95.7656250       0.00000000    
   95.8359375       0.00000000    
   95.9062500       0.00000000    
   95.9765625       0.00000000    
   96.0468750       0.00000000    
   96.1171875       0.00000000    
   96.1875000       0.00000000    
   96.2578125       0.00000000    
   96.3281250       0.00000000    
   96.3984375       0.00000000    
   96.4687500       0.00000000    
   96.5390625       0.00000000    
   96.6093750       0.00000000    
   96.6796875       0.00000000    
   96.7500000       0.00000000    
   96.8203125       0.00000000    
   96.8906250       0.00000000    
   96.9609375       0.00000000    
   97.0312500       0.00000000    
   97.1015625       0.00000000    
   97.1718750       0.00000000    
   97.2421875       0.00000000    
   97.3125000       0.00000000    
   97.3828125       0.00000000    
   97.4531250       0.00000000    
   97.5234375       0.00000000    
   97.5937500       0.00000000    
   97.6640625       0.00000000    
   97.7343750       0.00000000    
   97.8046875       0.00000000    
   97.8750000       0.00000000    
   97.9453125       0.00000000    
   98.0156250       0.00000000    
   98.0859375       0.00000000    
   98.1562500       0.00000000    
   98.2265625       0.00000000    
   98.2968750       0.00000000    
   98.3671875       0.00000000    
   98.4375000       0.00000000    
   98.5078125       0.00000000    
   98.5781250       0.00000000    
   98.6484375       0.00000000    
   98.7187500       0.00000000    
   98.7890625       0.00000000    
   98.8593750       0.00000000    
   98.9296875       0.00000000    
   99.0000000       0.00000000    
   99.0703125       0.00000000    
   99.1406250       0.00000000    
   99.2109375       0.00000000    
   99.2812500       0.00000000    
   99.3515625       0.00000000    
   99.4218750       0.00000000    
   99.4921875       0.00000000    
   99.5625000       0.00000000    
   99.6328125       0.00000000    
   99.7031250       0.00000000    
   99.7734375       0.00000000    
   99.8437500       0.00000000    
   99.9140625       0.00000000    
   99.9843750       0.00000000    
