2002 10 10 10 50 20.0 -1.760 134.300
19. 7.841E+20 7.863 59 83 -7 150 83 -173
  -1.12500000       0.00000000    
  -1.05468750       1.63210214E+18
 -0.984375000       1.70434404E+18
 -0.914062500       1.76975110E+18
 -0.843750000       1.82244616E+18
 -0.773437500       1.85658146E+18
 -0.703125000       1.86701720E+18
 -0.632812500       1.84938680E+18
 -0.562500000       1.80078193E+18
 -0.492187500       1.72053682E+18
 -0.421875000       1.70725032E+18
 -0.351562500       1.72500620E+18
 -0.281250000       1.76246601E+18
 -0.210937500       1.73791131E+18
 -0.140625000       1.70473409E+18
  -7.03125000E-02   1.68429211E+18
   0.00000000       1.67432146E+18
   7.03125000E-02   1.67387795E+18
  0.140625000       1.68865978E+18
  0.210937500       1.71913660E+18
  0.281250000       1.76484013E+18
  0.351562500       1.82560835E+18
  0.421875000       1.89924526E+18
  0.492187500       1.98074518E+18
  0.562500000       2.06367104E+18
  0.632812500       2.14415501E+18
  0.703125000       2.22047377E+18
  0.773437500       2.29198861E+18
  0.843750000       2.35880291E+18
  0.914062500       2.43006501E+18
  0.984375000       2.51176724E+18
   1.05468750       2.61453117E+18
   1.12500000       2.73976390E+18
   1.19531250       2.88865069E+18
   1.26562500       3.05630945E+18
   1.33593750       3.23779814E+18
   1.40625000       3.43202027E+18
   1.47656250       3.63938926E+18
   1.54687500       3.86066817E+18
   1.61718750       4.09549115E+18
   1.68750000       4.34218692E+18
   1.75781250       4.59725740E+18
   1.82812500       4.85609701E+18
   1.89843750       5.11327937E+18
   1.96875000       5.36395373E+18
   2.03906250       5.60449554E+18
   2.10937500       5.83373052E+18
   2.17968750       6.05280491E+18
   2.25000000       6.26519977E+18
   2.32031250       6.47539231E+18
   2.39062500       6.68801642E+18
   2.46093750       6.90629037E+18
   2.53125000       7.13161274E+18
   2.60156250       7.36293954E+18
   2.67187500       7.59760831E+18
   2.74218750       7.83185321E+18
   2.81250000       8.06233943E+18
   2.88281250       8.28671897E+18
   2.95312500       8.50451628E+18
   3.02343750       8.71654720E+18
   3.09375000       8.92455886E+18
   3.16406250       9.12980470E+18
   3.23437500       9.33251506E+18
   3.30468750       9.53099010E+18
   3.37500000       9.72204234E+18
   3.44531250       9.90117038E+18
   3.51562500       1.00638640E+19
   3.58593750       1.02062618E+19
   3.65625000       1.03264637E+19
   3.72656250       1.04246973E+19
   3.79687500       1.05037115E+19
   3.86718750       1.05677680E+19
   3.93750000       1.06219563E+19
   4.00781250       1.06705591E+19
   4.07812500       1.07164736E+19
   4.14843750       1.08029634E+19
   4.21875000       1.09720441E+19
   4.28906250       1.12405009E+19
   4.35937500       1.15663554E+19
   4.42968750       1.18981298E+19
   4.50000000       1.22051420E+19
   4.57031250       1.24728984E+19
   4.64062500       1.26986237E+19
   4.71093750       1.28860872E+19
   4.78125000       1.30423728E+19
   4.85156250       1.31751345E+19
   4.92187500       1.32920543E+19
   4.99218750       1.34000770E+19
   5.06250000       1.35056345E+19
   5.13281250       1.36135208E+19
   5.20312500       1.37264164E+19
   5.27343750       1.38434572E+19
   5.34375000       1.39603881E+19
   5.41406250       1.40695674E+19
   5.48437500       1.41617417E+19
   5.55468750       1.42272539E+19
   5.62500000       1.42581050E+19
   5.69531250       1.42486031E+19
   5.76562500       1.41964126E+19
   5.83593750       1.41021261E+19
   5.90625000       1.39695382E+19
   5.97656250       1.38048853E+19
   6.04687500       1.36170051E+19
   6.11718750       1.34164036E+19
   6.18750000       1.32150369E+19
   6.25781250       1.30246564E+19
   6.32812500       1.28557703E+19
   6.39843750       1.27153957E+19
   6.46875000       1.26061911E+19
   6.53906250       1.25255925E+19
   6.60937500       1.24675185E+19
   6.67968750       1.24246716E+19
   6.75000000       1.23928473E+19
   6.82031250       1.23742623E+19
   6.89062500       1.23652947E+19
   6.96093750       1.23523084E+19
   7.03125000       1.23190096E+19
   7.10156250       1.22583122E+19
   7.17187500       1.21741490E+19
   7.24218750       1.20704870E+19
   7.31250000       1.19508569E+19
   7.38281250       1.18176862E+19
   7.45312500       1.16731246E+19
   7.52343750       1.15193172E+19
   7.59375000       1.13595879E+19
   7.66406250       1.11984204E+19
   7.73437500       1.10418246E+19
   7.80468750       1.08961569E+19
   7.87500000       1.07672832E+19
   7.94531250       1.06586459E+19
   8.01562500       1.05705630E+19
   8.08593750       1.04994707E+19
   8.15625000       1.04391515E+19
   8.22656250       1.03819901E+19
   8.29687500       1.03215313E+19
   8.36718750       1.02537717E+19
   8.43750000       1.01784606E+19
   8.50781250       1.00984612E+19
   8.57812500       1.00192293E+19
   8.64843750       9.94709478E+18
   8.71875000       9.88860186E+18
   8.78906250       9.84925584E+18
   8.85937500       9.83350093E+18
   8.92968750       9.84399357E+18
   9.00000000       9.88193222E+18
   9.07031250       9.94683090E+18
   9.14062500       1.00375725E+19
   9.21093750       1.01529717E+19
   9.28125000       1.02932507E+19
   9.35156250       1.04624898E+19
   9.42187500       1.06836554E+19
   9.49218750       1.09714746E+19
   9.56250000       1.13321793E+19
   9.63281250       1.17497199E+19
   9.70312500       1.22132399E+19
   9.77343750       1.27147931E+19
   9.84375000       1.32481300E+19
   9.91406250       1.38070293E+19
   9.98437500       1.43853306E+19
   10.0546875       1.49766425E+19
   10.1250000       1.55752947E+19
   10.1953125       1.61762471E+19
   10.2656250       1.67754523E+19
   10.3359375       1.73687378E+19
   10.4062500       1.79511997E+19
   10.4765625       1.85156659E+19
   10.5468750       1.90526278E+19
   10.6171875       1.95500864E+19
   10.6875000       1.99953644E+19
   10.7578125       2.03767190E+19
   10.8281250       2.06861194E+19
   10.8984375       2.09205991E+19
   10.9687500       2.10833884E+19
   11.0390625       2.11828084E+19
   11.1093750       2.12308900E+19
   11.1796875       2.12406339E+19
   11.2500000       2.12244029E+19
   11.3203125       2.11923456E+19
   11.3906250       2.11527763E+19
   11.4609375       2.11123033E+19
   11.5312500       2.10768331E+19
   11.6015625       2.10509198E+19
   11.6718750       2.10373408E+19
   11.7421875       2.10354826E+19
   11.8125000       2.10413078E+19
   11.8828125       2.10475817E+19
   11.9531250       2.10462886E+19
   12.0234375       2.10305502E+19
   12.0937500       2.09970965E+19
   12.1640625       2.09464002E+19
   12.2343750       2.08821447E+19
   12.3046875       2.08084907E+19
   12.3750000       2.07279800E+19
   12.4453125       2.06391703E+19
   12.5156250       2.05366540E+19
   12.5859375       2.04116945E+19
   12.6562500       2.02550075E+19
   12.7265625       2.00589074E+19
   12.7968750       1.98197966E+19
   12.8671875       1.95383040E+19
   12.9375000       1.92189729E+19
   13.0078125       1.88677867E+19
   13.0781250       1.84902693E+19
   13.1484375       1.80889410E+19
   13.2187500       1.76626471E+19
   13.2890625       1.72059309E+19
   13.3593750       1.67103414E+19
   13.4296875       1.61655389E+19
   13.5000000       1.55620214E+19
   13.5703125       1.48934205E+19
   13.6406250       1.41604750E+19
   13.7109375       1.33748410E+19
   13.7812500       1.25646801E+19
   13.8515625       1.17794474E+19
   13.9218750       1.10948387E+19
   13.9921875       1.05478899E+19
   14.0625000       1.01333806E+19
   14.1328125       9.79489708E+18
   14.2031250       9.49881179E+18
   14.2734375       9.22895756E+18
   14.3437500       8.98628434E+18
   14.4140625       8.77299283E+18
   14.4843750       8.59385105E+18
   14.5546875       8.45549511E+18
   14.6250000       8.36527358E+18
   14.6953125       8.32854549E+18
   14.7656250       8.34692438E+18
   14.8359375       8.41669829E+18
   14.9062500       8.52948894E+18
   14.9765625       8.67340292E+18
   15.0468750       8.83571722E+18
   15.1171875       9.00470556E+18
   15.1875000       9.17148828E+18
   15.2578125       9.32998068E+18
   15.3281250       9.47666103E+18
   15.3984375       9.60898286E+18
   15.4687500       9.72472295E+18
   15.5390625       9.82546131E+18
   15.6093750       9.92025900E+18
   15.6796875       1.00119605E+19
   15.7500000       1.00959500E+19
   15.8203125       1.01588310E+19
   15.8906250       1.01939615E+19
   15.9609375       1.01991963E+19
   16.0312500       1.01750444E+19
   16.1015625       1.01223569E+19
   16.1718750       1.00415670E+19
   16.2421875       9.93201058E+18
   16.3125000       9.79268596E+18
   16.3828125       9.62251895E+18
   16.4531250       9.42133141E+18
   16.5234375       9.18969180E+18
   16.5937500       8.92912623E+18
   16.6640625       8.64134556E+18
   16.7343750       8.32838826E+18
   16.8046875       8.02781257E+18
   16.8750000       7.76386931E+18
   16.9453125       7.55238484E+18
   17.0156250       7.37531179E+18
   17.0859375       7.23526755E+18
   17.1562500       7.14557434E+18
   17.2265625       7.10251471E+18
   17.2968750       7.10415573E+18
   17.3671875       7.12482105E+18
   17.4375000       7.15493778E+18
   17.5078125       7.17591811E+18
   17.5781250       7.19018647E+18
   17.6484375       7.19838498E+18
   17.7187500       7.20019917E+18
   17.7890625       7.19442124E+18
   17.8593750       7.17993243E+18
   17.9296875       7.15571018E+18
   18.0000000       7.12166711E+18
   18.0703125       7.07837109E+18
   18.1406250       7.02749064E+18
   18.2109375       6.97108074E+18
   18.2812500       6.91170821E+18
   18.3515625       6.84635269E+18
   18.4218750       6.76877280E+18
   18.4921875       6.67116201E+18
   18.5625000       6.55077703E+18
   18.6328125       6.40842876E+18
   18.7031250       6.24789896E+18
   18.7734375       6.07549938E+18
   18.8437500       5.90003492E+18
   18.9140625       5.73371180E+18
   18.9843750       5.59186600E+18
   19.0546875       5.48558556E+18
   19.1250000       5.41845158E+18
   19.1953125       5.38484170E+18
   19.2656250       5.37613852E+18
   19.3359375       5.38149644E+18
   19.4062500       5.39008583E+18
   19.4765625       5.39240140E+18
   19.5468750       5.38203630E+18
   19.6171875       5.35574313E+18
   19.6875000       5.31366977E+18
   19.7578125       5.27261620E+18
   19.8281250       5.24779143E+18
   19.8984375       5.24782716E+18
   19.9687500       5.26731051E+18
   20.0390625       5.30411446E+18
   20.1093750       5.36026652E+18
   20.1796875       5.43700474E+18
   20.2500000       5.53645336E+18
   20.3203125       5.66461849E+18
   20.3906250       5.82849520E+18
   20.4609375       6.03266516E+18
   20.5312500       6.27799644E+18
   20.6015625       6.56058962E+18
   20.6718750       6.87301805E+18
   20.7421875       7.20539602E+18
   20.8125000       7.55840797E+18
   20.8828125       7.93440081E+18
   20.9531250       8.33436961E+18
   21.0234375       8.74832364E+18
   21.0937500       9.16659601E+18
   21.1640625       9.58402065E+18
   21.2343750       9.99896094E+18
   21.3046875       1.04112239E+19
   21.3750000       1.08210955E+19
   21.4453125       1.12275563E+19
   21.5156250       1.16278566E+19
   21.5859375       1.20165307E+19
   21.6562500       1.23860700E+19
   21.7265625       1.27272473E+19
   21.7968750       1.30309841E+19
   21.8671875       1.32894034E+19
   21.9375000       1.34977477E+19
   22.0078125       1.36549141E+19
   22.0781250       1.37643617E+19
   22.1484375       1.38332472E+19
   22.2187500       1.38716916E+19
   22.2890625       1.38904097E+19
   22.3593750       1.38991101E+19
   22.4296875       1.39043955E+19
   22.5000000       1.39096775E+19
   22.5703125       1.39153565E+19
   22.6406250       1.39208936E+19
   22.7109375       1.39261438E+19
   22.7812500       1.39332027E+19
   22.8515625       1.39462825E+19
   22.9218750       1.39715536E+19
   22.9921875       1.40151482E+19
   23.0625000       1.40819270E+19
   23.1328125       1.41735845E+19
   23.2031250       1.42885076E+19
   23.2734375       1.44216585E+19
   23.3437500       1.45661321E+19
   23.4140625       1.47140802E+19
   23.4843750       1.48584340E+19
   23.5546875       1.49930582E+19
   23.6250000       1.51131337E+19
   23.6953125       1.52139732E+19
   23.7656250       1.52907345E+19
   23.8359375       1.53374637E+19
   23.9062500       1.53477519E+19
   23.9765625       1.53150425E+19
   24.0468750       1.52343768E+19
   24.1171875       1.51031732E+19
   24.1875000       1.49226466E+19
   24.2578125       1.46975348E+19
   24.3281250       1.44359884E+19
   24.3984375       1.41477877E+19
   24.4687500       1.38432175E+19
   24.5390625       1.35310904E+19
   24.6093750       1.32182551E+19
   24.6796875       1.29088218E+19
   24.7500000       1.26051004E+19
   24.8203125       1.23080970E+19
   24.8906250       1.20193509E+19
   24.9609375       1.17417089E+19
   25.0312500       1.14806540E+19
   25.1015625       1.12439149E+19
   25.1718750       1.10412815E+19
   25.2421875       1.08827330E+19
   25.3125000       1.07770611E+19
   25.3828125       1.07293962E+19
   25.4531250       1.07399889E+19
   25.5234375       1.08027501E+19
   25.5937500       1.09058909E+19
   25.6640625       1.10327899E+19
   25.7343750       1.11648952E+19
   25.8046875       1.12841141E+19
   25.8750000       1.13761081E+19
   25.9453125       1.14318137E+19
   26.0156250       1.14488045E+19
   26.0859375       1.14302953E+19
   26.1562500       1.13840487E+19
   26.2265625       1.13197009E+19
   26.2968750       1.12469880E+19
   26.3671875       1.11732603E+19
   26.4375000       1.11023396E+19
   26.5078125       1.10327943E+19
   26.5781250       1.09579594E+19
   26.6484375       1.08661447E+19
   26.7187500       1.07436668E+19
   26.7890625       1.05789104E+19
   26.8593750       1.03690994E+19
   26.9296875       1.01268100E+19
   27.0000000       9.88680086E+18
   27.0703125       9.69737700E+18
   27.1406250       9.55459662E+18
   27.2109375       9.43653985E+18
   27.2812500       9.30607950E+18
   27.3515625       9.16881592E+18
   27.4218750       9.03001962E+18
   27.4921875       8.89605402E+18
   27.5625000       8.77729687E+18
   27.6328125       8.67132264E+18
   27.7031250       8.57181574E+18
   27.7734375       8.46927584E+18
   27.8437500       8.36065728E+18
   27.9140625       8.24325088E+18
   27.9843750       8.11212477E+18
   28.0546875       7.96646752E+18
   28.1250000       7.80593717E+18
   28.1953125       7.63038200E+18
   28.2656250       7.44076187E+18
   28.3359375       7.23925163E+18
   28.4062500       7.02945326E+18
   28.4765625       6.81560705E+18
   28.5468750       6.60208299E+18
   28.6171875       6.39237863E+18
   28.6875000       6.18905694E+18
   28.7578125       5.99369242E+18
   28.8281250       5.80774411E+18
   28.8984375       5.63287668E+18
   28.9687500       5.47150246E+18
   29.0390625       5.32639442E+18
   29.1093750       5.20067241E+18
   29.1796875       5.09744036E+18
   29.2500000       5.02043716E+18
   29.3203125       4.97466229E+18
   29.3906250       4.96454129E+18
   29.4609375       4.98550073E+18
   29.5312500       5.03078247E+18
   29.6015625       5.09349916E+18
   29.6718750       5.17462992E+18
   29.7421875       5.27484821E+18
   29.8125000       5.39379503E+18
   29.8828125       5.52905145E+18
   29.9531250       5.67641954E+18
   30.0234375       5.83020109E+18
   30.0937500       5.98450325E+18
   30.1640625       6.13389665E+18
   30.2343750       6.27436805E+18
   30.3046875       6.40316155E+18
   30.3750000       6.55559949E+18
   30.4453125       6.76474914E+18
   30.5156250       7.04262266E+18
   30.5859375       7.35048097E+18
   30.6562500       7.64485817E+18
   30.7265625       7.90277941E+18
   30.7968750       8.11928754E+18
   30.8671875       8.29576081E+18
   30.9375000       8.43553347E+18
   31.0078125       8.54010747E+18
   31.0781250       8.61541522E+18
   31.1484375       8.66954308E+18
   31.2187500       8.71146801E+18
   31.2890625       8.74914882E+18
   31.3593750       8.78865593E+18
   31.4296875       8.83302727E+18
   31.5000000       8.88264548E+18
   31.5703125       8.93557982E+18
   31.6406250       8.98919475E+18
   31.7109375       9.04107576E+18
   31.7812500       9.11260724E+18
   31.8515625       9.22302789E+18
   31.9218750       9.38936971E+18
   31.9921875       9.59463643E+18
   32.0625000       9.81708193E+18
   32.1328125       1.00324290E+19
   32.2031250       1.02248545E+19
   32.2734375       1.03844497E+19
   32.3437500       1.05060139E+19
   32.4140625       1.05874042E+19
   32.4843750       1.06292131E+19
   32.5546875       1.06335210E+19
   32.6250000       1.06035450E+19
   32.6953125       1.05422274E+19
   32.7656250       1.04520499E+19
   32.8359375       1.03343076E+19
   32.9062500       1.01900495E+19
   32.9765625       1.00205674E+19
   33.0468750       9.82932829E+18
   33.1171875       9.62299064E+18
   33.1875000       9.41327969E+18
   33.2578125       9.21094591E+18
   33.3281250       9.01125810E+18
   33.3984375       8.80469340E+18
   33.4687500       8.58212806E+18
   33.5390625       8.34801620E+18
   33.6093750       8.10801920E+18
   33.6796875       7.86837899E+18
   33.7500000       7.63612200E+18
   33.8203125       7.41802012E+18
   33.8906250       7.22035212E+18
   33.9609375       7.04758476E+18
   34.0312500       6.90215731E+18
   34.1015625       6.78357223E+18
   34.1718750       6.68901423E+18
   34.2421875       6.61358553E+18
   34.3125000       6.55207225E+18
   34.3828125       6.49991912E+18
   34.4531250       6.45491446E+18
   34.5234375       6.41712369E+18
   34.5937500       6.38888219E+18
   34.6640625       6.36798817E+18
   34.7343750       6.34957465E+18
   34.8046875       6.32577682E+18
   34.8750000       6.29127414E+18
   34.9453125       6.24084394E+18
   35.0156250       6.16979790E+18
   35.0859375       6.07533116E+18
   35.1562500       5.96019800E+18
   35.2265625       5.82785748E+18
   35.2968750       5.68247565E+18
   35.3671875       5.52608552E+18
   35.4375000       5.37067835E+18
   35.5078125       5.23508712E+18
   35.5781250       5.13395129E+18
   35.6484375       5.06359629E+18
   35.7187500       5.01010450E+18
   35.7890625       4.96050883E+18
   35.8593750       4.91026335E+18
   35.9296875       4.85796838E+18
   36.0000000       4.80625175E+18
   36.0703125       4.76225864E+18
   36.1406250       4.73018918E+18
   36.2109375       4.71189606E+18
   36.2812500       4.70510163E+18
   36.3515625       4.70904447E+18
   36.4218750       4.72175043E+18
   36.4921875       4.73964883E+18
   36.5625000       4.75861046E+18
   36.6328125       4.77448741E+18
   36.7031250       4.78479203E+18
   36.7734375       4.79013511E+18
   36.8437500       4.80196970E+18
   36.9140625       4.83924369E+18
   36.9843750       4.90081799E+18
   37.0546875       4.97174969E+18
   37.1250000       5.02644324E+18
   37.1953125       5.05536755E+18
   37.2656250       5.05207671E+18
   37.3359375       5.01347231E+18
   37.4062500       4.94101779E+18
   37.4765625       4.84154552E+18
   37.5468750       4.72861578E+18
   37.6171875       4.62286365E+18
   37.6875000       4.54302949E+18
   37.7578125       4.49158526E+18
   37.8281250       4.46292210E+18
   37.8984375       4.44903719E+18
   37.9687500       4.45037474E+18
   38.0390625       4.46444712E+18
   38.1093750       4.48677820E+18
   38.1796875       4.51164255E+18
   38.2500000       4.53336093E+18
   38.3203125       4.54706085E+18
   38.3906250       4.54982639E+18
   38.4609375       4.54120100E+18
   38.5312500       4.52374735E+18
   38.6015625       4.50243195E+18
   38.6718750       4.48369379E+18
   38.7421875       4.47351507E+18
   38.8125000       4.47595681E+18
   38.8828125       4.49174607E+18
   38.9531250       4.51810631E+18
   39.0234375       4.54888631E+18
   39.0937500       4.57569873E+18
   39.1640625       4.58890084E+18
   39.2343750       4.57913415E+18
   39.3046875       4.53835189E+18
   39.3750000       4.46119394E+18
   39.4453125       4.34572158E+18
   39.5156250       4.19440706E+18
   39.5859375       4.01434499E+18
   39.6562500       3.81758244E+18
   39.7265625       3.62057717E+18
   39.7968750       3.43607279E+18
   39.8671875       3.26755944E+18
   39.9375000       3.11287712E+18
   40.0078125       2.96972621E+18
   40.0781250       2.83861522E+18
   40.1484375       2.71699411E+18
   40.2187500       2.60006957E+18
   40.2890625       2.48214722E+18
   40.3593750       2.35965063E+18
   40.4296875       2.23437407E+18
   40.5000000       2.11738548E+18
   40.5703125       2.03064253E+18
   40.6406250       1.97491434E+18
   40.7109375       1.94097695E+18
   40.7812500       1.91002102E+18
   40.8515625       1.88228268E+18
   40.9218750       1.86127198E+18
   40.9921875       1.84925225E+18
   41.0625000       1.85650243E+18
   41.1328125       1.89271114E+18
   41.2031250       1.96268584E+18
   41.2734375       2.05830157E+18
   41.3437500       2.16829301E+18
   41.4140625       2.28345805E+18
   41.4843750       2.39674926E+18
   41.5546875       2.50285900E+18
   41.6250000       2.59882438E+18
   41.6953125       2.68773666E+18
   41.7656250       2.78755665E+18
   41.8359375       2.91064010E+18
   41.9062500       3.05862722E+18
   41.9765625       3.21441867E+18
   42.0468750       3.36306577E+18
   42.1171875       3.49317703E+18
   42.1875000       3.59685740E+18
   42.2578125       3.66947932E+18
   42.3281250       3.71072228E+18
   42.3984375       3.72512780E+18
   42.4687500       3.72298705E+18
   42.5390625       3.71962282E+18
   42.6093750       3.72424077E+18
   42.6796875       3.73372846E+18
   42.7500000       3.74003388E+18
   42.8203125       3.73956576E+18
   42.8906250       3.73763530E+18
   42.9609375       3.73988572E+18
   43.0312500       3.75225743E+18
   43.1015625       3.78016881E+18
   43.1718750       3.82836260E+18
   43.2421875       3.91819710E+18
   43.3125000       4.05863167E+18
   43.3828125       4.24891535E+18
   43.4531250       4.46407576E+18
   43.5234375       4.68680245E+18
   43.5937500       4.90717207E+18
   43.6640625       5.12128822E+18
   43.7343750       5.32993319E+18
   43.8046875       5.53628239E+18
   43.8750000       5.74408844E+18
   43.9453125       5.95560589E+18
   44.0156250       6.17072259E+18
   44.0859375       6.38638135E+18
   44.1562500       6.59736773E+18
   44.2265625       6.79713800E+18
   44.2968750       6.97940459E+18
   44.3671875       7.13900091E+18
   44.4375000       7.27279388E+18
   44.5078125       7.37944981E+18
   44.5781250       7.45923312E+18
   44.6484375       7.52379919E+18
   44.7187500       7.59739170E+18
   44.7890625       7.69253574E+18
   44.8593750       7.80311692E+18
   44.9296875       7.90578217E+18
   45.0000000       7.98675351E+18
   45.0703125       8.03976866E+18
   45.1406250       8.06448568E+18
   45.2109375       8.06377815E+18
   45.2812500       8.04218594E+18
   45.3515625       8.00395372E+18
   45.4218750       7.95280004E+18
   45.4921875       7.89158418E+18
   45.5625000       7.82362117E+18
   45.6328125       7.75326782E+18
   45.7031250       7.68715638E+18
   45.7734375       7.63372176E+18
   45.8437500       7.60280845E+18
   45.9140625       7.60368531E+18
   45.9843750       7.64383672E+18
   46.0546875       7.72710879E+18
   46.1250000       7.85353228E+18
   46.1953125       8.01899339E+18
   46.2656250       8.21654869E+18
   46.3359375       8.43704915E+18
   46.4062500       8.67059971E+18
   46.4765625       8.90682044E+18
   46.5468750       9.13592788E+18
   46.6171875       9.34899454E+18
   46.6875000       9.53936618E+18
   46.7578125       9.70316153E+18
   46.8281250       9.84042896E+18
   46.8984375       9.95479466E+18
   46.9687500       1.00535066E+19
   47.0390625       1.01462779E+19
   47.1093750       1.02452384E+19
   47.1796875       1.03640054E+19
   47.2500000       1.05005351E+19
   47.3203125       1.06455343E+19
   47.3906250       1.07822222E+19
   47.4609375       1.09032015E+19
   47.5312500       1.10022422E+19
   47.6015625       1.10752322E+19
   47.6718750       1.11212643E+19
   47.7421875       1.11419330E+19
   47.8125000       1.11406179E+19
   47.8828125       1.11204881E+19
   47.9531250       1.10835588E+19
   48.0234375       1.10295739E+19
   48.0937500       1.09566916E+19
   48.1640625       1.08621435E+19
   48.2343750       1.07441549E+19
   48.3046875       1.06028589E+19
   48.3750000       1.04413945E+19
   48.4453125       1.02651725E+19
   48.5156250       1.00812220E+19
   48.5859375       9.89627425E+18
   48.6562500       9.71599063E+18
   48.7265625       9.54395114E+18
   48.7968750       9.38226356E+18
   48.8671875       9.23172723E+18
   48.9375000       9.09297930E+18
   49.0078125       8.96650138E+18
   49.0781250       8.85315493E+18
   49.1484375       8.75344571E+18
   49.2187500       8.66742432E+18
   49.2890625       8.59363005E+18
   49.3593750       8.52906783E+18
   49.4296875       8.46860348E+18
   49.5000000       8.41185714E+18
   49.5703125       8.36222848E+18
   49.6406250       8.31613476E+18
   49.7109375       8.25981502E+18
   49.7812500       8.17389808E+18
   49.8515625       8.04719531E+18
   49.9218750       7.87592933E+18
   49.9921875       7.66154821E+18
   50.0625000       7.40932244E+18
   50.1328125       7.12598764E+18
   50.2031250       6.81872581E+18
   50.2734375       6.49368049E+18
   50.3437500       6.15610623E+18
   50.4140625       5.81005474E+18
   50.4843750       5.45942982E+18
   50.5546875       5.10832003E+18
   50.6250000       4.76258574E+18
   50.6953125       4.43071053E+18
   50.7656250       4.12578077E+18
   50.8359375       3.85982347E+18
   50.9062500       3.62942356E+18
   50.9765625       3.42245369E+18
   51.0468750       3.22529421E+18
   51.1171875       3.03623649E+18
   51.1875000       2.85743556E+18
   51.2578125       2.69307671E+18
   51.3281250       2.54216242E+18
   51.3984375       2.39733749E+18
   51.4687500       2.25060231E+18
   51.5390625       2.10191508E+18
   51.6093750       1.96154634E+18
   51.6796875       1.83497303E+18
   51.7500000       1.72548188E+18
   51.8203125       1.63512978E+18
   51.8906250       1.57062047E+18
   51.9609375       1.52700367E+18
   52.0312500       1.49496074E+18
   52.1015625       1.46802972E+18
   52.1718750       1.45294002E+18
   52.2421875       1.45334505E+18
   52.3125000       1.46579207E+18
   52.3828125       1.48140693E+18
   52.4531250       1.49201501E+18
   52.5234375       1.48979909E+18
   52.5937500       1.46871925E+18
   52.6640625       1.44613885E+18
   52.7343750       1.44583017E+18
   52.8046875       1.49389710E+18
   52.8750000       1.59748058E+18
   52.9453125       1.73708255E+18
   53.0156250       1.88521618E+18
   53.0859375       2.00995371E+18
   53.1562500       2.10377243E+18
   53.2265625       2.17176801E+18
   53.2968750       2.21898764E+18
   53.3671875       2.24849399E+18
   53.4375000       2.25632595E+18
   53.5078125       2.24932234E+18
   53.5781250       2.24191919E+18
   53.6484375       2.24568887E+18
   53.7187500       2.25859177E+18
   53.7890625       2.27177973E+18
   53.8593750       2.28314263E+18
   53.9296875       2.29684488E+18
   54.0000000       2.31857728E+18
   54.0703125       2.35454368E+18
   54.1406250       2.41075374E+18
   54.2109375       2.48390562E+18
   54.2812500       2.56683793E+18
   54.3515625       2.65069109E+18
   54.4218750       2.74828979E+18
   54.4921875       2.87736036E+18
   54.5625000       3.04753205E+18
   54.6328125       3.24685646E+18
   54.7031250       3.45505036E+18
   54.7734375       3.65977888E+18
   54.8437500       3.85689905E+18
   54.9140625       4.04821407E+18
   54.9843750       4.23872563E+18
   55.0546875       4.43296398E+18
   55.1250000       4.63282303E+18
   55.1953125       4.83621179E+18
   55.2656250       5.04648129E+18
   55.3359375       5.26581132E+18
   55.4062500       5.49153776E+18
   55.4765625       5.71026306E+18
   55.5468750       5.90781451E+18
   55.6171875       6.09114543E+18
   55.6875000       6.28809985E+18
   55.7578125       6.50958822E+18
   55.8281250       6.74036692E+18
   55.8984375       6.94366827E+18
   55.9687500       7.10288965E+18
   56.0390625       7.21796783E+18
   56.1093750       7.30019866E+18
   56.1796875       7.35198291E+18
   56.2500000       7.37295224E+18
   56.3203125       7.35759536E+18
   56.3906250       7.30917617E+18
   56.4609375       7.24394654E+18
   56.5312500       7.18057234E+18
   56.6015625       7.13348026E+18
   56.6718750       7.09558944E+18
   56.7421875       7.05290420E+18
   56.8125000       6.99449539E+18
   56.8828125       6.91724370E+18
   56.9531250       6.82423602E+18
   57.0234375       6.72243883E+18
   57.0937500       6.62151851E+18
   57.1640625       6.53230358E+18
   57.2343750       6.46611793E+18
   57.3046875       6.43190223E+18
   57.3750000       6.43749819E+18
   57.4453125       6.48185414E+18
   57.5156250       6.56694095E+18
   57.5859375       6.68814506E+18
   57.6562500       6.84364020E+18
   57.7265625       7.02600575E+18
   57.7968750       7.23202234E+18
   57.8671875       7.46137057E+18
   57.9375000       7.71521207E+18
   58.0078125       7.99357543E+18
   58.0781250       8.29425338E+18
   58.1484375       8.61177529E+18
   58.2187500       8.93853420E+18
   58.2890625       9.26580879E+18
   58.3593750       9.58600856E+18
   58.4296875       9.89357935E+18
   58.5000000       1.01860538E+19
   58.5703125       1.04631220E+19
   58.6406250       1.07259294E+19
   58.7109375       1.09750337E+19
   58.7812500       1.12095870E+19
   58.8515625       1.14261479E+19
   58.9218750       1.16193233E+19
   58.9921875       1.17820137E+19
   59.0625000       1.19070281E+19
   59.1328125       1.19876421E+19
   59.2031250       1.20188364E+19
   59.2734375       1.19971144E+19
   59.3437500       1.19208765E+19
   59.4140625       1.17896025E+19
   59.4843750       1.16040434E+19
   59.5546875       1.13656308E+19
   59.6250000       1.10771321E+19
   59.6953125       1.07424485E+19
   59.7656250       1.03674645E+19
   59.8359375       9.95991069E+18
   59.9062500       9.53030840E+18
   59.9765625       9.09201283E+18
   60.0468750       8.66231654E+18
   60.1171875       8.26251762E+18
   60.1875000       7.88587607E+18
   60.2578125       7.51445774E+18
   60.3281250       7.12789694E+18
   60.3984375       6.73906290E+18
   60.4687500       6.38158693E+18
   60.5390625       6.06248282E+18
   60.6093750       5.77695779E+18
   60.6796875       5.51074733E+18
   60.7500000       5.27902141E+18
   60.8203125       5.11332610E+18
   60.8906250       5.04642522E+18
   60.9609375       5.07831161E+18
   61.0312500       5.18532322E+18
   61.1015625       5.32929108E+18
   61.1718750       5.49228873E+18
   61.2421875       5.66285652E+18
   61.3125000       5.83489545E+18
   61.3828125       6.00574966E+18
   61.4531250       6.17461101E+18
   61.5234375       6.34084507E+18
   61.5937500       6.50312584E+18
   61.6640625       6.65882604E+18
   61.7343750       6.80437114E+18
   61.8046875       6.93575453E+18
   61.8750000       7.04966504E+18
   61.9453125       7.14425602E+18
   62.0156250       7.21999038E+18
   62.0859375       7.27962075E+18
   62.1562500       7.32788766E+18
   62.2265625       7.36774990E+18
   62.2968750       7.39818988E+18
   62.3671875       7.41345715E+18
   62.4375000       7.40459509E+18
   62.5078125       7.36004507E+18
   62.5781250       7.26777406E+18
   62.6484375       7.12182324E+18
   62.7187500       6.91568240E+18
   62.7890625       6.64586060E+18
   62.8593750       6.31409011E+18
   62.9296875       5.94318745E+18
   63.0000000       5.58054983E+18
   63.0703125       5.29832663E+18
   63.1406250       5.11530028E+18
   63.2109375       5.00851186E+18
   63.2812500       4.92354875E+18
   63.3515625       4.84409309E+18
   63.4218750       4.77201845E+18
   63.4921875       4.73005009E+18
   63.5625000       4.74856312E+18
   63.6328125       4.83658562E+18
   63.7031250       4.96979366E+18
   63.7734375       5.10976259E+18
   63.8437500       5.23603600E+18
   63.9140625       5.33967212E+18
   63.9843750       5.41861705E+18
   64.0546875       5.47412920E+18
   64.1250000       5.50843341E+18
   64.1953125       5.52303327E+18
   64.2656250       5.51840708E+18
   64.3359375       5.49408863E+18
   64.4062500       5.46278883E+18
   64.4765625       5.43185792E+18
   64.5468750       5.40554826E+18
   64.6171875       5.37326770E+18
   64.6875000       5.32993979E+18
   64.7578125       5.31769233E+18
   64.8281250       5.36184157E+18
   64.8984375       5.46957337E+18
   64.9687500       5.59405403E+18
   65.0390625       5.70257967E+18
   65.1093750       5.78064720E+18
   65.1796875       5.82637699E+18
   65.2500000       5.84581140E+18
   65.3203125       5.84860416E+18
   65.3906250       5.85982743E+18
   65.4609375       5.94015445E+18
   65.5312500       6.12270472E+18
   65.6015625       6.40528305E+18
   65.6718750       6.73511730E+18
   65.7421875       7.07646893E+18
   65.8125000       7.40774299E+18
   65.8828125       7.71737316E+18
   65.9531250       8.00134238E+18
   66.0234375       8.26141866E+18
   66.0937500       8.50554543E+18
   66.1640625       8.72854453E+18
   66.2343750       8.92060557E+18
   66.3046875       9.06871913E+18
   66.3750000       9.17518814E+18
   66.4453125       9.24765475E+18
   66.5156250       9.29520973E+18
   66.5859375       9.32602354E+18
   66.6562500       9.34590051E+18
   66.7265625       9.35651520E+18
   66.7968750       9.35557951E+18
   66.8671875       9.33727484E+18
   66.9375000       9.29453683E+18
   67.0078125       9.22075795E+18
   67.0781250       9.11206298E+18
   67.1484375       8.96787467E+18
   67.2187500       8.79147342E+18
   67.2890625       8.58906818E+18
   67.3593750       8.36960016E+18
   67.4296875       8.14372639E+18
   67.5000000       7.93946021E+18
   67.5703125       7.78111625E+18
   67.6406250       7.68705797E+18
   67.7109375       7.65367460E+18
   67.7812500       7.68695187E+18
   67.8515625       7.80342754E+18
   67.9218750       8.01273112E+18
   67.9921875       8.30038425E+18
   68.0625000       8.63351429E+18
   68.1328125       8.98195887E+18
   68.2031250       9.32760134E+18
   68.2734375       9.66150103E+18
   68.3437500       9.98117524E+18
   68.4140625       1.02867922E+19
   68.4843750       1.05788874E+19
   68.5546875       1.08560237E+19
   68.6250000       1.11145397E+19
   68.6953125       1.13483036E+19
   68.7656250       1.15502773E+19
   68.8359375       1.17135064E+19
   68.9062500       1.18331322E+19
   68.9765625       1.19069061E+19
   69.0468750       1.19359805E+19
   69.1171875       1.19238353E+19
   69.1875000       1.18756206E+19
   69.2578125       1.17964261E+19
   69.3281250       1.16910049E+19
   69.3984375       1.15632823E+19
   69.4687500       1.14175431E+19
   69.5390625       1.12588649E+19
   69.6093750       1.10941394E+19
   69.6796875       1.09313281E+19
   69.7500000       1.07788335E+19
   69.8203125       1.06434507E+19
   69.8906250       1.05294489E+19
   69.9609375       1.04373978E+19
   70.0312500       1.03649642E+19
   70.1015625       1.03076060E+19
   70.1718750       1.02607624E+19
   70.2421875       1.02208512E+19
   70.3125000       1.01866080E+19
   70.3828125       1.01585177E+19
   70.4531250       1.01385450E+19
   70.5234375       1.01286154E+19
   70.5937500       1.01302712E+19
   70.6640625       1.01437402E+19
   70.7343750       1.01684298E+19
   70.8046875       1.02026026E+19
   70.8750000       1.02440982E+19
   70.9453125       1.02900457E+19
   71.0156250       1.03376479E+19
   71.0859375       1.03841243E+19
   71.1562500       1.04277837E+19
   71.2265625       1.04679422E+19
   71.2968750       1.05054708E+19
   71.3671875       1.05418393E+19
   71.4375000       1.05788709E+19
   71.5078125       1.06175352E+19
   71.5781250       1.06581149E+19
   71.6484375       1.06997710E+19
   71.7187500       1.07413589E+19
   71.7890625       1.07812811E+19
   71.8593750       1.08181026E+19
   71.9296875       1.08498840E+19
   72.0000000       1.08743063E+19
   72.0703125       1.08878732E+19
   72.1406250       1.08865494E+19
   72.2109375       1.08659380E+19
   72.2812500       1.08228360E+19
   72.3515625       1.07557867E+19
   72.4218750       1.06662249E+19
   72.4921875       1.05580296E+19
   72.5625000       1.04374528E+19
   72.6328125       1.03116401E+19
   72.7031250       1.01879472E+19
   72.7734375       1.00723533E+19
   72.8437500       9.96913229E+18
   72.9140625       9.87986184E+18
   72.9843750       9.80372176E+18
   73.0546875       9.73702319E+18
   73.1250000       9.67391672E+18
   73.1953125       9.60641880E+18
   73.2656250       9.52599722E+18
   73.3359375       9.42471131E+18
   73.4062500       9.29779248E+18
   73.4765625       9.14505053E+18
   73.5468750       8.97254320E+18
   73.6171875       8.78284171E+18
   73.6875000       8.57942216E+18
   73.7578125       8.36543686E+18
   73.8281250       8.15147409E+18
   73.8984375       7.94855702E+18
   73.9687500       7.76635970E+18
   74.0390625       7.61211746E+18
   74.1093750       7.49063517E+18
   74.1796875       7.40391779E+18
   74.2500000       7.35194332E+18
   74.3203125       7.33290913E+18
   74.3906250       7.34434570E+18
   74.4609375       7.38448942E+18
   74.5312500       7.45552062E+18
   74.6015625       7.55791539E+18
   74.6718750       7.69039059E+18
   74.7421875       7.84750256E+18
   74.8125000       8.02585104E+18
   74.8828125       8.22297973E+18
   74.9531250       8.43709093E+18
   75.0234375       8.66573932E+18
   75.0937500       8.90573082E+18
   75.1640625       9.15231995E+18
   75.2343750       9.39971281E+18
   75.3046875       9.64079503E+18
   75.3750000       9.86803879E+18
   75.4453125       1.00734693E+19
   75.5156250       1.02497266E+19
   75.5859375       1.03900781E+19
   75.6562500       1.04894289E+19
   75.7265625       1.05442648E+19
   75.7968750       1.05535381E+19
   75.8671875       1.05185000E+19
   75.9375000       1.04434561E+19
   76.0078125       1.03354643E+19
   76.0781250       1.02049314E+19
   76.1484375       1.00649173E+19
   76.2187500       9.92390718E+18
   76.2890625       9.78746328E+18
   76.3593750       9.65865000E+18
   76.4296875       9.54377302E+18
   76.5000000       9.44878402E+18
   76.5703125       9.37830752E+18
   76.6406250       9.34130236E+18
   76.7109375       9.34117591E+18
   76.7812500       9.37602713E+18
   76.8515625       9.43408684E+18
   76.9218750       9.50556280E+18
   76.9921875       9.58324329E+18
   77.0625000       9.66322617E+18
   77.1328125       9.74383136E+18
   77.2031250       9.82506328E+18
   77.2734375       9.90695601E+18
   77.3437500       9.98933472E+18
   77.4140625       1.00712890E+19
   77.4843750       1.01526474E+19
   77.5546875       1.02351569E+19
   77.6250000       1.03250981E+19
   77.6953125       1.04199925E+19
   77.7656250       1.05100063E+19
   77.8359375       1.05813635E+19
   77.9062500       1.06294715E+19
   77.9765625       1.06562853E+19
   78.0468750       1.06644294E+19
   78.1171875       1.06556476E+19
   78.1875000       1.06303995E+19
   78.2578125       1.05872469E+19
   78.3281250       1.05237238E+19
   78.3984375       1.04370328E+19
   78.4687500       1.03261129E+19
   78.5390625       1.01933260E+19
   78.6093750       1.00470393E+19
   78.6796875       9.90312751E+18
   78.7500000       9.78653530E+18
   78.8203125       9.70448424E+18
   78.8906250       9.66415525E+18
   78.9609375       9.65368350E+18
   79.0312500       9.66747468E+18
   79.1015625       9.68656660E+18
   79.1718750       9.69562218E+18
   79.2421875       9.68257207E+18
   79.3125000       9.63941624E+18
   79.3828125       9.56279567E+18
   79.4531250       9.45590225E+18
   79.5234375       9.33006755E+18
   79.5937500       9.20723505E+18
   79.6640625       9.12109766E+18
   79.7343750       9.06684116E+18
   79.8046875       9.02742312E+18
   79.8750000       8.96981696E+18
   79.9453125       8.89228215E+18
   80.0156250       8.79491600E+18
   80.0859375       8.70450865E+18
   80.1562500       8.64039778E+18
   80.2265625       8.61732508E+18
   80.2968750       8.62493864E+18
   80.3671875       8.64767050E+18
   80.4375000       8.66421155E+18
   80.5078125       8.65171615E+18
   80.5781250       8.60139260E+18
   80.6484375       8.51573295E+18
   80.7187500       8.40020891E+18
   80.7890625       8.26113883E+18
   80.8593750       8.10448976E+18
   80.9296875       7.93423149E+18
   81.0000000       7.75235852E+18
   81.0703125       7.55898521E+18
   81.1406250       7.35416818E+18
   81.2109375       7.13939343E+18
   81.2812500       6.92000843E+18
   81.3515625       6.70637222E+18
   81.4218750       6.51209181E+18
   81.4921875       6.33673125E+18
   81.5625000       6.17578749E+18
   81.6328125       6.02092677E+18
   81.7031250       5.87509745E+18
   81.7734375       5.74024399E+18
   81.8437500       5.61793322E+18
   81.9140625       5.50933831E+18
   81.9843750       5.41590401E+18
   82.0546875       5.33889806E+18
   82.1250000       5.27929354E+18
   82.1953125       5.23651649E+18
   82.2656250       5.20798141E+18
   82.3359375       5.18829081E+18
   82.4062500       5.17004276E+18
   82.4765625       5.14468473E+18
   82.5468750       5.10460863E+18
   82.6171875       5.04432845E+18
   82.6875000       4.96173369E+18
   82.7578125       4.86240106E+18
   82.8281250       4.75468025E+18
   82.8984375       4.64623872E+18
   82.9687500       4.53916443E+18
   83.0390625       4.43376140E+18
   83.1093750       4.33092545E+18
   83.1796875       4.23144246E+18
   83.2500000       4.13628028E+18
   83.3203125       4.04601862E+18
   83.3906250       3.96120972E+18
   83.4609375       3.88189177E+18
   83.5312500       3.80811784E+18
   83.6015625       3.73971255E+18
   83.6718750       3.67699613E+18
   83.7421875       3.62059943E+18
   83.8125000       3.57207111E+18
   83.8828125       3.53351674E+18
   83.9531250       3.50815458E+18
   84.0234375       3.50013281E+18
   84.0937500       3.51547512E+18
   84.1640625       3.56177776E+18
   84.2343750       3.63298625E+18
   84.3046875       3.71740318E+18
   84.3750000       3.79760651E+18
   84.4453125       3.86587161E+18
   84.5156250       3.91661985E+18
   84.5859375       3.94792239E+18
   84.6562500       3.97329665E+18
   84.7265625       4.00800053E+18
   84.7968750       4.05668773E+18
   84.8671875       4.11046567E+18
   84.9375000       4.16103221E+18
   85.0078125       4.21136923E+18
   85.0781250       4.26557735E+18
   85.1484375       4.32664423E+18
   85.2187500       4.39581093E+18
   85.2890625       4.47276025E+18
   85.3593750       4.55583495E+18
   85.4296875       4.64256855E+18
   85.5000000       4.73058666E+18
   85.5703125       4.81774769E+18
   85.6406250       4.90220338E+18
   85.7109375       4.98166948E+18
   85.7812500       5.05300964E+18
   85.8515625       5.11162351E+18
   85.9218750       5.16303063E+18
   85.9921875       5.22223988E+18
   86.0625000       5.29462403E+18
   86.1328125       5.36788724E+18
   86.2031250       5.41642902E+18
   86.2734375       5.42369570E+18
   86.3437500       5.38173448E+18
   86.4140625       5.29031394E+18
   86.4843750       5.15985029E+18
   86.5546875       5.02092315E+18
   86.6250000       4.88834953E+18
   86.6953125       4.76771112E+18
   86.7656250       4.65278356E+18
   86.8359375       4.54771588E+18
   86.9062500       4.43484936E+18
   86.9765625       4.28851344E+18
   87.0468750       4.08798423E+18
   87.1171875       3.83924117E+18
   87.1875000       3.55442862E+18
   87.2578125       3.25349641E+18
   87.3281250       2.96723884E+18
   87.3984375       2.73960117E+18
   87.4687500       2.58745955E+18
   87.5390625       2.50417017E+18
   87.6093750       2.46072269E+18
   87.6796875       2.44394744E+18
   87.7500000       2.44974847E+18
   87.8203125       2.47713153E+18
   87.8906250       2.52706777E+18
   87.9609375       2.60017870E+18
   88.0312500       2.69597118E+18
   88.1015625       2.81203645E+18
   88.1718750       2.93885467E+18
   88.2421875       3.06063135E+18
   88.3125000       3.16329550E+18
   88.3828125       3.24176407E+18
   88.4531250       3.30697144E+18
   88.5234375       3.37921512E+18
   88.5937500       3.47446801E+18
   88.6640625       3.59550913E+18
   88.7343750       3.73223779E+18
   88.8046875       3.87462125E+18
   88.8750000       4.01501542E+18
   88.9453125       4.14762339E+18
   89.0156250       4.26891409E+18
   89.0859375       4.37718245E+18
   89.1562500       4.47724268E+18
   89.2265625       4.58505090E+18
   89.2968750       4.71037983E+18
   89.3671875       4.85410469E+18
   89.4375000       5.00490876E+18
   89.5078125       5.15721091E+18
   89.5781250       5.30937727E+18
   89.6484375       5.46102522E+18
   89.7187500       5.61149503E+18
   89.7890625       5.75827708E+18
   89.8593750       5.89724931E+18
   89.9296875       6.02308017E+18
   90.0000000       6.13112258E+18
   90.0703125       6.21862116E+18
   90.1406250       6.28626532E+18
   90.2109375       6.33802208E+18
   90.2812500       6.38086235E+18
   90.3515625       6.41838318E+18
   90.4218750       6.44848616E+18
   90.4921875       6.46519434E+18
   90.5625000       6.46347361E+18
   90.6328125       6.44089953E+18
   90.7031250       6.39589707E+18
   90.7734375       6.32840355E+18
   90.8437500       6.24042613E+18
   90.9140625       6.13530622E+18
   90.9843750       6.01698337E+18
   91.0546875       5.88853018E+18
   91.1250000       5.75153213E+18
   91.1953125       5.61184907E+18
   91.2656250       5.47789667E+18
   91.3359375       5.35155509E+18
   91.4062500       5.22167363E+18
   91.4765625       5.07045670E+18
   91.5468750       4.88616095E+18
   91.6171875       4.66699530E+18
   91.6875000       4.42096391E+18
   91.7578125       4.16630602E+18
   91.8281250       3.93223731E+18
   91.8984375       3.73171223E+18
   91.9687500       3.57821738E+18
   92.0390625       3.47766759E+18
   92.1093750       3.43009557E+18
   92.1796875       3.41428707E+18
   92.2500000       3.39679906E+18
   92.3203125       3.35728371E+18
   92.3906250       3.28686082E+18
   92.4609375       3.18557958E+18
   92.5312500       3.06087599E+18
   92.6015625       2.92517867E+18
   92.6718750       2.79443464E+18
   92.7421875       2.68577211E+18
   92.8125000       2.61167794E+18
   92.8828125       2.57403891E+18
   92.9531250       2.56830716E+18
   93.0234375       2.58742354E+18
   93.0937500       2.62722201E+18
   93.1640625       2.68287957E+18
   93.2343750       2.75115869E+18
   93.3046875       2.83299149E+18
   93.3750000       2.93489588E+18
   93.4453125       3.06422951E+18
   93.5156250       3.22403775E+18
   93.5859375       3.40686482E+18
   93.6562500       3.60233572E+18
   93.7265625       3.79881790E+18
   93.7968750       3.99014337E+18
   93.8671875       4.17907190E+18
   93.9375000       4.36701912E+18
   94.0078125       4.55389596E+18
   94.0781250       4.73332994E+18
   94.1484375       4.91321279E+18
   94.2187500       5.10660039E+18
   94.2890625       5.32008597E+18
   94.3593750       5.54953920E+18
   94.4296875       5.78747407E+18
   94.5000000       6.04877245E+18
   94.5703125       6.35058840E+18
   94.6406250       6.70050962E+18
   94.7109375       7.08250965E+18
   94.7812500       7.47439868E+18
   94.8515625       7.86088087E+18
   94.9218750       8.23209853E+18
   94.9921875       8.58154972E+18
   95.0625000       8.90513214E+18
   95.1328125       9.19988207E+18
   95.2031250       9.46387811E+18
   95.2734375       9.69574092E+18
   95.3437500       9.89507029E+18
   95.4140625       1.00621895E+19
   95.4843750       1.01986070E+19
   95.5546875       1.03066241E+19
   95.6250000       1.03895460E+19
   95.6953125       1.04509251E+19
   95.7656250       1.04943745E+19
   95.8359375       1.05225242E+19
   95.9062500       1.05368530E+19
   95.9765625       1.05370465E+19
   96.0468750       1.05215852E+19
   96.1171875       1.04880050E+19
   96.1875000       1.04341531E+19
   96.2578125       1.03587036E+19
   96.3281250       1.02621906E+19
   96.3984375       1.01468541E+19
   96.4687500       1.00168104E+19
   96.5390625       9.87709987E+18
   96.6093750       9.73335852E+18
   96.6796875       9.59084642E+18
   96.7500000       9.45449598E+18
   96.8203125       9.32842597E+18
   96.8906250       9.21626095E+18
   96.9609375       9.12059739E+18
   97.0312500       9.04311205E+18
   97.1015625       8.98386322E+18
   97.1718750       8.94142317E+18
   97.2421875       8.91242520E+18
   97.3125000       8.89215296E+18
   97.3828125       8.87464983E+18
   97.4531250       8.85388610E+18
   97.5234375       8.82430099E+18
   97.5937500       8.78200883E+18
   97.6640625       8.72495847E+18
   97.7343750       8.65336872E+18
   97.8046875       8.56886520E+18
   97.8750000       8.47393337E+18
   97.9453125       8.37036047E+18
   98.0156250       8.25856213E+18
   98.0859375       8.13657186E+18
   98.1562500       8.00048861E+18
   98.2265625       7.84494235E+18
   98.2968750       7.66514361E+18
   98.3671875       7.45886643E+18
   98.4375000       7.22964629E+18
   98.5078125       6.87707745E+18
   98.5781250       6.71970819E+18
   98.6484375       6.53817827E+18
   98.7187500       6.33318038E+18
   98.7890625       6.10683931E+18
   98.8593750       5.86355202E+18
   98.9296875       5.61018166E+18
   99.0000000       5.35730773E+18
   99.0703125       5.02037669E+18
   99.1406250       4.87500036E+18
   99.2109375       4.60019667E+18
   99.2812500       4.53436616E+18
   99.3515625       4.48650360E+18
   99.4218750       4.45303996E+18
   99.4921875       4.42871684E+18
   99.5625000       4.40730495E+18
   99.6328125       4.38135895E+18
   99.7031250       4.34314982E+18
   99.7734375       4.28509808E+18
   99.8437500       4.20185543E+18
   99.9140625       4.09208156E+18
   99.9843750       3.96149477E+18
   100.054688       3.82461519E+18
   100.125000       3.62278938E+18
   100.195312       3.60834235E+18
   100.265625       3.58796400E+18
   100.335938       3.56563869E+18
   100.406250       3.54379002E+18
   100.476562       3.52249331E+18
   100.546875       3.50040384E+18
   100.617188       3.47524152E+18
   100.687500       3.44533233E+18
   100.757812       3.40989535E+18
   100.828125       3.36969857E+18
   100.898438       3.32613510E+18
   100.968750       3.28082313E+18
   101.039062       3.23426018E+18
   101.109375       3.18586243E+18
   101.179688       3.13369555E+18
   101.250000       3.07566965E+18
   101.320312       3.00993177E+18
   101.390625       2.93587499E+18
   101.460938       2.85353641E+18
   101.531250       2.76326678E+18
   101.601562       2.66414141E+18
   101.671875       2.55361576E+18
   101.742188       2.42713811E+18
   101.812500       2.28004489E+18
   101.882812       1.91565767E+18
   101.953125       1.64619307E+18
   102.023438       1.54636676E+18
   102.093750       1.42896737E+18
   102.164062       1.12559892E+18
   102.234375       1.03588509E+18
   102.304688       9.48674919E+17
   102.375000       8.65778820E+17
   102.445312       7.87990847E+17
   102.515625       5.70337435E+17
   102.585938       5.11035550E+17
   102.656250       4.38744000E+17
   102.726562       3.53406402E+17
   102.796875       2.58027565E+17
   102.867188       1.60278696E+17
   102.937500       0.00000000    
   103.007812       0.00000000    
   103.078125       0.00000000    
   103.148438       0.00000000    
   103.218750       0.00000000    
   103.289062       0.00000000    
   103.359375       0.00000000    
   103.429688       0.00000000    
   103.500000       0.00000000    
   103.570312       0.00000000    
   103.640625       0.00000000    
   103.710938       0.00000000    
   103.781250       0.00000000    
   103.851562       0.00000000    
   103.921875       0.00000000    
   103.992188       0.00000000    
   104.062500       0.00000000    
   104.132812       0.00000000    
   104.203125       0.00000000    
   104.273438       0.00000000    
   104.343750       0.00000000    
   104.414062       0.00000000    
   104.484375       0.00000000    
   104.554688       0.00000000    
   104.625000       0.00000000    
   104.695312       0.00000000    
   104.765625       0.00000000    
   104.835938       0.00000000    
   104.906250       0.00000000    
   104.976562       0.00000000    
   105.046875       0.00000000    
   105.117188       0.00000000    
   105.187500       0.00000000    
   105.257812       0.00000000    
   105.328125       0.00000000    
   105.398438       0.00000000    
   105.468750       0.00000000    
   105.539062       0.00000000    
   105.609375       0.00000000    
   105.679688       0.00000000    
   105.750000       0.00000000    
   105.820312       0.00000000    
   105.890625       0.00000000    
   105.960938       0.00000000    
   106.031250       0.00000000    
   106.101562       0.00000000    
   106.171875       0.00000000    
   106.242188       0.00000000    
   106.312500       0.00000000    
   106.382812       0.00000000    
   106.453125       0.00000000    
   106.523438       0.00000000    
   106.593750       0.00000000    
   106.664062       0.00000000    
   106.734375       0.00000000    
   106.804688       0.00000000    
   106.875000       0.00000000    
   106.945312       0.00000000    
   107.015625       0.00000000    
   107.085938       0.00000000    
   107.156250       0.00000000    
   107.226562       0.00000000    
   107.296875       0.00000000    
   107.367188       0.00000000    
   107.437500       0.00000000    
   107.507812       0.00000000    
   107.578125       0.00000000    
   107.648438       0.00000000    
   107.718750       0.00000000    
   107.789062       0.00000000    
   107.859375       0.00000000    
   107.929688       0.00000000    
   108.000000       0.00000000    
   108.070312       0.00000000    
   108.140625       0.00000000    
   108.210938       0.00000000    
   108.281250       0.00000000    
   108.351562       0.00000000    
   108.421875       0.00000000    
   108.492188       0.00000000    
   108.562500       0.00000000    
   108.632812       0.00000000    
   108.703125       0.00000000    
   108.773438       0.00000000    
   108.843750       0.00000000    
   108.914062       0.00000000    
   108.984375       0.00000000    
   109.054688       0.00000000    
   109.125000       0.00000000    
   109.195312       0.00000000    
   109.265625       0.00000000    
   109.335938       0.00000000    
   109.406250       0.00000000    
   109.476562       0.00000000    
   109.546875       0.00000000    
   109.617188       0.00000000    
   109.687500       0.00000000    
   109.757812       0.00000000    
   109.828125       0.00000000    
   109.898438       0.00000000    
   109.968750       0.00000000    
   110.039062       0.00000000    
   110.109375       0.00000000    
   110.179688       0.00000000    
   110.250000       0.00000000    
   110.320312       0.00000000    
   110.390625       0.00000000    
   110.460938       0.00000000    
   110.531250       0.00000000    
   110.601562       0.00000000    
   110.671875       0.00000000    
   110.742188       0.00000000    
   110.812500       0.00000000    
   110.882812       0.00000000    
   110.953125       0.00000000    
   111.023438       0.00000000    
   111.093750       0.00000000    
   111.164062       0.00000000    
   111.234375       0.00000000    
   111.304688       0.00000000    
   111.375000       0.00000000    
   111.445312       0.00000000    
   111.515625       0.00000000    
   111.585938       0.00000000    
   111.656250       0.00000000    
   111.726562       0.00000000    
   111.796875       0.00000000    
   111.867188       0.00000000    
   111.937500       0.00000000    
   112.007812       0.00000000    
   112.078125       0.00000000    
   112.148438       0.00000000    
   112.218750       0.00000000    
   112.289062       0.00000000    
   112.359375       0.00000000    
   112.429688       0.00000000    
   112.500000       0.00000000    
   112.570312       0.00000000    
   112.640625       0.00000000    
   112.710938       0.00000000    
   112.781250       0.00000000    
   112.851562       0.00000000    
   112.921875       0.00000000    
   112.992188       0.00000000    
   113.062500       0.00000000    
   113.132812       0.00000000    
   113.203125       0.00000000    
   113.273438       0.00000000    
   113.343750       0.00000000    
   113.414062       0.00000000    
   113.484375       0.00000000    
   113.554688       0.00000000    
   113.625000       0.00000000    
   113.695312       0.00000000    
   113.765625       0.00000000    
   113.835938       0.00000000    
   113.906250       0.00000000    
   113.976562       0.00000000    
   114.046875       0.00000000    
   114.117188       0.00000000    
   114.187500       0.00000000    
   114.257812       0.00000000    
   114.328125       0.00000000    
   114.398438       0.00000000    
   114.468750       0.00000000    
   114.539062       0.00000000    
   114.609375       0.00000000    
   114.679688       0.00000000    
   114.750000       0.00000000    
   114.820312       0.00000000    
   114.890625       0.00000000    
   114.960938       0.00000000    
   115.031250       0.00000000    
   115.101562       0.00000000    
   115.171875       0.00000000    
   115.242188       0.00000000    
   115.312500       0.00000000    
   115.382812       0.00000000    
   115.453125       0.00000000    
   115.523438       0.00000000    
   115.593750       0.00000000    
   115.664062       0.00000000    
   115.734375       0.00000000    
   115.804688       0.00000000    
   115.875000       0.00000000    
   115.945312       0.00000000    
   116.015625       0.00000000    
   116.085938       0.00000000    
   116.156250       0.00000000    
   116.226562       0.00000000    
   116.296875       0.00000000    
   116.367188       0.00000000    
   116.437500       0.00000000    
   116.507812       0.00000000    
   116.578125       0.00000000    
   116.648438       0.00000000    
   116.718750       0.00000000    
   116.789062       0.00000000    
   116.859375       0.00000000    
   116.929688       0.00000000    
   117.000000       0.00000000    
   117.070312       0.00000000    
   117.140625       0.00000000    
   117.210938       0.00000000    
   117.281250       0.00000000    
   117.351562       0.00000000    
   117.421875       0.00000000    
   117.492188       0.00000000    
   117.562500       0.00000000    
   117.632812       0.00000000    
   117.703125       0.00000000    
   117.773438       0.00000000    
   117.843750       0.00000000    
   117.914062       0.00000000    
   117.984375       0.00000000    
   118.054688       0.00000000    
   118.125000       0.00000000    
   118.195312       0.00000000    
   118.265625       0.00000000    
