2002 10 10 10 50 20.0 -1.760 134.300
19. 7.841E+20 7.863 59 83 -7 150 83 -173
  -1.12500000       0.00000000    
  -1.05468750       0.00000000    
 -0.984375000       0.00000000    
 -0.914062500       0.00000000    
 -0.843750000       0.00000000    
 -0.773437500       0.00000000    
 -0.703125000       0.00000000    
 -0.632812500       0.00000000    
 -0.562500000       0.00000000    
 -0.492187500       0.00000000    
 -0.421875000       0.00000000    
 -0.351562500       0.00000000    
 -0.281250000       0.00000000    
 -0.210937500       0.00000000    
 -0.140625000       0.00000000    
  -7.03125000E-02   0.00000000    
   0.00000000       0.00000000    
   7.03125000E-02   6.11331076E+17
  0.140625000       6.38129817E+17
  0.210937500       6.73694826E+17
  0.281250000       7.15183179E+17
  0.351562500       7.59055068E+17
  0.421875000       8.01398360E+17
  0.492187500       8.39489497E+17
  0.562500000       8.72079091E+17
  0.632812500       9.00284450E+17
  0.703125000       9.26928709E+17
  0.773437500       9.56565289E+17
  0.843750000       9.94291664E+17
  0.914062500       1.04568387E+18
  0.984375000       1.11583395E+18
   1.05468750       1.20962016E+18
   1.12500000       1.33104610E+18
   1.19531250       1.48371741E+18
   1.26562500       1.67022674E+18
   1.33593750       1.89254731E+18
   1.40625000       2.15135585E+18
   1.47656250       2.44651590E+18
   1.54687500       2.77656043E+18
   1.61718750       3.13918294E+18
   1.68750000       3.53059149E+18
   1.75781250       3.94587813E+18
   1.82812500       4.37847823E+18
   1.89843750       4.82081423E+18
   1.96875000       5.26413952E+18
   2.03906250       5.69962694E+18
   2.10937500       6.11854801E+18
   2.17968750       6.51343706E+18
   2.25000000       6.87808515E+18
   2.32031250       7.20857305E+18
   2.39062500       7.50326691E+18
   2.46093750       7.76380718E+18
   2.53125000       7.99477774E+18
   2.60156250       8.20388726E+18
   2.67187500       8.40046675E+18
   2.74218750       8.59444809E+18
   2.81250000       8.79417877E+18
   2.88281250       9.00559727E+18
   2.95312500       9.23104663E+18
   3.02343750       9.46974840E+18
   3.09375000       9.71779273E+18
   3.16406250       9.96954461E+18
   3.23437500       1.02182201E+19
   3.30468750       1.04574727E+19
   3.37500000       1.06817071E+19
   3.44531250       1.08870981E+19
   3.51562500       1.10713003E+19
   3.58593750       1.12339841E+19
   3.65625000       1.13761982E+19
   3.72656250       1.15006014E+19
   3.79687500       1.16104734E+19
   3.86718750       1.17095240E+19
   3.93750000       1.18006823E+19
   4.00781250       1.18861704E+19
   4.07812500       1.19669768E+19
   4.14843750       1.20435974E+19
   4.21875000       1.21157924E+19
   4.28906250       1.21833266E+19
   4.35937500       1.22456436E+19
   4.42968750       1.23025500E+19
   4.50000000       1.23538015E+19
   4.57031250       1.23996280E+19
   4.64062500       1.24400549E+19
   4.71093750       1.24751106E+19
   4.78125000       1.25039882E+19
   4.85156250       1.25255408E+19
   4.92187500       1.25380741E+19
   4.99218750       1.25403919E+19
   5.06250000       1.25317783E+19
   5.13281250       1.25128931E+19
   5.20312500       1.24854603E+19
   5.27343750       1.24528059E+19
   5.34375000       1.24190850E+19
   5.41406250       1.23893190E+19
   5.48437500       1.23682502E+19
   5.55468750       1.23603062E+19
   5.62500000       1.23686581E+19
   5.69531250       1.23955675E+19
   5.76562500       1.24418240E+19
   5.83593750       1.25072537E+19
   5.90625000       1.25902273E+19
   5.97656250       1.26884060E+19
   6.04687500       1.27987431E+19
   6.11718750       1.29187581E+19
   6.18750000       1.30466906E+19
   6.25781250       1.31823143E+19
   6.32812500       1.33261700E+19
   6.39843750       1.34793155E+19
   6.46875000       1.36417782E+19
   6.53906250       1.38121684E+19
   6.60937500       1.39866070E+19
   6.67968750       1.41590511E+19
   6.75000000       1.43207497E+19
   6.82031250       1.44609353E+19
   6.89062500       1.45667270E+19
   6.96093750       1.46245734E+19
   7.03125000       1.46211770E+19
   7.10156250       1.45459715E+19
   7.17187500       1.43926138E+19
   7.24218750       1.41610896E+19
   7.31250000       1.38578531E+19
   7.38281250       1.34959368E+19
   7.45312500       1.30931087E+19
   7.52343750       1.26704355E+19
   7.59375000       1.22495161E+19
   7.66406250       1.18508563E+19
   7.73437500       1.14914886E+19
   7.80468750       1.11841443E+19
   7.87500000       1.09359252E+19
   7.94531250       1.07487542E+19
   8.01562500       1.06195385E+19
   8.08593750       1.05420295E+19
   8.15625000       1.05079227E+19
   8.22656250       1.05090277E+19
   8.29687500       1.05381307E+19
   8.36718750       1.05904685E+19
   8.43750000       1.06636300E+19
   8.50781250       1.07580132E+19
   8.57812500       1.08758270E+19
   8.64843750       1.10208580E+19
   8.71875000       1.11971175E+19
   8.78906250       1.14086118E+19
   8.85937500       1.16581691E+19
   8.92968750       1.19473637E+19
   9.00000000       1.22755404E+19
   9.07031250       1.26403287E+19
   9.14062500       1.30378011E+19
   9.21093750       1.34641983E+19
   9.28125000       1.39167672E+19
   9.35156250       1.43952416E+19
   9.42187500       1.49016965E+19
   9.49218750       1.54406936E+19
   9.56250000       1.60180746E+19
   9.63281250       1.66406258E+19
   9.70312500       1.73147859E+19
   9.77343750       1.80462294E+19
   9.84375000       1.88381482E+19
   9.91406250       1.96904786E+19
   9.98437500       2.05983850E+19
   10.0546875       2.15522971E+19
   10.1250000       2.25375606E+19
   10.1953125       2.35356423E+19
   10.2656250       2.45247146E+19
   10.3359375       2.54816064E+19
   10.4062500       2.63830542E+19
   10.4765625       2.72081695E+19
   10.5468750       2.79398791E+19
   10.6171875       2.85667964E+19
   10.6875000       2.90832458E+19
   10.7578125       2.94893307E+19
   10.8281250       2.97895105E+19
   10.8984375       2.99918383E+19
   10.9687500       3.01061457E+19
   11.0390625       3.01433510E+19
   11.1093750       3.01140556E+19
   11.1796875       3.00285268E+19
   11.2500000       2.98959565E+19
   11.3203125       2.97250440E+19
   11.3906250       2.95237036E+19
   11.4609375       2.92998936E+19
   11.5312500       2.90611391E+19
   11.6015625       2.88149276E+19
   11.6718750       2.85679575E+19
   11.7421875       2.83265246E+19
   11.8125000       2.80959196E+19
   11.8828125       2.78808309E+19
   11.9531250       2.76846670E+19
   12.0234375       2.75097413E+19
   12.0937500       2.73562781E+19
   12.1640625       2.72225335E+19
   12.2343750       2.71040435E+19
   12.3046875       2.69942133E+19
   12.3750000       2.68837938E+19
   12.4453125       2.67615699E+19
   12.5156250       2.66140396E+19
   12.5859375       2.64265948E+19
   12.6562500       2.61838337E+19
   12.7265625       2.58711304E+19
   12.7968750       2.54751347E+19
   12.8671875       2.49853594E+19
   12.9375000       2.43946072E+19
   13.0078125       2.37003030E+19
   13.0781250       2.29043863E+19
   13.1484375       2.20138765E+19
   13.2187500       2.10398565E+19
   13.2890625       1.99973699E+19
   13.3593750       1.89041277E+19
   13.4296875       1.77803433E+19
   13.5000000       1.66469095E+19
   13.5703125       1.55241058E+19
   13.6406250       1.44288603E+19
   13.7109375       1.33736953E+19
   13.7812500       1.23657169E+19
   13.8515625       1.14082424E+19
   13.9218750       1.05022778E+19
   13.9921875       9.64923598E+18
   14.0625000       8.85171841E+18
   14.1328125       8.11447058E+18
   14.2031250       7.44355793E+18
   14.2734375       6.84674852E+18
   14.3437500       6.33296762E+18
   14.4140625       5.91293274E+18
   14.4843750       5.59803976E+18
   14.5546875       5.39951469E+18
   14.6250000       5.32564070E+18
   14.6953125       5.38020177E+18
   14.7656250       5.56062118E+18
   14.8359375       5.85845689E+18
   14.9062500       6.25960491E+18
   14.9765625       6.74590901E+18
   15.0468750       7.29556476E+18
   15.1171875       7.88477380E+18
   15.1875000       8.48868991E+18
   15.2578125       9.08399519E+18
   15.3281250       9.65045534E+18
   15.3984375       1.01730422E+19
   15.4687500       1.06418245E+19
   15.5390625       1.10519105E+19
   15.6093750       1.14015991E+19
   15.6796875       1.16915942E+19
   15.7500000       1.19233108E+19
   15.8203125       1.20986565E+19
   15.8906250       1.22189585E+19
   15.9609375       1.22852634E+19
   16.0312500       1.22978385E+19
   16.1015625       1.22572248E+19
   16.1718750       1.21645656E+19
   16.2421875       1.20232432E+19
   16.3125000       1.18390343E+19
   16.3828125       1.16207549E+19
   16.4531250       1.13789635E+19
   16.5234375       1.11252303E+19
   16.5937500       1.08699248E+19
   16.6640625       1.06211526E+19
   16.7343750       1.03828356E+19
   16.8046875       1.01545264E+19
   16.8750000       9.93080112E+18
   16.9453125       9.70252271E+18
   17.0156250       9.45750974E+18
   17.0859375       9.18260599E+18
   17.1562500       8.86460359E+18
   17.2265625       8.49228147E+18
   17.2968750       8.05725529E+18
   17.3671875       7.55589064E+18
   17.4375000       6.98960916E+18
   17.5078125       6.36568414E+18
   17.5781250       5.69606342E+18
   17.6484375       4.99675643E+18
   17.7187500       4.28561018E+18
   17.7890625       3.58111432E+18
   17.8593750       2.90023405E+18
   17.9296875       2.25815692E+18
   18.0000000       1.66800449E+18
   18.0703125       1.14309641E+18
   18.1406250       6.99119383E+17
   18.2109375       3.57825957E+17
   18.2812500       1.48783199E+17
   18.3515625       5.68662861E+16
   18.4218750       3.89507363E+16
   18.4921875       3.90633546E+16
   18.5625000       3.91760674E+16
   18.6328125       3.92888619E+16
   18.7031250       3.94017508E+16
   18.7734375       3.95147342E+16
   18.8437500       3.96278078E+16
   18.9140625       6.51712282E+16
   18.9843750       1.73860929E+17
   19.0546875       4.03242797E+17
   19.1250000       7.46831866E+17
   19.1953125       1.15051735E+18
   19.2656250       1.56821598E+18
   19.3359375       1.96408978E+18
   19.4062500       2.31220698E+18
   19.4765625       2.59637521E+18
   19.5468750       2.80832450E+18
   19.6171875       2.94688688E+18
   19.6875000       3.01616435E+18
   19.7578125       3.02505446E+18
   19.8281250       2.98583103E+18
   19.8984375       2.91390922E+18
   19.9687500       2.82640871E+18
   20.0390625       2.74168859E+18
   20.1093750       2.67762637E+18
   20.1796875       2.65099098E+18
   20.2500000       2.67586303E+18
   20.3203125       2.76354881E+18
   20.3906250       2.92183808E+18
   20.4609375       3.15577924E+18
   20.5312500       3.46758782E+18
   20.6015625       3.85772891E+18
   20.6718750       4.32481794E+18
   20.7421875       4.86647695E+18
   20.8125000       5.47903357E+18
   20.8828125       6.15829701E+18
   20.9531250       6.89923810E+18
   21.0234375       7.69650168E+18
   21.0937500       8.54340876E+18
   21.1640625       9.43156566E+18
   21.2343750       1.03492346E+19
   21.3046875       1.12810971E+19
   21.3750000       1.22077808E+19
   21.4453125       1.31075596E+19
   21.5156250       1.39579098E+19
   21.5859375       1.47385444E+19
   21.6562500       1.54331905E+19
   21.7265625       1.60318152E+19
   21.7968750       1.65308978E+19
   21.8671875       1.69338194E+19
   21.9375000       1.72493473E+19
   22.0078125       1.74906560E+19
   22.0781250       1.76731618E+19
   22.1484375       1.78134760E+19
   22.2187500       1.79274227E+19
   22.2890625       1.80293167E+19
   22.3593750       1.81304190E+19
   22.4296875       1.82388066E+19
   22.5000000       1.83585610E+19
   22.5703125       1.84904497E+19
   22.6406250       1.86319172E+19
   22.7109375       1.87784557E+19
   22.7812500       1.89240267E+19
   22.8515625       1.90627037E+19
   22.9218750       1.91892707E+19
   22.9921875       1.93007809E+19
   23.0625000       1.93966364E+19
   23.1328125       1.94791437E+19
   23.2031250       1.95523866E+19
   23.2734375       1.96216404E+19
   23.3437500       1.96911405E+19
   23.4140625       1.97628661E+19
   23.4843750       1.98344003E+19
   23.5546875       1.98985348E+19
   23.6250000       1.99426274E+19
   23.6953125       1.99500491E+19
   23.7656250       1.99014155E+19
   23.8359375       1.97775402E+19
   23.9062500       1.95614092E+19
   23.9765625       1.92410577E+19
   24.0468750       1.88107946E+19
   24.1171875       1.82727881E+19
   24.1875000       1.76365425E+19
   24.2578125       1.69184636E+19
   24.3281250       1.61394772E+19
   24.3984375       1.53233504E+19
   24.4687500       1.44938293E+19
   24.5390625       1.36733232E+19
   24.6093750       1.28810987E+19
   24.6796875       1.21334616E+19
   24.7500000       1.14433927E+19
   24.8203125       1.08217321E+19
   24.8906250       1.02773958E+19
   24.9609375       9.81868172E+18
   25.0312500       9.45301713E+18
   25.1015625       9.18726133E+18
   25.1718750       9.02623125E+18
   25.2421875       8.97193902E+18
   25.3125000       9.02154238E+18
   25.3828125       9.16666582E+18
   25.4531250       9.39216796E+18
   25.5234375       9.67691948E+18
   25.5937500       9.99445734E+18
   25.6640625       1.03156731E+19
   25.7343750       1.06109568E+19
   25.8046875       1.08536608E+19
   25.8750000       1.10219993E+19
   25.9453125       1.11014654E+19
   26.0156250       1.10852905E+19
   26.0859375       1.09752459E+19
   26.1562500       1.07804223E+19
   26.2265625       1.05162383E+19
   26.2968750       1.02015185E+19
   26.3671875       9.85625533E+18
   26.4375000       9.49819387E+18
   26.5078125       9.14106095E+18
   26.5781250       8.79260262E+18
   26.6484375       8.45500472E+18
   26.7187500       8.12525349E+18
   26.7890625       7.79738957E+18
   26.8593750       7.46382138E+18
   26.9296875       7.11775284E+18
   27.0000000       6.75409157E+18
   27.0703125       6.37108659E+18
   27.1406250       5.97033275E+18
   27.2109375       5.55753210E+18
   27.2812500       5.14164677E+18
   27.3515625       4.73481153E+18
   27.4218750       4.35066168E+18
   27.4921875       4.00354146E+18
   27.5625000       3.70635282E+18
   27.6328125       3.46962494E+18
   27.7031250       3.29963165E+18
   27.7734375       3.19812061E+18
   27.8437500       3.16131363E+18
   27.9140625       3.18060292E+18
   27.9843750       3.24265908E+18
   28.0546875       3.33139846E+18
   28.1250000       3.42930585E+18
   28.1953125       3.52011012E+18
   28.2656250       3.58998106E+18
   28.3359375       3.62923664E+18
   28.4062500       3.63202171E+18
   28.4765625       3.59636152E+18
   28.5468750       3.52246170E+18
   28.6171875       3.41190388E+18
   28.6875000       3.26565729E+18
   28.7578125       3.08350944E+18
   28.8281250       2.86282866E+18
   28.8984375       2.59935159E+18
   28.9687500       2.28798117E+18
   29.0390625       1.92634712E+18
   29.1093750       1.51897779E+18
   29.1796875       1.08437644E+18
   29.2500000       6.61936236E+17
   29.3203125       3.19744269E+17
   29.3906250       1.25687390E+17
   29.4609375       5.69909905E+16
   29.5312500       5.71025437E+16
   29.6015625       5.72139723E+16
   29.6718750       5.73252764E+16
   29.7421875       5.74364559E+16
   29.8125000       5.75475023E+16
   29.8828125       5.76584241E+16
   29.9531250       5.77692214E+16
   30.0234375       5.78798941E+16
   30.0937500       5.79904251E+16
   30.1640625       5.81008186E+16
   30.2343750       5.82110833E+16
   30.3046875       5.83212106E+16
   30.3750000       5.84312090E+16
   30.4453125       5.85410528E+16
   30.5156250       5.86507591E+16
   30.5859375       5.87603323E+16
   30.6562500       5.88697552E+16
   30.7265625       8.23669157E+16
   30.7968750       1.91978561E+17
   30.8671875       4.19130912E+17
   30.9375000       7.49757529E+17
   31.0078125       1.11678770E+18
   31.0781250       1.47689852E+18
   31.1484375       1.80620170E+18
   31.2187500       2.09449241E+18
   31.2890625       2.34106971E+18
   31.3593750       2.55023943E+18
   31.4296875       2.72895652E+18
   31.5000000       2.88435985E+18
   31.5703125       3.02335928E+18
   31.6406250       3.15180038E+18
   31.7109375       3.27522771E+18
   31.7812500       3.39872348E+18
   31.8515625       3.52785178E+18
   31.9218750       3.66821296E+18
   31.9921875       3.82577930E+18
   32.0625000       4.00581223E+18
   32.1328125       4.21277853E+18
   32.2031250       4.44913834E+18
   32.2734375       4.71530070E+18
   32.3437500       5.00854265E+18
   32.4140625       5.32327565E+18
   32.4843750       5.65057387E+18
   32.5546875       5.97932400E+18
   32.6250000       6.29668539E+18
   32.6953125       6.58996362E+18
   32.7656250       6.84745880E+18
   32.8359375       7.06031820E+18
   32.9062500       7.22296786E+18
   32.9765625       7.33423184E+18
   33.0468750       7.39677536E+18
   33.1171875       7.41710368E+18
   33.1875000       7.40393373E+18
   33.2578125       7.36741675E+18
   33.3281250       7.31725098E+18
   33.3984375       7.26219459E+18
   33.4687500       7.20871269E+18
   33.5390625       7.16092737E+18
   33.6093750       7.11951591E+18
   33.6796875       7.08190437E+18
   33.7500000       7.04166334E+18
   33.8203125       6.98962126E+18
   33.8906250       6.91446359E+18
   33.9609375       6.80499511E+18
   34.0312500       6.65139829E+18
   34.1015625       6.44743228E+18
   34.1718750       6.19093931E+18
   34.2421875       5.88481603E+18
   34.3125000       5.53613670E+18
   34.3828125       5.15584477E+18
   34.4531250       4.75688368E+18
   34.5234375       4.35328154E+18
   34.5937500       3.95807858E+18
   34.6640625       3.58263742E+18
   34.7343750       3.23518954E+18
   34.8046875       2.92103598E+18
   34.8750000       2.64204370E+18
   34.9453125       2.39767450E+18
   35.0156250       2.18511553E+18
   35.0859375       2.00072249E+18
   35.1562500       1.84032614E+18
   35.2265625       1.70057382E+18
   35.2968750       1.57880414E+18
   35.3671875       1.47366980E+18
   35.4375000       1.38423360E+18
   35.5078125       1.31010178E+18
   35.5781250       1.25057367E+18
   35.6484375       1.20529317E+18
   35.7187500       1.17406484E+18
   35.7890625       1.15795617E+18
   35.8593750       1.15918212E+18
   35.9296875       1.18189047E+18
   36.0000000       1.23146842E+18
   36.0703125       1.31464303E+18
   36.1406250       1.43814609E+18
   36.2109375       1.60836836E+18
   36.2812500       1.82989961E+18
   36.3515625       2.10542774E+18
   36.4218750       2.43481682E+18
   36.4921875       2.81563103E+18
   36.5625000       3.24275913E+18
   36.6328125       3.70930226E+18
   36.7031250       4.20640246E+18
   36.7734375       4.72423093E+18
   36.8437500       5.25193879E+18
   36.9140625       5.77888523E+18
   36.9843750       6.29494266E+18
   37.0546875       6.79198789E+18
   37.1250000       7.26413413E+18
   37.1953125       7.70864963E+18
   37.2656250       8.12516278E+18
   37.3359375       8.51537506E+18
   37.4062500       8.88128978E+18
   37.4765625       9.22454412E+18
   37.5468750       9.54497369E+18
   37.6171875       9.84078190E+18
   37.6875000       1.01080160E+19
   37.7578125       1.03413961E+19
   37.8281250       1.05341988E+19
   37.8984375       1.06794223E+19
   37.9687500       1.07700210E+19
   38.0390625       1.08003389E+19
   38.1093750       1.07662815E+19
   38.1796875       1.06662469E+19
   38.2500000       1.05004460E+19
   38.3203125       1.02711912E+19
   38.3906250       9.98208784E+18
   38.4609375       9.63866198E+18
   38.5312500       9.24795602E+18
   38.6015625       8.81919376E+18
   38.6718750       8.36309050E+18
   38.7421875       7.89199540E+18
   38.8125000       7.41855339E+18
   38.8828125       6.95520324E+18
   38.9531250       6.51238923E+18
   39.0234375       6.09808060E+18
   39.0937500       5.71655227E+18
   39.1640625       5.36884821E+18
   39.2343750       5.05253466E+18
   39.3046875       4.76299531E+18
   39.3750000       4.49380133E+18
   39.4453125       4.23842409E+18
   39.5156250       3.99081242E+18
   39.5859375       3.74692315E+18
   39.6562500       3.50458446E+18
   39.7265625       3.26387305E+18
   39.7968750       3.02573038E+18
   39.8671875       2.79138212E+18
   39.9375000       2.56055367E+18
   40.0078125       2.33118703E+18
   40.0781250       2.09862121E+18
   40.1484375       1.85679160E+18
   40.2187500       1.59918276E+18
   40.2890625       1.32191850E+18
   40.3593750       1.02664204E+18
   40.4296875       7.25326861E+17
   40.5000000       4.44173183E+17
   40.5703125       2.28030603E+17
   40.6406250       1.10457024E+17
   40.7109375       7.22597066E+16
   40.7812500       7.23324204E+16
   40.8515625       7.24047820E+16
   40.9218750       7.24767914E+16
   40.9921875       7.25484401E+16
   41.0625000       7.26197279E+16
   41.1328125       7.26906636E+16
   41.2031250       7.27612214E+16
   41.2734375       7.28314183E+16
   41.3437500       7.29012459E+16
   41.4140625       7.29707213E+16
   41.4843750       7.30398273E+16
   41.5546875       7.31085468E+16
   41.6250000       7.31769141E+16
   41.6953125       1.15084413E+17
   41.7656250       2.70132466E+17
   41.8359375       5.79245815E+17
   41.9062500       1.01797370E+18
   41.9765625       1.51630900E+18
   42.0468750       2.02459261E+18
   42.1171875       2.51203470E+18
   42.1875000       2.96274733E+18
   42.2578125       3.37252157E+18
   42.3281250       3.74481703E+18
   42.3984375       4.08849798E+18
   42.4687500       4.41515079E+18
   42.5390625       4.73807708E+18
   42.6093750       5.07053751E+18
   42.6796875       5.42528229E+18
   42.7500000       5.81305915E+18
   42.8203125       6.24232443E+18
   42.8906250       6.71794843E+18
   42.9609375       7.24109166E+18
   43.0312500       7.80819777E+18
   43.1015625       8.41147341E+18
   43.1718750       9.03891632E+18
   43.2421875       9.67609375E+18
   43.3125000       1.03072475E+19
   43.3828125       1.09174952E+19
   43.4531250       1.14935282E+19
   43.5234375       1.20247320E+19
   43.5937500       1.25025973E+19
   43.6640625       1.29208922E+19
   43.7343750       1.32747458E+19
   43.8046875       1.35609289E+19
   43.8750000       1.37771710E+19
   43.9453125       1.39225132E+19
   44.0156250       1.39965323E+19
   44.0859375       1.39995296E+19
   44.1562500       1.39315831E+19
   44.2265625       1.37927082E+19
   44.2968750       1.35821286E+19
   44.3671875       1.32989483E+19
   44.4375000       1.29421084E+19
   44.5078125       1.25117727E+19
   44.5781250       1.20097676E+19
   44.6484375       1.14411178E+19
   44.7187500       1.08140674E+19
   44.7890625       1.01407803E+19
   44.8593750       9.43635184E+18
   44.9296875       8.71856756E+18
   45.0000000       8.00620222E+18
   45.0703125       7.31830157E+18
   45.1406250       6.67232199E+18
   45.2109375       6.08357310E+18
   45.2812500       5.56368552E+18
   45.3515625       5.12049767E+18
   45.4218750       4.75711127E+18
   45.4921875       4.47256701E+18
   45.5625000       4.26188684E+18
   45.6328125       4.11770651E+18
   45.7031250       4.03097263E+18
   45.7734375       3.99270880E+18
   45.8437500       3.99421871E+18
   45.9140625       4.02787833E+18
   45.9843750       4.08625333E+18
   46.0546875       4.16214409E+18
   46.1250000       4.24760501E+18
   46.1953125       4.33450628E+18
   46.2656250       4.41441219E+18
   46.3359375       4.47995216E+18
   46.4062500       4.52520228E+18
   46.4765625       4.54716310E+18
   46.5468750       4.54586046E+18
   46.6171875       4.52513521E+18
   46.6875000       4.49178592E+18
   46.7578125       4.45543002E+18
   46.8281250       4.42701892E+18
   46.8984375       4.41842403E+18
   46.9687500       4.44083566E+18
   47.0390625       4.50428242E+18
   47.1093750       4.61606317E+18
   47.1796875       4.78055121E+18
   47.2500000       4.99828750E+18
   47.3203125       5.26681188E+18
   47.3906250       5.58096544E+18
   47.4609375       5.93470857E+18
   47.5312500       6.32177295E+18
   47.6015625       6.73702000E+18
   47.6718750       7.17605720E+18
   47.7421875       7.63542326E+18
   47.8125000       8.11135236E+18
   47.8828125       8.59960150E+18
   47.9531250       9.09432895E+18
   48.0234375       9.58835602E+18
   48.0937500       1.00727283E+19
   48.1640625       1.05378943E+19
   48.2343750       1.09742684E+19
   48.3046875       1.13740937E+19
   48.3750000       1.17319540E+19
   48.4453125       1.20458316E+19
   48.5156250       1.23163147E+19
   48.5859375       1.25463634E+19
   48.6562500       1.27396927E+19
   48.7265625       1.29004743E+19
   48.7968750       1.30323387E+19
   48.8671875       1.31389638E+19
   48.9375000       1.32238176E+19
   49.0078125       1.32909328E+19
   49.0781250       1.33443119E+19
   49.1484375       1.33880252E+19
   49.2187500       1.34248698E+19
   49.2890625       1.34559948E+19
   49.3593750       1.34796519E+19
   49.4296875       1.34915080E+19
   49.5000000       1.34843688E+19
   49.5703125       1.34494582E+19
   49.6406250       1.33768553E+19
   49.7109375       1.32571415E+19
   49.7812500       1.30818541E+19
   49.8515625       1.28448599E+19
   49.9218750       1.25423765E+19
   49.9921875       1.21739027E+19
   50.0625000       1.17417210E+19
   50.1328125       1.12513003E+19
   50.2031250       1.07103472E+19
   50.2734375       1.01288979E+19
   50.3437500       9.51812362E+18
   50.4140625       8.89021012E+18
   50.4843750       8.25705305E+18
   50.5546875       7.63015440E+18
   50.6250000       7.01937679E+18
   50.6953125       6.43284891E+18
   50.7656250       5.87565710E+18
   50.8359375       5.34976344E+18
   50.9062500       4.85290842E+18
   50.9765625       4.37903266E+18
   51.0468750       3.91813910E+18
   51.1171875       3.45820981E+18
   51.1875000       2.98690800E+18
   51.2578125       2.49548238E+18
   51.3281250       1.98239692E+18
   51.3984375       1.45895476E+18
   51.4687500       9.54094137E+17
   51.5390625       5.20002033E+17
   51.6093750       2.35014134E+17
   51.6796875       1.03453599E+17
   51.7500000       7.86900200E+16
   51.8203125       7.86958440E+16
   51.8906250       7.87012213E+16
   51.9609375       7.87061347E+16
   52.0312500       7.87105585E+16
   52.1015625       7.87145356E+16
   52.1718750       7.87180403E+16
   52.2421875       7.87210812E+16
   52.3125000       7.87236582E+16
   52.3828125       7.87257455E+16
   52.4531250       7.87273776E+16
   52.5234375       7.87285458E+16
   52.5937500       7.87292502E+16
   52.6640625       7.87294821E+16
   52.7343750       7.87292502E+16
   52.8046875       7.87285458E+16
   52.8750000       7.87273776E+16
   52.9453125       7.87257455E+16
   53.0156250       7.87236582E+16
   53.0859375       7.87210812E+16
   53.1562500       7.87180403E+16
   53.2265625       7.87145356E+16
   53.2968750       7.87105585E+16
   53.3671875       7.87061347E+16
   53.4375000       7.87012298E+16
   53.5078125       7.86958440E+16
   53.5781250       7.86900200E+16
   53.6484375       7.86837150E+16
   53.7187500       7.86769375E+16
   53.7890625       9.11557073E+16
   53.8593750       1.53142625E+17
   53.9296875       2.97542656E+17
   54.0000000       5.40276271E+17
   54.0703125       8.68435309E+17
   54.1406250       1.26854161E+18
   54.2109375       1.72709445E+18
   54.2812500       2.22999471E+18
   54.3515625       2.76319009E+18
   54.4218750       3.31225459E+18
   54.4921875       3.86318413E+18
   54.5625000       4.40222630E+18
   54.6328125       4.91706878E+18
   54.7031250       5.39703254E+18
   54.7734375       5.83433800E+18
   54.8437500       6.22399118E+18
   54.9140625       6.56445990E+18
   54.9843750       6.85688711E+18
   55.0546875       7.10507547E+18
   55.1250000       7.31405140E+18
   55.1953125       7.48960603E+18
   55.2656250       7.63677621E+18
   55.3359375       7.75967742E+18
   55.4062500       7.86056421E+18
   55.4765625       7.94036346E+18
   55.5468750       7.99843472E+18
   55.6171875       8.03364328E+18
   55.6875000       8.04434483E+18
   55.7578125       8.02941951E+18
   55.8281250       7.98811965E+18
   55.8984375       7.92095378E+18
   55.9687500       7.82933423E+18
   56.0390625       7.71619118E+18
   56.1093750       7.58530312E+18
   56.1796875       7.44162994E+18
   56.2500000       7.29031075E+18
   56.3203125       7.13664960E+18
   56.3906250       6.98494228E+18
   56.4609375       6.83869789E+18
   56.5312500       6.70003243E+18
   56.6015625       6.57045279E+18
   56.6718750       6.45044329E+18
   56.7421875       6.34000230E+18
   56.8125000       6.23793299E+18
   56.8828125       6.14243160E+18
   56.9531250       6.05089506E+18
   57.0234375       5.96121010E+18
   57.0937500       5.87199902E+18
   57.1640625       5.78389900E+18
   57.2343750       5.69942737E+18
   57.3046875       5.62360120E+18
   57.3750000       5.56296094E+18
   57.4453125       5.52523340E+18
   57.5156250       5.51748459E+18
   57.5859375       5.54525825E+18
   57.6562500       5.61075011E+18
   57.7265625       5.71267264E+18
   57.7968750       5.84579491E+18
   57.8671875       6.00240935E+18
   57.9375000       6.17322233E+18
   58.0078125       6.34952517E+18
   58.0781250       6.52398193E+18
   58.1484375       6.69203129E+18
   58.2187500       6.85157372E+18
   58.2890625       7.00328104E+18
   58.3593750       7.14947375E+18
   58.4296875       7.29399026E+18
   58.5000000       7.44076187E+18
   58.5703125       7.59341092E+18
   58.6406250       7.75369278E+18
   58.7109375       7.92130453E+18
   58.7812500       8.09302570E+18
   58.8515625       8.26352477E+18
   58.9218750       8.42539598E+18
   58.9921875       8.57038583E+18
   59.0625000       8.68938982E+18
   59.1328125       8.77359756E+18
   59.2031250       8.81470226E+18
   59.2734375       8.80642568E+18
   59.3437500       8.74470955E+18
   59.4140625       8.62856868E+18
   59.4843750       8.45930052E+18
   59.5546875       8.24056697E+18
   59.6250000       7.97727737E+18
   59.6953125       7.67558237E+18
   59.7656250       7.34180528E+18
   59.8359375       6.98274216E+18
   59.9062500       6.60513139E+18
   59.9765625       6.21641334E+18
   60.0468750       5.82421150E+18
   60.1171875       5.43674965E+18
   60.1875000       5.06199815E+18
   60.2578125       4.70804337E+18
   60.3281250       4.38236198E+18
   60.3984375       4.09224566E+18
   60.4687500       3.84387973E+18
   60.5390625       3.64243573E+18
   60.6093750       3.49089362E+18
   60.6796875       3.39011541E+18
   60.7500000       3.33791224E+18
   60.8203125       3.32953891E+18
   60.8906250       3.35734776E+18
   60.9609375       3.41196050E+18
   61.0312500       3.48254365E+18
   61.1015625       3.55838989E+18
   61.1718750       3.62933505E+18
   61.2421875       3.68721609E+18
   61.3125000       3.72591725E+18
   61.3828125       3.74226809E+18
   61.4531250       3.73544205E+18
   61.5234375       3.70726321E+18
   61.5937500       3.66115684E+18
   61.6640625       3.60209190E+18
   61.7343750       3.53521273E+18
   61.8046875       3.46552651E+18
   61.8750000       3.39649450E+18
   61.9453125       3.33008619E+18
   62.0156250       3.26617846E+18
   62.0859375       3.20360690E+18
   62.1562500       3.14030554E+18
   62.2265625       3.07453798E+18
   62.2968750       3.00468683E+18
   62.3671875       2.92993213E+18
   62.4375000       2.84958010E+18
   62.5078125       2.76347404E+18
   62.5781250       2.67118681E+18
   62.6484375       2.57236215E+18
   62.7187500       2.46591349E+18
   62.7890625       2.35048840E+18
   62.8593750       2.22388651E+18
   62.9296875       2.08372228E+18
   63.0000000       1.92693577E+18
   63.0703125       1.75049123E+18
   63.1406250       1.55114441E+18
   63.2109375       1.32693255E+18
   63.2812500       1.07844230E+18
   63.3515625       8.12430654E+17
   63.4218750       5.45410647E+17
   63.4921875       3.09067977E+17
   63.5625000       1.54317007E+17
   63.6328125       8.39069879E+16
   63.7031250       7.31769055E+16
   63.7734375       7.31085554E+16
   63.8437500       7.30398187E+16
   63.9140625       7.29707213E+16
   63.9843750       7.29012459E+16
   64.0546875       7.28314183E+16
   64.1250000       7.27612214E+16
   64.1953125       7.26906550E+16
   64.2656250       7.26197279E+16
   64.3359375       7.25484401E+16
   64.4062500       7.24767914E+16
   64.4765625       7.24047820E+16
   64.5468750       7.23324204E+16
   64.6171875       7.22597066E+16
   64.6875000       7.21866234E+16
   64.7578125       7.21131967E+16
   64.8281250       7.20394177E+16
   64.8984375       7.19652823E+16
   64.9687500       7.18907990E+16
   65.0390625       7.18159635E+16
   65.1093750       7.17407758E+16
   65.1796875       7.16652531E+16
   65.2500000       7.15893782E+16
   65.3203125       7.15131683E+16
   65.3906250       7.14366062E+16
   65.4609375       7.13597005E+16
   65.5312500       7.12824555E+16
   65.6015625       7.12048841E+16
   65.6718750       7.11269562E+16
   65.7421875       7.10486976E+16
   65.8125000       7.09701083E+16
   65.8828125       7.08911883E+16
   65.9531250       7.08119333E+16
   66.0234375       7.07323389E+16
   66.0937500       7.06524311E+16
   66.1640625       7.05721839E+16
   66.2343750       7.04916103E+16
   66.3046875       7.04107103E+16
   66.3750000       7.03294839E+16
   66.4453125       7.02479439E+16
   66.5156250       7.01660776E+16
   66.5859375       7.00838805E+16
   66.6562500       7.00013742E+16
   66.7265625       6.99185543E+16
   66.7968750       6.98354080E+16
   66.8671875       6.97519482E+16
   66.9375000       6.96681792E+16
   67.0078125       6.95841009E+16
   67.0781250       6.94997091E+16
   67.1484375       6.94149951E+16
   67.2187500       6.93299892E+16
   67.2890625       6.92446653E+16
   67.3593750       6.91590538E+16
   67.4296875       6.90731200E+16
   67.5000000       2.26272123E+17
   67.5703125       6.56949333E+17
   67.6406250       1.42172021E+18
   67.7109375       2.38677174E+18
   67.7812500       3.43695708E+18
   67.8515625       4.50129752E+18
   67.9218750       5.54072606E+18
   67.9921875       6.53651746E+18
   68.0625000       7.47953230E+18
   68.1328125       8.36371337E+18
   68.2031250       9.18188746E+18
   68.2734375       9.92526947E+18
   68.3437500       1.05835185E+19
   68.4140625       1.11465487E+19
   68.4843750       1.16053936E+19
   68.5546875       1.19539443E+19
   68.6250000       1.21892585E+19
   68.6953125       1.23125005E+19
   68.7656250       1.23283346E+19
   68.8359375       1.22450037E+19
   68.9062500       1.20730841E+19
   68.9765625       1.18252651E+19
   69.0468750       1.15150687E+19
   69.1171875       1.11567104E+19
   69.1875000       1.07639780E+19
   69.2578125       1.03504011E+19
   69.3281250       9.92854712E+18
   69.3984375       9.51054798E+18
   69.4687500       9.10749561E+18
   69.5390625       8.72990077E+18
   69.6093750       8.38701972E+18
   69.6796875       8.08721314E+18
   69.7500000       7.83704510E+18
   69.8203125       7.64148707E+18
   69.8906250       7.50314706E+18
   69.9609375       7.42287282E+18
   70.0312500       7.39939715E+18
   70.1015625       7.43012905E+18
   70.1718750       7.51078537E+18
   70.2421875       7.63615333E+18
   70.3125000       7.79982829E+18
   70.3828125       7.99516642E+18
   70.4531250       8.21512702E+18
   70.5234375       8.45308058E+18
   70.5937500       8.70225410E+18
   70.6640625       8.95614838E+18
   70.7343750       9.20784748E+18
   70.8046875       9.45055093E+18
   70.8750000       9.67713939E+18
   70.9453125       9.88099214E+18
   71.0156250       1.00558794E+19
   71.0859375       1.01970314E+19
   71.1562500       1.03010694E+19
   71.2265625       1.03667223E+19
   71.2968750       1.03940298E+19
   71.3671875       1.03843057E+19
   71.4375000       1.03389904E+19
   71.5078125       1.02599366E+19
   71.5781250       1.01489563E+19
   71.6484375       1.00086026E+19
   71.7187500       9.84168020E+18
   71.7890625       9.65162962E+18
   71.8593750       9.44168667E+18
   71.9296875       9.21515099E+18
   72.0000000       8.97450473E+18
   72.0703125       8.72172151E+18
   72.1406250       8.45762376E+18
   72.2109375       8.18266449E+18
   72.2812500       7.89675133E+18
   72.3515625       7.60021360E+18
   72.4218750       7.29360379E+18
   72.4921875       6.97869266E+18
   72.5625000       6.65844890E+18
   72.6328125       6.33816447E+18
   72.7031250       6.02507908E+18
   72.7734375       5.72859412E+18
   72.8437500       5.45879596E+18
   72.9140625       5.22590345E+18
   72.9843750       5.03863463E+18
   73.0546875       4.90385814E+18
   73.1250000       4.82525846E+18
   73.1953125       4.80338422E+18
   73.2656250       4.83504136E+18
   73.3359375       4.91441895E+18
   73.4062500       5.03348562E+18
   73.4765625       5.18355411E+18
   73.5468750       5.35546275E+18
   73.6171875       5.54066394E+18
   73.6875000       5.73110101E+18
   73.7578125       5.92028627E+18
   73.8281250       6.10317134E+18
   73.8984375       6.27687494E+18
   73.9687500       6.43993306E+18
   74.0390625       6.59250130E+18
   74.1093750       6.73544166E+18
   74.1796875       6.87066509E+18
   74.2500000       7.00045310E+18
   74.3203125       7.12797665E+18
   74.3906250       7.25664150E+18
   74.4609375       7.39044987E+18
   74.5312500       7.53305873E+18
   74.6015625       7.68793044E+18
   74.6718750       7.85748448E+18
   74.7421875       8.04353449E+18
   74.8125000       8.24664837E+18
   74.8828125       8.46643855E+18
   74.9531250       8.70053227E+18
   75.0234375       8.94468487E+18
   75.0937500       9.19216405E+18
   75.1640625       9.43495436E+18
   75.2343750       9.66455877E+18
   75.3046875       9.87430161E+18
   75.3750000       1.00603665E+19
   75.4453125       1.02233295E+19
   75.5156250       1.03676712E+19
   75.5859375       1.05014608E+19
   75.6562500       1.06343731E+19
   75.7265625       1.07766785E+19
   75.7968750       1.09374909E+19
   75.8671875       1.11246058E+19
   75.9375000       1.13435955E+19
   76.0078125       1.15981544E+19
   76.0781250       1.18893579E+19
   76.1484375       1.22160987E+19
   76.2187500       1.25745262E+19
   76.2890625       1.29586703E+19
   76.3593750       1.33598766E+19
   76.4296875       1.37672281E+19
   76.5000000       1.41667950E+19
   76.5703125       1.45423574E+19
   76.6406250       1.48757040E+19
   76.7109375       1.51487523E+19
   76.7812500       1.53450251E+19
   76.8515625       1.54522264E+19
   76.9218750       1.54634271E+19
   76.9921875       1.53787647E+19
   77.0625000       1.52052090E+19
   77.1328125       1.49564566E+19
   77.2031250       1.46508121E+19
   77.2734375       1.43094687E+19
   77.3437500       1.39534128E+19
   77.4140625       1.36015768E+19
   77.4843750       1.32684357E+19
   77.5546875       1.29634983E+19
   77.6250000       1.26907028E+19
   77.6953125       1.24499505E+19
   77.7656250       1.22383627E+19
   77.8359375       1.20528531E+19
   77.9062500       1.18910478E+19
   77.9765625       1.17524478E+19
   78.0468750       1.16376962E+19
   78.1171875       1.15486500E+19
   78.1875000       1.14872511E+19
   78.2578125       1.14554961E+19
   78.3281250       1.14541129E+19
   78.3984375       1.14823780E+19
   78.4687500       1.15369611E+19
   78.5390625       1.16124250E+19
   78.6093750       1.17011402E+19
   78.6796875       1.17948307E+19
   78.7500000       1.18850874E+19
   78.8203125       1.19649460E+19
   78.8906250       1.20290585E+19
   78.9609375       1.20747201E+19
   79.0312500       1.21013756E+19
   79.1015625       1.21109084E+19
   79.1718750       1.21064433E+19
   79.2421875       1.20921265E+19
   79.3125000       1.20716965E+19
   79.3828125       1.20483868E+19
   79.4531250       1.20239865E+19
   79.5234375       1.19993761E+19
   79.5937500       1.19741621E+19
   79.6640625       1.19475319E+19
   79.7343750       1.19179760E+19
   79.8046875       1.18841033E+19
   79.8750000       1.18442504E+19
   79.9453125       1.17971759E+19
   80.0156250       1.17416077E+19
   80.0859375       1.16768740E+19
   80.1562500       1.16022985E+19
   80.2265625       1.15176328E+19
   80.2968750       1.14223205E+19
   80.3671875       1.13159318E+19
   80.4375000       1.11974462E+19
   80.5078125       1.10656950E+19
   80.5781250       1.09187651E+19
   80.6484375       1.07547333E+19
   80.7187500       1.05714865E+19
   80.7890625       1.03679340E+19
   80.8593750       1.01443461E+19
   80.9296875       9.90398183E+18
   81.0000000       9.65332946E+18
   81.0703125       9.40275736E+18
   81.1406250       9.16496213E+18
   81.2109375       8.95361730E+18
   81.2812500       8.78033702E+18
   81.3515625       8.65295035E+18
   81.4218750       8.57336440E+18
   81.4921875       8.53764347E+18
   81.5625000       8.53602609E+18
   81.6328125       8.55504984E+18
   81.7031250       8.57916433E+18
   81.7734375       8.59372846E+18
   81.8437500       8.58647718E+18
   81.9140625       8.54935602E+18
   81.9843750       8.47821267E+18
   82.0546875       8.37283217E+18
   82.1250000       8.23521400E+18
   82.1953125       8.06885129E+18
   82.2656250       7.87700081E+18
   82.3359375       7.66257570E+18
   82.4062500       7.42748417E+18
   82.4765625       7.17371634E+18
   82.5468750       6.90372356E+18
   82.6171875       6.62208476E+18
   82.6875000       6.33573344E+18
   82.7578125       6.05474445E+18
   82.8281250       5.79124374E+18
   82.8984375       5.55893838E+18
   82.9687500       5.37107142E+18
   83.0390625       5.23945603E+18
   83.1093750       5.17248478E+18
   83.1796875       5.17478221E+18
   83.2500000       5.24632523E+18
   83.3203125       5.38341894E+18
   83.3906250       5.57908198E+18
   83.4609375       5.82492013E+18
   83.5312500       6.11188497E+18
   83.6015625       6.43198524E+18
   83.6718750       6.77840232E+18
   83.7421875       7.14621315E+18
   83.8125000       7.53140561E+18
   83.8828125       7.93075043E+18
   83.9531250       8.34058185E+18
   84.0234375       8.75703892E+18
   84.0937500       9.17542124E+18
   84.1640625       9.59075626E+18
   84.2343750       9.99715774E+18
   84.3046875       1.03882837E+19
   84.3750000       1.07566762E+19
   84.4453125       1.10944099E+19
   84.5156250       1.13927788E+19
   84.5859375       1.16432542E+19
   84.6562500       1.18373598E+19
   84.7265625       1.19677674E+19
   84.7968750       1.20284197E+19
   84.8671875       1.20158754E+19
   84.9375000       1.19293724E+19
   85.0078125       1.17716486E+19
   85.0781250       1.15481838E+19
   85.1484375       1.12672839E+19
   85.2187500       1.09387553E+19
   85.2890625       1.05736449E+19
   85.3593750       1.01828752E+19
   85.4296875       9.77734998E+18
   85.5000000       9.36713208E+18
   85.5703125       8.96184550E+18
   85.6406250       8.56961947E+18
   85.7109375       8.19681081E+18
   85.7812500       7.84622603E+18
   85.8515625       7.51662048E+18
   85.9218750       7.20147901E+18
   85.9921875       6.88962507E+18
   86.0625000       6.56522186E+18
   86.1328125       6.20945508E+18
   86.2031250       5.80153462E+18
   86.2734375       5.32160714E+18
   86.3437500       4.75326903E+18
   86.4140625       4.08834157E+18
   86.4843750       3.33178411E+18
   86.5546875       2.50938268E+18
   86.6250000       1.67543101E+18
   86.6953125       9.21711183E+17
   86.7656250       3.83464851E+17
   86.8359375       1.11392708E+17
   86.9062500       3.89507363E+16
   86.9765625       3.88382167E+16
   87.0468750       3.87257917E+16
   87.1171875       3.86134611E+16
   87.1875000       3.85012293E+16
   87.2578125       3.83890963E+16
   87.3281250       3.82770621E+16
   87.3984375       3.81651266E+16
   87.4687500       3.80532943E+16
   87.5390625       3.79415650E+16
   87.6093750       3.78299388E+16
   87.6796875       3.77184157E+16
   87.7500000       3.76069999E+16
   87.8203125       3.74956916E+16
   87.8906250       3.73844863E+16
   87.9609375       3.72733969E+16
   88.0312500       3.71624150E+16
   88.1015625       3.70515404E+16
   88.1718750       3.69407775E+16
   88.2421875       3.68301305E+16
   88.3125000       3.67195953E+16
   88.3828125       3.66091674E+16
   88.4531250       3.64988683E+16
   88.5234375       1.25744977E+17
   88.5937500       3.66228047E+17
   88.6640625       7.84101255E+17
   88.7343750       1.29196959E+18
   88.8046875       1.81631130E+18
   88.8750000       2.31353217E+18
   88.9453125       2.76436959E+18
   89.0156250       3.16634225E+18
   89.0859375       3.52756480E+18
   89.1562500       3.86035894E+18
   89.2265625       4.17744132E+18
   89.2968750       4.48862318E+18
   89.3671875       4.80023632E+18
   89.4375000       5.11461143E+18
   89.5078125       5.43139338E+18
   89.5781250       5.74794332E+18
   89.6484375       6.06080386E+18
   89.7187500       6.36579739E+18
   89.7890625       6.65903055E+18
   89.8593750       6.93664074E+18
   89.9296875       7.19571097E+18
   90.0000000       7.43413182E+18
   90.0703125       7.65164216E+18
   90.1406250       7.84955535E+18
   90.2109375       8.03127273E+18
   90.2812500       8.20121765E+18
   90.3515625       8.36456659E+18
   90.4218750       8.52561976E+18
   90.4921875       8.68716715E+18
   90.5625000       8.84869861E+18
   90.6328125       9.00607720E+18
   90.7031250       9.15083561E+18
   90.7734375       9.27172526E+18
   90.8437500       9.35603031E+18
   90.9140625       9.39239336E+18
   90.9843750       9.37218434E+18
   91.0546875       9.29121850E+18
   91.1250000       9.14941449E+18
   91.1953125       8.95083444E+18
   91.2656250       8.70207763E+18
   91.3359375       8.41164218E+18
   91.4062500       8.08810814E+18
   91.4765625       7.73958000E+18
   91.5468750       7.37229363E+18
   91.6171875       6.99088514E+18
   91.6875000       6.59806153E+18
   91.7578125       6.19586732E+18
   91.8281250       5.78583524E+18
   91.8984375       5.37007471E+18
   91.9687500       4.95060388E+18
   92.0390625       4.52932050E+18
   92.1093750       4.10650523E+18
   92.1796875       3.68078202E+18
   92.2500000       3.24855823E+18
   92.3203125       2.80559881E+18
   92.3906250       2.34840428E+18
   92.4609375       1.87775407E+18
   92.5312500       1.40189066E+18
   92.6015625       9.41452158E+17
   92.6718750       5.33249808E+17
   92.7421875       2.34478001E+17
   92.8125000       7.79464409E+16
   92.8828125       2.98208642E+16
   92.9531250       2.97197220E+16
   93.0234375       2.96187473E+16
   93.0937500       2.95179401E+16
   93.1640625       2.94173026E+16
   93.2343750       2.93168326E+16
   93.3046875       2.92165322E+16
   93.3750000       2.91164058E+16
   93.4453125       2.90164469E+16
   93.5156250       2.89166619E+16
   93.5859375       2.88170466E+16
   93.6562500       2.87176073E+16
   93.7265625       2.86183399E+16
   93.7968750       4.80100764E+16
   93.8671875       1.97261234E+17
   93.9375000       5.51486136E+17
   94.0078125       1.13718653E+18
   94.0781250       1.86698078E+18
   94.1484375       2.67200265E+18
   94.2187500       3.50047944E+18
   94.2890625       4.31579947E+18
   94.3593750       5.09298349E+18
   94.4296875       5.81666940E+18
   94.5000000       6.47866171E+18
   94.5703125       7.07711105E+18
   94.6406250       7.61473815E+18
   94.7109375       8.09807466E+18
   94.7812500       8.53544884E+18
   94.8515625       8.93609714E+18
   94.9218750       9.30838847E+18
   94.9921875       9.65955600E+18
   95.0625000       9.99473552E+18
   95.1328125       1.03175016E+19
   95.2031250       1.06295704E+19
   95.2734375       1.09316920E+19
   95.3437500       1.12232968E+19
   95.4140625       1.15030983E+19
   95.4843750       1.17685194E+19
   95.5546875       1.20162987E+19
   95.6250000       1.22420317E+19
   95.6953125       1.24409378E+19
   95.7656250       1.26075534E+19
   95.8359375       1.27367746E+19
   95.9062500       1.28239637E+19
   95.9765625       1.28663883E+19
   96.0468750       1.28634724E+19
   96.1171875       1.28178097E+19
   96.1875000       1.27344579E+19
   96.2578125       1.26207728E+19
   96.3281250       1.24847511E+19
   96.3984375       1.23345018E+19
   96.4687500       1.21767262E+19
   96.5390625       1.20167517E+19
   96.6093750       1.18578503E+19
   96.6796875       1.17020968E+19
   96.7500000       1.15500937E+19
   96.8203125       1.14016904E+19
   96.8906250       1.12553432E+19
   96.9609375       1.11086310E+19
   97.0312500       1.09578011E+19
   97.1015625       1.07987336E+19
   97.1718750       1.06269844E+19
   97.2421875       1.04391042E+19
   97.3125000       1.02327226E+19
   97.3828125       1.00076130E+19
   97.4531250       9.76525865E+18
   97.5234375       9.50919448E+18
   97.5937500       9.24351289E+18
   97.6640625       8.97187634E+18
   97.7343750       8.69485934E+18
   97.8046875       8.40839863E+18
   97.8750000       8.10138749E+18
   97.9453125       7.75524804E+18
   98.0156250       7.34357274E+18
   98.0859375       6.83475065E+18
   98.1562500       6.19577111E+18
   98.2265625       5.40041024E+18
   98.2968750       4.44022323E+18
   98.3671875       3.34121875E+18
   98.4375000       2.18316775E+18
   98.5078125       0.00000000    
   98.5781250       0.00000000    
   98.6484375       0.00000000    
   98.7187500       0.00000000    
   98.7890625       0.00000000    
   98.8593750       0.00000000    
   98.9296875       0.00000000    
   99.0000000       0.00000000    
   99.0703125       0.00000000    
   99.1406250       0.00000000    
   99.2109375       0.00000000    
   99.2812500       0.00000000    
   99.3515625       0.00000000    
   99.4218750       0.00000000    
   99.4921875       0.00000000    
   99.5625000       0.00000000    
   99.6328125       0.00000000    
   99.7031250       0.00000000    
   99.7734375       0.00000000    
   99.8437500       0.00000000    
   99.9140625       0.00000000    
   99.9843750       0.00000000    
   100.054688       0.00000000    
   100.125000       0.00000000    
   100.195312       0.00000000    
   100.265625       0.00000000    
   100.335938       0.00000000    
   100.406250       0.00000000    
   100.476562       0.00000000    
   100.546875       0.00000000    
   100.617188       0.00000000    
   100.687500       0.00000000    
   100.757812       0.00000000    
   100.828125       0.00000000    
   100.898438       0.00000000    
   100.968750       0.00000000    
   101.039062       0.00000000    
   101.109375       0.00000000    
   101.179688       0.00000000    
   101.250000       0.00000000    
   101.320312       0.00000000    
   101.390625       0.00000000    
   101.460938       0.00000000    
   101.531250       0.00000000    
   101.601562       0.00000000    
   101.671875       0.00000000    
   101.742188       0.00000000    
   101.812500       0.00000000    
   101.882812       0.00000000    
   101.953125       0.00000000    
   102.023438       0.00000000    
   102.093750       0.00000000    
   102.164062       0.00000000    
   102.234375       0.00000000    
   102.304688       0.00000000    
   102.375000       0.00000000    
   102.445312       0.00000000    
   102.515625       0.00000000    
   102.585938       0.00000000    
   102.656250       0.00000000    
   102.726562       0.00000000    
   102.796875       0.00000000    
   102.867188       0.00000000    
   102.937500       0.00000000    
   103.007812       0.00000000    
   103.078125       0.00000000    
   103.148438       0.00000000    
   103.218750       0.00000000    
   103.289062       0.00000000    
   103.359375       0.00000000    
   103.429688       0.00000000    
   103.500000       0.00000000    
   103.570312       0.00000000    
   103.640625       0.00000000    
   103.710938       0.00000000    
   103.781250       0.00000000    
   103.851562       0.00000000    
   103.921875       0.00000000    
   103.992188       0.00000000    
   104.062500       0.00000000    
   104.132812       0.00000000    
   104.203125       0.00000000    
   104.273438       0.00000000    
   104.343750       0.00000000    
   104.414062       0.00000000    
   104.484375       0.00000000    
   104.554688       0.00000000    
   104.625000       0.00000000    
   104.695312       0.00000000    
   104.765625       0.00000000    
   104.835938       0.00000000    
   104.906250       0.00000000    
   104.976562       0.00000000    
   105.046875       0.00000000    
   105.117188       0.00000000    
   105.187500       0.00000000    
   105.257812       0.00000000    
   105.328125       0.00000000    
   105.398438       0.00000000    
   105.468750       0.00000000    
   105.539062       0.00000000    
   105.609375       0.00000000    
   105.679688       0.00000000    
   105.750000       0.00000000    
   105.820312       0.00000000    
   105.890625       0.00000000    
   105.960938       0.00000000    
   106.031250       0.00000000    
   106.101562       0.00000000    
   106.171875       0.00000000    
   106.242188       0.00000000    
   106.312500       0.00000000    
   106.382812       0.00000000    
   106.453125       0.00000000    
   106.523438       0.00000000    
   106.593750       0.00000000    
   106.664062       0.00000000    
   106.734375       0.00000000    
   106.804688       0.00000000    
   106.875000       0.00000000    
   106.945312       0.00000000    
   107.015625       0.00000000    
   107.085938       0.00000000    
   107.156250       0.00000000    
   107.226562       0.00000000    
   107.296875       0.00000000    
   107.367188       0.00000000    
   107.437500       0.00000000    
   107.507812       0.00000000    
   107.578125       0.00000000    
   107.648438       0.00000000    
   107.718750       0.00000000    
   107.789062       0.00000000    
   107.859375       0.00000000    
   107.929688       0.00000000    
   108.000000       0.00000000    
   108.070312       0.00000000    
   108.140625       0.00000000    
   108.210938       0.00000000    
   108.281250       0.00000000    
   108.351562       0.00000000    
   108.421875       0.00000000    
   108.492188       0.00000000    
   108.562500       0.00000000    
   108.632812       0.00000000    
   108.703125       0.00000000    
   108.773438       0.00000000    
   108.843750       0.00000000    
   108.914062       0.00000000    
   108.984375       0.00000000    
   109.054688       0.00000000    
   109.125000       0.00000000    
   109.195312       0.00000000    
   109.265625       0.00000000    
   109.335938       0.00000000    
   109.406250       0.00000000    
   109.476562       0.00000000    
   109.546875       0.00000000    
   109.617188       0.00000000    
   109.687500       0.00000000    
   109.757812       0.00000000    
   109.828125       0.00000000    
   109.898438       0.00000000    
   109.968750       0.00000000    
   110.039062       0.00000000    
   110.109375       0.00000000    
   110.179688       0.00000000    
   110.250000       0.00000000    
   110.320312       0.00000000    
   110.390625       0.00000000    
   110.460938       0.00000000    
   110.531250       0.00000000    
   110.601562       0.00000000    
   110.671875       0.00000000    
   110.742188       0.00000000    
   110.812500       0.00000000    
   110.882812       0.00000000    
   110.953125       0.00000000    
   111.023438       0.00000000    
   111.093750       0.00000000    
   111.164062       0.00000000    
   111.234375       0.00000000    
   111.304688       0.00000000    
   111.375000       0.00000000    
   111.445312       0.00000000    
   111.515625       0.00000000    
   111.585938       0.00000000    
   111.656250       0.00000000    
   111.726562       0.00000000    
   111.796875       0.00000000    
   111.867188       0.00000000    
   111.937500       0.00000000    
   112.007812       0.00000000    
   112.078125       0.00000000    
   112.148438       0.00000000    
   112.218750       0.00000000    
   112.289062       0.00000000    
   112.359375       0.00000000    
   112.429688       0.00000000    
   112.500000       0.00000000    
   112.570312       0.00000000    
   112.640625       0.00000000    
   112.710938       0.00000000    
   112.781250       0.00000000    
   112.851562       0.00000000    
   112.921875       0.00000000    
   112.992188       0.00000000    
   113.062500       0.00000000    
   113.132812       0.00000000    
   113.203125       0.00000000    
   113.273438       0.00000000    
   113.343750       0.00000000    
   113.414062       0.00000000    
   113.484375       0.00000000    
   113.554688       0.00000000    
   113.625000       0.00000000    
   113.695312       0.00000000    
   113.765625       0.00000000    
   113.835938       0.00000000    
   113.906250       0.00000000    
   113.976562       0.00000000    
   114.046875       0.00000000    
   114.117188       0.00000000    
   114.187500       0.00000000    
   114.257812       0.00000000    
   114.328125       0.00000000    
   114.398438       0.00000000    
   114.468750       0.00000000    
   114.539062       0.00000000    
   114.609375       0.00000000    
   114.679688       0.00000000    
   114.750000       0.00000000    
   114.820312       0.00000000    
   114.890625       0.00000000    
   114.960938       0.00000000    
   115.031250       0.00000000    
   115.101562       0.00000000    
   115.171875       0.00000000    
   115.242188       0.00000000    
   115.312500       0.00000000    
   115.382812       0.00000000    
   115.453125       0.00000000    
   115.523438       0.00000000    
   115.593750       0.00000000    
   115.664062       0.00000000    
   115.734375       0.00000000    
   115.804688       0.00000000    
   115.875000       0.00000000    
   115.945312       0.00000000    
   116.015625       0.00000000    
   116.085938       0.00000000    
   116.156250       0.00000000    
   116.226562       0.00000000    
   116.296875       0.00000000    
   116.367188       0.00000000    
   116.437500       0.00000000    
   116.507812       0.00000000    
   116.578125       0.00000000    
   116.648438       0.00000000    
   116.718750       0.00000000    
   116.789062       0.00000000    
   116.859375       0.00000000    
   116.929688       0.00000000    
   117.000000       0.00000000    
   117.070312       0.00000000    
   117.140625       0.00000000    
   117.210938       0.00000000    
   117.281250       0.00000000    
   117.351562       0.00000000    
   117.421875       0.00000000    
   117.492188       0.00000000    
   117.562500       0.00000000    
   117.632812       0.00000000    
   117.703125       0.00000000    
   117.773438       0.00000000    
   117.843750       0.00000000    
   117.914062       0.00000000    
   117.984375       0.00000000    
   118.054688       0.00000000    
   118.125000       0.00000000    
   118.195312       0.00000000    
   118.265625       0.00000000    
