2018 09 28 10 02 45.0 -0.256 119.846
29. 2.412E+20 7.522 259 81 163 352 74 9
  -1.12695312       0.00000000    
  -1.05651855       4.35083211E+17
 -0.986083984       4.12689217E+17
 -0.915649414       3.98593547E+17
 -0.845214844       3.89601534E+17
 -0.774780273       3.83369365E+17
 -0.704345703       3.78405276E+17
 -0.633911133       3.81317745E+17
 -0.563476562       3.86221670E+17
 -0.493041992       3.90148370E+17
 -0.422607422       3.84730457E+17
 -0.352172852       3.75784796E+17
 -0.281738281       3.67121263E+17
 -0.211303711       3.60939740E+17
 -0.140869141       3.58235491E+17
  -7.04345703E-02   3.59217733E+17
   0.00000000       3.63587124E+17
   7.04345703E-02   3.70765491E+17
  0.140869141       3.80005993E+17
  0.211303711       5.00197836E+17
  0.281738281       6.75209610E+17
  0.352172852       8.66622833E+17
  0.422607422       9.41425701E+17
  0.493041992       9.43363591E+17
  0.563476562       9.06648767E+17
  0.633911133       8.55388161E+17
  0.704345703       8.04384977E+17
  0.774780273       7.61053018E+17
  0.845214844       7.27627864E+17
  0.915649414       7.03423215E+17
  0.986083984       6.96412798E+17
   1.05651855       7.14091777E+17
   1.12695312       7.57765066E+17
   1.19738770       8.15588588E+17
   1.26782227       8.74799008E+17
   1.33825684       9.29172057E+17
   1.40869141       9.76626566E+17
   1.47912598       1.01716178E+18
   1.54956055       1.05094269E+18
   1.61999512       1.07739083E+18
   1.69042969       1.09498226E+18
   1.76086426       1.10236032E+18
   1.83129883       1.09999129E+18
   1.90173340       1.09232872E+18
   1.97216797       1.08371261E+18
   2.04260254       1.07159620E+18
   2.11303711       1.05676426E+18
   2.18347168       1.04177394E+18
   2.25390625       1.03563461E+18
   2.32434082       1.04154840E+18
   2.39477539       1.06124574E+18
   2.46520996       1.09485279E+18
   2.53564453       1.13982247E+18
   2.60607910       1.19800189E+18
   2.67651367       1.25344518E+18
   2.74694824       1.30296512E+18
   2.81738281       1.33920448E+18
   2.88781738       1.35692448E+18
   2.95825195       1.36306017E+18
   3.02868652       1.36752542E+18
   3.09912109       1.38069358E+18
   3.16955566       1.40304130E+18
   3.23999023       1.43188657E+18
   3.31042480       1.46433467E+18
   3.38085938       1.49813270E+18
   3.45129395       1.53456584E+18
   3.52172852       1.58304523E+18
   3.59216309       1.64982668E+18
   3.66259766       1.73183595E+18
   3.73303223       1.81571234E+18
   3.80346680       1.90415499E+18
   3.87390137       2.20392130E+18
   3.94433594       2.61775961E+18
   4.01477051       3.06068358E+18
   4.08520508       3.27714938E+18
   4.15563965       3.34128087E+18
   4.22607422       3.31855726E+18
   4.29650879       3.25983427E+18
   4.36694336       3.19885261E+18
   4.43737793       3.15470392E+18
   4.50781250       3.13513921E+18
   4.57824707       3.14402161E+18
   4.64868164       3.18090968E+18
   4.71911621       3.24285314E+18
   4.78955078       3.32283574E+18
   4.85998535       3.41579890E+18
   4.93041992       3.52342239E+18
   5.00085449       3.64798579E+18
   5.07128906       3.79049432E+18
   5.14172363       3.94683085E+18
   5.21215820       4.11293792E+18
   5.28259277       4.28480726E+18
   5.35302734       4.45821646E+18
   5.42346191       4.62953219E+18
   5.49389648       4.79590369E+18
   5.56433105       4.95600303E+18
   5.63476562       5.10969717E+18
   5.70520020       5.25810650E+18
   5.77563477       5.41004966E+18
   5.84606934       5.57569438E+18
   5.91650391       5.76343874E+18
   5.98693848       5.98080339E+18
   6.05737305       6.23767075E+18
   6.12780762       6.53579453E+18
   6.19824219       6.86324449E+18
   6.26867676       7.19976487E+18
   6.33911133       7.53160242E+18
   6.40954590       7.85060483E+18
   6.47998047       8.15273633E+18
   6.55041504       8.43770281E+18
   6.62084961       8.70815078E+18
   6.69128418       8.96978452E+18
   6.76171875       9.23057494E+18
   6.83215332       9.50045996E+18
   6.90258789       9.78981184E+18
   6.97302246       1.01082590E+19
   7.04345703       1.04624612E+19
   7.11389160       1.08547262E+19
   7.18432617       1.12814005E+19
   7.25476074       1.17330931E+19
   7.32519531       1.21954905E+19
   7.39562988       1.26521672E+19
   7.46606445       1.30872098E+19
   7.53649902       1.34881962E+19
   7.60693359       1.38472769E+19
   7.67736816       1.41616526E+19
   7.74780273       1.44322677E+19
   7.81823730       1.46628232E+19
   7.88867188       1.48581063E+19
   7.95910645       1.50234751E+19
   8.02954102       1.51639575E+19
   8.09997559       1.52843221E+19
   8.17041016       1.53884206E+19
   8.24084473       1.54793139E+19
   8.31127930       1.55586206E+19
   8.38171387       1.56267276E+19
   8.45214844       1.56824124E+19
   8.52258301       1.57234814E+19
   8.59301758       1.57468559E+19
   8.66345215       1.57495277E+19
   8.73388672       1.57287392E+19
   8.80432129       1.56828258E+19
   8.87475586       1.56111641E+19
   8.94519043       1.55147303E+19
   9.01562500       1.53956609E+19
   9.08605957       1.52573071E+19
   9.15649414       1.51033326E+19
   9.22692871       1.49374713E+19
   9.29736328       1.47626160E+19
   9.36779785       1.45809557E+19
   9.43823242       1.43937848E+19
   9.50866699       1.42023708E+19
   9.57910156       1.40082861E+19
   9.64953613       1.38145280E+19
   9.71997070       1.36257803E+19
   9.79040527       1.34423367E+19
   9.86083984       1.32605786E+19
   9.93127441       1.30758343E+19
   10.0017090       1.28882499E+19
   10.0721436       1.27015352E+19
   10.1425781       1.25189800E+19
   10.2130127       1.23430823E+19
   10.2834473       1.21748868E+19
   10.3538818       1.20143899E+19
   10.4243164       1.18615853E+19
   10.4947510       1.17252844E+19
   10.5651855       1.16113398E+19
   10.6356201       1.15225234E+19
   10.7060547       1.14508452E+19
   10.7764893       1.13909811E+19
   10.8469238       1.13415801E+19
   10.9173584       1.13077690E+19
   10.9877930       1.12999790E+19
   11.0582275       1.13050851E+19
   11.1286621       1.13041791E+19
   11.1990967       1.12737303E+19
   11.2695312       1.12134485E+19
   11.3399658       1.11262528E+19
   11.4104004       1.10168932E+19
   11.4808350       1.08910123E+19
   11.5512695       1.07538383E+19
   11.6217041       1.06099705E+19
   11.6921387       1.04632506E+19
   11.7625732       1.03154158E+19
   11.8330078       1.01655106E+19
   11.9034424       1.00131853E+19
   11.9738770       9.86058081E+18
   12.0443115       9.71294058E+18
   12.1147461       9.57472428E+18
   12.1851807       9.44881590E+18
   12.2556152       9.33557280E+18
   12.3260498       9.23296747E+18
   12.3964844       9.13677615E+18
   12.4669189       9.04243091E+18
   12.5373535       8.94837428E+18
   12.6077881       8.85272777E+18
   12.6782227       8.75329838E+18
   12.7486572       8.64615317E+18
   12.8190918       8.53048675E+18
   12.8895264       8.40888956E+18
   12.9599609       8.28642320E+18
   13.0303955       8.16991950E+18
   13.1008301       8.06646700E+18
   13.1712646       7.98266442E+18
   13.2416992       7.92367013E+18
   13.3121338       7.89338848E+18
   13.3825684       7.89057923E+18
   13.4530029       7.90925938E+18
   13.5234375       7.94163230E+18
   13.5938721       7.98286783E+18
   13.6643066       8.04825084E+18
   13.7347412       8.14783086E+18
   13.8051758       8.28550456E+18
   13.8756104       8.44479136E+18
   13.9460449       8.61902602E+18
   14.0164795       8.81010135E+18
   14.0869141       9.02184310E+18
   14.1573486       9.25318200E+18
   14.2277832       9.49992340E+18
   14.2982178       9.75912997E+18
   14.3686523       1.00282915E+19
   14.4390869       1.03054311E+19
   14.5095215       1.05885686E+19
   14.5799561       1.08761414E+19
   14.6503906       1.11667599E+19
   14.7208252       1.14597578E+19
   14.7912598       1.17548150E+19
   14.8616943       1.20522747E+19
   14.9321289       1.23524425E+19
   15.0025635       1.26555987E+19
   15.0729980       1.29611640E+19
   15.1434326       1.32677661E+19
   15.2138672       1.35726420E+19
   15.2843018       1.38721160E+19
   15.3547363       1.41615954E+19
   15.4251709       1.44364700E+19
   15.4956055       1.46923022E+19
   15.5660400       1.49256570E+19
   15.6364746       1.51339716E+19
   15.7069092       1.53161255E+19
   15.7773438       1.54721308E+19
   15.8477783       1.56034994E+19
   15.9182129       1.57126259E+19
   15.9886475       1.58026748E+19
   16.0590820       1.58764817E+19
   16.1295166       1.59362545E+19
   16.1999512       1.59827055E+19
   16.2703857       1.60153709E+19
   16.3408203       1.60325365E+19
   16.4112549       1.60321451E+19
   16.4816895       1.60119866E+19
   16.5521240       1.59705768E+19
   16.6225586       1.59069987E+19
   16.6929932       1.58213742E+19
   16.7634277       1.57144170E+19
   16.8338623       1.55877840E+19
   16.9042969       1.54436864E+19
   16.9747314       1.52853392E+19
   17.0451660       1.51165169E+19
   17.1156006       1.49417682E+19
   17.1860352       1.47656781E+19
   17.2564697       1.45928096E+19
   17.3269043       1.44268933E+19
   17.3973389       1.42708044E+19
   17.4677734       1.41258668E+19
   17.5382080       1.39920023E+19
   17.6086426       1.38672243E+19
   17.6790771       1.37481779E+19
   17.7495117       1.36301102E+19
   17.8199463       1.35077829E+19
   17.8903809       1.33756722E+19
   17.9608154       1.32288896E+19
   18.0312500       1.30632119E+19
   18.1016846       1.28757913E+19
   18.1721191       1.26649974E+19
   18.2425537       1.24309476E+19
   18.3129883       1.21751836E+19
   18.3834229       1.19011600E+19
   18.4538574       1.16141435E+19
   18.5242920       1.13220187E+19
   18.5947266       1.10355024E+19
   18.6651611       1.07691644E+19
   18.7355957       1.05416777E+19
   18.8060303       1.03709840E+19
   18.8764648       1.02456672E+19
   18.9468994       1.01412949E+19
   19.0173340       1.00281453E+19
   19.0877686       9.89906371E+18
   19.1582031       9.75226902E+18
   19.2286377       9.58818670E+18
   19.2990723       9.40884645E+18
   19.3695068       9.21772659E+18
   19.4399414       9.01894259E+18
   19.5103760       8.81759397E+18
   19.5808105       8.62002823E+18
   19.6512451       8.43559230E+18
   19.7216797       8.27833684E+18
   19.7921143       8.14516620E+18
   19.8625488       8.02700278E+18
   19.9329834       7.90837097E+18
   20.0034180       7.78703602E+18
   20.0738525       7.66328598E+18
   20.1442871       7.54064591E+18
   20.2147217       7.41919220E+18
   20.2851562       7.29681766E+18
   20.3555908       7.16926167E+18
   20.4260254       7.03794699E+18
   20.4964600       6.90630191E+18
   20.5668945       6.77664146E+18
   20.6373291       6.65042082E+18
   20.7077637       6.52812544E+18
   20.7781982       6.40991090E+18
   20.8486328       6.29562381E+18
   20.9190674       6.18538183E+18
   20.9895020       6.07942574E+18
   21.0599365       5.97855874E+18
   21.1303711       5.88385726E+18
   21.2008057       5.79698704E+18
   21.2712402       5.71720978E+18
   21.3416748       5.64255349E+18
   21.4121094       5.57019243E+18
   21.4825439       5.49920466E+18
   21.5529785       5.42900579E+18
   21.6234131       5.35848806E+18
   21.6938477       5.28969492E+18
   21.7642822       5.22817779E+18
   21.8347168       5.17978883E+18
   21.9051514       5.14363029E+18
   21.9755859       5.11083461E+18
   22.0460205       5.07168870E+18
   22.1164551       5.02242233E+18
   22.1868896       4.97432584E+18
   22.2573242       4.95507724E+18
   22.3277588       4.99877239E+18
   22.3981934       5.11527004E+18
   22.4686279       5.30205343E+18
   22.5390625       5.53582114E+18
   22.6094971       5.79928007E+18
   22.6799316       6.06726294E+18
   22.7503662       6.32419352E+18
   22.8208008       6.56158468E+18
   22.8912354       6.77618461E+18
   22.9616699       6.96777396E+18
   23.0321045       7.14276728E+18
   23.1025391       7.30762036E+18
   23.1729736       7.46709188E+18
   23.2434082       7.61927528E+18
   23.3138428       7.76145973E+18
   23.3842773       7.89151436E+18
   23.4547119       8.00813461E+18
   23.5251465       8.11042163E+18
   23.5955811       8.19833693E+18
   23.6660156       8.27244346E+18
   23.7364502       8.33433057E+18
   23.8068848       8.38608569E+18
   23.8773193       8.43031244E+18
   23.9477539       8.46918677E+18
   24.0181885       8.50423481E+18
   24.0886230       8.53549722E+18
   24.1590576       8.56173267E+18
   24.2294922       8.58024020E+18
   24.2999268       8.58771743E+18
   24.3703613       8.58055246E+18
   24.4407959       8.55587887E+18
   24.5112305       8.51173348E+18
   24.5816650       8.44769572E+18
   24.6520996       8.36449787E+18
   24.7225342       8.26411851E+18
   24.7929688       8.14892653E+18
   24.8634033       8.02145684E+18
   24.9338379       7.88353246E+18
   25.0042725       7.73631445E+18
   25.0747070       7.57997654E+18
   25.1451416       7.41454787E+18
   25.2155762       7.24055840E+18
   25.2860107       7.06096417E+18
   25.3564453       6.88274708E+18
   25.4268799       6.71572521E+18
   25.4973145       6.55809428E+18
   25.5677490       6.40756839E+18
   25.6381836       6.26391719E+18
   25.7086182       6.13411435E+18
   25.7790527       6.01652378E+18
   25.8494873       5.90540109E+18
   25.9199219       5.79841970E+18
   25.9903564       5.69916349E+18
   26.0607910       5.61025478E+18
   26.1312256       5.53316307E+18
   26.2016602       5.46794004E+18
   26.2720947       5.41356095E+18
   26.3425293       5.36814892E+18
   26.4129639       5.32965832E+18
   26.4833984       5.29618423E+18
   26.5538330       5.26644244E+18
   26.6242676       5.23965889E+18
   26.6947021       5.21561037E+18
   26.7651367       5.19420178E+18
   26.8355713       5.17539573E+18
   26.9060059       5.15892340E+18
   26.9764404       5.14453464E+18
   27.0468750       5.13209972E+18
   27.1173096       5.12217882E+18
   27.1877441       5.11625026E+18
   27.2581787       5.11715625E+18
   27.3286133       5.12896116E+18
   27.3990479       5.15325762E+18
   27.4694824       5.18971522E+18
   27.5399170       5.23586722E+18
   27.6103516       5.28989833E+18
   27.6807861       5.34925106E+18
   27.7512207       5.41031849E+18
   27.8216553       5.46910333E+18
   27.8920898       5.52167593E+18
   27.9625244       5.56525782E+18
   28.0329590       5.60842684E+18
   28.1033936       5.65625890E+18
   28.1738281       5.71062810E+18
   28.2442627       5.76105555E+18
   28.3146973       5.80022620E+18
   28.3851318       5.82366669E+18
   28.4555664       5.82906859E+18
   28.5260010       5.81598000E+18
   28.5964355       5.78519258E+18
   28.6668701       5.73848533E+18
   28.7373047       5.68562136E+18
   28.8077393       5.63121477E+18
   28.8781738       5.57572517E+18
   28.9486084       5.50937074E+18
   29.0190430       5.42612617E+18
   29.0894775       5.32374844E+18
   29.1599121       5.20350145E+18
   29.2303467       5.07076896E+18
   29.3007812       4.93560269E+18
   29.3712158       4.80333914E+18
   29.4416504       4.67248022E+18
   29.5120850       4.53628811E+18
   29.5825195       4.39115890E+18
   29.6529541       4.23745844E+18
   29.7233887       4.07649571E+18
   29.7938232       3.91121025E+18
   29.8642578       3.74684481E+18
   29.9346924       3.59221224E+18
   30.0051270       3.45509462E+18
   30.0755615       3.33326048E+18
   30.1459961       3.22135302E+18
   30.2164307       2.94367163E+18
   30.2868652       2.90638197E+18
   30.3572998       2.87933068E+18
   30.4277344       2.86116483E+18
   30.4981689       2.84986817E+18
   30.5686035       2.84310067E+18
   30.6390381       2.83868696E+18
   30.7094727       2.83487440E+18
   30.7799072       2.83055690E+18
   30.8503418       2.82521822E+18
   30.9207764       2.81889438E+18
   30.9912109       2.81194711E+18
   31.0616455       2.80493553E+18
   31.1320801       2.79833488E+18
   31.2025146       2.79239477E+18
   31.2729492       2.78689639E+18
   31.3433838       2.78113275E+18
   31.4138184       2.77388202E+18
   31.4842529       2.76370219E+18
   31.5546875       2.64970565E+18
   31.6251221       2.65567710E+18
   31.6955566       2.65829146E+18
   31.7659912       2.65713395E+18
   31.8364258       2.65217048E+18
   31.9068604       2.64357230E+18
   31.9772949       2.63137239E+18
   32.0477295       2.61527279E+18
   32.1181641       2.59452886E+18
   32.1885986       2.56818483E+18
   32.2590332       2.45766357E+18
   32.3294678       2.44314177E+18
   32.3999023       2.42221559E+18
   32.4703369       2.32532526E+18
   32.5407715       2.34162854E+18
   32.6112061       2.35050132E+18
   32.6816406       2.35057719E+18
   32.7520752       2.34091661E+18
   32.8225098       2.32102012E+18
   32.8929443       2.29077819E+18
   32.9633789       2.25039368E+18
   33.0338135       2.20028426E+18
   33.1042480       2.14099227E+18
   33.1746826       2.07308987E+18
   33.2451172       1.99710770E+18
   33.3155518       1.91346071E+18
   33.3859863       1.82239558E+18
   33.4564209       1.72396221E+18
   33.5268555       1.61807938E+18
   33.5972900       1.50474351E+18
   33.6677246       1.38449707E+18
   33.7381592       1.25922902E+18
   33.8085938       1.13337542E+18
   33.8790283       1.01544338E+18
   33.9494629       8.68138716E+17
   34.0198975       8.45013100E+17
   34.0903320       8.24546928E+17
   34.1607666       8.05928829E+17
   34.2312012       7.88073447E+17
   34.3016357       7.69652436E+17
   34.3720703       7.49215813E+17
   34.4425049       7.25443753E+17
   34.5129395       6.97624391E+17
   34.5833740       6.66319233E+17
   34.6538086       5.85514268E+17
   34.7242432       5.86060588E+17
   34.7946777       5.84010137E+17
   34.8651123       5.79304433E+17
   34.9355469       5.71896576E+17
   35.0059814       5.61753857E+17
   35.0764160       5.48872184E+17
   35.1468506       5.33282999E+17
   35.2172852       5.15071788E+17
   35.2877197       4.94384924E+17
   35.3581543       4.71442926E+17
   35.4285889       4.46539160E+17
   35.4990234       4.20046943E+17
   35.5694580       3.92414085E+17
   35.6398926       3.64160588E+17
   35.7103271       3.35860636E+17
   35.7807617       3.08123531E+17
   35.8511963       2.81554365E+17
   35.9216309       2.56713528E+17
   35.9920654       2.34066148E+17
   36.0625000       2.13948212E+17
   36.1329346       1.96535556E+17
   36.2033691       1.81834793E+17
   36.2738037       1.69682338E+17
   36.3442383       1.59773316E+17
   36.4146729       1.51704069E+17
   36.4851074       1.45039465E+17
   36.5555420       1.39378372E+17
   36.6259766       1.34420579E+17
   36.6964111       1.30003652E+17
   36.7668457       1.26115195E+17
   36.8372803       1.22864102E+17
   36.9077148       1.20435126E+17
   36.9781494       1.19025741E+17
   37.0485840       1.18794964E+17
   37.1190186       1.19819984E+17
   37.1894531       1.22079927E+17
   37.2598877       1.25446924E+17
   37.3303223       1.29695901E+17
   37.4007568       1.34515567E+17
   37.4711914       1.39541443E+17
   37.5416260       1.44393571E+17
   37.6120605       1.48731831E+17
   37.6824951       1.52303509E+17
   37.7529297       1.54990767E+17
   37.8233643       1.56831418E+17
   37.8937988       1.58022223E+17
   37.9642334       1.58889034E+17
   38.0346680       1.59842860E+17
   38.1051025       1.61312598E+17
   38.1755371       1.63676685E+17
   38.2459717       1.67191463E+17
   38.3164062       1.71944119E+17
   38.3868408       1.77826678E+17
   38.4572754       1.84550896E+17
   38.5277100       1.91686366E+17
   38.5981445       1.98727845E+17
   38.6685791       2.05159885E+17
   38.7390137       2.10516585E+17
   38.8094482       2.14411261E+17
   38.8798828       2.16547870E+17
   38.9503174       2.16705221E+17
   39.0207520       2.14720997E+17
   39.0911865       2.10475628E+17
   39.1616211       2.03901356E+17
   39.2320557       1.95001325E+17
   39.3024902       1.83882840E+17
   39.3729248       1.70778276E+17
   39.4433594       1.56058066E+17
   39.5137939       1.40212532E+17
   39.5842285       1.23817216E+17
   39.6546631       1.07471034E+17
   39.7250977       9.17345228E+16
   39.7955322       0.00000000    
   39.8659668       0.00000000    
   39.9364014       0.00000000    
   40.0068359       0.00000000    
   40.0772705       0.00000000    
   40.1477051       0.00000000    
