2018 09 28 10 02 45.0 -0.256 119.846
29. 2.412E+20 7.522 259 81 163 352 74 9
  -1.12695312       0.00000000    
  -1.05651855       0.00000000    
 -0.986083984       0.00000000    
 -0.915649414       0.00000000    
 -0.845214844       0.00000000    
 -0.774780273       0.00000000    
 -0.704345703       0.00000000    
 -0.633911133       0.00000000    
 -0.563476562       0.00000000    
 -0.493041992       0.00000000    
 -0.422607422       0.00000000    
 -0.352172852       0.00000000    
 -0.281738281       0.00000000    
 -0.211303711       0.00000000    
 -0.140869141       0.00000000    
  -7.04345703E-02   0.00000000    
   0.00000000       0.00000000    
   7.04345703E-02   5.98893607E+17
  0.140869141       8.05601106E+17
  0.211303711       1.02154581E+18
  0.281738281       1.23038402E+18
  0.352172852       1.41785735E+18
  0.422607422       1.57359204E+18
  0.493041992       1.69168605E+18
  0.563476562       1.77144531E+18
  0.633911133       1.81655772E+18
  0.704345703       1.83416572E+18
  0.774780273       1.83263382E+18
  0.845214844       1.82022528E+18
  0.915649414       1.80389369E+18
  0.986083984       1.78994047E+18
   1.05651855       1.78456963E+18
   1.12695312       1.79494517E+18
   1.19738770       1.82838957E+18
   1.26782227       1.89092993E+18
   1.33825684       1.98420755E+18
   1.40869141       2.10347996E+18
   1.47912598       2.23654395E+18
   1.54956055       2.36579471E+18
   1.61999512       2.47155508E+18
   1.69042969       2.53689053E+18
   1.76086426       2.55081283E+18
   1.83129883       2.51029857E+18
   1.90173340       2.41942421E+18
   1.97216797       2.28784826E+18
   2.04260254       2.12815258E+18
   2.11303711       1.95435608E+18
   2.18347168       1.78038420E+18
   2.25390625       1.61990416E+18
   2.32434082       1.48572443E+18
   2.39477539       1.38986269E+18
   2.46520996       1.34240405E+18
   2.53564453       1.35043186E+18
   2.60607910       1.41562905E+18
   2.67651367       1.53252308E+18
   2.74694824       1.68666128E+18
   2.81738281       1.85510083E+18
   2.88781738       2.00826225E+18
   2.95825195       2.11456028E+18
   3.02868652       2.14541835E+18
   3.09912109       2.08086740E+18
   3.16955566       1.91297555E+18
   3.23999023       1.64804960E+18
   3.31042480       1.30646872E+18
   3.38085938       9.22734485E+17
   3.45129395       5.45347253E+17
   3.52172852       2.38401523E+17
   3.59216309       6.42568124E+16
   3.66259766       1.41750604E+15
   3.73303223       1.42712341E+15
   3.80346680       1.43678481E+15
   3.87390137       1.44649036E+15
   3.94433594       1.45624007E+15
   4.01477051       1.46603434E+15
   4.08520508       1.47587277E+15
   4.15563965       1.48575495E+15
   4.22607422       1.49568183E+15
   4.29650879       1.50565313E+15
   4.36694336       1.51566832E+15
   4.43737793       1.52572821E+15
   4.50781250       1.53583199E+15
   4.57824707       1.54597992E+15
   4.64868164       1.55617255E+15
   4.71911621       1.56640920E+15
   4.78955078       1.57669001E+15
   4.85998535       1.58701511E+15
   4.93041992       1.59738464E+15
   5.00085449       1.60779819E+15
   5.07128906       1.61825576E+15
   5.14172363       1.62875763E+15
   5.21215820       1.63930365E+15
   5.28259277       1.64989384E+15
   5.35302734       1.66052791E+15
   5.42346191       1.67120613E+15
   5.49389648       1.68192852E+15
   5.56433105       1.69269480E+15
   5.63476562       1.70350509E+15
   5.70520020       1.71435928E+15
   5.77563477       1.72525722E+15
   5.84606934       1.73619906E+15
   5.91650391       1.74718478E+15
   5.98693848       3.69345444E+15
   6.05737305       1.70639188E+17
   6.12780762       5.95097612E+17
   6.19824219       1.31235578E+18
   6.26867676       2.15572545E+18
   6.33911133       3.00160242E+18
   6.40954590       3.76531110E+18
   6.47998047       4.39648053E+18
   6.55041504       4.87354131E+18
   6.62084961       5.19937718E+18
   6.69128418       5.39619911E+18
   6.76171875       5.50105129E+18
   6.83215332       5.56036884E+18
   6.90258789       5.62527466E+18
   6.97302246       5.74602358E+18
   7.04345703       5.96722388E+18
   7.11389160       6.32257834E+18
   7.18432617       6.83148894E+18
   7.25476074       7.49677264E+18
   7.32519531       8.30579000E+18
   7.39562988       9.23317418E+18
   7.46606445       1.02458849E+19
   7.53649902       1.13074315E+19
   7.60693359       1.23819930E+19
   7.67736816       1.34365588E+19
   7.74780273       1.44432265E+19
   7.81823730       1.53804326E+19
   7.88867188       1.62347290E+19
   7.95910645       1.70011018E+19
   8.02954102       1.76829562E+19
   8.09997559       1.82898152E+19
   8.17041016       1.88346936E+19
   8.24084473       1.93301313E+19
   8.31127930       1.97855314E+19
   8.38171387       2.02048632E+19
   8.45214844       2.05870292E+19
   8.52258301       2.09273962E+19
   8.59301758       2.12218433E+19
   8.66345215       2.14704142E+19
   8.73388672       2.16806826E+19
   8.80432129       2.18680790E+19
   8.87475586       2.20543605E+19
   8.94519043       2.22630236E+19
   9.01562500       2.25143478E+19
   9.08605957       2.28199988E+19
   9.15649414       2.31802648E+19
   9.22692871       2.35832842E+19
   9.29736328       2.40078892E+19
   9.36779785       2.44276079E+19
   9.43823242       2.48158389E+19
   9.50866699       2.51490855E+19
   9.57910156       2.54090826E+19
   9.64953613       2.55823590E+19
   9.71997070       2.56598614E+19
   9.79040527       2.56357227E+19
   9.86083984       2.55071217E+19
   9.93127441       2.52736711E+19
   10.0017090       2.49377989E+19
   10.0721436       2.45045584E+19
   10.1425781       2.39824487E+19
   10.2130127       2.33840131E+19
   10.2834473       2.27276904E+19
   10.3538818       2.20389673E+19
   10.4243164       2.13513437E+19
   10.4947510       2.07044131E+19
   10.5651855       2.01399238E+19
   10.6356201       1.96945534E+19
   10.7060547       1.93924252E+19
   10.7764893       1.92382715E+19
   10.8469238       1.92151554E+19
   10.9173584       1.92865994E+19
   10.9877930       1.94039063E+19
   11.0582275       1.95150362E+19
   11.1286621       1.95734862E+19
   11.1990967       1.95434102E+19
   11.2695312       1.94015930E+19
   11.3399658       1.91358388E+19
   11.4104004       1.87429679E+19
   11.4808350       1.82265614E+19
   11.5512695       1.75963389E+19
   11.6217041       1.68677277E+19
   11.6921387       1.60624894E+19
   11.7625732       1.52083998E+19
   11.8330078       1.43386894E+19
   11.9034424       1.34892616E+19
   11.9738770       1.26950426E+19
   12.0443115       1.19846592E+19
   12.1147461       1.13760289E+19
   12.1851807       1.08728891E+19
   12.2556152       1.04646525E+19
   12.3260498       1.01284856E+19
   12.3964844       9.83451468E+18
   12.4669189       9.55191931E+18
   12.5373535       9.25607591E+18
   12.6077881       8.93384754E+18
   12.6782227       8.58674986E+18
   12.7486572       8.22950973E+18
   12.8190918       7.88555006E+18
   12.8895264       7.57941689E+18
   12.9599609       7.32983764E+18
   13.0303955       7.14426922E+18
   13.1008301       7.01767804E+18
   13.1712646       6.93426964E+18
   13.2416992       6.87234625E+18
   13.3121338       6.80923648E+18
   13.3825684       6.72622390E+18
   13.4530029       6.61128315E+18
   13.5234375       6.46101895E+18
   13.5938721       6.28075841E+18
   13.6643066       6.08461159E+18
   13.7347412       5.89399200E+18
   13.8051758       5.73573490E+18
   13.8756104       5.63817083E+18
   13.9460449       5.62687335E+18
   14.0164795       5.71941210E+18
   14.0869141       5.92166726E+18
   14.1573486       6.22533258E+18
   14.2277832       6.60875538E+18
   14.2982178       7.03968092E+18
   14.3686523       7.48059608E+18
   14.4390869       7.89403114E+18
   14.5095215       8.24817064E+18
   14.5799561       8.52056640E+18
   14.6503906       8.70119142E+18
   14.7208252       8.79325408E+18
   14.7912598       8.81305684E+18
   14.8616943       8.78710122E+18
   14.9321289       8.74772880E+18
   15.0025635       8.72633781E+18
   15.0729980       8.74688438E+18
   15.1434326       8.81997936E+18
   15.2138672       8.94077996E+18
   15.2843018       9.09009968E+18
   15.3547363       9.23997246E+18
   15.4251709       9.36064386E+18
   15.4956055       9.42836389E+18
   15.5660400       9.43059260E+18
   15.6364746       9.36893308E+18
   15.7069092       9.25808912E+18
   15.7773438       9.12269525E+18
   15.8477783       8.99144435E+18
   15.9182129       8.89116724E+18
   15.9886475       8.84087998E+18
   16.0590820       8.84871070E+18
   16.1295166       8.91128281E+18
   16.1999512       9.01695082E+18
   16.2703857       9.15019239E+18
   16.3408203       9.29664129E+18
   16.4112549       9.44555585E+18
   16.4816895       9.59045059E+18
   16.5521240       9.72701653E+18
   16.6225586       9.85112611E+18
   16.6929932       9.95701787E+18
   16.7634277       1.00379397E+19
   16.8338623       1.00876882E+19
   16.9042969       1.01035157E+19
   16.9747314       1.00877707E+19
   17.0451660       1.00489436E+19
   17.1156006       1.00003705E+19
   17.1860352       9.95845164E+18
   17.2564697       9.93937511E+18
   17.3269043       9.95644942E+18
   17.3973389       1.00169885E+19
   17.4677734       1.01207769E+19
   17.5382080       1.02591593E+19
   17.6086426       1.04167677E+19
   17.6790771       1.05742859E+19
   17.7495117       1.07130443E+19
   17.8199463       1.08187480E+19
   17.8903809       1.08846835E+19
   17.9608154       1.09121812E+19
   18.0312500       1.09096578E+19
   18.1016846       1.08893400E+19
   18.1721191       1.08640215E+19
   18.2425537       1.08434463E+19
   18.3129883       1.08326008E+19
   18.3834229       1.08310043E+19
   18.4538574       1.08344754E+19
   18.5242920       1.08372198E+19
   18.5947266       1.08345249E+19
   18.6651611       1.08234748E+19
   18.7355957       1.08026589E+19
   18.8060303       1.07700001E+19
   18.8764648       1.07211872E+19
   18.9468994       1.06484524E+19
   19.0173340       1.05415875E+19
   19.0877686       1.03895515E+19
   19.1582031       1.01833710E+19
   19.2286377       9.91832826E+18
   19.2990723       9.59648801E+18
   19.3695068       9.22788223E+18
   19.4399414       8.83119713E+18
   19.5103760       8.43193367E+18
   19.5808105       8.05908433E+18
   19.6512451       7.73930127E+18
   19.7216797       7.49131082E+18
   19.7921143       7.32105694E+18
   19.8625488       7.22072706E+18
   19.9329834       7.17089884E+18
   20.0034180       7.14650947E+18
   20.0738525       7.12343512E+18
   20.1442871       7.08495551E+18
   20.2147217       7.02500629E+18
   20.2851562       6.94891789E+18
   20.3555908       6.87058208E+18
   20.4260254       6.80858502E+18
   20.4964600       6.78112801E+18
   20.5668945       6.80215123E+18
   20.6373291       6.87779653E+18
   20.7077637       7.00502706E+18
   20.7781982       7.17122539E+18
   20.8486328       7.35637490E+18
   20.9190674       7.53627480E+18
   20.9895020       7.68760663E+18
   21.0599365       7.79232467E+18
   21.1303711       7.84154431E+18
   21.2008057       7.83654483E+18
   21.2712402       7.78814817E+18
   21.3416748       7.71352487E+18
   21.4121094       7.63286140E+18
   21.4825439       7.56545309E+18
   21.5529785       7.52742978E+18
   21.6234131       7.52990643E+18
   21.6938477       7.57882865E+18
   21.7642822       7.67468022E+18
   21.8347168       7.81311973E+18
   21.9051514       7.98492117E+18
   21.9755859       8.17679695E+18
   22.0460205       8.37203942E+18
   22.1164551       8.55277385E+18
   22.1868896       8.70238055E+18
   22.2573242       8.80902603E+18
   22.3277588       8.86808410E+18
   22.3981934       8.88408419E+18
   22.4686279       8.87019956E+18
   22.5390625       8.84649024E+18
   22.6094971       8.83574581E+18
   22.6799316       8.85906370E+18
   22.7503662       8.93073042E+18
   22.8208008       9.05488178E+18
   22.8912354       9.22339952E+18
   22.9616699       9.41698504E+18
   23.0321045       9.60796471E+18
   23.1025391       9.76565997E+18
   23.1729736       9.86188043E+18
   23.2434082       9.87664027E+18
   23.3138428       9.80149305E+18
   23.3842773       9.64106771E+18
   23.4547119       9.41130606E+18
   23.5251465       9.13650127E+18
   23.5955811       8.84474806E+18
   23.6660156       8.56421152E+18
   23.7364502       8.31939206E+18
   23.8068848       8.12904736E+18
   23.8773193       8.00431986E+18
   23.9477539       7.94840694E+18
   24.0181885       7.95638555E+18
   24.0886230       8.01664593E+18
   24.1590576       8.11244528E+18
   24.2294922       8.22471531E+18
   24.2999268       8.33432068E+18
   24.3703613       8.42479179E+18
   24.4407959       8.48379654E+18
   24.5112305       8.50449924E+18
   24.5816650       8.48535399E+18
   24.6520996       8.42986274E+18
   24.7225342       8.34520914E+18
   24.7929688       8.24135257E+18
   24.8634033       8.12938106E+18
   24.9338379       8.02051126E+18
   25.0042725       7.92430620E+18
   25.0747070       7.84761086E+18
   25.1451416       7.79310807E+18
   25.2155762       7.75940254E+18
   25.2860107       7.74149205E+18
   25.3564453       7.73289002E+18
   25.4268799       7.72741390E+18
   25.4973145       7.72132810E+18
   25.5677490       7.71397512E+18
   25.6381836       7.70817080E+18
   25.7086182       7.70919664E+18
   25.7790527       7.72396198E+18
   25.8494873       7.75908368E+18
   25.9199219       7.81928579E+18
   25.9903564       7.90502186E+18
   26.0607910       8.01133419E+18
   26.1312256       8.12721777E+18
   26.2016602       8.23723600E+18
   26.2720947       8.32371259E+18
   26.3425293       8.37011143E+18
   26.4129639       8.36319770E+18
   26.4833984       8.29464645E+18
   26.5538330       8.16055936E+18
   26.6242676       7.96080064E+18
   26.6947021       7.69762648E+18
   26.7651367       7.37563230E+18
   26.8355713       7.00190610E+18
   26.9060059       6.58737537E+18
   26.9764404       6.14726561E+18
   27.0468750       5.70109423E+18
   27.1173096       5.27044906E+18
   27.1877441       4.87607568E+18
   27.2581787       4.53385544E+18
   27.3286133       4.25216578E+18
   27.3990479       4.03030660E+18
   27.4694824       3.85974211E+18
   27.5399170       3.72645739E+18
   27.6103516       3.61474068E+18
   27.6807861       3.50988548E+18
   27.7512207       3.40035296E+18
   27.8216553       3.27790914E+18
   27.8920898       3.13748199E+18
   27.9625244       2.97614433E+18
   28.0329590       2.79315096E+18
   28.1033936       2.58986940E+18
   28.1738281       2.37058995E+18
   28.2442627       2.14237504E+18
   28.3146973       1.91499411E+18
   28.3851318       1.69969737E+18
   28.4555664       1.50840777E+18
   28.5260010       1.35218668E+18
   28.5964355       1.24032553E+18
   28.6668701       1.17872567E+18
   28.7373047       1.16906151E+18
   28.8077393       1.20782314E+18
   28.8781738       1.28701973E+18
   28.9486084       1.39534114E+18
   29.0190430       1.52064149E+18
   29.0894775       1.65160225E+18
   29.1599121       1.77928455E+18
   29.2303467       1.89709118E+18
   29.3007812       2.00085305E+18
   29.3712158       2.08815029E+18
   29.4416504       2.15845114E+18
   29.5120850       2.21249324E+18
   29.5825195       2.25182771E+18
   29.6529541       2.27692022E+18
   29.7233887       2.28544569E+18
   29.7938232       2.27021155E+18
   29.8642578       2.21900069E+18
   29.9346924       2.11573456E+18
   30.0051270       1.94456259E+18
   30.0755615       1.69521328E+18
   30.1459961       1.37002901E+18
   30.2164307       0.00000000    
   30.2868652       0.00000000    
   30.3572998       0.00000000    
   30.4277344       0.00000000    
   30.4981689       0.00000000    
   30.5686035       0.00000000    
   30.6390381       0.00000000    
   30.7094727       0.00000000    
   30.7799072       0.00000000    
   30.8503418       0.00000000    
   30.9207764       0.00000000    
   30.9912109       0.00000000    
   31.0616455       0.00000000    
   31.1320801       0.00000000    
   31.2025146       0.00000000    
   31.2729492       0.00000000    
   31.3433838       0.00000000    
   31.4138184       0.00000000    
   31.4842529       0.00000000    
   31.5546875       0.00000000    
   31.6251221       0.00000000    
   31.6955566       0.00000000    
   31.7659912       0.00000000    
   31.8364258       0.00000000    
   31.9068604       0.00000000    
   31.9772949       0.00000000    
   32.0477295       0.00000000    
   32.1181641       0.00000000    
   32.1885986       0.00000000    
   32.2590332       0.00000000    
   32.3294678       0.00000000    
   32.3999023       0.00000000    
   32.4703369       0.00000000    
   32.5407715       0.00000000    
   32.6112061       0.00000000    
   32.6816406       0.00000000    
   32.7520752       0.00000000    
   32.8225098       0.00000000    
   32.8929443       0.00000000    
   32.9633789       0.00000000    
   33.0338135       0.00000000    
   33.1042480       0.00000000    
   33.1746826       0.00000000    
   33.2451172       0.00000000    
   33.3155518       0.00000000    
   33.3859863       0.00000000    
   33.4564209       0.00000000    
   33.5268555       0.00000000    
   33.5972900       0.00000000    
   33.6677246       0.00000000    
   33.7381592       0.00000000    
   33.8085938       0.00000000    
   33.8790283       0.00000000    
   33.9494629       0.00000000    
   34.0198975       0.00000000    
   34.0903320       0.00000000    
   34.1607666       0.00000000    
   34.2312012       0.00000000    
   34.3016357       0.00000000    
   34.3720703       0.00000000    
   34.4425049       0.00000000    
   34.5129395       0.00000000    
   34.5833740       0.00000000    
   34.6538086       0.00000000    
   34.7242432       0.00000000    
   34.7946777       0.00000000    
   34.8651123       0.00000000    
   34.9355469       0.00000000    
   35.0059814       0.00000000    
   35.0764160       0.00000000    
   35.1468506       0.00000000    
   35.2172852       0.00000000    
   35.2877197       0.00000000    
   35.3581543       0.00000000    
   35.4285889       0.00000000    
   35.4990234       0.00000000    
   35.5694580       0.00000000    
   35.6398926       0.00000000    
   35.7103271       0.00000000    
   35.7807617       0.00000000    
   35.8511963       0.00000000    
   35.9216309       0.00000000    
   35.9920654       0.00000000    
   36.0625000       0.00000000    
   36.1329346       0.00000000    
   36.2033691       0.00000000    
   36.2738037       0.00000000    
   36.3442383       0.00000000    
   36.4146729       0.00000000    
   36.4851074       0.00000000    
   36.5555420       0.00000000    
   36.6259766       0.00000000    
   36.6964111       0.00000000    
   36.7668457       0.00000000    
   36.8372803       0.00000000    
   36.9077148       0.00000000    
   36.9781494       0.00000000    
   37.0485840       0.00000000    
   37.1190186       0.00000000    
   37.1894531       0.00000000    
   37.2598877       0.00000000    
   37.3303223       0.00000000    
   37.4007568       0.00000000    
   37.4711914       0.00000000    
   37.5416260       0.00000000    
   37.6120605       0.00000000    
   37.6824951       0.00000000    
   37.7529297       0.00000000    
   37.8233643       0.00000000    
   37.8937988       0.00000000    
   37.9642334       0.00000000    
   38.0346680       0.00000000    
   38.1051025       0.00000000    
   38.1755371       0.00000000    
   38.2459717       0.00000000    
   38.3164062       0.00000000    
   38.3868408       0.00000000    
   38.4572754       0.00000000    
   38.5277100       0.00000000    
   38.5981445       0.00000000    
   38.6685791       0.00000000    
   38.7390137       0.00000000    
   38.8094482       0.00000000    
   38.8798828       0.00000000    
   38.9503174       0.00000000    
   39.0207520       0.00000000    
   39.0911865       0.00000000    
   39.1616211       0.00000000    
   39.2320557       0.00000000    
   39.3024902       0.00000000    
   39.3729248       0.00000000    
   39.4433594       0.00000000    
   39.5137939       0.00000000    
   39.5842285       0.00000000    
   39.6546631       0.00000000    
   39.7250977       0.00000000    
   39.7955322       0.00000000    
   39.8659668       0.00000000    
   39.9364014       0.00000000    
   40.0068359       0.00000000    
   40.0772705       0.00000000    
   40.1477051       0.00000000    
