2005 03 28 16 09 36.0 2.090 97.110
28. 6.613E+21 8.480 323 17 101 131 73 87
  -1.12500000       0.00000000    
  -1.05468750       2.74840139E+18
 -0.984375000       2.77679325E+18
 -0.914062500       2.80387065E+18
 -0.843750000       2.82894611E+18
 -0.773437500       2.85604825E+18
 -0.703125000       2.89087473E+18
 -0.632812500       2.93670980E+18
 -0.562500000       2.99030879E+18
 -0.492187500       3.04535556E+18
 -0.421875000       3.09696526E+18
 -0.351562500       3.14143501E+18
 -0.281250000       3.17611526E+18
 -0.210937500       3.19922644E+18
 -0.140625000       3.20983398E+18
  -7.03125000E-02   3.20776030E+18
   0.00000000       3.19359804E+18
   7.03125000E-02   3.16883567E+18
  0.140625000       3.13635389E+18
  0.210937500       3.09909942E+18
  0.281250000       3.06006208E+18
  0.351562500       3.02190078E+18
  0.421875000       2.98795638E+18
  0.492187500       2.95717720E+18
  0.562500000       2.92764790E+18
  0.632812500       2.89677773E+18
  0.703125000       2.86618437E+18
  0.773437500       2.83798740E+18
  0.843750000       2.81491030E+18
  0.914062500       2.79948442E+18
  0.984375000       2.78939998E+18
   1.05468750       2.78103077E+18
   1.12500000       2.77005709E+18
   1.19531250       2.75599654E+18
   1.26562500       2.73850771E+18
   1.33593750       2.71744931E+18
   1.40625000       2.69294697E+18
   1.47656250       2.66547842E+18
   1.54687500       2.63597330E+18
   1.61718750       2.60588296E+18
   1.68750000       2.57720550E+18
   1.75781250       2.55060914E+18
   1.82812500       2.52519668E+18
   1.89843750       2.49914320E+18
   1.96875000       2.47131759E+18
   2.03906250       2.44133858E+18
   2.10937500       2.40888731E+18
   2.17968750       2.37410756E+18
   2.25000000       2.33810021E+18
   2.32031250       2.30347521E+18
   2.39062500       2.27475762E+18
   2.46093750       2.25861596E+18
   2.53125000       2.25427619E+18
   2.60156250       2.25784287E+18
   2.67187500       2.26264677E+18
   2.74218750       2.26808715E+18
   2.81250000       2.27439505E+18
   2.88281250       2.28230810E+18
   2.95312500       2.29295371E+18
   3.02343750       2.30660992E+18
   3.09375000       2.32216471E+18
   3.16406250       2.33755787E+18
   3.23437500       2.35151397E+18
   3.30468750       2.36340877E+18
   3.37500000       2.37277138E+18
   3.44531250       2.37955647E+18
   3.51562500       2.38413703E+18
   3.58593750       2.38742732E+18
   3.65625000       2.39022063E+18
   3.72656250       2.39651369E+18
   3.79687500       2.41045687E+18
   3.86718750       2.43402160E+18
   3.93750000       2.46477879E+18
   4.00781250       2.49928229E+18
   4.07812500       2.53541471E+18
   4.14843750       2.57152927E+18
   4.21875000       2.60671832E+18
   4.28906250       2.64100989E+18
   4.35937500       2.67537842E+18
   4.42968750       2.71119171E+18
   4.50000000       2.75025956E+18
   4.57031250       2.79430930E+18
   4.64062500       2.84551355E+18
   4.71093750       2.90706092E+18
   4.78125000       2.98105667E+18
   4.85156250       3.06766383E+18
   4.92187500       3.16327516E+18
   4.99218750       3.26604019E+18
   5.06250000       3.38138473E+18
   5.13281250       3.51280551E+18
   5.20312500       3.65985420E+18
   5.27343750       3.81371161E+18
   5.34375000       3.96852092E+18
   5.41406250       4.12061746E+18
   5.48437500       4.26854356E+18
   5.55468750       4.41211696E+18
   5.62500000       4.55236737E+18
   5.69531250       4.69204877E+18
   5.76562500       4.83732175E+18
   5.83593750       4.99588452E+18
   5.90625000       5.17410766E+18
   5.97656250       5.37091969E+18
   6.04687500       5.58033322E+18
   6.11718750       5.79349004E+18
   6.18750000       6.00390688E+18
   6.25781250       6.20668596E+18
   6.32812500       6.39885476E+18
   6.39843750       6.57855784E+18
   6.46875000       6.74537904E+18
   6.53906250       6.89945526E+18
   6.60937500       7.04173591E+18
   6.67968750       7.17314129E+18
   6.75000000       7.29490836E+18
   6.82031250       7.40794420E+18
   6.89062500       7.51340331E+18
   6.96093750       7.61223401E+18
   7.03125000       7.70585907E+18
   7.10156250       7.79571006E+18
   7.17187500       7.88385296E+18
   7.24218750       7.97238124E+18
   7.31250000       8.06387160E+18
   7.38281250       8.16055606E+18
   7.45312500       8.26462539E+18
   7.52343750       8.37736876E+18
   7.59375000       8.49955639E+18
   7.66406250       8.63079464E+18
   7.73437500       8.77023801E+18
   7.80468750       8.91631802E+18
   7.87500000       9.06773507E+18
   7.94531250       9.22627035E+18
   8.01562500       9.39593599E+18
   8.08593750       9.57955113E+18
   8.15625000       9.77666498E+18
   8.22656250       9.98492897E+18
   8.29687500       1.02036394E+19
   8.36718750       1.04327777E+19
   8.43750000       1.06730165E+19
   8.50781250       1.09264430E+19
   8.57812500       1.11978123E+19
   8.64843750       1.14891466E+19
   8.71875000       1.17989154E+19
   8.78906250       1.21208282E+19
   8.85937500       1.24493831E+19
   8.92968750       1.27794345E+19
   9.00000000       1.31067438E+19
   9.07031250       1.34277902E+19
   9.14062500       1.37403417E+19
   9.21093750       1.40431186E+19
   9.28125000       1.43361198E+19
   9.35156250       1.46199851E+19
   9.42187500       1.48961945E+19
   9.49218750       1.51664578E+19
   9.56250000       1.54330058E+19
   9.63281250       1.56980299E+19
   9.70312500       1.59639424E+19
   9.77343750       1.62327543E+19
   9.84375000       1.65062699E+19
   9.91406250       1.67855008E+19
   9.98437500       1.70709922E+19
   10.0546875       1.73685828E+19
   10.1250000       1.76876753E+19
   10.1953125       1.80335586E+19
   10.2656250       1.84028098E+19
   10.3359375       1.87860226E+19
   10.4062500       1.91764723E+19
   10.4765625       1.95692421E+19
   10.5468750       1.99612862E+19
   10.6171875       2.03503198E+19
   10.6875000       2.07348520E+19
   10.7578125       2.11131873E+19
   10.8281250       2.14837777E+19
   10.8984375       2.18446770E+19
   10.9687500       2.21942513E+19
   11.0390625       2.25309130E+19
   11.1093750       2.28539847E+19
   11.1796875       2.31633631E+19
   11.2500000       2.34601213E+19
   11.3203125       2.37458777E+19
   11.3906250       2.40231306E+19
   11.4609375       2.42944483E+19
   11.5312500       2.45627511E+19
   11.6015625       2.48304976E+19
   11.6718750       2.51000846E+19
   11.7421875       2.53731264E+19
   11.8125000       2.56508300E+19
   11.8828125       2.59333012E+19
   11.9531250       2.62199790E+19
   12.0234375       2.65091704E+19
   12.0937500       2.67988125E+19
   12.1640625       2.70862490E+19
   12.2343750       2.73691952E+19
   12.3046875       2.76455200E+19
   12.3750000       2.79140516E+19
   12.4453125       2.81740707E+19
   12.5156250       2.84258214E+19
   12.5859375       2.86697503E+19
   12.6562500       2.89067610E+19
   12.7265625       2.91373308E+19
   12.7968750       2.93618247E+19
   12.8671875       2.95797259E+19
   12.9375000       2.97901570E+19
   13.0078125       2.99912599E+19
   13.0781250       3.01808443E+19
   13.1484375       3.03560207E+19
   13.2187500       3.05141107E+19
   13.2890625       3.06525216E+19
   13.3593750       3.07699143E+19
   13.4296875       3.08661787E+19
   13.5000000       3.09433446E+19
   13.5703125       3.10050206E+19
   13.6406250       3.10565855E+19
   13.7109375       3.11039833E+19
   13.7812500       3.11534063E+19
   13.8515625       3.12099872E+19
   13.9218750       3.12778623E+19
   13.9921875       3.13594328E+19
   14.0625000       3.14559875E+19
   14.1328125       3.15674362E+19
   14.2031250       3.16930796E+19
   14.2734375       3.18313344E+19
   14.3437500       3.19804172E+19
   14.4140625       3.21379222E+19
   14.4843750       3.23014812E+19
   14.5546875       3.24683937E+19
   14.6250000       3.26363682E+19
   14.6953125       3.28032081E+19
   14.7656250       3.29676159E+19
   14.8359375       3.31288351E+19
   14.9062500       3.32872329E+19
   14.9765625       3.34437528E+19
   15.0468750       3.36003431E+19
   15.1171875       3.37592291E+19
   15.1875000       3.39232103E+19
   15.2578125       3.40947715E+19
   15.3281250       3.42762217E+19
   15.3984375       3.44687176E+19
   15.4687500       3.46726924E+19
   15.5390625       3.48873148E+19
   15.6093750       3.51113359E+19
   15.6796875       3.53430866E+19
   15.7500000       3.55815421E+19
   15.8203125       3.58262494E+19
   15.8906250       3.60781431E+19
   15.9609375       3.63391342E+19
   16.0312500       3.66124398E+19
   16.1015625       3.69018224E+19
   16.1718750       3.72117396E+19
   16.2421875       3.75462902E+19
   16.3125000       3.79092478E+19
   16.3828125       3.83029433E+19
   16.4531250       3.87284719E+19
   16.5234375       3.91849364E+19
   16.5937500       3.96700629E+19
   16.6640625       4.01798756E+19
   16.7343750       4.07097215E+19
   16.8046875       4.12543008E+19
   16.8750000       4.18089077E+19
   16.9453125       4.23695354E+19
   17.0156250       4.29338312E+19
   17.0859375       4.35006954E+19
   17.1562500       4.40705239E+19
   17.2265625       4.46440820E+19
   17.2968750       4.52224998E+19
   17.3671875       4.58061602E+19
   17.4375000       4.63948739E+19
   17.5078125       4.69870885E+19
   17.5781250       4.75804069E+19
   17.6484375       4.81711745E+19
   17.7187500       4.87554374E+19
   17.7890625       4.93287843E+19
   17.8593750       4.98874638E+19
   17.9296875       5.04282564E+19
   18.0000000       5.09493853E+19
   18.0703125       5.14500105E+19
   18.1406250       5.19308798E+19
   18.2109375       5.23934751E+19
   18.2812500       5.28402199E+19
   18.3515625       5.32733923E+19
   18.4218750       5.36950901E+19
   18.4921875       5.41061536E+19
   18.5625000       5.45065429E+19
   18.6328125       5.48946617E+19
   18.7031250       5.52683242E+19
   18.7734375       5.56246451E+19
   18.8437500       5.59612628E+19
   18.9140625       5.62764180E+19
   18.9843750       5.65699788E+19
   19.0546875       5.68430975E+19
   19.1250000       5.70986108E+19
   19.1953125       5.73399800E+19
   19.2656250       5.75711325E+19
   19.3359375       5.77952086E+19
   19.4062500       5.80144468E+19
   19.4765625       5.82292210E+19
   19.5468750       5.84384977E+19
   19.6171875       5.86392641E+19
   19.6875000       5.88273729E+19
   19.7578125       5.89972695E+19
   19.8281250       5.91431527E+19
   19.8984375       5.92589884E+19
   19.9687500       5.93398245E+19
   20.0390625       5.93819710E+19
   20.1093750       5.93839677E+19
   20.1796875       5.93464524E+19
   20.2500000       5.92727059E+19
   20.3203125       5.91677685E+19
   20.3906250       5.90384660E+19
   20.4609375       5.88922353E+19
   20.5312500       5.87368128E+19
   20.6015625       5.85790064E+19
   20.6718750       5.84244327E+19
   20.7421875       5.82763813E+19
   20.8125000       5.81361144E+19
   20.8828125       5.80023918E+19
   20.9531250       5.78726802E+19
   21.0234375       5.77435140E+19
   21.0937500       5.76122587E+19
   21.1640625       5.74772606E+19
   21.2343750       5.73390696E+19
   21.3046875       5.71998890E+19
   21.3750000       5.70641037E+19
   21.4453125       5.69370618E+19
   21.5156250       5.68250611E+19
   21.5859375       5.67338764E+19
   21.6562500       5.66685346E+19
   21.7265625       5.66320748E+19
   21.7968750       5.66258516E+19
   21.8671875       5.66490601E+19
   21.9375000       5.66998311E+19
   22.0078125       5.67753192E+19
   22.0781250       5.68729162E+19
   22.1484375       5.69901902E+19
   22.2187500       5.71257467E+19
   22.2890625       5.72788427E+19
   22.3593750       5.74499399E+19
   22.4296875       5.76400763E+19
   22.5000000       5.78511561E+19
   22.5703125       5.80849739E+19
   22.6406250       5.83432052E+19
   22.7109375       5.86263030E+19
   22.7812500       5.89336385E+19
   22.8515625       5.92627971E+19
   22.9218750       5.96102912E+19
   22.9921875       5.99714192E+19
   23.0625000       6.03414532E+19
   23.1328125       6.07158413E+19
   23.2031250       6.10916016E+19
   23.2734375       6.14674543E+19
   23.3437500       6.18448946E+19
   23.4140625       6.22276390E+19
   23.4843750       6.26218579E+19
   23.5546875       6.30346058E+19
   23.6250000       6.34733945E+19
   23.6953125       6.39443241E+19
   23.7656250       6.44518191E+19
   23.8359375       6.49974408E+19
   23.9062500       6.55802391E+19
   23.9765625       6.61963614E+19
   24.0468750       6.68400727E+19
   24.1171875       6.75038303E+19
   24.1875000       6.81794582E+19
   24.2578125       6.88583934E+19
   24.3281250       6.95329086E+19
   24.3984375       7.01964199E+19
   24.4687500       7.08447843E+19
   24.5390625       7.14762119E+19
   24.6093750       7.20919692E+19
   24.6796875       7.26956011E+19
   24.7500000       7.32926974E+19
   24.8203125       7.38892133E+19
   24.8906250       7.44909188E+19
   24.9609375       7.51015348E+19
   25.0312500       7.57226533E+19
   25.1015625       7.63526559E+19
   25.1718750       7.69874523E+19
   25.2421875       7.76206391E+19
   25.3125000       7.82450561E+19
   25.3828125       7.88533148E+19
   25.4531250       7.94394600E+19
   25.5234375       7.99990587E+19
   25.5937500       8.05302195E+19
   25.6640625       8.10329250E+19
   25.7343750       8.15092951E+19
   25.8046875       8.19623378E+19
   25.8750000       8.23960556E+19
   25.9453125       8.28140899E+19
   26.0156250       8.32201264E+19
   26.0859375       8.36172084E+19
   26.1562500       8.40082563E+19
   26.2265625       8.43956450E+19
   26.2968750       8.47819430E+19
   26.3671875       8.51692262E+19
   26.4375000       8.55597200E+19
   26.5078125       8.59551747E+19
   26.5781250       8.63574904E+19
   26.6484375       8.67683911E+19
   26.7187500       8.71901198E+19
   26.7890625       8.76249722E+19
   26.8593750       8.80759479E+19
   26.9296875       8.85460287E+19
   27.0000000       8.90384692E+19
   27.0703125       8.95559082E+19
   27.1406250       9.01004039E+19
   27.2109375       9.06726338E+19
   27.2812500       9.12722370E+19
   27.3515625       9.18973314E+19
   27.4218750       9.25454451E+19
   27.4921875       9.32135348E+19
   27.5625000       9.38993222E+19
   27.6328125       9.46009865E+19
   27.7031250       9.53180792E+19
   27.7734375       9.60507673E+19
   27.8437500       9.67999218E+19
   27.9140625       9.75660527E+19
   27.9843750       9.83495999E+19
   28.0546875       9.91501235E+19
   28.1250000       9.99671486E+19
   28.1953125       1.00799672E+20
   28.2656250       1.01646815E+20
   28.3359375       1.02507161E+20
   28.4062500       1.03379355E+20
   28.4765625       1.04261304E+20
   28.5468750       1.05151047E+20
   28.6171875       1.06046489E+20
   28.6875000       1.06946268E+20
   28.7578125       1.07849275E+20
   28.8281250       1.08755413E+20
   28.8984375       1.09664780E+20
   28.9687500       1.10578192E+20
   29.0390625       1.11496240E+20
   29.1093750       1.12419558E+20
   29.1796875       1.13347686E+20
   29.2500000       1.14279236E+20
   29.3203125       1.15210883E+20
   29.3906250       1.16137956E+20
   29.4609375       1.17054333E+20
   29.5312500       1.17953778E+20
   29.6015625       1.18830484E+20
   29.6718750       1.19680618E+20
   29.7421875       1.20502745E+20
   29.8125000       1.21298457E+20
   29.8828125       1.22071660E+20
   29.9531250       1.22828423E+20
   30.0234375       1.23575176E+20
   30.0937500       1.24318499E+20
   30.1640625       1.25063396E+20
   30.2343750       1.25813166E+20
   30.3046875       1.26568407E+20
   30.3750000       1.27327660E+20
   30.4453125       1.28087282E+20
   30.5156250       1.28842928E+20
   30.5859375       1.29589857E+20
   30.6562500       1.30324339E+20
   30.7265625       1.31043279E+20
   30.7968750       1.31744600E+20
   30.8671875       1.32426465E+20
   30.9375000       1.33087403E+20
   31.0078125       1.33725577E+20
   31.0781250       1.34339307E+20
   31.1484375       1.34926719E+20
   31.2187500       1.35486344E+20
   31.2890625       1.36016731E+20
   31.3593750       1.36516947E+20
   31.4296875       1.36985893E+20
   31.5000000       1.37422830E+20
   31.5703125       1.37826914E+20
   31.6406250       1.38197977E+20
   31.7109375       1.38536064E+20
   31.7812500       1.38842256E+20
   31.8515625       1.39118427E+20
   31.9218750       1.39367664E+20
   31.9921875       1.39593820E+20
   32.0625000       1.39801778E+20
   32.1328125       1.39996602E+20
   32.2031250       1.40183818E+20
   32.2734375       1.40368211E+20
   32.3437500       1.40554195E+20
   32.4140625       1.40744983E+20
   32.4843750       1.40943062E+20
   32.5546875       1.41149620E+20
   32.6250000       1.41365266E+20
   32.6953125       1.41589434E+20
   32.7656250       1.41820982E+20
   32.8359375       1.42057492E+20
   32.9062500       1.42295963E+20
   32.9765625       1.42532164E+20
   33.0468750       1.42761865E+20
   33.1171875       1.42980844E+20
   33.1875000       1.43186277E+20
   33.2578125       1.43376791E+20
   33.3281250       1.43553320E+20
   33.3984375       1.43718273E+20
   33.4687500       1.43875820E+20
   33.5390625       1.44030737E+20
   33.6093750       1.44188398E+20
   33.6796875       1.44353694E+20
   33.7500000       1.44531507E+20
   33.8203125       1.44725531E+20
   33.8906250       1.44938564E+20
   33.9609375       1.45171942E+20
   34.0312500       1.45425577E+20
   34.1015625       1.45697385E+20
   34.1718750       1.45983962E+20
   34.2421875       1.46280188E+20
   34.3125000       1.46579933E+20
   34.3828125       1.46876449E+20
   34.4531250       1.47163501E+20
   34.5234375       1.47435784E+20
   34.5937500       1.47690272E+20
   34.6640625       1.47926095E+20
   34.7343750       1.48145382E+20
   34.8046875       1.48352108E+20
   34.8750000       1.48551937E+20
   34.9453125       1.48750747E+20
   35.0156250       1.48954007E+20
   35.0859375       1.49165535E+20
   35.1562500       1.49387742E+20
   35.2265625       1.49620891E+20
   35.2968750       1.49864279E+20
   35.3671875       1.50116076E+20
   35.4375000       1.50374541E+20
   35.5078125       1.50637544E+20
   35.5781250       1.50903256E+20
   35.6484375       1.51169549E+20
   35.7187500       1.51434523E+20
   35.7890625       1.51695837E+20
   35.8593750       1.51951434E+20
   35.9296875       1.52198762E+20
   36.0000000       1.52435096E+20
   36.0703125       1.52656986E+20
   36.1406250       1.52860668E+20
   36.2109375       1.53041463E+20
   36.2812500       1.53194744E+20
   36.3515625       1.53315796E+20
   36.4218750       1.53400643E+20
   36.4921875       1.53446330E+20
   36.5625000       1.53451748E+20
   36.6328125       1.53417250E+20
   36.7031250       1.53345069E+20
   36.7734375       1.53238249E+20
   36.8437500       1.53100292E+20
   36.9140625       1.52933993E+20
   36.9843750       1.52740971E+20
   37.0546875       1.52520805E+20
   37.1250000       1.52271383E+20
   37.1953125       1.51988764E+20
   37.2656250       1.51668464E+20
   37.3359375       1.51305941E+20
   37.4062500       1.50898172E+20
   37.4765625       1.50443608E+20
   37.5468750       1.49943180E+20
   37.6171875       1.49399863E+20
   37.6875000       1.48818952E+20
   37.7578125       1.48207043E+20
   37.8281250       1.47571956E+20
   37.8984375       1.46921362E+20
   37.9687500       1.46262103E+20
   38.0390625       1.45598702E+20
   38.1093750       1.44933242E+20
   38.1796875       1.44264343E+20
   38.2500000       1.43588126E+20
   38.3203125       1.42898530E+20
   38.3906250       1.42188756E+20
   38.4609375       1.41452189E+20
   38.5312500       1.40683700E+20
   38.6015625       1.39880028E+20
   38.6718750       1.39040660E+20
   38.7421875       1.38167613E+20
   38.8125000       1.37265776E+20
   38.8828125       1.36342230E+20
   38.9531250       1.35406414E+20
   39.0234375       1.34469217E+20
   39.0937500       1.33542715E+20
   39.1640625       1.32638978E+20
   39.2343750       1.31769335E+20
   39.3046875       1.30942546E+20
   39.3750000       1.30164497E+20
   39.4453125       1.29436981E+20
   39.5156250       1.28758265E+20
   39.5859375       1.28123047E+20
   39.6562500       1.27523540E+20
   39.7265625       1.26949876E+20
   39.7968750       1.26391175E+20
   39.8671875       1.25835948E+20
   39.9375000       1.25273517E+20
   40.0078125       1.24694479E+20
   40.0781250       1.24092228E+20
   40.1484375       1.23463184E+20
   40.2187500       1.22807585E+20
   40.2890625       1.22128993E+20
   40.3593750       1.21433864E+20
   40.4296875       1.20730185E+20
   40.5000000       1.20026841E+20
   40.5703125       1.19332038E+20
   40.6406250       1.18652645E+20
   40.7109375       1.17993079E+20
   40.7812500       1.17355107E+20
   40.8515625       1.16737296E+20
   40.9218750       1.16135907E+20
   40.9921875       1.15545082E+20
   41.0625000       1.14958523E+20
   41.1328125       1.14369792E+20
   41.2031250       1.13773584E+20
   41.2734375       1.13165545E+20
   41.3437500       1.12542940E+20
   41.4140625       1.11904203E+20
   41.4843750       1.11249545E+20
   41.5546875       1.10580347E+20
   41.6250000       1.09899688E+20
   41.6953125       1.09211385E+20
   41.7656250       1.08519643E+20
   41.8359375       1.07827724E+20
   41.9062500       1.07137829E+20
   41.9765625       1.06450168E+20
   42.0468750       1.05763915E+20
   42.1171875       1.05077485E+20
   42.1875000       1.04390114E+20
   42.2578125       1.03702234E+20
   42.3281250       1.03016561E+20
   42.3984375       1.02337520E+20
   42.4687500       1.01671356E+20
   42.5390625       1.01024685E+20
   42.6093750       1.00404165E+20
   42.6796875       9.98148970E+19
   42.7500000       9.92601186E+19
   42.8203125       9.87401640E+19
   42.8906250       9.82527813E+19
   42.9609375       9.77931062E+19
   43.0312500       9.73548409E+19
   43.1015625       9.69310100E+19
   43.1718750       9.65154298E+19
   43.2421875       9.61030337E+19
   43.3125000       9.56909632E+19
   43.3828125       9.52779338E+19
   43.4531250       9.48647285E+19
   43.5234375       9.44536783E+19
   43.5937500       9.40487414E+19
   43.6640625       9.36552658E+19
   43.7343750       9.32800156E+19
   43.8046875       9.29302830E+19
   43.8750000       9.26138787E+19
   43.9453125       9.23378749E+19
   44.0156250       9.21086223E+19
   44.0859375       9.19309588E+19
   44.1562500       9.18084381E+19
   44.2265625       9.17427752E+19
   44.2968750       9.17340143E+19
   44.3671875       9.17800003E+19
   44.4375000       9.18764495E+19
   44.5078125       9.20165536E+19
   44.5781250       9.21912968E+19
   44.6484375       9.23895871E+19
   44.7187500       9.25995675E+19
   44.7890625       9.28093367E+19
   44.8593750       9.30087617E+19
   44.9296875       9.31901372E+19
   45.0000000       9.33494784E+19
   45.0703125       9.34863368E+19
   45.1406250       9.36037031E+19
   45.2109375       9.37067933E+19
   45.2812500       9.38023804E+19
   45.3515625       9.38969208E+19
   45.4218750       9.39962023E+19
   45.4921875       9.41040160E+19
   45.5625000       9.42224466E+19
   45.6328125       9.43515469E+19
   45.7031250       9.44902261E+19
   45.7734375       9.46364260E+19
   45.8437500       9.47882113E+19
   45.9140625       9.49439550E+19
   45.9843750       9.51031642E+19
   46.0546875       9.52662438E+19
   46.1250000       9.54351288E+19
   46.1953125       9.56126955E+19
   46.2656250       9.58031221E+19
   46.3359375       9.60109650E+19
   46.4062500       9.62411940E+19
   46.4765625       9.64979431E+19
   46.5468750       9.67840624E+19
   46.6171875       9.71001852E+19
   46.6875000       9.74447986E+19
   46.7578125       9.78138650E+19
   46.8281250       9.82016056E+19
   46.8984375       9.86008075E+19
   46.9687500       9.90039588E+19
   47.0390625       9.94035213E+19
   47.1093750       9.97928540E+19
   47.1796875       1.00165905E+20
   47.2500000       1.00517881E+20
   47.3203125       1.00844612E+20
   47.3906250       1.01143002E+20
   47.4609375       1.01410605E+20
   47.5312500       1.01646112E+20
   47.6015625       1.01848958E+20
   47.6718750       1.02019928E+20
   47.7421875       1.02160560E+20
   47.8125000       1.02273546E+20
   47.8828125       1.02361718E+20
   47.9531250       1.02428251E+20
   48.0234375       1.02475645E+20
   48.0937500       1.02505833E+20
   48.1640625       1.02519511E+20
   48.2343750       1.02516450E+20
   48.3046875       1.02495128E+20
   48.3750000       1.02453417E+20
   48.4453125       1.02388775E+20
   48.5156250       1.02299441E+20
   48.5859375       1.02184767E+20
   48.6562500       1.02046589E+20
   48.7265625       1.01889016E+20
   48.7968750       1.01718882E+20
   48.8671875       1.01544658E+20
   48.9375000       1.01375984E+20
   49.0078125       1.01221850E+20
   49.0781250       1.01089644E+20
   49.1484375       1.00983959E+20
   49.2187500       1.00906422E+20
   49.2890625       1.00855642E+20
   49.3593750       1.00828506E+20
   49.4296875       1.00820845E+20
   49.5000000       1.00828849E+20
   49.5703125       1.00849300E+20
   49.6406250       1.00880069E+20
   49.7109375       1.00919334E+20
   49.7812500       1.00965637E+20
   49.8515625       1.01016742E+20
   49.9218750       1.01069897E+20
   49.9921875       1.01121055E+20
   50.0625000       1.01165651E+20
   50.1328125       1.01198470E+20
   50.2031250       1.01214461E+20
   50.2734375       1.01209104E+20
   50.3437500       1.01179074E+20
   50.4140625       1.01122445E+20
   50.4843750       1.01039208E+20
   50.5546875       1.00930945E+20
   50.6250000       1.00801335E+20
   50.6953125       1.00655320E+20
   50.7656250       1.00499207E+20
   50.8359375       1.00339628E+20
   50.9062500       1.00183313E+20
   50.9765625       1.00035785E+20
   51.0468750       9.99011075E+19
   51.1171875       9.97810760E+19
   51.1875000       9.96754262E+19
   51.2578125       9.95818973E+19
   51.3281250       9.94973669E+19
   51.3984375       9.94181932E+19
   51.4687500       9.93415265E+19
   51.5390625       9.92653611E+19
   51.6093750       9.91888967E+19
   51.6796875       9.91119045E+19
   51.7500000       9.90347539E+19
   51.8203125       9.89575330E+19
   51.8906250       9.88801538E+19
   51.9609375       9.88018774E+19
   52.0312500       9.87218065E+19
   52.1015625       9.86382964E+19
   52.1718750       9.85499221E+19
   52.2421875       9.84552146E+19
   52.3125000       9.83536549E+19
   52.3828125       9.82455773E+19
   52.4531250       9.81328553E+19
   52.5234375       9.80184358E+19
   52.5937500       9.79065583E+19
   52.6640625       9.78018496E+19
   52.7343750       9.77095610E+19
   52.8046875       9.76345919E+19
   52.8750000       9.75816921E+19
   52.9453125       9.75547145E+19
   53.0156250       9.75566849E+19
   53.0859375       9.75890457E+19
   53.1562500       9.76518322E+19
   53.2265625       9.77430037E+19
   53.2968750       9.78588658E+19
   53.3671875       9.79938947E+19
   53.4375000       9.81414931E+19
   53.5078125       9.82939558E+19
   53.5781250       9.84434718E+19
   53.6484375       9.85821686E+19
   53.7187500       9.87030533E+19
   53.7890625       9.87999246E+19
   53.8593750       9.88679624E+19
   53.9296875       9.89032699E+19
   54.0000000       9.89033139E+19
   54.0703125       9.88662208E+19
   54.1406250       9.87912693E+19
   54.2109375       9.86783890E+19
   54.2812500       9.85288818E+19
   54.3515625       9.83451666E+19
   54.4218750       9.81311929E+19
   54.4921875       9.78920095E+19
   54.5625000       9.76336507E+19
   54.6328125       9.73619569E+19
   54.7031250       9.70821093E+19
   54.7734375       9.67972038E+19
   54.8437500       9.65080938E+19
   54.9140625       9.62130025E+19
   54.9843750       9.59086049E+19
   55.0546875       9.55910747E+19
   55.1250000       9.52579843E+19
   55.1953125       9.49089201E+19
   55.2656250       9.45461253E+19
   55.3359375       9.41735843E+19
   55.4062500       9.37966981E+19
   55.4765625       9.34208059E+19
   55.5468750       9.30512908E+19
   55.6171875       9.26929468E+19
   55.6875000       9.23505149E+19
   55.7578125       9.20284547E+19
   55.8281250       9.17314723E+19
   55.8984375       9.14640710E+19
   55.9687500       9.12308690E+19
   56.0390625       9.10358332E+19
   56.1093750       9.08822271E+19
   56.1796875       9.07716866E+19
   56.2500000       9.07043085E+19
   56.3203125       9.06779378E+19
   56.3906250       9.06888362E+19
   56.4609375       9.07315500E+19
   56.5312500       9.07999660E+19
   56.6015625       9.08875575E+19
   56.6718750       9.09887653E+19
   56.7421875       9.10991915E+19
   56.8125000       9.12165929E+19
   56.8828125       9.13402396E+19
   56.9531250       9.14710287E+19
   57.0234375       9.16102181E+19
   57.0937500       9.17589952E+19
   57.1640625       9.19173337E+19
   57.2343750       9.20841252E+19
   57.3046875       9.22566958E+19
   57.3750000       9.24315005E+19
   57.4453125       9.26042558E+19
   57.5156250       9.27708802E+19
   57.5859375       9.29273627E+19
   57.6562500       9.30706598E+19
   57.7265625       9.31979657E+19
   57.7968750       9.33071868E+19
   57.8671875       9.33965639E+19
   57.9375000       9.34654021E+19
   58.0078125       9.35139653E+19
   58.0781250       9.35445493E+19
   58.1484375       9.35612795E+19
   58.2187500       9.35703923E+19
   58.2890625       9.35792939E+19
   58.3593750       9.35959273E+19
   58.4296875       9.36272062E+19
   58.5000000       9.36785930E+19
   58.5703125       9.37529288E+19
   58.6406250       9.38508117E+19
   58.7109375       9.39703770E+19
   58.7812500       9.41082645E+19
   58.8515625       9.42594782E+19
   58.9218750       9.44184500E+19
   58.9921875       9.45789083E+19
   59.0625000       9.47349246E+19
   59.1328125       9.48809046E+19
   59.2031250       9.50125909E+19
   59.2734375       9.51270280E+19
   59.3437500       9.52231605E+19
   59.4140625       9.53013402E+19
   59.4843750       9.53635462E+19
   59.5546875       9.54125492E+19
   59.6250000       9.54520965E+19
   59.6953125       9.54858998E+19
   59.7656250       9.55179264E+19
   59.8359375       9.55516330E+19
   59.9062500       9.55902831E+19
   59.9765625       9.56363042E+19
   60.0468750       9.56914997E+19
   60.1171875       9.57564765E+19
   60.1875000       9.58307155E+19
   60.2578125       9.59121321E+19
   60.3281250       9.59973751E+19
   60.3984375       9.60816944E+19
   60.4687500       9.61600588E+19
   60.5390625       9.62272434E+19
   60.6093750       9.62792547E+19
   60.6796875       9.63132955E+19
   60.7500000       9.63285304E+19
   60.8203125       9.63254517E+19
   60.8906250       9.63056341E+19
   60.9609375       9.62706345E+19
   61.0312500       9.62218074E+19
   61.1015625       9.61595222E+19
   61.1718750       9.60836823E+19
   61.2421875       9.59936983E+19
   61.3125000       9.58893151E+19
   61.3828125       9.57706821E+19
   61.4531250       9.56392333E+19
   61.5234375       9.54970357E+19
   61.5937500       9.53472470E+19
   61.6640625       9.51931571E+19
   61.7343750       9.50381523E+19
   61.8046875       9.48848276E+19
   61.8750000       9.47355403E+19
   61.9453125       9.45919089E+19
   62.0156250       9.44559301E+19
   62.0859375       9.43297326E+19
   62.1562500       9.42164653E+19
   62.2265625       9.41196995E+19
   62.2968750       9.40435341E+19
   62.3671875       9.39914260E+19
   62.4375000       9.39662076E+19
   62.5078125       9.39689344E+19
   62.5781250       9.39992282E+19
   62.6484375       9.40547491E+19
   62.7187500       9.41319964E+19
   62.7890625       9.42261586E+19
   62.8593750       9.43319492E+19
   62.9296875       9.44435276E+19
   63.0000000       9.45557746E+19
   63.0703125       9.46640721E+19
   63.1406250       9.47652183E+19
   63.2109375       9.48571815E+19
   63.2812500       9.49394690E+19
   63.3515625       9.50123094E+19
   63.4218750       9.50767672E+19
   63.4921875       9.51337043E+19
   63.5625000       9.51840091E+19
   63.6328125       9.52278401E+19
   63.7031250       9.52651619E+19
   63.7734375       9.52952093E+19
   63.8437500       9.53171644E+19
   63.9140625       9.53297076E+19
   63.9843750       9.53315900E+19
   64.0546875       9.53212018E+19
   64.1250000       9.52971709E+19
   64.1953125       9.52580019E+19
   64.2656250       9.52024369E+19
   64.3359375       9.51291479E+19
   64.4062500       9.50372463E+19
   64.4765625       9.49259933E+19
   64.5468750       9.47957232E+19
   64.6171875       9.46477905E+19
   64.6875000       9.44854146E+19
   64.7578125       9.43131783E+19
   64.8281250       9.41370454E+19
   64.8984375       9.39631026E+19
   64.9687500       9.37972171E+19
   65.0390625       9.36438836E+19
   65.1093750       9.35065238E+19
   65.1796875       9.33869585E+19
   65.2500000       9.32862609E+19
   65.3203125       9.32045100E+19
   65.3906250       9.31417938E+19
   65.4609375       9.30980772E+19
   65.5312500       9.30740463E+19
   65.6015625       9.30706422E+19
   65.6718750       9.30893867E+19
   65.7421875       9.31312561E+19
   65.8125000       9.31967518E+19
   65.8828125       9.32845808E+19
   65.9531250       9.33919195E+19
   66.0234375       9.35136926E+19
   66.0937500       9.36434086E+19
   66.1640625       9.37732126E+19
   66.2343750       9.38951088E+19
   66.3046875       9.40014184E+19
   66.3750000       9.40858257E+19
   66.4453125       9.41433258E+19
   66.5156250       9.41705145E+19
   66.5859375       9.41649026E+19
   66.6562500       9.41251706E+19
   66.7265625       9.40504302E+19
   66.7968750       9.39407518E+19
   66.8671875       9.37967773E+19
   66.9375000       9.36205564E+19
   67.0078125       9.34151412E+19
   67.0781250       9.31852465E+19
   67.1484375       9.29365634E+19
   67.2187500       9.26757592E+19
   67.2890625       9.24095719E+19
   67.3593750       9.21444312E+19
   67.4296875       9.18854830E+19
   67.5000000       9.16365272E+19
   67.5703125       9.13992174E+19
   67.6406250       9.11734657E+19
   67.7109375       9.09570906E+19
   67.7812500       9.07469344E+19
   67.8515625       9.05387924E+19
   67.9218750       9.03284075E+19
   67.9921875       9.01113902E+19
   68.0625000       8.98839057E+19
   68.1328125       8.96423738E+19
   68.2031250       8.93841996E+19
   68.2734375       8.91077560E+19
   68.3437500       8.88132013E+19
   68.4140625       8.85024353E+19
   68.4843750       8.81794779E+19
   68.5546875       8.78497652E+19
   68.6250000       8.75199645E+19
   68.6953125       8.71966641E+19
   68.7656250       8.68859861E+19
   68.8359375       8.65926100E+19
   68.9062500       8.63198607E+19
   68.9765625       8.60691721E+19
   69.0468750       8.58406584E+19
   69.1171875       8.56330354E+19
   69.1875000       8.54442625E+19
   69.2578125       8.52715776E+19
   69.3281250       8.51122539E+19
   69.3984375       8.49634064E+19
   69.4687500       8.48227041E+19
   69.5390625       8.46877897E+19
   69.6093750       8.45567543E+19
   69.6796875       8.44275660E+19
   69.7500000       8.42983778E+19
   69.8203125       8.41671665E+19
   69.8906250       8.40320937E+19
   69.9609375       8.38910044E+19
   70.0312500       8.37419194E+19
   70.1015625       8.35828245E+19
   70.1718750       8.34122154E+19
   70.2421875       8.32291072E+19
   70.3125000       8.30337371E+19
   70.3828125       8.28270993E+19
   70.4531250       8.26112432E+19
   70.5234375       8.23883414E+19
   70.5937500       8.21605490E+19
   70.6640625       8.19290182E+19
   70.7343750       8.16939514E+19
   70.8046875       8.14542139E+19
   70.8750000       8.12081080E+19
   70.9453125       8.09533820E+19
   71.0156250       8.06883645E+19
   71.0859375       8.04118857E+19
   71.1562500       8.01240863E+19
   71.2265625       7.98258020E+19
   71.2968750       7.95189151E+19
   71.3671875       7.92055895E+19
   71.4375000       7.88884200E+19
   71.5078125       7.85697111E+19
   71.5781250       7.82517412E+19
   71.6484375       7.79363661E+19
   71.7187500       7.76253626E+19
   71.7890625       7.73201997E+19
   71.8593750       7.70221617E+19
   71.9296875       7.67319434E+19
   72.0000000       7.64497648E+19
   72.0703125       7.61748869E+19
   72.1406250       7.59057616E+19
   72.2109375       7.56397326E+19
   72.2812500       7.53736683E+19
   72.3515625       7.51038834E+19
   72.4218750       7.48270791E+19
   72.4921875       7.45402561E+19
   72.5625000       7.42415144E+19
   72.6328125       7.39297457E+19
   72.7031250       7.36048400E+19
   72.7734375       7.32671756E+19
   72.8437500       7.29178695E+19
   72.9140625       7.25583204E+19
   72.9843750       7.21906789E+19
   73.0546875       7.18174607E+19
   73.1250000       7.14419599E+19
   73.1953125       7.10676377E+19
   73.2656250       7.06982810E+19
   73.3359375       7.03373201E+19
   73.4062500       6.99879877E+19
   73.4765625       6.96526059E+19
   73.5468750       6.93327843E+19
   73.6171875       6.90287738E+19
   73.6875000       6.87399716E+19
   73.7578125       6.84646187E+19
   73.8281250       6.82003885E+19
   73.8984375       6.79443650E+19
   73.9687500       6.76938567E+19
   74.0390625       6.74463346E+19
   74.1093750       6.72001188E+19
   74.1796875       6.69539425E+19
   74.2500000       6.67072605E+19
   74.3203125       6.64595361E+19
   74.3906250       6.62102900E+19
   74.4609375       6.59582644E+19
   74.5312500       6.57017527E+19
   74.6015625       6.54381690E+19
   74.6718750       6.51645841E+19
   74.7421875       6.48778139E+19
   74.8125000       6.45753998E+19
   74.8828125       6.42556662E+19
   74.9531250       6.39184108E+19
   75.0234375       6.35646364E+19
   75.0937500       6.31966122E+19
   75.1640625       6.28172763E+19
   75.2343750       6.24301999E+19
   75.3046875       6.20389584E+19
   75.3750000       6.16473212E+19
   75.4453125       6.12587802E+19
   75.5156250       6.08768758E+19
   75.5859375       6.05047835E+19
   75.6562500       6.01457270E+19
   75.7265625       5.98025166E+19
   75.7968750       5.94778088E+19
   75.8671875       5.91735300E+19
   75.9375000       5.88911314E+19
   76.0078125       5.86311277E+19
   76.0781250       5.83935100E+19
   76.1484375       5.81774824E+19
   76.2187500       5.79820332E+19
   76.2890625       5.78057023E+19
   76.3593750       5.76470340E+19
   76.4296875       5.75040711E+19
   76.5000000       5.73746938E+19
   76.5703125       5.65775566E+19
   76.6406250       5.65206239E+19
   76.7109375       5.64597901E+19
   76.7812500       5.63925440E+19
   76.8515625       5.63162467E+19
   76.9218750       5.62286464E+19
   76.9921875       5.61276849E+19
   77.0625000       5.60120910E+19
   77.1328125       5.58812315E+19
   77.2031250       5.57355286E+19
   77.2734375       5.55761698E+19
   77.3437500       5.54051650E+19
   77.4140625       5.52247791E+19
   77.4843750       5.50374839E+19
   77.5546875       5.48452277E+19
   77.6250000       5.46494838E+19
   77.6953125       5.44508065E+19
   77.7656250       5.42490857E+19
   77.8359375       5.40433715E+19
   77.9062500       5.38325599E+19
   77.9765625       5.36154767E+19
   78.0468750       5.33915634E+19
   78.1171875       5.31608946E+19
   78.1875000       5.29245436E+19
   78.2578125       5.26839793E+19
   78.3281250       5.24409344E+19
   78.3984375       5.21964734E+19
   78.4687500       5.19508073E+19
   78.5390625       5.17027971E+19
   78.6093750       5.14504064E+19
   78.6796875       5.04630713E+19
   78.7500000       5.02284399E+19
   78.8203125       4.99894853E+19
   78.8906250       4.97458423E+19
   78.9609375       4.94974186E+19
   79.0312500       4.92445925E+19
   79.1015625       4.89875751E+19
   79.1718750       4.87265422E+19
   79.2421875       4.84609222E+19
   79.3125000       4.81896771E+19
   79.3828125       4.79108322E+19
   79.4531250       4.76219948E+19
   79.5234375       4.73204252E+19
   79.5937500       4.70038142E+19
   79.6640625       4.66705171E+19
   79.7343750       4.63202610E+19
   79.8046875       4.59540049E+19
   79.8750000       4.55742512E+19
   79.9453125       4.51845535E+19
   80.0156250       4.47895166E+19
   80.0859375       4.43940838E+19
   80.1562500       4.40035065E+19
   80.2265625       4.36227764E+19
   80.2968750       4.32565159E+19
   80.3671875       4.29085468E+19
   80.4375000       4.25821018E+19
   80.5078125       4.22793667E+19
   80.5781250       4.12714444E+19
   80.6484375       4.10455167E+19
   80.7187500       4.08418872E+19
   80.7890625       4.06587481E+19
   80.8593750       4.04933640E+19
   80.9296875       4.03418425E+19
   81.0000000       4.01995129E+19
   81.0703125       4.00609744E+19
   81.1406250       3.99207515E+19
   81.2109375       3.97736633E+19
   81.2812500       3.96156854E+19
   81.3515625       3.94442628E+19
   81.4218750       3.92589159E+19
   81.4921875       3.90610698E+19
   81.5625000       3.88540141E+19
   81.6328125       3.86421470E+19
   81.7031250       3.84304163E+19
   81.7734375       3.82233914E+19
   81.8437500       3.80248460E+19
   81.9140625       3.78372342E+19
   81.9843750       3.76616993E+19
   82.0546875       3.74978457E+19
   82.1250000       3.73441252E+19
   82.1953125       3.71978725E+19
   82.2656250       3.70559740E+19
   82.3359375       3.69150518E+19
   82.4062500       3.67722736E+19
   82.4765625       3.66254272E+19
   82.5468750       3.64734131E+19
   82.6171875       3.63160070E+19
   82.6875000       3.61540292E+19
   82.7578125       3.52796316E+19
   82.8281250       3.51166246E+19
   82.8984375       3.49526500E+19
   82.9687500       3.47896870E+19
   83.0390625       3.46291165E+19
   83.1093750       3.44718006E+19
   83.1796875       3.43177810E+19
   83.2500000       3.41666487E+19
   83.3203125       3.40175572E+19
   83.3906250       3.38696904E+19
   83.4609375       3.37223009E+19
   83.5312500       3.35750917E+19
   83.6015625       3.34278869E+19
   83.6718750       3.32806887E+19
   83.7421875       3.31330462E+19
   83.8125000       3.29840492E+19
   83.8828125       3.28318988E+19
   83.9531250       3.26741563E+19
   84.0234375       3.25077232E+19
   84.0937500       3.23294726E+19
   84.1640625       3.21365522E+19
   84.2343750       3.19270777E+19
   84.3046875       3.17003342E+19
   84.3750000       3.14572168E+19
   84.4453125       3.11999487E+19
   84.5156250       3.09320746E+19
   84.5859375       3.06577157E+19
   84.6562500       3.03812545E+19
   84.7265625       3.01065327E+19
   84.7968750       2.98366950E+19
   84.8671875       2.95737006E+19
   84.9375000       2.93187656E+19
   85.0078125       2.90723695E+19
   85.0781250       2.88348662E+19
   85.1484375       2.86065196E+19
   85.2187500       2.83878597E+19
   85.2890625       2.81794561E+19
   85.3593750       2.79820366E+19
   85.4296875       2.77960124E+19
   85.5000000       2.76215859E+19
   85.5703125       2.74583678E+19
   85.6406250       2.73056148E+19
   85.7109375       2.71621373E+19
   85.7812500       2.70268094E+19
   85.8515625       2.60958090E+19
   85.9218750       2.60064341E+19
   85.9921875       2.59282170E+19
   86.0625000       2.58623805E+19
   86.1328125       2.58097732E+19
   86.2031250       2.57707713E+19
   86.2734375       2.57447239E+19
   86.3437500       2.57300828E+19
   86.4140625       2.57241960E+19
   86.4843750       2.57238178E+19
   86.5546875       2.57252032E+19
   86.6250000       2.57247898E+19
   86.6953125       2.57191823E+19
   86.7656250       2.57056099E+19
   86.8359375       2.56814932E+19
   86.9062500       2.56446838E+19
   86.9765625       2.55930705E+19
   87.0468750       2.55250261E+19
   87.1171875       2.54393258E+19
   87.1875000       2.53358705E+19
   87.2578125       2.52156763E+19
   87.3281250       2.50813732E+19
   87.3984375       2.49367808E+19
   87.4687500       2.47868140E+19
   87.5390625       2.46365899E+19
   87.6093750       2.44909750E+19
   87.6796875       2.43535866E+19
   87.7500000       2.42266348E+19
   87.8203125       2.41104120E+19
   87.8906250       2.40037264E+19
   87.9609375       2.39039084E+19
   88.0312500       2.32137911E+19
   88.1015625       2.31680954E+19
   88.1718750       2.31152726E+19
   88.2421875       2.30519804E+19
   88.3125000       2.29760129E+19
   88.3828125       2.28862818E+19
   88.4531250       2.27832047E+19
   88.5234375       2.26683959E+19
   88.5937500       2.25447998E+19
   88.6640625       2.24161570E+19
   88.7343750       2.22869490E+19
   88.8046875       2.21616662E+19
   88.8750000       2.20446452E+19
   88.9453125       2.19393516E+19
   89.0156250       2.18484087E+19
   89.0859375       2.17731252E+19
   89.1562500       2.17138483E+19
   89.2265625       2.16697711E+19
   89.2968750       2.16393234E+19
   89.3671875       2.16200182E+19
   89.4375000       2.16088604E+19
   89.5078125       2.16023358E+19
   89.5781250       2.15969834E+19
   89.6484375       2.15894804E+19
   89.7187500       2.15773066E+19
   89.7890625       2.15587468E+19
   89.8593750       2.15333503E+19
   89.9296875       2.15015678E+19
   90.0000000       2.14648045E+19
   90.0703125       2.14247669E+19
   90.1406250       2.13833527E+19
   90.2109375       2.13419935E+19
   90.2812500       2.13017096E+19
   90.3515625       2.12627121E+19
   90.4218750       2.12247350E+19
   90.4921875       2.11869052E+19
   90.5625000       2.11482991E+19
   90.6328125       2.11079097E+19
   90.7031250       2.10651299E+19
   90.7734375       2.10195265E+19
   90.8437500       2.09709897E+19
   90.9140625       2.09192818E+19
   90.9843750       2.08641875E+19
   91.0546875       2.08051393E+19
   91.1250000       2.07415854E+19
   91.1953125       2.06728857E+19
   91.2656250       2.05988050E+19
   91.3359375       2.05193697E+19
   91.4062500       2.04352021E+19
   91.4765625       2.03471818E+19
   91.5468750       2.02565930E+19
   91.6171875       2.01646166E+19
   91.6875000       2.00725018E+19
   91.7578125       1.99811675E+19
   91.8281250       1.98914760E+19
   91.8984375       1.98040054E+19
   91.9687500       1.97194200E+19
   92.0390625       1.96382430E+19
   92.1093750       1.95612772E+19
   92.1796875       1.94893252E+19
   92.2500000       1.94234820E+19
   92.3203125       1.93647989E+19
   92.3906250       1.93144743E+19
   92.4609375       1.92734273E+19
   92.5312500       1.92424189E+19
   92.6015625       1.92216161E+19
   92.6718750       1.92107133E+19
   92.7421875       1.92086287E+19
   92.8125000       1.92138184E+19
   92.8828125       1.92241626E+19
   92.9531250       1.92374974E+19
   93.0234375       1.92516064E+19
   93.0937500       1.92647499E+19
   93.1640625       1.92756593E+19
   93.2343750       1.92840024E+19
   93.3046875       1.92901575E+19
   93.3750000       1.92953889E+19
   93.4453125       1.93012603E+19
   93.5156250       1.93095418E+19
   93.5859375       1.93214803E+19
   93.6562500       1.93376981E+19
   93.7265625       1.93577136E+19
   93.7968750       1.93801437E+19
   93.8671875       1.94025781E+19
   93.9375000       1.94222000E+19
   94.0078125       1.94359725E+19
   94.0781250       1.94414349E+19
   94.1484375       1.94368697E+19
   94.2187500       1.94218723E+19
   94.2890625       1.93971091E+19
   94.3593750       1.93644317E+19
   94.4296875       1.93261906E+19
   94.5000000       1.92850997E+19
   94.5703125       1.92435799E+19
   94.6406250       1.92038854E+19
   94.7109375       1.91677950E+19
   94.7812500       1.91370746E+19
   94.8515625       1.91133252E+19
   94.9218750       1.90983982E+19
   94.9921875       1.90940332E+19
   95.0625000       1.91018859E+19
   95.1328125       1.91229393E+19
   95.2031250       1.91573804E+19
   95.2734375       1.92039931E+19
   95.3437500       1.92602221E+19
   95.4140625       1.93218102E+19
   95.4843750       1.93832597E+19
   95.5546875       1.94379758E+19
   95.6250000       1.94792779E+19
   95.6953125       1.95010482E+19
   95.7656250       1.94989701E+19
   95.8359375       1.94710249E+19
   95.9062500       1.94180900E+19
   95.9765625       1.93434332E+19
   96.0468750       1.92522023E+19
   96.1171875       1.91500665E+19
   96.1875000       1.90425101E+19
   96.2578125       1.89339487E+19
   96.3281250       1.88278964E+19
   96.3984375       1.87269172E+19
   96.4687500       1.86333334E+19
   96.5390625       1.85492713E+19
   96.6093750       1.84770818E+19
   96.6796875       1.84188857E+19
   96.7500000       1.83764501E+19
   96.8203125       1.83504049E+19
   96.8906250       1.76787891E+19
   96.9609375       1.77013269E+19
   97.0312500       1.77282055E+19
   97.1015625       1.77562134E+19
   97.1718750       1.77820552E+19
   97.2421875       1.78027678E+19
   97.3125000       1.78163006E+19
   97.3828125       1.78216838E+19
   97.4531250       1.78192473E+19
   97.5234375       1.78104996E+19
   97.5937500       1.77981444E+19
   97.6640625       1.77858749E+19
   97.7343750       1.77783290E+19
   97.8046875       1.77806489E+19
   97.8750000       1.77980773E+19
   97.9453125       1.78351341E+19
   98.0156250       1.78949773E+19
   98.0859375       1.79786699E+19
   98.1562500       1.80849795E+19
   98.2265625       1.82103524E+19
   98.2968750       1.83494318E+19
   98.3671875       1.84956284E+19
   98.4375000       1.86420371E+19
   98.5078125       1.87822117E+19
   98.5781250       1.89110502E+19
   98.6484375       1.90251795E+19
   98.7187500       1.91232978E+19
   98.7890625       1.92058843E+19
   98.8593750       1.92749688E+19
   98.9296875       1.93333793E+19
   99.0000000       1.93842119E+19
   99.0703125       1.94300659E+19
   99.1406250       1.94726940E+19
   99.2109375       1.95125293E+19
   99.2812500       1.95487494E+19
   99.3515625       1.95792696E+19
   99.4218750       1.96012203E+19
   99.4921875       1.96112478E+19
   99.5625000       1.96061681E+19
   99.6328125       1.95833246E+19
   99.7031250       1.95411298E+19
   99.7734375       1.94791767E+19
   99.8437500       1.93983890E+19
   99.9140625       1.93008513E+19
   99.9843750       1.91897303E+19
   100.054688       1.83921346E+19
   100.125000       1.83066465E+19
   100.195312       1.82167471E+19
   100.265625       1.81273030E+19
   100.335938       1.80430606E+19
   100.406250       1.79683510E+19
   100.476562       1.79067695E+19
   100.546875       1.78610474E+19
   100.617188       1.78329010E+19
   100.687500       1.78229340E+19
   100.757812       1.78305063E+19
   100.828125       1.78536466E+19
   100.898438       1.78890487E+19
   100.968750       1.79323068E+19
   101.039062       1.79783730E+19
   101.109375       1.80222369E+19
   101.179688       1.80595818E+19
   101.250000       1.80874193E+19
   101.320312       1.81043803E+19
   101.390625       1.81107256E+19
   101.460938       1.81078746E+19
   101.531250       1.80976876E+19
   101.601562       1.80815347E+19
   101.671875       1.80594851E+19
   101.742188       1.80297323E+19
   101.812500       1.79885589E+19
   101.882812       1.79308532E+19
   101.953125       1.78511573E+19
   102.023438       1.77450522E+19
   102.093750       1.76106029E+19
   102.164062       1.74494167E+19
   102.234375       1.72669439E+19
   102.304688       1.70716574E+19
   102.375000       1.68733781E+19
   102.445312       1.66811934E+19
   102.515625       1.65017619E+19
   102.585938       1.63384426E+19
   102.656250       1.61914951E+19
   102.726562       1.60588973E+19
   102.796875       1.59374199E+19
   102.867188       1.58234699E+19
   102.937500       1.57136638E+19
   103.007812       1.56050134E+19
   103.078125       1.54949237E+19
   103.148438       1.53810902E+19
   103.218750       1.52613973E+19
   103.289062       1.51339474E+19
   103.359375       1.49972012E+19
   103.429688       1.48501261E+19
   103.500000       1.46924286E+19
   103.570312       1.45246838E+19
   103.640625       1.43484123E+19
   103.710938       1.41660155E+19
   103.781250       1.39805806E+19
   103.851562       1.37955680E+19
   103.921875       1.36144026E+19
   103.992188       1.34400420E+19
   104.062500       1.32745864E+19
   104.132812       1.21693892E+19
   104.203125       1.20219821E+19
   104.273438       1.18803727E+19
   104.343750       1.17422575E+19
   104.414062       1.16049945E+19
   104.484375       1.14660151E+19
   104.554688       1.13231138E+19
   104.625000       1.11748666E+19
   104.695312       1.10209361E+19
   104.765625       1.08625130E+19
   104.835938       1.07025934E+19
   104.906250       1.05463198E+19
   104.976562       8.69682801E+18
   105.046875       8.54769465E+18
   105.117188       8.39509014E+18
   105.187500       8.24130914E+18
   105.257812       8.08841655E+18
   105.328125       7.93785713E+18
   105.398438       7.79023505E+18
   105.468750       7.64515614E+18
   105.539062       7.50135871E+18
   105.609375       7.35691037E+18
   105.679688       7.20959230E+18
   105.750000       7.05724617E+18
   105.820312       6.89813034E+18
   105.890625       6.17568249E+18
   105.960938       6.02722862E+18
   106.031250       5.87162134E+18
   106.101562       5.70970726E+18
   106.171875       5.54277555E+18
   106.242188       5.37248759E+18
   106.312500       5.20067296E+18
   106.382812       4.41210514E+18
   106.453125       4.27560380E+18
   106.523438       4.14429132E+18
   106.593750       4.01907784E+18
   106.664062       3.90051860E+18
   106.734375       3.78873345E+18
   106.804688       3.07099453E+18
   106.875000       3.00674154E+18
   106.945312       2.94707352E+18
   107.015625       2.89100530E+18
   107.085938       2.83757315E+18
   107.156250       2.78587577E+18
   107.226562       2.73515887E+18
   107.296875       2.68477292E+18
   107.367188       2.63416790E+18
   107.437500       2.58281933E+18
   107.507812       2.53025113E+18
   107.578125       2.47601003E+18
   107.648438       2.41973042E+18
   107.718750       2.36116136E+18
   107.789062       2.30026175E+18
   107.859375       2.23719899E+18
   107.929688       1.62151494E+18
   108.000000       1.00724522E+18
   108.070312       1.00913466E+18
   108.140625       1.00810036E+18
   108.210938       1.00358371E+18
   108.281250       9.95082900E+17
   108.351562       9.82183429E+17
   108.421875       9.64561556E+17
   108.492188       9.42026584E+17
   108.562500       9.14528898E+17
   108.632812       8.82158245E+17
   108.703125       8.45065052E+17
   108.773438       8.03384353E+17
   108.843750       7.57130922E+17
   108.914062       0.00000000    
   108.984375       0.00000000    
   109.054688       0.00000000    
   109.125000       0.00000000    
   109.195312       0.00000000    
   109.265625       0.00000000    
   109.335938       0.00000000    
   109.406250       0.00000000    
   109.476562       0.00000000    
   109.546875       0.00000000    
   109.617188       0.00000000    
   109.687500       0.00000000    
   109.757812       0.00000000    
   109.828125       0.00000000    
   109.898438       0.00000000    
   109.968750       0.00000000    
   110.039062       0.00000000    
   110.109375       0.00000000    
   110.179688       0.00000000    
   110.250000       0.00000000    
   110.320312       0.00000000    
   110.390625       0.00000000    
   110.460938       0.00000000    
   110.531250       0.00000000    
   110.601562       0.00000000    
   110.671875       0.00000000    
   110.742188       0.00000000    
   110.812500       0.00000000    
   110.882812       0.00000000    
   110.953125       0.00000000    
   111.023438       0.00000000    
   111.093750       0.00000000    
   111.164062       0.00000000    
   111.234375       0.00000000    
   111.304688       0.00000000    
   111.375000       0.00000000    
   111.445312       0.00000000    
   111.515625       0.00000000    
   111.585938       0.00000000    
   111.656250       0.00000000    
   111.726562       0.00000000    
   111.796875       0.00000000    
   111.867188       0.00000000    
   111.937500       0.00000000    
   112.007812       0.00000000    
   112.078125       0.00000000    
   112.148438       0.00000000    
   112.218750       0.00000000    
   112.289062       0.00000000    
   112.359375       0.00000000    
   112.429688       0.00000000    
   112.500000       0.00000000    
   112.570312       0.00000000    
   112.640625       0.00000000    
   112.710938       0.00000000    
   112.781250       0.00000000    
   112.851562       0.00000000    
   112.921875       0.00000000    
   112.992188       0.00000000    
   113.062500       0.00000000    
   113.132812       0.00000000    
   113.203125       0.00000000    
   113.273438       0.00000000    
   113.343750       0.00000000    
   113.414062       0.00000000    
   113.484375       0.00000000    
   113.554688       0.00000000    
   113.625000       0.00000000    
   113.695312       0.00000000    
   113.765625       0.00000000    
   113.835938       0.00000000    
   113.906250       0.00000000    
   113.976562       0.00000000    
   114.046875       0.00000000    
   114.117188       0.00000000    
   114.187500       0.00000000    
   114.257812       0.00000000    
   114.328125       0.00000000    
   114.398438       0.00000000    
   114.468750       0.00000000    
   114.539062       0.00000000    
   114.609375       0.00000000    
   114.679688       0.00000000    
   114.750000       0.00000000    
   114.820312       0.00000000    
   114.890625       0.00000000    
   114.960938       0.00000000    
   115.031250       0.00000000    
   115.101562       0.00000000    
   115.171875       0.00000000    
   115.242188       0.00000000    
   115.312500       0.00000000    
   115.382812       0.00000000    
   115.453125       0.00000000    
   115.523438       0.00000000    
   115.593750       0.00000000    
   115.664062       0.00000000    
   115.734375       0.00000000    
   115.804688       0.00000000    
   115.875000       0.00000000    
   115.945312       0.00000000    
   116.015625       0.00000000    
   116.085938       0.00000000    
   116.156250       0.00000000    
   116.226562       0.00000000    
   116.296875       0.00000000    
