2005 03 28 16 09 36.0 2.090 97.110
28. 6.613E+21 8.480 323 17 101 131 73 87
  -1.12500000       0.00000000    
  -1.05468750       0.00000000    
 -0.984375000       0.00000000    
 -0.914062500       0.00000000    
 -0.843750000       0.00000000    
 -0.773437500       0.00000000    
 -0.703125000       0.00000000    
 -0.632812500       0.00000000    
 -0.562500000       0.00000000    
 -0.492187500       0.00000000    
 -0.421875000       0.00000000    
 -0.351562500       0.00000000    
 -0.281250000       0.00000000    
 -0.210937500       0.00000000    
 -0.140625000       0.00000000    
  -7.03125000E-02   0.00000000    
   0.00000000       0.00000000    
   7.03125000E-02   0.00000000    
  0.140625000       0.00000000    
  0.210937500       0.00000000    
  0.281250000       0.00000000    
  0.351562500       0.00000000    
  0.421875000       0.00000000    
  0.492187500       0.00000000    
  0.562500000       0.00000000    
  0.632812500       0.00000000    
  0.703125000       0.00000000    
  0.773437500       0.00000000    
  0.843750000       0.00000000    
  0.914062500       0.00000000    
  0.984375000       0.00000000    
   1.05468750       0.00000000    
   1.12500000       0.00000000    
   1.19531250       0.00000000    
   1.26562500       0.00000000    
   1.33593750       0.00000000    
   1.40625000       0.00000000    
   1.47656250       0.00000000    
   1.54687500       0.00000000    
   1.61718750       0.00000000    
   1.68750000       0.00000000    
   1.75781250       0.00000000    
   1.82812500       0.00000000    
   1.89843750       0.00000000    
   1.96875000       0.00000000    
   2.03906250       0.00000000    
   2.10937500       0.00000000    
   2.17968750       0.00000000    
   2.25000000       0.00000000    
   2.32031250       0.00000000    
   2.39062500       0.00000000    
   2.46093750       0.00000000    
   2.53125000       0.00000000    
   2.60156250       0.00000000    
   2.67187500       0.00000000    
   2.74218750       0.00000000    
   2.81250000       0.00000000    
   2.88281250       0.00000000    
   2.95312500       0.00000000    
   3.02343750       0.00000000    
   3.09375000       0.00000000    
   3.16406250       0.00000000    
   3.23437500       0.00000000    
   3.30468750       0.00000000    
   3.37500000       0.00000000    
   3.44531250       0.00000000    
   3.51562500       0.00000000    
   3.58593750       0.00000000    
   3.65625000       0.00000000    
   3.72656250       5.74229783E+16
   3.79687500       2.37797702E+17
   3.86718750       5.77498897E+17
   3.93750000       1.03468099E+18
   4.00781250       1.54355050E+18
   4.07812500       2.05872214E+18
   4.14843750       2.54981859E+18
   4.21875000       3.00139929E+18
   4.28906250       3.40671446E+18
   4.35937500       3.76766433E+18
   4.42968750       4.08895373E+18
   4.50000000       4.37884519E+18
   4.57031250       4.64458286E+18
   4.64062500       4.89459916E+18
   4.71093750       5.13493701E+18
   4.78125000       5.37200106E+18
   4.85156250       5.60941311E+18
   4.92187500       5.85105608E+18
   4.99218750       6.09790578E+18
   5.06250000       6.35093254E+18
   5.13281250       6.60816769E+18
   5.20312500       6.86802956E+18
   5.27343750       7.12669957E+18
   5.34375000       7.38153833E+18
   5.41406250       7.62858924E+18
   5.48437500       7.86606232E+18
   5.55468750       8.09156390E+18
   5.62500000       8.30524189E+18
   5.69531250       8.50683020E+18
   5.76562500       8.69864166E+18
   5.83593750       8.88213750E+18
   5.90625000       9.06029577E+18
   5.97656250       9.23394604E+18
   6.04687500       9.40442092E+18
   6.11718750       9.57031963E+18
   6.18750000       9.73073728E+18
   6.25781250       9.88287340E+18
   6.32812500       1.00259671E+19
   6.39843750       1.01589751E+19
   6.46875000       1.02839917E+19
   6.53906250       1.04032811E+19
   6.60937500       1.05221031E+19
   6.67968750       1.06450846E+19
   6.75000000       1.07786763E+19
   6.82031250       1.09276228E+19
   6.89062500       1.10977491E+19
   6.96093750       1.12924550E+19
   7.03125000       1.15151985E+19
   7.10156250       1.17659245E+19
   7.17187500       1.20438162E+19
   7.24218750       1.23440103E+19
   7.31250000       1.26606763E+19
   7.38281250       1.29844055E+19
   7.45312500       1.33060577E+19
   7.52343750       1.36146401E+19
   7.59375000       1.39013751E+19
   7.66406250       1.41577757E+19
   7.73437500       1.43797594E+19
   7.80468750       1.45651778E+19
   7.87500000       1.47168774E+19
   7.94531250       1.48391640E+19
   8.01562500       1.49399870E+19
   8.08593750       1.50264977E+19
   8.15625000       1.51067345E+19
   8.22656250       1.51856520E+19
   8.29687500       1.52680790E+19
   8.36718750       1.53560587E+19
   8.43750000       1.54526024E+19
   8.50781250       1.55595904E+19
   8.57812500       1.56815482E+19
   8.64843750       1.58228178E+19
   8.71875000       1.59901844E+19
   8.78906250       1.61889629E+19
   8.85937500       1.64249368E+19
   8.92968750       1.66999379E+19
   9.00000000       1.70138187E+19
   9.07031250       1.73608719E+19
   9.14062500       1.77331753E+19
   9.21093750       1.81182254E+19
   9.28125000       1.85030809E+19
   9.35156250       1.88726751E+19
   9.42187500       1.92143857E+19
   9.49218750       1.95162148E+19
   9.56250000       1.97706946E+19
   9.63281250       1.99725474E+19
   9.70312500       2.01221337E+19
   9.77343750       2.02224070E+19
   9.84375000       2.02815541E+19
   9.91406250       2.03092882E+19
   9.98437500       2.03190211E+19
   10.0546875       2.03235401E+19
   10.1250000       2.03367034E+19
   10.1953125       2.03691390E+19
   10.2656250       2.04306105E+19
   10.3359375       2.05263912E+19
   10.4062500       2.06603469E+19
   10.4765625       2.08322445E+19
   10.5468750       2.10418444E+19
   10.6171875       2.12866617E+19
   10.6875000       2.15656298E+19
   10.7578125       2.18762924E+19
   10.8281250       2.22177369E+19
   10.8984375       2.25870189E+19
   10.9687500       2.29814599E+19
   11.0390625       2.33951401E+19
   11.1093750       2.38219420E+19
   11.1796875       2.42527482E+19
   11.2500000       2.46792048E+19
   11.3203125       2.50916184E+19
   11.3906250       2.54833084E+19
   11.4609375       2.58483903E+19
   11.5312500       2.61852652E+19
   11.6015625       2.64934605E+19
   11.6718750       2.67763385E+19
   11.7421875       2.70371910E+19
   11.8125000       2.72813354E+19
   11.8828125       2.75123010E+19
   11.9531250       2.77345431E+19
   12.0234375       2.79503376E+19
   12.0937500       2.81630008E+19
   12.1640625       2.83741994E+19
   12.2343750       2.85873925E+19
   12.3046875       2.88047527E+19
   12.3750000       2.90299503E+19
   12.4453125       2.92645883E+19
   12.5156250       2.95110284E+19
   12.5859375       2.97688705E+19
   12.6562500       3.00377561E+19
   12.7265625       3.03140677E+19
   12.7968750       3.05941595E+19
   12.8671875       3.08711287E+19
   12.9375000       3.11376481E+19
   13.0078125       3.13827183E+19
   13.0781250       3.15949174E+19
   13.1484375       3.17598728E+19
   13.2187500       3.18643615E+19
   13.2890625       3.18949236E+19
   13.3593750       3.18429628E+19
   13.4296875       3.17036371E+19
   13.5000000       3.14803329E+19
   13.5703125       3.11823521E+19
   13.6406250       3.08279047E+19
   13.7109375       3.04397111E+19
   13.7812500       3.00456660E+19
   13.8515625       2.96727160E+19
   13.9218750       2.93468933E+19
   13.9921875       2.90875031E+19
   14.0625000       2.89082124E+19
   14.1328125       2.88132937E+19
   14.2031250       2.88012651E+19
   14.2734375       2.88631720E+19
   14.3437500       2.89875136E+19
   14.4140625       2.91590022E+19
   14.4843750       2.93631859E+19
   14.5546875       2.95842317E+19
   14.6250000       2.98083034E+19
   14.6953125       3.00207554E+19
   14.7656250       3.02098318E+19
   14.8359375       3.03642451E+19
   14.9062500       3.04772573E+19
   14.9765625       3.05444924E+19
   15.0468750       3.05679736E+19
   15.1171875       3.05531214E+19
   15.1875000       3.05111046E+19
   15.2578125       3.04543852E+19
   15.3281250       3.03980704E+19
   15.3984375       3.03549564E+19
   15.4687500       3.03369464E+19
   15.5390625       3.03510707E+19
   15.6093750       3.04025169E+19
   15.6796875       3.04920611E+19
   15.7500000       3.06202487E+19
   15.8203125       3.07856439E+19
   15.8906250       3.09894208E+19
   15.9609375       3.12329516E+19
   16.0312500       3.15209181E+19
   16.1015625       3.18574654E+19
   16.1718750       3.22482077E+19
   16.2421875       3.26957661E+19
   16.3125000       3.32016140E+19
   16.3828125       3.37624111E+19
   16.4531250       3.43731700E+19
   16.5234375       3.50247846E+19
   16.5937500       3.57079419E+19
   16.6640625       3.64110928E+19
   16.7343750       3.71245527E+19
   16.8046875       3.78379247E+19
   16.8750000       3.85434461E+19
   16.9453125       3.92328663E+19
   17.0156250       3.99008811E+19
   17.0859375       4.05420460E+19
   17.1562500       4.11541969E+19
   17.2265625       4.17357154E+19
   17.2968750       4.22893810E+19
   17.3671875       4.28194908E+19
   17.4375000       4.33345724E+19
   17.5078125       4.38432417E+19
   17.5781250       4.43558208E+19
   17.6484375       4.48792895E+19
   17.7187500       4.54186087E+19
   17.7890625       4.59724195E+19
   17.8593750       4.65361963E+19
   17.9296875       4.70997928E+19
   18.0000000       4.76520027E+19
   18.0703125       4.81791350E+19
   18.1406250       4.86700449E+19
   18.2109375       4.91142212E+19
   18.2812500       4.95055990E+19
   18.3515625       4.98394679E+19
   18.4218750       5.01154321E+19
   18.4921875       5.03338039E+19
   18.5625000       5.04980622E+19
   18.6328125       5.06113559E+19
   18.7031250       5.06797191E+19
   18.7734375       5.07091640E+19
   18.8437500       5.07088869E+19
   18.9140625       5.06880842E+19
   18.9843750       5.06587052E+19
   19.0546875       5.06313406E+19
   19.1250000       5.06171173E+19
   19.1953125       5.06234021E+19
   19.2656250       5.06564270E+19
   19.3359375       5.07179997E+19
   19.4062500       5.08088589E+19
   19.4765625       5.09261460E+19
   19.5468750       5.10675564E+19
   19.6171875       5.12289251E+19
   19.6875000       5.14076837E+19
   19.7578125       5.15997113E+19
   19.8281250       5.18022413E+19
   19.8984375       5.20103173E+19
   19.9687500       5.22193696E+19
   20.0390625       5.24219832E+19
   20.1093750       5.26114247E+19
   20.1796875       5.27790386E+19
   20.2500000       5.29180521E+19
   20.3203125       5.30211599E+19
   20.3906250       5.30842455E+19
   20.4609375       5.31034913E+19
   20.5312500       5.30781454E+19
   20.6015625       5.30068311E+19
   20.6718750       5.28901729E+19
   20.7421875       5.27271945E+19
   20.8125000       5.25181113E+19
   20.8828125       5.22611291E+19
   20.9531250       5.19560542E+19
   21.0234375       5.16017563E+19
   21.0937500       5.12001091E+19
   21.1640625       5.07536942E+19
   21.2343750       5.02698036E+19
   21.3046875       4.97576906E+19
   21.3750000       4.92316095E+19
   21.4453125       4.87068038E+19
   21.5156250       4.82016222E+19
   21.5859375       4.77326585E+19
   21.6562500       4.73161591E+19
   21.7265625       4.69633214E+19
   21.7968750       4.66827216E+19
   21.8671875       4.64769327E+19
   21.9375000       4.63458577E+19
   22.0078125       4.62843554E+19
   22.0781250       4.62866292E+19
   22.1484375       4.63445031E+19
   22.2187500       4.64519386E+19
   22.2890625       4.66031038E+19
   22.3593750       4.67963320E+19
   22.4296875       4.70309326E+19
   22.5000000       4.73095796E+19
   22.5703125       4.76338960E+19
   22.6406250       4.80064941E+19
   22.7109375       4.84267450E+19
   22.7812500       4.88933689E+19
   22.8515625       4.94013433E+19
   22.9218750       4.99458918E+19
   22.9921875       5.05202063E+19
   23.0625000       5.11194138E+19
   23.1328125       5.17378275E+19
   23.2031250       5.23723117E+19
   23.2734375       5.30188025E+19
   23.3437500       5.36748723E+19
   23.4140625       5.43359999E+19
   23.4843750       5.49984600E+19
   23.5546875       5.56557833E+19
   23.6250000       5.63019706E+19
   23.6953125       5.69284372E+19
   23.7656250       5.75279745E+19
   23.8359375       5.80920767E+19
   23.9062500       5.86148109E+19
   23.9765625       5.90900419E+19
   24.0468750       5.95155529E+19
   24.1171875       5.98904907E+19
   24.1875000       6.02188401E+19
   24.2578125       6.05063756E+19
   24.3281250       6.07635074E+19
   24.3984375       6.10013977E+19
   24.4687500       6.12337069E+19
   24.5390625       6.14718171E+19
   24.6093750       6.17265696E+19
   24.6796875       6.20038224E+19
   24.7500000       6.23069314E+19
   24.8203125       6.26338778E+19
   24.8906250       6.29818380E+19
   24.9609375       6.33457632E+19
   25.0312500       6.37233707E+19
   25.1015625       6.41133938E+19
   25.1718750       6.45197821E+19
   25.2421875       6.49485653E+19
   25.3125000       6.54099731E+19
   25.3828125       6.59135934E+19
   25.4531250       6.64696472E+19
   25.5234375       6.70838784E+19
   25.5937500       6.77591061E+19
   25.6640625       6.84911785E+19
   25.7343750       6.92726015E+19
   25.8046875       7.00902159E+19
   25.8750000       7.09300932E+19
   25.9453125       7.17760927E+19
   26.0156250       7.26152575E+19
   26.0859375       7.34358846E+19
   26.1562500       7.42313109E+19
   26.2265625       7.49965886E+19
   26.2968750       7.57314934E+19
   26.3671875       7.64369664E+19
   26.4375000       7.71177577E+19
   26.5078125       7.77788192E+19
   26.5781250       7.84280852E+19
   26.6484375       7.90726981E+19
   26.7187500       7.97210845E+19
   26.7890625       8.03785749E+19
   26.8593750       8.10497520E+19
   26.9296875       8.17344838E+19
   27.0000000       8.24310640E+19
   27.0703125       8.31333529E+19
   27.1406250       8.38353603E+19
   27.2109375       8.45292841E+19
   27.2812500       8.52099697E+19
   27.3515625       8.58722627E+19
   27.4218750       8.65148877E+19
   27.4921875       8.71371057E+19
   27.5625000       8.77415029E+19
   27.6328125       8.83302166E+19
   27.7031250       8.89078912E+19
   27.7734375       8.94783090E+19
   27.8437500       9.00477065E+19
   27.9140625       9.06217308E+19
   27.9843750       9.12090723E+19
   28.0546875       9.18180170E+19
   28.1250000       9.24588652E+19
   28.1953125       9.31392078E+19
   28.2656250       9.38657475E+19
   28.3359375       9.46396013E+19
   28.4062500       9.54586671E+19
   28.4765625       9.63141927E+19
   28.5468750       9.71955261E+19
   28.6171875       9.80889716E+19
   28.6875000       9.89833320E+19
   28.7578125       9.98686412E+19
   28.8281250       1.00740923E+20
   28.8984375       1.01599228E+20
   28.9687500       1.02448166E+20
   29.0390625       1.03293198E+20
   29.1093750       1.04142372E+20
   29.1796875       1.05001320E+20
   29.2500000       1.05875185E+20
   29.3203125       1.06764505E+20
   29.3906250       1.07668673E+20
   29.4609375       1.08583274E+20
   29.5312500       1.09504110E+20
   29.6015625       1.10424296E+20
   29.6718750       1.11338395E+20
   29.7421875       1.12239097E+20
   29.8125000       1.13120483E+20
   29.8828125       1.13974135E+20
   29.9531250       1.14792787E+20
   30.0234375       1.15567283E+20
   30.0937500       1.16290569E+20
   30.1640625       1.16955720E+20
   30.2343750       1.17561006E+20
   30.3046875       1.18108255E+20
   30.3750000       1.18607459E+20
   30.4453125       1.19073916E+20
   30.5156250       1.19531410E+20
   30.5859375       1.20007674E+20
   30.6562500       1.20535220E+20
   30.7265625       1.21145044E+20
   30.7968750       1.21867274E+20
   30.8671875       1.22725931E+20
   30.9375000       1.23740270E+20
   31.0078125       1.24920970E+20
   31.0781250       1.26273255E+20
   31.1484375       1.27794161E+20
   31.2187500       1.29476176E+20
   31.2890625       1.31304637E+20
   31.3593750       1.33261601E+20
   31.4296875       1.35323053E+20
   31.5000000       1.37462712E+20
   31.5703125       1.39649025E+20
   31.6406250       1.41849438E+20
   31.7109375       1.44028379E+20
   31.7812500       1.46151589E+20
   31.8515625       1.48183997E+20
   31.9218750       1.50094227E+20
   31.9921875       1.51852249E+20
   32.0625000       1.53433400E+20
   32.1328125       1.54815072E+20
   32.2031250       1.55980625E+20
   32.2734375       1.56916494E+20
   32.3437500       1.57615871E+20
   32.4140625       1.58075626E+20
   32.4843750       1.58300049E+20
   32.5546875       1.58297921E+20
   32.6250000       1.58085477E+20
   32.6953125       1.57682388E+20
   32.7656250       1.57114177E+20
   32.8359375       1.56407728E+20
   32.9062500       1.55592577E+20
   32.9765625       1.54695410E+20
   33.0468750       1.53741703E+20
   33.1171875       1.52751843E+20
   33.1875000       1.51744145E+20
   33.2578125       1.50732665E+20
   33.3281250       1.49731634E+20
   33.3984375       1.48754089E+20
   33.4687500       1.47815863E+20
   33.5390625       1.46932418E+20
   33.6093750       1.46121348E+20
   33.6796875       1.45398318E+20
   33.7500000       1.44778906E+20
   33.8203125       1.44274309E+20
   33.8906250       1.43894529E+20
   33.9609375       1.43645644E+20
   34.0312500       1.43533652E+20
   34.1015625       1.43561843E+20
   34.1718750       1.43734651E+20
   34.2421875       1.44054812E+20
   34.3125000       1.44526115E+20
   34.3828125       1.45149380E+20
   34.4531250       1.45924500E+20
   34.5234375       1.46846234E+20
   34.5937500       1.47906586E+20
   34.6640625       1.49090856E+20
   34.7343750       1.50381366E+20
   34.8046875       1.51755035E+20
   34.8750000       1.53187250E+20
   34.9453125       1.54649424E+20
   35.0156250       1.56113059E+20
   35.0859375       1.57547403E+20
   35.1562500       1.58922918E+20
   35.2265625       1.60208731E+20
   35.2968750       1.61376764E+20
   35.3671875       1.62400260E+20
   35.4375000       1.63258037E+20
   35.5078125       1.63932663E+20
   35.5781250       1.64414618E+20
   35.6484375       1.64699559E+20
   35.7187500       1.64791601E+20
   35.7890625       1.64699400E+20
   35.8593750       1.64438350E+20
   35.9296875       1.64026077E+20
   36.0000000       1.63483851E+20
   36.0703125       1.62831427E+20
   36.1406250       1.62088474E+20
   36.2109375       1.61270718E+20
   36.2812500       1.60392429E+20
   36.3515625       1.59463350E+20
   36.4218750       1.58492455E+20
   36.4921875       1.57486059E+20
   36.5625000       1.56452254E+20
   36.6328125       1.55398711E+20
   36.7031250       1.54336794E+20
   36.7734375       1.53279415E+20
   36.8437500       1.52244273E+20
   36.9140625       1.51250033E+20
   36.9843750       1.50318703E+20
   37.0546875       1.49470971E+20
   37.1250000       1.48727631E+20
   37.1953125       1.48104603E+20
   37.2656250       1.47615329E+20
   37.3359375       1.47267400E+20
   37.4062500       1.47065996E+20
   37.4765625       1.47011346E+20
   37.5468750       1.47102201E+20
   37.6171875       1.47333661E+20
   37.6875000       1.47699983E+20
   37.7578125       1.48190999E+20
   37.8281250       1.48794059E+20
   37.8984375       1.49490481E+20
   37.9687500       1.50257711E+20
   38.0390625       1.51066477E+20
   38.1093750       1.51884689E+20
   38.1796875       1.52676337E+20
   38.2500000       1.53406536E+20
   38.3203125       1.54040541E+20
   38.3906250       1.54548779E+20
   38.4609375       1.54905285E+20
   38.5312500       1.55091657E+20
   38.6015625       1.55093979E+20
   38.6718750       1.54905566E+20
   38.7421875       1.54523816E+20
   38.8125000       1.53952387E+20
   38.8828125       1.53197154E+20
   38.9531250       1.52268181E+20
   39.0234375       1.51175706E+20
   39.0937500       1.49931921E+20
   39.1640625       1.48546871E+20
   39.2343750       1.47030855E+20
   39.3046875       1.45391105E+20
   39.3750000       1.43635001E+20
   39.4453125       1.41766992E+20
   39.5156250       1.39792137E+20
   39.5859375       1.37713928E+20
   39.6562500       1.35537863E+20
   39.7265625       1.33269042E+20
   39.7968750       1.30915613E+20
   39.8671875       1.28486950E+20
   39.9375000       1.25997365E+20
   40.0078125       1.23463563E+20
   40.0781250       1.20907585E+20
   40.1484375       1.18353930E+20
   40.2187500       1.15831905E+20
   40.2890625       1.13371629E+20
   40.3593750       1.11005867E+20
   40.4296875       1.08765863E+20
   40.5000000       1.06682587E+20
   40.5703125       1.04781901E+20
   40.6406250       1.03085698E+20
   40.7109375       1.01607690E+20
   40.7812500       1.00355373E+20
   40.8515625       9.93265643E+19
   40.9218750       9.85126267E+19
   40.9921875       9.78964867E+19
   41.0625000       9.74570955E+19
   41.1328125       9.71681526E+19
   41.2031250       9.70029004E+19
   41.2734375       9.69331034E+19
   41.3437500       9.69332882E+19
   41.4140625       9.69789135E+19
   41.4843750       9.70497660E+19
   41.5546875       9.71273388E+19
   41.6250000       9.71973117E+19
   41.6953125       9.72462180E+19
   41.7656250       9.72633967E+19
   41.8359375       9.72376066E+19
   41.9062500       9.71591542E+19
   41.9765625       9.70164288E+19
   42.0468750       9.67983825E+19
   42.1171875       9.64921289E+19
   42.1875000       9.60865498E+19
   42.2578125       9.55705974E+19
   42.3281250       9.49374283E+19
   42.3984375       9.41827763E+19
   42.4687500       9.33084886E+19
   42.5390625       9.23193327E+19
   42.6093750       9.12251340E+19
   42.6796875       9.00365179E+19
   42.7500000       8.87664061E+19
   42.8203125       8.74257319E+19
   42.8906250       8.60255611E+19
   42.9609375       8.45741617E+19
   43.0312500       8.30802861E+19
   43.1015625       8.15507071E+19
   43.1718750       7.99938514E+19
   43.2421875       7.84176179E+19
   43.3125000       7.68330281E+19
   43.3828125       7.52518600E+19
   43.4531250       7.36898894E+19
   43.5234375       7.21642555E+19
   43.5937500       7.06961304E+19
   43.6640625       6.93071261E+19
   43.7343750       6.80214540E+19
   43.8046875       6.68621333E+19
   43.8750000       6.58531599E+19
   43.9453125       6.50158422E+19
   44.0156250       6.43711809E+19
   44.0859375       6.39363944E+19
   44.1562500       6.37268539E+19
   44.2265625       6.37516677E+19
   44.2968750       6.40150183E+19
   44.3671875       6.45119668E+19
   44.4375000       6.52305196E+19
   44.5078125       6.61490297E+19
   44.5781250       6.72404181E+19
   44.6484375       6.84716644E+19
   44.7187500       6.98095634E+19
   44.7890625       7.12204347E+19
   44.8593750       7.26753744E+19
   44.9296875       7.41483550E+19
   45.0000000       7.56193520E+19
   45.0703125       7.70703995E+19
   45.1406250       7.84873797E+19
   45.2109375       7.98558407E+19
   45.2812500       8.11630632E+19
   45.3515625       8.23948593E+19
   45.4218750       8.35391519E+19
   45.4921875       8.45840925E+19
   45.5625000       8.55224245E+19
   45.6328125       8.63496355E+19
   45.7031250       8.70675814E+19
   45.7734375       8.76814959E+19
   45.8437500       8.82024358E+19
   45.9140625       8.86429529E+19
   45.9843750       8.90189507E+19
   46.0546875       8.93454792E+19
   46.1250000       8.96386354E+19
   46.1953125       8.99115518E+19
   46.2656250       9.01768596E+19
   46.3359375       9.04435395E+19
   46.4062500       9.07197632E+19
   46.4765625       9.10099375E+19
   46.5468750       9.13180471E+19
   46.6171875       9.16452178E+19
   46.6875000       9.19933231E+19
   46.7578125       9.23625128E+19
   46.8281250       9.27551000E+19
   46.8984375       9.31730903E+19
   46.9687500       9.36216999E+19
   47.0390625       9.41062151E+19
   47.1093750       9.46346491E+19
   47.1796875       9.52138543E+19
   47.2500000       9.58514039E+19
   47.3203125       9.65511947E+19
   47.3906250       9.73156279E+19
   47.4609375       9.81422935E+19
   47.5312500       9.90272069E+19
   47.6015625       9.99622668E+19
   47.6718750       1.00939319E+20
   47.7421875       1.01948284E+20
   47.8125000       1.02981007E+20
   47.8828125       1.04028736E+20
   47.9531250       1.05085709E+20
   48.0234375       1.06146298E+20
   48.0937500       1.07208075E+20
   48.1640625       1.08268215E+20
   48.2343750       1.09326051E+20
   48.3046875       1.10379233E+20
   48.3750000       1.11425793E+20
   48.4453125       1.12460231E+20
   48.5156250       1.13476329E+20
   48.5859375       1.14464711E+20
   48.6562500       1.15416650E+20
   48.7265625       1.16322059E+20
   48.7968750       1.17174057E+20
   48.8671875       1.17966998E+20
   48.9375000       1.18700038E+20
   49.0078125       1.19374083E+20
   49.0781250       1.19994164E+20
   49.1484375       1.20565663E+20
   49.2187500       1.21096481E+20
   49.2890625       1.21592915E+20
   49.3593750       1.22062415E+20
   49.4296875       1.22510242E+20
   49.5000000       1.22942359E+20
   49.5703125       1.23361968E+20
   49.6406250       1.23772420E+20
   49.7109375       1.24173759E+20
   49.7812500       1.24565511E+20
   49.8515625       1.24943101E+20
   49.9218750       1.25300759E+20
   49.9921875       1.25628774E+20
   50.0625000       1.25917092E+20
   50.1328125       1.26152827E+20
   50.2031250       1.26324509E+20
   50.2734375       1.26420079E+20
   50.3437500       1.26431065E+20
   50.4140625       1.26350238E+20
   50.4843750       1.26175433E+20
   50.5546875       1.25906897E+20
   50.6250000       1.25550488E+20
   50.6953125       1.25113894E+20
   50.7656250       1.24608770E+20
   50.8359375       1.24046761E+20
   50.9062500       1.23440913E+20
   50.9765625       1.22801322E+20
   51.0468750       1.22136945E+20
   51.1171875       1.21452943E+20
   51.1875000       1.20754093E+20
   51.2578125       1.20042824E+20
   51.3281250       1.19323224E+20
   51.3984375       1.18599130E+20
   51.4687500       1.17877340E+20
   51.5390625       1.17164302E+20
   51.6093750       1.16468584E+20
   51.6796875       1.15797143E+20
   51.7500000       1.15157764E+20
   51.8203125       1.14555548E+20
   51.8906250       1.13995844E+20
   51.9609375       1.13481527E+20
   52.0312500       1.13016416E+20
   52.1015625       1.12602226E+20
   52.1718750       1.12241481E+20
   52.2421875       1.11934339E+20
   52.3125000       1.11681090E+20
   52.3828125       1.11478640E+20
   52.4531250       1.11323142E+20
   52.5234375       1.11207245E+20
   52.5937500       1.11123576E+20
   52.6640625       1.11062628E+20
   52.7343750       1.11016730E+20
   52.8046875       1.10978142E+20
   52.8750000       1.10942667E+20
   52.9453125       1.10906445E+20
   53.0156250       1.10868516E+20
   53.0859375       1.10826981E+20
   53.1562500       1.10780889E+20
   53.2265625       1.10726011E+20
   53.2968750       1.10656935E+20
   53.3671875       1.10564083E+20
   53.4375000       1.10437129E+20
   53.5078125       1.10263019E+20
   53.5781250       1.10030160E+20
   53.6484375       1.09727267E+20
   53.7187500       1.09347619E+20
   53.7890625       1.08887003E+20
   53.8593750       1.08347266E+20
   53.9296875       1.07733430E+20
   54.0000000       1.07056272E+20
   54.0703125       1.06328421E+20
   54.1406250       1.05566328E+20
   54.2109375       1.04786431E+20
   54.2812500       1.04006957E+20
   54.3515625       1.03243667E+20
   54.4218750       1.02511621E+20
   54.4921875       1.01821154E+20
   54.5625000       1.01180042E+20
   54.6328125       1.00589780E+20
   54.7031250       1.00048565E+20
   54.7734375       9.95488856E+19
   54.8437500       9.90820329E+19
   54.9140625       9.86368715E+19
   54.9843750       9.82050009E+19
   55.0546875       9.77798945E+19
   55.1250000       9.73613236E+19
   55.1953125       9.69528595E+19
   55.2656250       9.65644240E+19
   55.3359375       9.62083669E+19
   55.4062500       9.59004333E+19
   55.4765625       9.56547848E+19
   55.5468750       9.54846596E+19
   55.6171875       9.53981324E+19
   55.6875000       9.54001731E+19
   55.7578125       9.54894623E+19
   55.8281250       9.56617601E+19
   55.8984375       9.59081299E+19
   55.9687500       9.62190014E+19
   56.0390625       9.65824032E+19
   56.1093750       9.69877360E+19
   56.1796875       9.74232129E+19
   56.2500000       9.78788682E+19
   56.3203125       9.83429148E+19
   56.3906250       9.88041116E+19
   56.4609375       9.92487893E+19
   56.5312500       9.96638241E+19
   56.6015625       1.00034254E+20
   56.6718750       1.00347034E+20
   56.7421875       1.00589375E+20
   56.8125000       1.00752569E+20
   56.8828125       1.00829553E+20
   56.9531250       1.00817933E+20
   57.0234375       1.00716585E+20
   57.0937500       1.00528067E+20
   57.1640625       1.00254798E+20
   57.2343750       9.99017936E+19
   57.3046875       9.94735294E+19
   57.3750000       9.89772451E+19
   57.4453125       9.84200918E+19
   57.5156250       9.78121410E+19
   57.5859375       9.71634555E+19
   57.6562500       9.64864642E+19
   57.7265625       9.57921534E+19
   57.7968750       9.50918349E+19
   57.8671875       9.43937066E+19
   57.9375000       9.37050341E+19
   58.0078125       9.30289927E+19
   58.0781250       9.23675969E+19
   58.1484375       9.17194304E+19
   58.2187500       9.10835081E+19
   58.2890625       9.04576484E+19
   58.3593750       8.98428719E+19
   58.4296875       8.92422571E+19
   58.5000000       8.86648728E+19
   58.5703125       8.81232093E+19
   58.6406250       8.76352021E+19
   58.7109375       8.72198418E+19
   58.7812500       8.68977553E+19
   58.8515625       8.66857342E+19
   58.9218750       8.65976589E+19
   58.9921875       8.66404607E+19
   59.0625000       8.68171567E+19
   59.1328125       8.71246065E+19
   59.2031250       8.75575678E+19
   59.2734375       8.81069630E+19
   59.3437500       8.87632483E+19
   59.4140625       8.95132383E+19
   59.4843750       9.03422525E+19
   59.5546875       9.12304116E+19
   59.6250000       9.21551449E+19
   59.6953125       9.30884983E+19
   59.7656250       9.40014096E+19
   59.8359375       9.48631804E+19
   59.9062500       9.56469915E+19
   59.9765625       9.63288294E+19
   60.0468750       9.68917442E+19
   60.1171875       9.73230518E+19
   60.1875000       9.76162784E+19
   60.2578125       9.77666300E+19
   60.3281250       9.77722067E+19
   60.3984375       9.76299211E+19
   60.4687500       9.73381811E+19
   60.5390625       9.68946029E+19
   60.6093750       9.63002245E+19
   60.6796875       9.55584324E+19
   60.7500000       9.46794125E+19
   60.8203125       9.36781268E+19
   60.8906250       9.25772166E+19
   60.9609375       9.14034396E+19
   61.0312500       9.01889190E+19
   61.1015625       8.89659718E+19
   61.1718750       8.77675481E+19
   61.2421875       8.66225695E+19
   61.3125000       8.55575034E+19
   61.3828125       8.45928007E+19
   61.4531250       8.37457105E+19
   61.5234375       8.30276766E+19
   61.5937500       8.24472313E+19
   61.6640625       8.20070220E+19
   61.7343750       8.17062924E+19
   61.8046875       8.15379087E+19
   61.8750000       8.14914742E+19
   61.9453125       8.15511205E+19
   62.0156250       8.16999504E+19
   62.0859375       8.19192018E+19
   62.1562500       8.21931297E+19
   62.2265625       8.25075900E+19
   62.2968750       8.28535316E+19
   62.3671875       8.32240846E+19
   62.4375000       8.36165047E+19
   62.5078125       8.40278276E+19
   62.5781250       8.44563908E+19
   62.6484375       8.48978931E+19
   62.7187500       8.53481475E+19
   62.7890625       8.58004427E+19
   62.8593750       8.62496239E+19
   62.9296875       8.66905809E+19
   63.0000000       8.71224778E+19
   63.0703125       8.75463967E+19
   63.1406250       8.79682398E+19
   63.2109375       8.83950526E+19
   63.2812500       8.88366868E+19
   63.3515625       8.93011118E+19
   63.4218750       8.97957161E+19
   63.4921875       9.03231650E+19
   63.5625000       9.08837312E+19
   63.6328125       9.14721019E+19
   63.7031250       9.20804572E+19
   63.7734375       9.26960958E+19
   63.8437500       9.33049174E+19
   63.9140625       9.38888724E+19
   63.9843750       9.44296298E+19
   64.0546875       9.49065452E+19
   64.1250000       9.53007685E+19
   64.1953125       9.55935376E+19
   64.2656250       9.57706734E+19
   64.3359375       9.58212861E+19
   64.4062500       9.57420157E+19
   64.4765625       9.55348061E+19
   64.5468750       9.52098960E+19
   64.6171875       9.47828281E+19
   64.6875000       9.42764898E+19
   64.7578125       9.37171023E+19
   64.8281250       9.31355750E+19
   64.8984375       9.25630725E+19
   64.9687500       9.20322635E+19
   65.0390625       9.15726236E+19
   65.1093750       9.12117023E+19
   65.1796875       9.09710500E+19
   65.2500000       9.08678806E+19
   65.3203125       9.09113245E+19
   65.3906250       9.11047858E+19
   65.4609375       9.14432067E+19
   65.5312500       9.19163925E+19
   65.6015625       9.25069622E+19
   65.6718750       9.31944648E+19
   65.7421875       9.39541834E+19
   65.8125000       9.47618758E+19
   65.8828125       9.55922710E+19
   65.9531250       9.64232115E+19
   66.0234375       9.72333141E+19
   66.0937500       9.80051009E+19
   66.1640625       9.87212876E+19
   66.2343750       9.93672551E+19
   66.3046875       9.99275574E+19
   66.3750000       1.00388693E+20
   66.4453125       1.00736217E+20
   66.5156250       1.00958556E+20
   66.5859375       1.01045374E+20
   66.6562500       1.00991797E+20
   66.7265625       1.00796312E+20
   66.7968750       1.00463758E+20
   66.8671875       1.00002359E+20
   66.9375000       9.94254500E+19
   67.0078125       9.87471393E+19
   67.0781250       9.79835944E+19
   67.1484375       9.71489156E+19
   67.2187500       9.62570005E+19
   67.2890625       9.53182463E+19
   67.3593750       9.43423374E+19
   67.4296875       9.33359412E+19
   67.5000000       9.23060946E+19
   67.5703125       9.12579874E+19
   67.6406250       9.01984452E+19
   67.7109375       8.91339860E+19
   67.7812500       8.80742767E+19
   67.8515625       8.70296263E+19
   67.9218750       8.60138798E+19
   67.9921875       8.50414190E+19
   68.0625000       8.41295808E+19
   68.1328125       8.32949811E+19
   68.2031250       8.25553528E+19
   68.2734375       8.19256933E+19
   68.3437500       8.14200411E+19
   68.4140625       8.10474386E+19
   68.4843750       8.08140870E+19
   68.5546875       8.07200304E+19
   68.6250000       8.07621725E+19
   68.6953125       8.09319371E+19
   68.7656250       8.12188657E+19
   68.8359375       8.16090867E+19
   68.9062500       8.20891775E+19
   68.9765625       8.26439295E+19
   69.0468750       8.32593129E+19
   69.1171875       8.39197764E+19
   69.1875000       8.46108854E+19
   69.2578125       8.53162089E+19
   69.3281250       8.60200987E+19
   69.3984375       8.67050329E+19
   69.4687500       8.73549146E+19
   69.5390625       8.79525387E+19
   69.6093750       8.84827145E+19
   69.6796875       8.89297231E+19
   69.7500000       8.92801507E+19
   69.8203125       8.95199410E+19
   69.8906250       8.96374480E+19
   69.9609375       8.96212280E+19
   70.0312500       8.94640682E+19
   70.1015625       8.91611131E+19
   70.1718750       8.87138406E+19
   70.2421875       8.81280560E+19
   70.3125000       8.74171821E+19
   70.3828125       8.65987057E+19
   70.4531250       8.56959715E+19
   70.5234375       8.47336877E+19
   70.5937500       8.37390519E+19
   70.6640625       8.27370801E+19
   70.7343750       8.17522080E+19
   70.8046875       8.08047104E+19
   70.8750000       7.99133231E+19
   70.9453125       7.90923574E+19
   71.0156250       7.83546467E+19
   71.0859375       7.77091014E+19
   71.1562500       7.71637964E+19
   71.2265625       7.67231033E+19
   71.2968750       7.63901800E+19
   71.3671875       7.61641820E+19
   71.4375000       7.60429630E+19
   71.5078125       7.60202691E+19
   71.5781250       7.60886675E+19
   71.6484375       7.62371896E+19
   71.7187500       7.64546730E+19
   71.7890625       7.67273431E+19
   71.8593750       7.70419529E+19
   71.9296875       7.73831094E+19
   72.0000000       7.77362461E+19
   72.0703125       7.80849233E+19
   72.1406250       7.84141962E+19
   72.2109375       7.87089709E+19
   72.2812500       7.89581202E+19
   72.3515625       7.91527690E+19
   72.4218750       7.92896626E+19
   72.4921875       7.93682820E+19
   72.5625000       7.93930254E+19
   72.6328125       7.93690209E+19
   72.7031250       7.93036659E+19
   72.7734375       7.92027572E+19
   72.8437500       7.90727685E+19
   72.9140625       7.89176670E+19
   72.9843750       7.87418595E+19
   73.0546875       7.85475538E+19
   73.1250000       7.83378461E+19
   73.1953125       7.81137041E+19
   73.2656250       7.78765086E+19
   73.3359375       7.76252658E+19
   73.4062500       7.73592544E+19
   73.4765625       7.70754924E+19
   73.5468750       7.67714907E+19
   73.6171875       7.64435635E+19
   73.6875000       7.60904444E+19
   73.7578125       7.57115175E+19
   73.8281250       7.53102837E+19
   73.8984375       7.48920910E+19
   73.9687500       7.44666768E+19
   74.0390625       7.40445611E+19
   74.1093750       7.36384367E+19
   74.1796875       7.32590876E+19
   74.2500000       7.29169899E+19
   74.3203125       7.26186176E+19
   74.3906250       7.23689493E+19
   74.4609375       7.21690713E+19
   74.5312500       7.20195905E+19
   74.6015625       7.19184047E+19
   74.6718750       7.18636666E+19
   74.7421875       7.18512729E+19
   74.8125000       7.18775292E+19
   74.8828125       7.19361816E+19
   74.9531250       7.20209275E+19
   75.0234375       7.21226543E+19
   75.0937500       7.22324692E+19
   75.1640625       7.23389679E+19
   75.2343750       7.24313400E+19
   75.3046875       7.24969325E+19
   75.3750000       7.25243719E+19
   75.4453125       7.25007852E+19
   75.5156250       7.24144911E+19
   75.5859375       7.22525067E+19
   75.6562500       7.20038147E+19
   75.7265625       7.16573190E+19
   75.7968750       7.12056968E+19
   75.8671875       7.06441279E+19
   75.9375000       6.99744109E+19
   76.0078125       6.92027033E+19
   76.0781250       6.83420012E+19
   76.1484375       6.74082344E+19
   76.2187500       6.64212292E+19
   76.2890625       6.53997741E+19
   76.3593750       6.43625036E+19
   76.4296875       6.33240368E+19
   76.5000000       6.22973437E+19
   76.5703125       6.12911366E+19
   76.6406250       6.03131562E+19
   76.7109375       5.93683722E+19
   76.7812500       5.84624582E+19
   76.8515625       5.75995087E+19
   76.9218750       5.67846211E+19
   76.9921875       5.60209839E+19
   77.0625000       5.53123266E+19
   77.1328125       5.46598148E+19
   77.2031250       5.40647987E+19
   77.2734375       5.35264515E+19
   77.3437500       5.30453096E+19
   77.4140625       5.26211971E+19
   77.4843750       5.22564979E+19
   77.5546875       5.19537232E+19
   77.6250000       5.17180231E+19
   77.6953125       5.15535889E+19
   77.7656250       5.14653114E+19
   77.8359375       5.14550639E+19
   77.9062500       5.15237482E+19
   77.9765625       5.16681493E+19
   78.0468750       5.18838910E+19
   78.1171875       5.21632989E+19
   78.1875000       5.24990194E+19
   78.2578125       5.28819045E+19
   78.3281250       5.33039587E+19
   78.3984375       5.37556381E+19
   78.4687500       5.42281862E+19
   78.5390625       5.47103044E+19
   78.6093750       5.51903424E+19
   78.6796875       5.56534259E+19
   78.7500000       5.60845312E+19
   78.8203125       5.64663476E+19
   78.8906250       5.67830202E+19
   78.9609375       5.70186367E+19
   79.0312500       5.71612170E+19
   79.1015625       5.72007027E+19
   79.1718750       5.71320052E+19
   79.2421875       5.69524593E+19
   79.3125000       5.66643961E+19
   79.3828125       5.62720903E+19
   79.4531250       5.57842194E+19
   79.5234375       5.52109033E+19
   79.5937500       5.45662728E+19
   79.6640625       5.38652770E+19
   79.7343750       5.31257146E+19
   79.8046875       5.23645491E+19
   79.8750000       5.15996453E+19
   79.9453125       5.08458993E+19
   80.0156250       5.01171122E+19
   80.0859375       4.94232192E+19
   80.1562500       4.87735046E+19
   80.2265625       4.81746666E+19
   80.2968750       4.76343314E+19
   80.3671875       4.71588893E+19
   80.4375000       4.67563537E+19
   80.5078125       4.64328070E+19
   80.5781250       4.61938172E+19
   80.6484375       4.60402726E+19
   80.7187500       4.59700226E+19
   80.7890625       4.59745394E+19
   80.8593750       4.60418339E+19
   80.9296875       4.61547494E+19
   81.0000000       4.62952274E+19
   81.0703125       4.64432788E+19
   81.1406250       4.65812719E+19
   81.2109375       4.66926700E+19
   81.2812500       4.67656996E+19
   81.3515625       4.67909356E+19
   81.4218750       4.67636457E+19
   81.4921875       4.66804127E+19
   81.5625000       4.65411265E+19
   81.6328125       4.63453651E+19
   81.7031250       4.60945533E+19
   81.7734375       4.57890650E+19
   81.8437500       4.54311695E+19
   81.9140625       4.50226306E+19
   81.9843750       4.45678198E+19
   82.0546875       4.40711572E+19
   82.1250000       4.35399040E+19
   82.1953125       4.29809255E+19
   82.2656250       4.24027759E+19
   82.3359375       4.18125316E+19
   82.4062500       4.12180785E+19
   82.4765625       4.06251690E+19
   82.5468750       4.00399078E+19
   82.6171875       3.94663893E+19
   82.6875000       3.89098869E+19
   82.7578125       3.83745655E+19
   82.8281250       3.78665383E+19
   82.8984375       3.73913426E+19
   82.9687500       3.69565561E+19
   83.0390625       3.65686924E+19
   83.1093750       3.62352061E+19
   83.1796875       3.59611990E+19
   83.2500000       3.57516321E+19
   83.3203125       3.56081722E+19
   83.3906250       3.55316968E+19
   83.4609375       3.55195868E+19
   83.5312500       3.55687306E+19
   83.6015625       3.56729819E+19
   83.6718750       3.58262538E+19
   83.7421875       3.60204055E+19
   83.8125000       3.62488269E+19
   83.8828125       3.65045073E+19
   83.9531250       3.67832599E+19
   84.0234375       3.70811572E+19
   84.0937500       3.73970513E+19
   84.1640625       3.77290026E+19
   84.2343750       3.80761800E+19
   84.3046875       3.84352585E+19
   84.3750000       3.88025570E+19
   84.4453125       3.91707439E+19
   84.5156250       3.95312913E+19
   84.5859375       3.98719156E+19
   84.6562500       4.01799768E+19
   84.7265625       4.04408205E+19
   84.7968750       4.06419168E+19
   84.8671875       4.07720154E+19
   84.9375000       4.08255616E+19
   85.0078125       4.08010645E+19
   85.0781250       4.07041404E+19
   85.1484375       4.05442142E+19
   85.2187500       4.03361470E+19
   85.2890625       4.00958729E+19
   85.3593750       3.98416131E+19
   85.4296875       3.95899525E+19
   85.5000000       3.93577752E+19
   85.5703125       3.91589483E+19
   85.6406250       3.90066176E+19
   85.7109375       3.89102915E+19
   85.7812500       3.88784981E+19
   85.8515625       3.89158990E+19
   85.9218750       3.90258414E+19
   85.9921875       3.92075995E+19
   86.0625000       3.94592249E+19
   86.1328125       3.97749915E+19
   86.2031250       4.01484516E+19
   86.2734375       4.05701803E+19
   86.3437500       4.10312055E+19
   86.4140625       4.15208532E+19
   86.4843750       4.20301470E+19
   86.5546875       4.25496310E+19
   86.6250000       4.30724840E+19
   86.6953125       4.35916954E+19
   86.7656250       4.41025461E+19
   86.8359375       4.45996573E+19
   86.9062500       4.50795369E+19
   86.9765625       4.55376726E+19
   87.0468750       4.59712497E+19
   87.1171875       4.63766616E+19
   87.1875000       4.67527737E+19
   87.2578125       4.70985701E+19
   87.3281250       4.74163378E+19
   87.3984375       4.77090234E+19
   87.4687500       4.79829425E+19
   87.5390625       4.82442173E+19
   87.6093750       4.85005926E+19
   87.6796875       4.87574385E+19
   87.7500000       4.90195093E+19
   87.8203125       4.92874075E+19
   87.8906250       4.95601612E+19
   87.9609375       4.98329720E+19
   88.0312500       5.01007075E+19
   88.1015625       5.03558425E+19
   88.1718750       5.05917010E+19
   88.2421875       5.08003487E+19
   88.3125000       5.09760023E+19
   88.3828125       5.11130234E+19
   88.4531250       5.12096133E+19
   88.5234375       5.12659435E+19
   88.5937500       5.12874807E+19
   88.6640625       5.12819524E+19
   88.7343750       5.12613256E+19
   88.8046875       5.12375409E+19
   88.8750000       5.12238234E+19
   88.9453125       5.12300862E+19
   89.0156250       5.12643470E+19
   89.0859375       5.13292402E+19
   89.1562500       5.14246294E+19
   89.2265625       5.15454262E+19
   89.2968750       5.16852049E+19
   89.3671875       5.18350331E+19
   89.4375000       5.19876234E+19
   89.5078125       5.21356792E+19
   89.5781250       5.22752336E+19
   89.6484375       5.24030320E+19
   89.7187500       5.25189777E+19
   89.7890625       5.26225649E+19
   89.8593750       5.27149503E+19
   89.9296875       5.27956720E+19
   90.0000000       5.28652755E+19
   90.0703125       5.29226568E+19
   90.1406250       5.29681766E+19
   90.2109375       5.30014962E+19
   90.2812500       5.30247443E+19
   90.3515625       5.30398120E+19
   90.4218750       5.30507631E+19
   90.4921875       5.30606895E+19
   90.5625000       5.30740948E+19
   90.6328125       5.30935605E+19
   90.7031250       5.31221302E+19
   90.7734375       5.31600238E+19
   90.8437500       5.32072148E+19
   90.9140625       5.32603345E+19
   90.9843750       5.33155871E+19
   91.0546875       5.33664241E+19
   91.1250000       5.34069653E+19
   91.1953125       5.34297516E+19
   91.2656250       5.34290259E+19
   91.3359375       5.33986046E+19
   91.4062500       5.33351452E+19
   91.4765625       5.32357890E+19
   91.5468750       5.31008657E+19
   91.6171875       5.29312066E+19
   91.6875000       5.27305238E+19
   91.7578125       5.25019661E+19
   91.8281250       5.22499800E+19
   91.8984375       5.19766942E+19
   91.9687500       5.16839163E+19
   92.0390625       5.13697330E+19
   92.1093750       5.10309691E+19
   92.1796875       5.06607855E+19
   92.2500000       5.02524049E+19
   92.3203125       4.97978932E+19
   92.3906250       4.92925488E+19
   92.4609375       4.87337330E+19
   92.5312500       4.81244541E+19
   92.6015625       4.74704030E+19
   92.6718750       4.67814402E+19
   92.7421875       4.60674877E+19
   92.8125000       4.53397957E+19
   92.8828125       4.46070592E+19
   92.9531250       4.38772957E+19
   93.0234375       4.31547231E+19
   93.0937500       4.24424682E+19
   93.1640625       4.17400474E+19
   93.2343750       4.10465899E+19
   93.3046875       4.03589949E+19
   93.3750000       3.96755077E+19
   93.4453125       3.89936477E+19
   93.5156250       3.83131820E+19
   93.5859375       3.76337585E+19
   93.6562500       3.69577744E+19
   93.7265625       3.62878200E+19
   93.7968750       3.56291026E+19
   93.8671875       3.49866029E+19
   93.9375000       3.43672634E+19
   94.0078125       3.37763881E+19
   94.0781250       3.32191358E+19
   94.1484375       3.26967270E+19
   94.2187500       3.22082536E+19
   94.2890625       3.17474703E+19
   94.3593750       3.13055919E+19
   94.4296875       3.08696466E+19
   94.5000000       3.04269260E+19
   94.5703125       2.99646166E+19
   94.6406250       2.94748611E+19
   94.7109375       2.89544578E+19
   94.7812500       2.84092232E+19
   94.8515625       2.78513090E+19
   94.9218750       2.72998182E+19
   94.9921875       2.67741483E+19
   95.0625000       2.62916716E+19
   95.1328125       2.58606652E+19
   95.2031250       2.54808411E+19
   95.2734375       2.51415164E+19
   95.3437500       2.48274673E+19
   95.4140625       2.45200461E+19
   95.4843750       2.42030569E+19
   95.5546875       2.38619796E+19
   95.6250000       2.34870681E+19
   95.6953125       2.30699068E+19
   95.7656250       2.26046309E+19
   95.8359375       2.20842496E+19
   95.9062500       2.15031423E+19
   95.9765625       2.08551165E+19
   96.0468750       2.01372630E+19
   96.1171875       1.93488758E+19
   96.1875000       1.84953711E+19
   96.2578125       1.75863960E+19
   96.3281250       1.66386588E+19
   96.3984375       1.56730094E+19
   96.4687500       1.47162199E+19
   96.5390625       1.37965246E+19
   96.6093750       1.29434300E+19
   96.6796875       1.21816564E+19
   96.7500000       1.15302838E+19
   96.8203125       1.09971691E+19
   96.8906250       0.00000000    
   96.9609375       0.00000000    
   97.0312500       0.00000000    
   97.1015625       0.00000000    
   97.1718750       0.00000000    
   97.2421875       0.00000000    
   97.3125000       0.00000000    
   97.3828125       0.00000000    
   97.4531250       0.00000000    
   97.5234375       0.00000000    
   97.5937500       0.00000000    
   97.6640625       0.00000000    
   97.7343750       0.00000000    
   97.8046875       0.00000000    
   97.8750000       0.00000000    
   97.9453125       0.00000000    
   98.0156250       0.00000000    
   98.0859375       0.00000000    
   98.1562500       0.00000000    
   98.2265625       0.00000000    
   98.2968750       0.00000000    
   98.3671875       0.00000000    
   98.4375000       0.00000000    
   98.5078125       0.00000000    
   98.5781250       0.00000000    
   98.6484375       0.00000000    
   98.7187500       0.00000000    
   98.7890625       0.00000000    
   98.8593750       0.00000000    
   98.9296875       0.00000000    
   99.0000000       0.00000000    
   99.0703125       0.00000000    
   99.1406250       0.00000000    
   99.2109375       0.00000000    
   99.2812500       0.00000000    
   99.3515625       0.00000000    
   99.4218750       0.00000000    
   99.4921875       0.00000000    
   99.5625000       0.00000000    
   99.6328125       0.00000000    
   99.7031250       0.00000000    
   99.7734375       0.00000000    
   99.8437500       0.00000000    
   99.9140625       0.00000000    
   99.9843750       0.00000000    
   100.054688       0.00000000    
   100.125000       0.00000000    
   100.195312       0.00000000    
   100.265625       0.00000000    
   100.335938       0.00000000    
   100.406250       0.00000000    
   100.476562       0.00000000    
   100.546875       0.00000000    
   100.617188       0.00000000    
   100.687500       0.00000000    
   100.757812       0.00000000    
   100.828125       0.00000000    
   100.898438       0.00000000    
   100.968750       0.00000000    
   101.039062       0.00000000    
   101.109375       0.00000000    
   101.179688       0.00000000    
   101.250000       0.00000000    
   101.320312       0.00000000    
   101.390625       0.00000000    
   101.460938       0.00000000    
   101.531250       0.00000000    
   101.601562       0.00000000    
   101.671875       0.00000000    
   101.742188       0.00000000    
   101.812500       0.00000000    
   101.882812       0.00000000    
   101.953125       0.00000000    
   102.023438       0.00000000    
   102.093750       0.00000000    
   102.164062       0.00000000    
   102.234375       0.00000000    
   102.304688       0.00000000    
   102.375000       0.00000000    
   102.445312       0.00000000    
   102.515625       0.00000000    
   102.585938       0.00000000    
   102.656250       0.00000000    
   102.726562       0.00000000    
   102.796875       0.00000000    
   102.867188       0.00000000    
   102.937500       0.00000000    
   103.007812       0.00000000    
   103.078125       0.00000000    
   103.148438       0.00000000    
   103.218750       0.00000000    
   103.289062       0.00000000    
   103.359375       0.00000000    
   103.429688       0.00000000    
   103.500000       0.00000000    
   103.570312       0.00000000    
   103.640625       0.00000000    
   103.710938       0.00000000    
   103.781250       0.00000000    
   103.851562       0.00000000    
   103.921875       0.00000000    
   103.992188       0.00000000    
   104.062500       0.00000000    
   104.132812       0.00000000    
   104.203125       0.00000000    
   104.273438       0.00000000    
   104.343750       0.00000000    
   104.414062       0.00000000    
   104.484375       0.00000000    
   104.554688       0.00000000    
   104.625000       0.00000000    
   104.695312       0.00000000    
   104.765625       0.00000000    
   104.835938       0.00000000    
   104.906250       0.00000000    
   104.976562       0.00000000    
   105.046875       0.00000000    
   105.117188       0.00000000    
   105.187500       0.00000000    
   105.257812       0.00000000    
   105.328125       0.00000000    
   105.398438       0.00000000    
   105.468750       0.00000000    
   105.539062       0.00000000    
   105.609375       0.00000000    
   105.679688       0.00000000    
   105.750000       0.00000000    
   105.820312       0.00000000    
   105.890625       0.00000000    
   105.960938       0.00000000    
   106.031250       0.00000000    
   106.101562       0.00000000    
   106.171875       0.00000000    
   106.242188       0.00000000    
   106.312500       0.00000000    
   106.382812       0.00000000    
   106.453125       0.00000000    
   106.523438       0.00000000    
   106.593750       0.00000000    
   106.664062       0.00000000    
   106.734375       0.00000000    
   106.804688       0.00000000    
   106.875000       0.00000000    
   106.945312       0.00000000    
   107.015625       0.00000000    
   107.085938       0.00000000    
   107.156250       0.00000000    
   107.226562       0.00000000    
   107.296875       0.00000000    
   107.367188       0.00000000    
   107.437500       0.00000000    
   107.507812       0.00000000    
   107.578125       0.00000000    
   107.648438       0.00000000    
   107.718750       0.00000000    
   107.789062       0.00000000    
   107.859375       0.00000000    
   107.929688       0.00000000    
   108.000000       0.00000000    
   108.070312       0.00000000    
   108.140625       0.00000000    
   108.210938       0.00000000    
   108.281250       0.00000000    
   108.351562       0.00000000    
   108.421875       0.00000000    
   108.492188       0.00000000    
   108.562500       0.00000000    
   108.632812       0.00000000    
   108.703125       0.00000000    
   108.773438       0.00000000    
   108.843750       0.00000000    
   108.914062       0.00000000    
   108.984375       0.00000000    
   109.054688       0.00000000    
   109.125000       0.00000000    
   109.195312       0.00000000    
   109.265625       0.00000000    
   109.335938       0.00000000    
   109.406250       0.00000000    
   109.476562       0.00000000    
   109.546875       0.00000000    
   109.617188       0.00000000    
   109.687500       0.00000000    
   109.757812       0.00000000    
   109.828125       0.00000000    
   109.898438       0.00000000    
   109.968750       0.00000000    
   110.039062       0.00000000    
   110.109375       0.00000000    
   110.179688       0.00000000    
   110.250000       0.00000000    
   110.320312       0.00000000    
   110.390625       0.00000000    
   110.460938       0.00000000    
   110.531250       0.00000000    
   110.601562       0.00000000    
   110.671875       0.00000000    
   110.742188       0.00000000    
   110.812500       0.00000000    
   110.882812       0.00000000    
   110.953125       0.00000000    
   111.023438       0.00000000    
   111.093750       0.00000000    
   111.164062       0.00000000    
   111.234375       0.00000000    
   111.304688       0.00000000    
   111.375000       0.00000000    
   111.445312       0.00000000    
   111.515625       0.00000000    
   111.585938       0.00000000    
   111.656250       0.00000000    
   111.726562       0.00000000    
   111.796875       0.00000000    
   111.867188       0.00000000    
   111.937500       0.00000000    
   112.007812       0.00000000    
   112.078125       0.00000000    
   112.148438       0.00000000    
   112.218750       0.00000000    
   112.289062       0.00000000    
   112.359375       0.00000000    
   112.429688       0.00000000    
   112.500000       0.00000000    
   112.570312       0.00000000    
   112.640625       0.00000000    
   112.710938       0.00000000    
   112.781250       0.00000000    
   112.851562       0.00000000    
   112.921875       0.00000000    
   112.992188       0.00000000    
   113.062500       0.00000000    
   113.132812       0.00000000    
   113.203125       0.00000000    
   113.273438       0.00000000    
   113.343750       0.00000000    
   113.414062       0.00000000    
   113.484375       0.00000000    
   113.554688       0.00000000    
   113.625000       0.00000000    
   113.695312       0.00000000    
   113.765625       0.00000000    
   113.835938       0.00000000    
   113.906250       0.00000000    
   113.976562       0.00000000    
   114.046875       0.00000000    
   114.117188       0.00000000    
   114.187500       0.00000000    
   114.257812       0.00000000    
   114.328125       0.00000000    
   114.398438       0.00000000    
   114.468750       0.00000000    
   114.539062       0.00000000    
   114.609375       0.00000000    
   114.679688       0.00000000    
   114.750000       0.00000000    
   114.820312       0.00000000    
   114.890625       0.00000000    
   114.960938       0.00000000    
   115.031250       0.00000000    
   115.101562       0.00000000    
   115.171875       0.00000000    
   115.242188       0.00000000    
   115.312500       0.00000000    
   115.382812       0.00000000    
   115.453125       0.00000000    
   115.523438       0.00000000    
   115.593750       0.00000000    
   115.664062       0.00000000    
   115.734375       0.00000000    
   115.804688       0.00000000    
   115.875000       0.00000000    
   115.945312       0.00000000    
   116.015625       0.00000000    
   116.085938       0.00000000    
   116.156250       0.00000000    
   116.226562       0.00000000    
   116.296875       0.00000000    
