1995 12 03 18 01 08.0 44.660 149.300
26. 7.382E+20 7.845 242 20 119 32 73 80
  -1.12500000       0.00000000    
  -1.05468750       5.76075923E+17
 -0.984375000       5.99400207E+17
 -0.914062500       6.26639577E+17
 -0.843750000       6.58672268E+17
 -0.773437500       6.94250952E+17
 -0.703125000       7.32090438E+17
 -0.632812500       7.71375508E+17
 -0.562500000       8.11670066E+17
 -0.492187500       8.52909724E+17
 -0.421875000       8.95257071E+17
 -0.351562500       9.39062164E+17
 -0.281250000       9.85748733E+17
 -0.210937500       1.04511851E+18
 -0.140625000       1.12478397E+18
  -7.03125000E-02   1.22968377E+18
   0.00000000       1.35840662E+18
   7.03125000E-02   1.50698679E+18
  0.140625000       1.66983271E+18
  0.210937500       1.83729231E+18
  0.281250000       2.00324367E+18
  0.351562500       2.16427223E+18
  0.421875000       2.31877272E+18
  0.492187500       2.46626505E+18
  0.562500000       2.60841789E+18
  0.632812500       2.74859738E+18
  0.703125000       2.88878016E+18
  0.773437500       3.02836426E+18
  0.843750000       3.16468006E+18
  0.914062500       3.29623993E+18
  0.984375000       3.42247651E+18
   1.05468750       3.54346787E+18
   1.12500000       3.65958646E+18
   1.19531250       3.77455992E+18
   1.26562500       3.89298035E+18
   1.33593750       4.01710284E+18
   1.40625000       4.14439028E+18
   1.47656250       4.27056941E+18
   1.54687500       4.39333978E+18
   1.61718750       4.51189709E+18
   1.68750000       4.62639089E+18
   1.75781250       4.73750039E+18
   1.82812500       4.84609750E+18
   1.89843750       4.95309098E+18
   1.96875000       5.05930985E+18
   2.03906250       5.16544735E+18
   2.10937500       5.27324897E+18
   2.17968750       5.38613693E+18
   2.25000000       5.50590233E+18
   2.32031250       5.63171890E+18
   2.39062500       5.75982685E+18
   2.46093750       5.88720087E+18
   2.53125000       6.01165294E+18
   2.60156250       6.13183561E+18
   2.67187500       6.24710181E+18
   2.74218750       6.35726078E+18
   2.81250000       6.46227184E+18
   2.88281250       6.56200689E+18
   2.95312500       6.65609430E+18
   3.02343750       6.74393483E+18
   3.09375000       6.82483470E+18
   3.16406250       6.89820236E+18
   3.23437500       6.96373380E+18
   3.30468750       7.02151919E+18
   3.37500000       7.07208848E+18
   3.44531250       7.11639715E+18
   3.51562500       7.15575966E+18
   3.58593750       7.19175273E+18
   3.65625000       7.22607508E+18
   3.72656250       7.26040293E+18
   3.79687500       7.29622942E+18
   3.86718750       7.33472222E+18
   3.93750000       7.37662956E+18
   4.00781250       7.42225159E+18
   4.07812500       7.47147178E+18
   4.14843750       7.52389375E+18
   4.21875000       7.57904525E+18
   4.28906250       7.63662063E+18
   4.35937500       7.69670674E+18
   4.42968750       7.75991381E+18
   4.50000000       7.82734851E+18
   4.57031250       7.90043635E+18
   4.64062500       7.98062043E+18
   4.71093750       8.06903546E+18
   4.78125000       8.16624054E+18
   4.85156250       8.27210206E+18
   4.92187500       8.38582620E+18
   4.99218750       8.50615016E+18
   5.06250000       8.63159509E+18
   5.13281250       8.76074977E+18
   5.20312500       8.89242398E+18
   5.27343750       9.02571173E+18
   5.34375000       9.15987469E+18
   5.41406250       9.29418828E+18
   5.48437500       9.42775695E+18
   5.55468750       9.55942677E+18
   5.62500000       9.68777276E+18
   5.69531250       9.81120174E+18
   5.76562500       9.92808972E+18
   5.83593750       1.00369128E+19
   5.90625000       1.01363460E+19
   5.97656250       1.02253207E+19
   6.04687500       1.03030210E+19
   6.11718750       1.03688817E+19
   6.18750000       1.04225445E+19
   6.25781250       1.04638257E+19
   6.32812500       1.04926757E+19
   6.39843750       1.05091420E+19
   6.46875000       1.05133411E+19
   6.53906250       1.05054103E+19
   6.60937500       1.04854289E+19
   6.67968750       1.04533473E+19
   6.75000000       1.04089314E+19
   6.82031250       1.03518613E+19
   6.89062500       1.02819214E+19
   6.96093750       1.01993183E+19
   7.03125000       1.01050000E+19
   7.10156250       1.00008741E+19
   7.17187500       9.88980363E+18
   7.24218750       9.77537195E+18
   7.31250000       9.66146365E+18
   7.38281250       9.55176317E+18
   7.45312500       9.44932388E+18
   7.52343750       9.35629420E+18
   7.59375000       9.27386821E+18
   7.66406250       9.20243898E+18
   7.73437500       9.14187349E+18
   7.80468750       9.09185065E+18
   7.87500000       9.05211266E+18
   7.94531250       9.02265894E+18
   8.01562500       9.00380616E+18
   8.08593750       8.99618435E+18
   8.15625000       9.00068465E+18
   8.22656250       9.01836699E+18
   8.29687500       9.05032100E+18
   8.36718750       9.09742903E+18
   8.43750000       9.16011273E+18
   8.50781250       9.23805711E+18
   8.57812500       9.33004006E+18
   8.64843750       9.43391972E+18
   8.71875000       9.54679558E+18
   8.78906250       9.66539660E+18
   8.85937500       9.78656938E+18
   8.92968750       9.90780153E+18
   9.00000000       1.00276505E+19
   9.07031250       1.01459547E+19
   9.14062500       1.02637904E+19
   9.21093750       1.03831677E+19
   9.28125000       1.05065329E+19
   9.35156250       1.06362687E+19
   9.42187500       1.07742541E+19
   9.49218750       1.09216689E+19
   9.56250000       1.10789705E+19
   9.63281250       1.12460391E+19
   9.70312500       1.14223392E+19
   9.77343750       1.16070693E+19
   9.84375000       1.17992188E+19
   9.91406250       1.19976136E+19
   9.98437500       1.22008902E+19
   10.0546875       1.24075357E+19
   10.1250000       1.26158734E+19
   10.1953125       1.28241374E+19
   10.2656250       1.30304904E+19
   10.3359375       1.32330952E+19
   10.4062500       1.34301739E+19
   10.4765625       1.36200936E+19
   10.5468750       1.38014152E+19
   10.6171875       1.39729313E+19
   10.6875000       1.41336557E+19
   10.7578125       1.42828737E+19
   10.8281250       1.44201566E+19
   10.8984375       1.45454492E+19
   10.9687500       1.46591420E+19
   11.0390625       1.47620354E+19
   11.1093750       1.48551805E+19
   11.1796875       1.49396626E+19
   11.2500000       1.50163920E+19
   11.3203125       1.50860461E+19
   11.3906250       1.51491592E+19
   11.4609375       1.52063338E+19
   11.5312500       1.52584792E+19
   11.6015625       1.53069622E+19
   11.6718750       1.53535738E+19
   11.7421875       1.54003151E+19
   11.8125000       1.54490433E+19
   11.8828125       1.55011579E+19
   11.9531250       1.55573474E+19
   12.0234375       1.56175335E+19
   12.0937500       1.56809567E+19
   12.1640625       1.57463501E+19
   12.2343750       1.58121306E+19
   12.3046875       1.58765389E+19
   12.3750000       1.59376552E+19
   12.4453125       1.59934280E+19
   12.5156250       1.60417064E+19
   12.5859375       1.60803806E+19
   12.6562500       1.61075672E+19
   12.7265625       1.61217970E+19
   12.7968750       1.61220862E+19
   12.8671875       1.61078541E+19
   12.9375000       1.60787952E+19
   13.0078125       1.60348158E+19
   13.0781250       1.59760832E+19
   13.1484375       1.59031998E+19
   13.2187500       1.58174423E+19
   13.2890625       1.57208788E+19
   13.3593750       1.56163197E+19
   13.4296875       1.55070898E+19
   13.5000000       1.53966988E+19
   13.5703125       1.52884860E+19
   13.6406250       1.51853837E+19
   13.7109375       1.50897844E+19
   13.7812500       1.50035267E+19
   13.8515625       1.49279814E+19
   13.9218750       1.48640767E+19
   13.9921875       1.48122721E+19
   14.0625000       1.47724313E+19
   14.1328125       1.47437472E+19
   14.2031250       1.47247598E+19
   14.2734375       1.47135843E+19
   14.3437500       1.47082726E+19
   14.4140625       1.47072391E+19
   14.4843750       1.47095568E+19
   14.5546875       1.47150764E+19
   14.6250000       1.47243409E+19
   14.6953125       1.47383937E+19
   14.7656250       1.47585049E+19
   14.8359375       1.47859124E+19
   14.9062500       1.48215575E+19
   14.9765625       1.48658414E+19
   15.0468750       1.49184146E+19
   15.1171875       1.49780884E+19
   15.1875000       1.50429529E+19
   15.2578125       1.51107675E+19
   15.3281250       1.51794331E+19
   15.3984375       1.52475039E+19
   15.4687500       1.53144674E+19
   15.5390625       1.53807064E+19
   15.6093750       1.54471939E+19
   15.6796875       1.55149744E+19
   15.7500000       1.55846812E+19
   15.8203125       1.56560934E+19
   15.8906250       1.57278706E+19
   15.9609375       1.57973993E+19
   16.0312500       1.58608324E+19
   16.1015625       1.59132571E+19
   16.1718750       1.59490803E+19
   16.2421875       1.59625361E+19
   16.3125000       1.59482644E+19
   16.3828125       1.59018947E+19
   16.4531250       1.58205056E+19
   16.5234375       1.57029051E+19
   16.5937500       1.55497255E+19
   16.6640625       1.53633275E+19
   16.7343750       1.51475748E+19
   16.8046875       1.49074348E+19
   16.8750000       1.46485185E+19
   16.9453125       1.43765752E+19
   17.0156250       1.40970541E+19
   17.0859375       1.38147930E+19
   17.1562500       1.35338391E+19
   17.2265625       1.32574472E+19
   17.2968750       1.29882153E+19
   17.3671875       1.27282402E+19
   17.4375000       1.24792767E+19
   17.5078125       1.22428311E+19
   17.5781250       1.20201613E+19
   17.6484375       1.18122425E+19
   17.7187500       1.16197158E+19
   17.7890625       1.14429177E+19
   17.8593750       1.12818997E+19
   17.9296875       1.11364970E+19
   18.0000000       1.10064105E+19
   18.0703125       1.08912993E+19
   18.1406250       1.07908930E+19
   18.2109375       1.07051212E+19
   18.2812500       1.06342016E+19
   18.3515625       1.05786740E+19
   18.4218750       1.05393753E+19
   18.4921875       1.05173323E+19
   18.5625000       1.05135654E+19
   18.6328125       1.05288354E+19
   18.7031250       1.05633381E+19
   18.7734375       1.06165203E+19
   18.8437500       1.06870221E+19
   18.9140625       1.07728544E+19
   18.9843750       1.08717115E+19
   19.0546875       1.09813416E+19
   19.1250000       1.10998777E+19
   19.1953125       1.12260643E+19
   19.2656250       1.13593328E+19
   19.3359375       1.14997316E+19
   19.4062500       1.16476940E+19
   19.4765625       1.18037840E+19
   19.5468750       1.19683886E+19
   19.6171875       1.21414330E+19
   19.6875000       1.23222180E+19
   19.7578125       1.25093813E+19
   19.8281250       1.27010251E+19
   19.8984375       1.28950064E+19
   19.9687500       1.30892626E+19
   20.0390625       1.32821466E+19
   20.1093750       1.34726271E+19
   20.1796875       1.36603424E+19
   20.2500000       1.38454704E+19
   20.3203125       1.40285336E+19
   20.3906250       1.42101839E+19
   20.4609375       1.43910800E+19
   20.5312500       1.45718364E+19
   20.6015625       1.47530700E+19
   20.6718750       1.49354823E+19
   20.7421875       1.51198726E+19
   20.8125000       1.53071810E+19
   20.8828125       1.54984564E+19
   20.9531250       1.56948182E+19
   21.0234375       1.58973768E+19
   21.0937500       1.61070845E+19
   21.1640625       1.63245723E+19
   21.2343750       1.65499590E+19
   21.3046875       1.67827245E+19
   21.3750000       1.70216407E+19
   21.4453125       1.72647977E+19
   21.5156250       1.75097776E+19
   21.5859375       1.77539110E+19
   21.6562500       1.79945809E+19
   21.7265625       1.82295443E+19
   21.7968750       1.84570575E+19
   21.8671875       1.86758845E+19
   21.9375000       1.88851326E+19
   22.0078125       1.90841244E+19
   22.0781250       1.92722772E+19
   22.1484375       1.94491556E+19
   22.2187500       1.96145640E+19
   22.2890625       1.97686143E+19
   22.3593750       1.99117290E+19
   22.4296875       2.00445170E+19
   22.5000000       2.01675985E+19
   22.5703125       2.02815013E+19
   22.6406250       2.03867048E+19
   22.7109375       2.04838225E+19
   22.7812500       2.05738373E+19
   22.8515625       2.06583325E+19
   22.9218750       2.07395051E+19
   22.9921875       2.08199849E+19
   23.0625000       2.09024857E+19
   23.1328125       2.09894241E+19
   23.2031250       2.10826759E+19
   23.2734375       2.11834197E+19
   23.3437500       2.12922164E+19
   23.4140625       2.14091275E+19
   23.4843750       2.15337967E+19
   23.5546875       2.16654544E+19
   23.6250000       2.18029307E+19
   23.6953125       2.19446952E+19
   23.7656250       2.20889995E+19
   23.8359375       2.22341746E+19
   23.9062500       2.23788593E+19
   23.9765625       2.25222115E+19
   24.0468750       2.26639165E+19
   24.1171875       2.28040537E+19
   24.1875000       2.29428736E+19
   24.2578125       2.30806556E+19
   24.3281250       2.32176240E+19
   24.3984375       2.33539524E+19
   24.4687500       2.34898257E+19
   24.5390625       2.36254614E+19
   24.6093750       2.37611786E+19
   24.6796875       2.38974234E+19
   24.7500000       2.40347986E+19
   24.8203125       2.41741089E+19
   24.8906250       2.43162956E+19
   24.9609375       2.44622470E+19
   25.0312500       2.46125150E+19
   25.1015625       2.47670470E+19
   25.1718750       2.49249940E+19
   25.2421875       2.50848080E+19
   25.3125000       2.52445165E+19
   25.3828125       2.54021579E+19
   25.4531250       2.55562566E+19
   25.5234375       2.57060541E+19
   25.5937500       2.58515173E+19
   25.6640625       2.59930772E+19
   25.7343750       2.61312968E+19
   25.8046875       2.62664928E+19
   25.8750000       2.63984979E+19
   25.9453125       2.65265471E+19
   26.0156250       2.66493405E+19
   26.0859375       2.67652840E+19
   26.1562500       2.68727789E+19
   26.2265625       2.69704705E+19
   26.2968750       2.70574880E+19
   26.3671875       2.71334885E+19
   26.4375000       2.71985532E+19
   26.5078125       2.72530911E+19
   26.5781250       2.72975928E+19
   26.6484375       2.73324671E+19
   26.7187500       2.73579494E+19
   26.7890625       2.73741012E+19
   26.8593750       2.73809138E+19
   26.9296875       2.73783585E+19
   27.0000000       2.73664728E+19
   27.0703125       2.73452830E+19
   27.1406250       2.73148045E+19
   27.2109375       2.72749802E+19
   27.2812500       2.72256627E+19
   27.3515625       2.71667003E+19
   27.4218750       2.70980138E+19
   27.4921875       2.70197352E+19
   27.5625000       2.69322471E+19
   27.6328125       2.68361805E+19
   27.7031250       2.67323800E+19
   27.7734375       2.66217999E+19
   27.8437500       2.65054100E+19
   27.9140625       2.63840393E+19
   27.9843750       2.62582772E+19
   28.0546875       2.61283435E+19
   28.1250000       2.59941283E+19
   28.1953125       2.58553128E+19
   28.2656250       2.57115714E+19
   28.3359375       2.55627701E+19
   28.4062500       2.54091618E+19
   28.4765625       2.52515248E+19
   28.5468750       2.50913017E+19
   28.6171875       2.49305839E+19
   28.6875000       2.47720981E+19
   28.7578125       2.46190175E+19
   28.8281250       2.44747308E+19
   28.8984375       2.43425673E+19
   28.9687500       2.42254583E+19
   29.0390625       2.41256842E+19
   29.1093750       2.40446370E+19
   29.1796875       2.39826972E+19
   29.2500000       2.39391697E+19
   29.3203125       2.39124186E+19
   29.3906250       2.39000139E+19
   29.4609375       2.38990419E+19
   29.5312500       2.39064020E+19
   29.6015625       2.39190508E+19
   29.6718750       2.39342527E+19
   29.7421875       2.39496810E+19
   29.8125000       2.39634667E+19
   29.8828125       2.39741979E+19
   29.9531250       2.39808610E+19
   30.0234375       2.39827741E+19
   30.0937500       2.39796075E+19
   30.1640625       2.39713634E+19
   30.2343750       2.39584837E+19
   30.3046875       2.39418349E+19
   30.3750000       2.39226990E+19
   30.4453125       2.39025977E+19
   30.5156250       2.38831782E+19
   30.5859375       2.38660500E+19
   30.6562500       2.38526623E+19
   30.7265625       2.38441983E+19
   30.7968750       2.38414627E+19
   30.8671875       2.38448382E+19
   30.9375000       2.38543336E+19
   31.0078125       2.38696652E+19
   31.0781250       2.38904107E+19
   31.1484375       2.39160909E+19
   31.2187500       2.39462527E+19
   31.2890625       2.39804498E+19
   31.3593750       2.40182356E+19
   31.4296875       2.40591000E+19
   31.5000000       2.41023394E+19
   31.5703125       2.41469378E+19
   31.6406250       2.41914922E+19
   31.7109375       2.42342346E+19
   31.7812500       2.42732651E+19
   31.8515625       2.43068244E+19
   31.9218750       2.43335843E+19
   31.9921875       2.43527730E+19
   32.0625000       2.43641617E+19
   32.1328125       2.43679902E+19
   32.2031250       2.43648720E+19
   32.2734375       2.43557944E+19
   32.3437500       2.43421341E+19
   32.4140625       2.43256590E+19
   32.4843750       2.43085352E+19
   32.5546875       2.42931135E+19
   32.6250000       2.42816676E+19
   32.6953125       2.42760293E+19
   32.7656250       2.42773025E+19
   32.8359375       2.42856698E+19
   32.9062500       2.43004780E+19
   32.9765625       2.43203308E+19
   33.0468750       2.43433897E+19
   33.1171875       2.43675438E+19
   33.1875000       2.43905676E+19
   33.2578125       2.44102950E+19
   33.3281250       2.44247338E+19
   33.3984375       2.44322677E+19
   33.4687500       2.44318872E+19
   33.5390625       2.44232913E+19
   33.6093750       2.44069613E+19
   33.6796875       2.43839881E+19
   33.7500000       2.43559044E+19
   33.8203125       2.43243946E+19
   33.8906250       2.42911278E+19
   33.9609375       2.42575465E+19
   34.0312500       2.42247612E+19
   34.1015625       2.41934977E+19
   34.1718750       2.41640704E+19
   34.2421875       2.41364639E+19
   34.3125000       2.41104296E+19
   34.3828125       2.40856708E+19
   34.4531250       2.40619807E+19
   34.5234375       2.40393396E+19
   34.5937500       2.40179453E+19
   34.6640625       2.39980991E+19
   34.7343750       2.39800671E+19
   34.8046875       2.39638515E+19
   34.8750000       2.39490257E+19
   34.9453125       2.39345825E+19
   35.0156250       2.39189937E+19
   35.0859375       2.39002734E+19
   35.1562500       2.38763194E+19
   35.2265625       2.38451834E+19
   35.2968750       2.38053811E+19
   35.3671875       2.37560174E+19
   35.4375000       2.36968109E+19
   35.5078125       2.36279265E+19
   35.5781250       2.35498832E+19
   35.6484375       2.34633406E+19
   35.7187500       2.33690729E+19
   35.7890625       2.32679574E+19
   35.8593750       2.31610431E+19
   35.9296875       2.30494933E+19
   36.0000000       2.29345239E+19
   36.0703125       2.28172412E+19
   36.1406250       2.26985709E+19
   36.2109375       2.25792101E+19
   36.2812500       2.24597350E+19
   36.3515625       2.23406513E+19
   36.4218750       2.22224582E+19
   36.4921875       2.21055383E+19
   36.5625000       2.19899731E+19
   36.6328125       2.18754545E+19
   36.7031250       2.17612285E+19
   36.7734375       2.16462525E+19
   36.8437500       2.15293547E+19
   36.9140625       2.14094617E+19
   36.9843750       2.12857029E+19
   37.0546875       2.11575196E+19
   37.1250000       2.10245887E+19
   37.1953125       2.08868089E+19
   37.2656250       2.07442044E+19
   37.3359375       2.05968611E+19
   37.4062500       2.04448975E+19
   37.4765625       2.02884326E+19
   37.5468750       2.01276906E+19
   37.6171875       1.99631179E+19
   37.6875000       1.97955414E+19
   37.7578125       1.96262012E+19
   37.8281250       1.94567159E+19
   37.8984375       1.92888138E+19
   37.9687500       1.91240498E+19
   38.0390625       1.89634728E+19
   38.1093750       1.88074323E+19
   38.1796875       1.86555479E+19
   38.2500000       1.85067994E+19
   38.3203125       1.83597694E+19
   38.3906250       1.82128900E+19
   38.4609375       1.80646990E+19
   38.5312500       1.79141000E+19
   38.6015625       1.77605246E+19
   38.6718750       1.76040685E+19
   38.7421875       1.74454584E+19
   38.8125000       1.72858225E+19
   38.8828125       1.71263142E+19
   38.9531250       1.69677206E+19
   39.0234375       1.68100869E+19
   39.0937500       1.66526248E+19
   39.1640625       1.64937574E+19
   39.2343750       1.63314387E+19
   39.3046875       1.61635169E+19
   39.3750000       1.59881756E+19
   39.4453125       1.58042702E+19
   39.5156250       1.56116336E+19
   39.5859375       1.54111981E+19
   39.6562500       1.52050001E+19
   39.7265625       1.49959807E+19
   39.7968750       1.47875958E+19
   39.8671875       1.45833285E+19
   39.9375000       1.43861762E+19
   40.0078125       1.41982751E+19
   40.0781250       1.40207656E+19
   40.1484375       1.38539510E+19
   40.2187500       1.36976477E+19
   40.2890625       1.35515776E+19
   40.3593750       1.34157010E+19
   40.4296875       1.32902951E+19
   40.5000000       1.31758371E+19
   40.5703125       1.30727117E+19
   40.6406250       1.29808519E+19
   40.7109375       1.28994946E+19
   40.7812500       1.28270236E+19
   40.8515625       1.27610254E+19
   40.9218750       1.26985446E+19
   40.9921875       1.26364793E+19
   41.0625000       1.25720238E+19
   41.1328125       1.25030470E+19
   41.2031250       1.24282593E+19
   41.2734375       1.23472286E+19
   41.3437500       1.22601990E+19
   41.4140625       1.21678741E+19
   41.4843750       1.20712325E+19
   41.5546875       1.19713529E+19
   41.6250000       1.18693017E+19
   41.6953125       1.17660235E+19
   41.7656250       1.16622626E+19
   41.8359375       1.15585566E+19
   41.9062500       1.14552366E+19
   41.9765625       1.13524751E+19
   42.0468750       1.12503283E+19
   42.1171875       1.11488159E+19
   42.1875000       1.10479687E+19
   42.2578125       1.09479241E+19
   42.3281250       1.08490055E+19
   42.3984375       1.07517383E+19
   42.4687500       1.06568515E+19
   42.5390625       1.05651116E+19
   42.6093750       1.04771320E+19
   42.6796875       1.03931359E+19
   42.7500000       1.03127934E+19
   42.8203125       1.02351745E+19
   42.8906250       1.01589322E+19
   42.9609375       1.00825832E+19
   43.0312500       1.00048213E+19
   43.1015625       9.92472192E+18
   43.1718750       9.84178246E+18
   43.2421875       9.75583033E+18
   43.3125000       9.66687105E+18
   43.3828125       9.57495078E+18
   43.4531250       9.48008381E+18
   43.5234375       9.38223827E+18
   43.5937500       9.28132620E+18
   43.6640625       9.17717386E+18
   43.7343750       9.06952672E+18
   43.8046875       8.95811156E+18
   43.8750000       8.84279643E+18
   43.9453125       8.72379573E+18
   44.0156250       8.60183681E+18
   44.0859375       8.47817473E+18
   44.1562500       8.35443624E+18
   44.2265625       8.23232228E+18
   44.2968750       8.11327816E+18
   44.3671875       7.99824560E+18
   44.4375000       7.88756931E+18
   44.5078125       7.78108491E+18
   44.5781250       7.67834654E+18
   44.6484375       7.57890012E+18
   44.7187500       7.36410282E+18
   44.7890625       7.28213478E+18
   44.8593750       7.20284845E+18
   44.9296875       7.12681667E+18
   45.0000000       6.93182433E+18
   45.0703125       6.86855568E+18
   45.1406250       6.80977744E+18
   45.2109375       6.75592006E+18
   45.2812500       6.70728426E+18
   45.3515625       6.66405751E+18
   45.4218750       6.62627444E+18
   45.4921875       6.59373660E+18
   45.5625000       6.56586343E+18
   45.6328125       6.54158456E+18
   45.7031250       6.51927822E+18
   45.7734375       6.49683994E+18
   45.8437500       6.47189037E+18
   45.9140625       6.44206721E+18
   45.9843750       6.40532978E+18
   46.0546875       6.36018438E+18
   46.1250000       6.30577395E+18
   46.1953125       6.24182581E+18
   46.2656250       6.16854885E+18
   46.3359375       6.08650110E+18
   46.4062500       5.99650167E+18
   46.4765625       5.89955278E+18
   46.5468750       5.79677264E+18
   46.6171875       5.68934210E+18
   46.6875000       5.57846955E+18
   46.7578125       5.46538863E+18
   46.8281250       5.35137752E+18
   46.8984375       5.10476860E+18
   46.9687500       4.83355867E+18
   47.0390625       4.73926290E+18
   47.1093750       4.64493250E+18
   47.1796875       4.55158204E+18
   47.2500000       4.46012604E+18
   47.3203125       4.37133580E+18
   47.3906250       4.28578720E+18
   47.4609375       4.20379084E+18
   47.5312500       4.12536103E+18
   47.6015625       4.05024954E+18
   47.6718750       3.97807595E+18
   47.7421875       3.90848181E+18
   47.8125000       3.84126179E+18
   47.8828125       3.77638676E+18
   47.9531250       3.71393395E+18
   48.0234375       3.65393992E+18
   48.0937500       3.59630022E+18
   48.1640625       3.54071084E+18
   48.2343750       3.48672262E+18
   48.3046875       3.43382429E+18
   48.3750000       3.38154884E+18
   48.4453125       3.32952874E+18
   48.5156250       3.27754328E+18
   48.5859375       3.22552484E+18
   48.6562500       3.03698608E+18
   48.7265625       3.01244993E+18
   48.7968750       2.98909548E+18
   48.8671875       2.96664895E+18
   48.9375000       2.94476069E+18
   49.0078125       2.92302555E+18
   49.0781250       2.90100123E+18
   49.1484375       2.87824409E+18
   49.2187500       2.85433961E+18
   49.2890625       2.82894831E+18
   49.3593750       2.67944689E+18
   49.4296875       2.65982995E+18
   49.5000000       2.63798623E+18
   49.5703125       2.61383078E+18
   49.6406250       2.58725421E+18
   49.7109375       2.41734971E+18
   49.7812500       2.39426024E+18
   49.8515625       2.36863997E+18
   49.9218750       2.34046663E+18
   49.9921875       2.30977844E+18
   50.0625000       2.15216977E+18
   50.1328125       2.13005996E+18
   50.2031250       2.10300181E+18
   50.2734375       1.93985325E+18
   50.3437500       1.90894886E+18
   50.4140625       1.87322422E+18
   50.4843750       1.83331194E+18
   50.5546875       1.78999916E+18
   50.6250000       1.74411530E+18
   50.6953125       1.69642907E+18
   50.7656250       1.64752307E+18
   50.8359375       1.59775903E+18
   50.9062500       1.54727977E+18
   50.9765625       1.49610822E+18
   51.0468750       1.30305075E+18
   51.1171875       1.27483096E+18
   51.1875000       1.24516146E+18
   51.2578125       1.21442915E+18
   51.3281250       1.18313787E+18
   51.3984375       1.15188700E+18
   51.4687500       1.12128677E+18
   51.5390625       1.09190954E+18
   51.6093750       1.06418920E+18
   51.6796875       1.03839253E+18
   51.7500000       1.01457559E+18
   51.8203125       9.92635730E+17
   51.8906250       8.61159222E+17
   51.9609375       8.51663771E+17
   52.0312500       8.43539411E+17
   52.1015625       8.36544524E+17
   52.1718750       8.30478037E+17
   52.2421875       8.25206910E+17
   52.3125000       8.20603805E+17
   52.3828125       8.16569078E+17
   52.4531250       8.12970376E+17
   52.5234375       8.09667169E+17
   52.5937500       8.06453434E+17
   52.6640625       8.03086385E+17
   52.7343750       7.99248952E+17
   52.8046875       7.94618428E+17
   52.8750000       7.88870112E+17
   52.9453125       7.81762800E+17
   53.0156250       7.73132115E+17
   53.0859375       7.62951393E+17
   53.1562500       7.51287843E+17
   53.2265625       7.38318691E+17
   53.2968750       7.24260679E+17
   53.3671875       7.09386966E+17
   53.4375000       6.93974975E+17
   53.5078125       6.78338545E+17
   53.5781250       6.62783960E+17
   53.6484375       6.47641486E+17
   53.7187500       5.06860120E+17
   53.7890625       5.04698618E+17
   53.8593750       5.03231904E+17
   53.9296875       5.02184206E+17
   54.0000000       5.01164547E+17
   54.0703125       4.99688762E+17
   54.1406250       4.97220014E+17
   54.2109375       4.93235075E+17
   54.2812500       4.87284449E+17
   54.3515625       4.79044366E+17
   54.4218750       4.68339520E+17
   54.4921875       4.55153868E+17
   54.5625000       4.39620792E+17
   54.6328125       4.22010670E+17
   54.7031250       4.02702525E+17
   54.7734375       3.82155985E+17
   54.8437500       3.60865111E+17
   54.9140625       3.39320696E+17
   54.9843750       3.17979209E+17
   55.0546875       1.76785974E+17
   55.1250000       1.73205139E+17
   55.1953125       1.70179781E+17
   55.2656250       1.67679578E+17
   55.3359375       1.65657404E+17
   55.4062500       1.64069331E+17
   55.4765625       1.62880501E+17
   55.5468750       1.62079164E+17
   55.6171875       1.61675007E+17
   55.6875000       1.61704007E+17
   55.7578125       1.62217513E+17
   55.8281250       1.63281067E+17
   55.8984375       1.64959644E+17
   55.9687500       1.67312994E+17
   56.0390625       1.70378054E+17
   56.1093750       1.74166267E+17
   56.1796875       1.78651261E+17
   56.2500000       1.83771343E+17
   56.3203125       1.89422197E+17
   56.3906250       1.95465731E+17
   56.4609375       2.01731264E+17
   56.5312500       2.08029799E+17
   56.6015625       2.14161123E+17
   56.6718750       2.19933610E+17
   56.7421875       2.25175652E+17
   56.8125000       2.29754053E+17
   56.8828125       2.33578481E+17
   56.9531250       2.36609130E+17
   57.0234375       2.38847547E+17
   57.0937500       2.40330410E+17
   57.1640625       2.41110307E+17
   57.2343750       2.41248072E+17
   57.3046875       2.40801087E+17
   57.3750000       2.39827503E+17
   57.4453125       2.38387745E+17
   57.5156250       2.36561610E+17
   57.5859375       2.34455169E+17
   57.6562500       2.32210877E+17
   57.7265625       2.29996152E+17
   57.7968750       2.27991209E+17
   57.8671875       2.26361544E+17
   57.9375000       2.25241502E+17
   58.0078125       2.24718015E+17
   58.0781250       2.24836143E+17
   58.1484375       2.25603551E+17
   58.2187500       2.27006786E+17
   58.2890625       2.29014906E+17
   58.3593750       2.31591131E+17
   58.4296875       2.34691238E+17
   58.5000000       2.38270114E+17
   58.5703125       2.42277456E+17
   58.6406250       2.46665057E+17
   58.7109375       2.51384865E+17
   58.7812500       2.56395855E+17
   58.8515625       2.61659286E+17
   58.9218750       2.67141812E+17
   58.9921875       2.72806805E+17
   59.0625000       2.78613824E+17
   59.1328125       2.84509680E+17
   59.2031250       2.90433419E+17
   59.2734375       2.96313883E+17
   59.3437500       3.02078553E+17
   59.4140625       3.07651737E+17
   59.4843750       3.12963684E+17
   59.5546875       3.17950072E+17
   59.6250000       3.22562730E+17
   59.6953125       3.26771523E+17
   59.7656250       3.30578719E+17
   59.8359375       3.34019366E+17
   59.9062500       3.37167302E+17
   59.9765625       3.40125744E+17
   60.0468750       3.43024229E+17
   60.1171875       3.46002325E+17
   60.1875000       3.49200048E+17
   60.2578125       3.52732951E+17
   60.3281250       3.56676109E+17
   60.3984375       3.61034401E+17
   60.4687500       3.65729694E+17
   60.5390625       3.70590360E+17
   60.6093750       3.75377359E+17
   60.6796875       3.79820829E+17
   60.7500000       3.83678293E+17
   60.8203125       3.86775927E+17
   60.8906250       3.89041952E+17
   60.9609375       3.90502687E+17
   61.0312500       3.91266504E+17
   61.1015625       3.91489258E+17
   61.1718750       3.91349105E+17
   61.2421875       3.91019114E+17
   61.3125000       3.90654351E+17
   61.3828125       3.90375831E+17
   61.4531250       3.90268422E+17
   61.5234375       3.90372498E+17
   61.5937500       3.90687199E+17
   61.6640625       3.91166586E+17
   61.7343750       3.91731048E+17
   61.8046875       3.92271492E+17
   61.8750000       3.92665220E+17
   61.9453125       3.92781288E+17
   62.0156250       3.92496239E+17
   62.0859375       3.91696791E+17
   62.1562500       3.90289073E+17
   62.2265625       3.88194744E+17
   62.2968750       3.85358072E+17
   62.3671875       3.81743153E+17
   62.4375000       3.77340365E+17
   62.5078125       3.72163074E+17
   62.5781250       3.66254573E+17
   62.6484375       3.59686022E+17
   62.7187500       3.52562973E+17
   62.7890625       3.45019877E+17
   62.8593750       3.37224649E+17
   62.9296875       3.29366370E+17
   63.0000000       3.21648039E+17
   63.0703125       3.14261348E+17
   63.1406250       3.07374076E+17
   63.2109375       3.01109574E+17
   63.2812500       2.95542575E+17
   63.3515625       2.90690740E+17
   63.4218750       2.86524072E+17
   63.4921875       2.82966739E+17
   63.5625000       2.79911574E+17
   63.6328125       2.77224626E+17
   63.7031250       2.74764073E+17
   63.7734375       2.72386517E+17
   63.8437500       2.69961131E+17
   63.9140625       2.67364944E+17
   63.9843750       2.64484653E+17
   64.0546875       2.61202456E+17
   64.1250000       2.57393095E+17
   64.1953125       2.52916176E+17
   64.2656250       2.47635084E+17
   64.3359375       2.41440470E+17
   64.4062500       2.34295826E+17
   64.4765625       2.26271762E+17
   64.5468750       2.17575896E+17
   64.6171875       2.08538014E+17
   64.6875000       1.99564934E+17
   64.7578125       1.91052566E+17
   64.8281250       1.83305356E+17
   64.8984375       1.76469623E+17
   64.9687500       1.70523894E+17
   65.0390625       1.65301471E+17
   65.1093750       1.60556804E+17
   65.1796875       1.56023706E+17
   65.2500000       1.51473309E+17
   65.3203125       1.46736699E+17
   65.3906250       1.41721903E+17
   65.4609375       1.36404717E+17
   65.5312500       0.00000000    
   65.6015625       0.00000000    
   65.6718750       0.00000000    
   65.7421875       0.00000000    
   65.8125000       0.00000000    
   65.8828125       0.00000000    
