1995 12 03 18 01 08.0 44.660 149.300
26. 7.382E+20 7.845 242 20 119 32 73 80
  -1.12500000       0.00000000    
  -1.05468750       0.00000000    
 -0.984375000       0.00000000    
 -0.914062500       0.00000000    
 -0.843750000       0.00000000    
 -0.773437500       0.00000000    
 -0.703125000       0.00000000    
 -0.632812500       0.00000000    
 -0.562500000       0.00000000    
 -0.492187500       0.00000000    
 -0.421875000       0.00000000    
 -0.351562500       0.00000000    
 -0.281250000       0.00000000    
 -0.210937500       0.00000000    
 -0.140625000       0.00000000    
  -7.03125000E-02   0.00000000    
   0.00000000       0.00000000    
   7.03125000E-02   6.63569080E+17
  0.140625000       8.48612145E+17
  0.210937500       1.02094740E+18
  0.281250000       1.17706348E+18
  0.351562500       1.31642218E+18
  0.421875000       1.44027736E+18
  0.492187500       1.55083270E+18
  0.562500000       1.65052088E+18
  0.632812500       1.74162724E+18
  0.703125000       1.82601902E+18
  0.773437500       1.90523127E+18
  0.843750000       1.98056184E+18
  0.914062500       2.05331240E+18
  0.984375000       2.12480911E+18
   1.05468750       2.19645054E+18
   1.12500000       2.26952009E+18
   1.19531250       2.34503015E+18
   1.26562500       2.42347069E+18
   1.33593750       2.50479194E+18
   1.40625000       2.58846038E+18
   1.47656250       2.67369342E+18
   1.54687500       2.75961311E+18
   1.61718750       2.84547260E+18
   1.68750000       2.93073587E+18
   1.75781250       3.01519239E+18
   1.82812500       3.09889491E+18
   1.89843750       3.18220793E+18
   1.96875000       3.26570072E+18
   2.03906250       3.35007642E+18
   2.10937500       3.43592216E+18
   2.17968750       3.52360629E+18
   2.25000000       3.61315134E+18
   2.32031250       3.70431597E+18
   2.39062500       3.79666038E+18
   2.46093750       3.88976565E+18
   2.53125000       3.98333711E+18
   2.60156250       4.07727884E+18
   2.67187500       4.17154931E+18
   2.74218750       4.26607983E+18
   2.81250000       4.36061144E+18
   2.88281250       4.45467906E+18
   2.95312500       4.54752814E+18
   3.02343750       4.63825132E+18
   3.09375000       4.72589284E+18
   3.16406250       4.80968992E+18
   3.23437500       4.88917307E+18
   3.30468750       4.96434448E+18
   3.37500000       5.03565715E+18
   3.44531250       5.10396431E+18
   3.51562500       5.17025607E+18
   3.58593750       5.23548899E+18
   3.65625000       5.30041021E+18
   3.72656250       5.36552768E+18
   3.79687500       5.43106517E+18
   3.86718750       5.49709524E+18
   3.93750000       5.56364374E+18
   4.00781250       5.63087063E+18
   4.07812500       5.69905024E+18
   4.14843750       5.76860865E+18
   4.21875000       5.83998674E+18
   4.28906250       5.91357815E+18
   4.35937500       5.98952692E+18
   4.42968750       6.06768680E+18
   4.50000000       6.14753279E+18
   4.57031250       6.22820890E+18
   4.64062500       6.30852108E+18
   4.71093750       6.38711802E+18
   4.78125000       6.46265007E+18
   4.85156250       6.53406445E+18
   4.92187500       6.60074983E+18
   4.99218750       6.66273645E+18
   5.06250000       6.72065872E+18
   5.13281250       6.77566619E+18
   5.20312500       6.82907936E+18
   5.27343750       6.88216708E+18
   5.34375000       6.93589692E+18
   5.41406250       6.99091538E+18
   5.48437500       7.04746986E+18
   5.55468750       7.10547900E+18
   5.62500000       7.16449473E+18
   5.69531250       7.22370123E+18
   5.76562500       7.28182197E+18
   5.83593750       7.33719942E+18
   5.90625000       7.38796167E+18
   5.97656250       7.43233686E+18
   6.04687500       7.46890057E+18
   6.11718750       7.49689854E+18
   6.18750000       7.51642476E+18
   6.25781250       7.52858152E+18
   6.32812500       7.53536275E+18
   6.39843750       7.53953155E+18
   6.46875000       7.54426990E+18
   6.53906250       7.55282245E+18
   6.60937500       7.56797592E+18
   6.67968750       7.59171272E+18
   6.75000000       7.62493502E+18
   6.82031250       7.66749326E+18
   6.89062500       7.71833743E+18
   6.96093750       7.77593920E+18
   7.03125000       7.83872516E+18
   7.10156250       7.90551884E+18
   7.17187500       7.97571551E+18
   7.24218750       8.04938499E+18
   7.31250000       8.12712926E+18
   7.38281250       8.20994392E+18
   7.45312500       8.29889661E+18
   7.52343750       8.39497304E+18
   7.59375000       8.49889668E+18
   7.66406250       8.61114967E+18
   7.73437500       8.73192223E+18
   7.80468750       8.86119785E+18
   7.87500000       8.99867089E+18
   7.94531250       9.14367833E+18
   8.01562500       9.29496234E+18
   8.08593750       9.45062460E+18
   8.15625000       9.60815383E+18
   8.22656250       9.76468250E+18
   8.29687500       9.91724854E+18
   8.36718750       1.00632494E+19
   8.43750000       1.02008159E+19
   8.50781250       1.03291718E+19
   8.57812500       1.04486007E+19
   8.64843750       1.05603166E+19
   8.71875000       1.06660577E+19
   8.78906250       1.07677988E+19
   8.85937500       1.08674960E+19
   8.92968750       1.09671656E+19
   9.00000000       1.10690353E+19
   9.07031250       1.11756792E+19
   9.14062500       1.12898624E+19
   9.21093750       1.14142138E+19
   9.28125000       1.15507468E+19
   9.35156250       1.17004739E+19
   9.42187500       1.18631125E+19
   9.49218750       1.20371103E+19
   9.56250000       1.22198172E+19
   9.63281250       1.24078975E+19
   9.70312500       1.25976105E+19
   9.77343750       1.27851663E+19
   9.84375000       1.29669562E+19
   9.91406250       1.31398599E+19
   9.98437500       1.33014563E+19
   10.0546875       1.34503488E+19
   10.1250000       1.35863364E+19
   10.1953125       1.37104537E+19
   10.2656250       1.38246556E+19
   10.3359375       1.39313302E+19
   10.4062500       1.40327008E+19
   10.4765625       1.41303682E+19
   10.5468750       1.42249438E+19
   10.6171875       1.43160911E+19
   10.6875000       1.44028250E+19
   10.7578125       1.44841053E+19
   10.8281250       1.45592943E+19
   10.8984375       1.46285294E+19
   10.9687500       1.46927013E+19
   11.0390625       1.47531822E+19
   11.1093750       1.48112825E+19
   11.1796875       1.48678172E+19
   11.2500000       1.49228566E+19
   11.3203125       1.49758014E+19
   11.3906250       1.50255598E+19
   11.4609375       1.50708772E+19
   11.5312500       1.51106136E+19
   11.6015625       1.51440629E+19
   11.6718750       1.51710471E+19
   11.7421875       1.51919950E+19
   11.8125000       1.52078500E+19
   11.8828125       1.52199270E+19
   11.9531250       1.52295423E+19
   12.0234375       1.52377193E+19
   12.0937500       1.52448816E+19
   12.1640625       1.52508211E+19
   12.2343750       1.52546826E+19
   12.3046875       1.52552510E+19
   12.3750000       1.52512257E+19
   12.4453125       1.52415742E+19
   12.5156250       1.52256764E+19
   12.5859375       1.52034179E+19
   12.6562500       1.51750560E+19
   12.7265625       1.51411316E+19
   12.7968750       1.51021869E+19
   12.8671875       1.50586474E+19
   12.9375000       1.50106867E+19
   13.0078125       1.49583565E+19
   13.0781250       1.49016580E+19
   13.1484375       1.48408033E+19
   13.2187500       1.47763302E+19
   13.2890625       1.47092325E+19
   13.3593750       1.46408000E+19
   13.4296875       1.45724917E+19
   13.5000000       1.45056612E+19
   13.5703125       1.44414222E+19
   13.6406250       1.43804092E+19
   13.7109375       1.43227464E+19
   13.7812500       1.42680105E+19
   13.8515625       1.42154253E+19
   13.9218750       1.41639418E+19
   13.9921875       1.41124681E+19
   14.0625000       1.40599489E+19
   14.1328125       1.40055263E+19
   14.2031250       1.39484969E+19
   14.2734375       1.38884316E+19
   14.3437500       1.38252361E+19
   14.4140625       1.37593743E+19
   14.4843750       1.36918434E+19
   14.5546875       1.36241200E+19
   14.6250000       1.35578349E+19
   14.6953125       1.34944821E+19
   14.7656250       1.34350601E+19
   14.8359375       1.33799548E+19
   14.9062500       1.33289649E+19
   14.9765625       1.32815573E+19
   15.0468750       1.32370370E+19
   15.1171875       1.31947893E+19
   15.1875000       1.31543416E+19
   15.2578125       1.31154123E+19
   15.3281250       1.30777199E+19
   15.3984375       1.30408566E+19
   15.4687500       1.30041087E+19
   15.5390625       1.29665439E+19
   15.6093750       1.29270781E+19
   15.6796875       1.28848183E+19
   15.7500000       1.28392843E+19
   15.8203125       1.27906518E+19
   15.8906250       1.27396575E+19
   15.9609375       1.26874516E+19
   16.0312500       1.26353160E+19
   16.1015625       1.25845406E+19
   16.1718750       1.25363094E+19
   16.2421875       1.24918298E+19
   16.3125000       1.24524321E+19
   16.3828125       1.24197227E+19
   16.4531250       1.23954125E+19
   16.5234375       1.23811211E+19
   16.5937500       1.23780006E+19
   16.6640625       1.23865768E+19
   16.7343750       1.24065945E+19
   16.8046875       1.24372104E+19
   16.8750000       1.24772349E+19
   16.9453125       1.25255111E+19
   17.0156250       1.25810826E+19
   17.0859375       1.26433425E+19
   17.1562500       1.27119465E+19
   17.2265625       1.27867166E+19
   17.2968750       1.28673218E+19
   17.3671875       1.29531574E+19
   17.4375000       1.30432722E+19
   17.5078125       1.31365768E+19
   17.5781250       1.32320210E+19
   17.6484375       1.33288495E+19
   17.7187500       1.34266632E+19
   17.7890625       1.35254400E+19
   17.8593750       1.36252668E+19
   17.9296875       1.37261734E+19
   18.0000000       1.38279046E+19
   18.0703125       1.39299404E+19
   18.1406250       1.40315848E+19
   18.2109375       1.41322747E+19
   18.2812500       1.42318894E+19
   18.3515625       1.43309807E+19
   18.4218750       1.44306822E+19
   18.4921875       1.45325322E+19
   18.5625000       1.46381161E+19
   18.6328125       1.47488721E+19
   18.7031250       1.48658392E+19
   18.7734375       1.49896332E+19
   18.8437500       1.51204388E+19
   18.9140625       1.52581395E+19
   18.9843750       1.54023778E+19
   19.0546875       1.55526426E+19
   19.1250000       1.57083301E+19
   19.1953125       1.58687873E+19
   19.2656250       1.60333106E+19
   19.3359375       1.62011994E+19
   19.4062500       1.63718590E+19
   19.4765625       1.65449045E+19
   19.5468750       1.67201095E+19
   19.6171875       1.68973266E+19
   19.6875000       1.70763205E+19
   19.7578125       1.72567141E+19
   19.8281250       1.74378718E+19
   19.8984375       1.76190064E+19
   19.9687500       1.77992670E+19
   20.0390625       1.79779761E+19
   20.1093750       1.81546544E+19
   20.1796875       1.83290996E+19
   20.2500000       1.85012996E+19
   20.3203125       1.86713897E+19
   20.3906250       1.88394434E+19
   20.4609375       1.90053532E+19
   20.5312500       1.91687494E+19
   20.6015625       1.93290714E+19
   20.6718750       1.94856660E+19
   20.7421875       1.96379836E+19
   20.8125000       1.97857931E+19
   20.8828125       1.99293695E+19
   20.9531250       2.00694847E+19
   21.0234375       2.02073217E+19
   21.0937500       2.03442790E+19
   21.1640625       2.04817334E+19
   21.2343750       2.06207183E+19
   21.3046875       2.07617944E+19
   21.3750000       2.09049882E+19
   21.4453125       2.10499192E+19
   21.5156250       2.11958486E+19
   21.5859375       2.13417934E+19
   21.6562500       2.14865749E+19
   21.7265625       2.16289660E+19
   21.7968750       2.17677398E+19
   21.8671875       2.19018142E+19
   21.9375000       2.20303471E+19
   22.0078125       2.21529251E+19
   22.0781250       2.22695723E+19
   22.1484375       2.23808033E+19
   22.2187500       2.24875878E+19
   22.2890625       2.25912960E+19
   22.3593750       2.26934890E+19
   22.4296875       2.27956710E+19
   22.5000000       2.28989943E+19
   22.5703125       2.30040658E+19
   22.6406250       2.31107932E+19
   22.7109375       2.32183782E+19
   22.7812500       2.33255432E+19
   22.8515625       2.34308479E+19
   22.9218750       2.35329617E+19
   22.9921875       2.36307787E+19
   23.0625000       2.37234411E+19
   23.1328125       2.38103641E+19
   23.2031250       2.38912156E+19
   23.2734375       2.39659736E+19
   23.3437500       2.40350471E+19
   23.4140625       2.40993246E+19
   23.4843750       2.41600968E+19
   23.5546875       2.42188723E+19
   23.6250000       2.42771882E+19
   23.6953125       2.43365002E+19
   23.7656250       2.43980245E+19
   23.8359375       2.44626450E+19
   23.9062500       2.45307971E+19
   23.9765625       2.46024237E+19
   24.0468750       2.46768364E+19
   24.1171875       2.47528039E+19
   24.1875000       2.48286966E+19
   24.2578125       2.49029752E+19
   24.3281250       2.49744918E+19
   24.3984375       2.50427869E+19
   24.4687500       2.51081177E+19
   24.5390625       2.51713396E+19
   24.6093750       2.52335654E+19
   24.6796875       2.52958087E+19
   24.7500000       2.53587580E+19
   24.8203125       2.54226968E+19
   24.8906250       2.54875108E+19
   24.9609375       2.55528525E+19
   25.0312500       2.56182999E+19
   25.1015625       2.56836570E+19
   25.1718750       2.57490340E+19
   25.2421875       2.58148376E+19
   25.3125000       2.58816109E+19
   25.3828125       2.59498642E+19
   25.4531250       2.60197843E+19
   25.5234375       2.60911185E+19
   25.5937500       2.61631717E+19
   25.6640625       2.62350863E+19
   25.7343750       2.63060312E+19
   25.8046875       2.63754500E+19
   25.8750000       2.64431469E+19
   25.9453125       2.65092605E+19
   26.0156250       2.65740569E+19
   26.0859375       2.66376857E+19
   26.1562500       2.66999994E+19
   26.2265625       2.67605847E+19
   26.2968750       2.68188236E+19
   26.3671875       2.68741225E+19
   26.4375000       2.69260414E+19
   26.5078125       2.69745629E+19
   26.5781250       2.70199705E+19
   26.6484375       2.70627437E+19
   26.7187500       2.71033487E+19
   26.7890625       2.71421570E+19
   26.8593750       2.71793491E+19
   26.9296875       2.72149227E+19
   27.0000000       2.72486799E+19
   27.0703125       2.72802645E+19
   27.1406250       2.73090805E+19
   27.2109375       2.73342461E+19
   27.2812500       2.73545827E+19
   27.3515625       2.73688235E+19
   27.4218750       2.73757417E+19
   27.4921875       2.73744354E+19
   27.5625000       2.73644629E+19
   27.6328125       2.73460219E+19
   27.7031250       2.73198359E+19
   27.7734375       2.72869913E+19
   27.8437500       2.72487041E+19
   27.9140625       2.72063025E+19
   27.9843750       2.71611060E+19
   28.0546875       2.71144691E+19
   28.1250000       2.70676717E+19
   28.1953125       2.70219056E+19
   28.2656250       2.69780945E+19
   28.3359375       2.69368386E+19
   28.4062500       2.68983469E+19
   28.4765625       2.68625776E+19
   28.5468750       2.68292008E+19
   28.6171875       2.67976822E+19
   28.6875000       2.67672851E+19
   28.7578125       2.67373344E+19
   28.8281250       2.67073397E+19
   28.8984375       2.66772065E+19
   28.9687500       2.66472492E+19
   29.0390625       2.66182067E+19
   29.1093750       2.65909103E+19
   29.1796875       2.65660261E+19
   29.2500000       2.65437654E+19
   29.3203125       2.65239038E+19
   29.3906250       2.65057927E+19
   29.4609375       2.64885919E+19
   29.5312500       2.64714087E+19
   29.6015625       2.64535791E+19
   29.6718750       2.64346719E+19
   29.7421875       2.64144848E+19
   29.8125000       2.63929168E+19
   29.8828125       2.63699832E+19
   29.9531250       2.63456422E+19
   30.0234375       2.63198762E+19
   30.0937500       2.62926567E+19
   30.1640625       2.62642036E+19
   30.2343750       2.62350313E+19
   30.3046875       2.62059844E+19
   30.3750000       2.61780305E+19
   30.4453125       2.61520380E+19
   30.5156250       2.61283853E+19
   30.5859375       2.61067645E+19
   30.6562500       2.60861597E+19
   30.7265625       2.60652755E+19
   30.7968750       2.60428895E+19
   30.8671875       2.60182538E+19
   30.9375000       2.59910585E+19
   31.0078125       2.59614443E+19
   31.0781250       2.59296706E+19
   31.1484375       2.58959134E+19
   31.2187500       2.58600935E+19
   31.2890625       2.58220812E+19
   31.3593750       2.57818302E+19
   31.4296875       2.57396310E+19
   31.5000000       2.56961959E+19
   31.5703125       2.56527542E+19
   31.6406250       2.56108716E+19
   31.7109375       2.55722787E+19
   31.7812500       2.55385545E+19
   31.8515625       2.55109414E+19
   31.9218750       2.54900111E+19
   31.9921875       2.54755085E+19
   32.0625000       2.54661209E+19
   32.1328125       2.54597195E+19
   32.2031250       2.54535293E+19
   32.2734375       2.54446386E+19
   32.3437500       2.54303713E+19
   32.4140625       2.54087659E+19
   32.4843750       2.53787427E+19
   32.5546875       2.53401872E+19
   32.6250000       2.52938054E+19
   32.6953125       2.52410398E+19
   32.7656250       2.51837531E+19
   32.8359375       2.51239528E+19
   32.9062500       2.50634313E+19
   32.9765625       2.50036795E+19
   33.0468750       2.49457198E+19
   33.1171875       2.48901681E+19
   33.1875000       2.48372112E+19
   33.2578125       2.47868272E+19
   33.3281250       2.47388203E+19
   33.3984375       2.46928893E+19
   33.4687500       2.46485174E+19
   33.5390625       2.46050581E+19
   33.6093750       2.45616340E+19
   33.6796875       2.45172203E+19
   33.7500000       2.44706802E+19
   33.8203125       2.44210197E+19
   33.8906250       2.43674339E+19
   33.9609375       2.43094808E+19
   34.0312500       2.42469494E+19
   34.1015625       2.41799759E+19
   34.1718750       2.41088705E+19
   34.2421875       2.40340685E+19
   34.3125000       2.39559109E+19
   34.3828125       2.38747075E+19
   34.4531250       2.37906367E+19
   34.5234375       2.37038654E+19
   34.5937500       2.36145697E+19
   34.6640625       2.35231211E+19
   34.7343750       2.34300122E+19
   34.8046875       2.33358325E+19
   34.8750000       2.32410392E+19
   34.9453125       2.31459842E+19
   35.0156250       2.30507841E+19
   35.0859375       2.29554586E+19
   35.1562500       2.28598935E+19
   35.2265625       2.27640842E+19
   35.2968750       2.26680551E+19
   35.3671875       2.25718654E+19
   35.4375000       2.24754228E+19
   35.5078125       2.23786262E+19
   35.5781250       2.22814382E+19
   35.6484375       2.21841996E+19
   35.7187500       2.20876977E+19
   35.7890625       2.19933288E+19
   35.8593750       2.19027664E+19
   35.9296875       2.18175631E+19
   36.0000000       2.17385829E+19
   36.0703125       2.16658810E+19
   36.1406250       2.15985051E+19
   36.2109375       2.15348632E+19
   36.2812500       2.14728530E+19
   36.3515625       2.14104337E+19
   36.4218750       2.13458242E+19
   36.4921875       2.12778458E+19
   36.5625000       2.12058783E+19
   36.6328125       2.11299857E+19
   36.7031250       2.10506163E+19
   36.7734375       2.09684454E+19
   36.8437500       2.08839831E+19
   36.9140625       2.07975373E+19
   36.9843750       2.07090200E+19
   37.0546875       2.06180596E+19
   37.1250000       2.05239634E+19
   37.1953125       2.04260387E+19
   37.2656250       2.03236478E+19
   37.3359375       2.02164938E+19
   37.4062500       2.01046141E+19
   37.4765625       1.99885870E+19
   37.5468750       1.98693472E+19
   37.6171875       1.97481172E+19
   37.6875000       1.96259703E+19
   37.7578125       1.95037376E+19
   37.8281250       1.93816764E+19
   37.8984375       1.92594701E+19
   37.9687500       1.91361708E+19
   38.0390625       1.90105407E+19
   38.1093750       1.88812139E+19
   38.1796875       1.87470471E+19
   38.2500000       1.86071650E+19
   38.3203125       1.84611851E+19
   38.3906250       1.83090676E+19
   38.4609375       1.81511844E+19
   38.5312500       1.79881081E+19
   38.6015625       1.78207536E+19
   38.6718750       1.76503128E+19
   38.7421875       1.74783382E+19
   38.8125000       1.73064801E+19
   38.8828125       1.71363714E+19
   38.9531250       1.69691665E+19
   39.0234375       1.68053678E+19
   39.0937500       1.66445774E+19
   39.1640625       1.64857871E+19
   39.2343750       1.63276179E+19
   39.3046875       1.61688375E+19
   39.3750000       1.60086133E+19
   39.4453125       1.58468664E+19
   39.5156250       1.56841496E+19
   39.5859375       1.55215682E+19
   39.6562500       1.53603534E+19
   39.7265625       1.52017906E+19
   39.7968750       1.50469145E+19
   39.8671875       1.48965387E+19
   39.9375000       1.47510656E+19
   40.0078125       1.46106997E+19
   40.0781250       1.44754136E+19
   40.1484375       1.43451644E+19
   40.2187500       1.42197838E+19
   40.2890625       1.40991344E+19
   40.3593750       1.39829402E+19
   40.4296875       1.38708417E+19
   40.5000000       1.37622286E+19
   40.5703125       1.36564182E+19
   40.6406250       1.35526265E+19
   40.7109375       1.34501927E+19
   40.7812500       1.33485560E+19
   40.8515625       1.32475362E+19
   40.9218750       1.31472333E+19
   40.9921875       1.30481343E+19
   41.0625000       1.29508660E+19
   41.1328125       1.28562607E+19
   41.2031250       1.27651233E+19
   41.2734375       1.26782179E+19
   41.3437500       1.25959876E+19
   41.4140625       1.25185831E+19
   41.4843750       1.24457317E+19
   41.5546875       1.23769638E+19
   41.6250000       1.23117034E+19
   41.6953125       1.22496722E+19
   41.7656250       1.21909033E+19
   41.8359375       1.21357683E+19
   41.9062500       1.20845498E+19
   41.9765625       1.20372719E+19
   42.0468750       1.19933849E+19
   42.1171875       1.19518849E+19
   42.1875000       1.19113393E+19
   42.2578125       1.18703143E+19
   42.3281250       1.18274873E+19
   42.3984375       1.17818916E+19
   42.4687500       1.17328391E+19
   42.5390625       1.16800636E+19
   42.6093750       1.16235861E+19
   42.6796875       1.15637925E+19
   42.7500000       1.15012325E+19
   42.8203125       1.14366922E+19
   42.8906250       1.13709942E+19
   42.9609375       1.13050389E+19
   43.0312500       1.12395773E+19
   43.1015625       1.11753174E+19
   43.1718750       1.11127464E+19
   43.2421875       1.10522007E+19
   43.3125000       1.09936429E+19
   43.3828125       1.09367729E+19
   43.4531250       1.08808814E+19
   43.5234375       1.08249877E+19
   43.5937500       1.07677900E+19
   43.6640625       1.07079711E+19
   43.7343750       1.06442995E+19
   43.8046875       1.05759616E+19
   43.8750000       1.05025955E+19
   43.9453125       1.04245379E+19
   44.0156250       1.03426837E+19
   44.0859375       1.02584413E+19
   44.1562500       1.01732929E+19
   44.2265625       1.00886536E+19
   44.2968750       1.00055052E+19
   44.3671875       9.92441295E+18
   44.4375000       9.84539875E+18
   44.5078125       9.76827790E+18
   44.5781250       9.69275685E+18
   44.6484375       9.61875532E+18
   44.7187500       9.54637227E+18
   44.7890625       9.47602112E+18
   44.8593750       9.40823293E+18
   44.9296875       9.34363002E+18
   45.0000000       9.28264341E+18
   45.0703125       9.22552708E+18
   45.1406250       9.17214084E+18
   45.2109375       9.12201191E+18
   45.2812500       9.07416831E+18
   45.3515625       9.02740278E+18
   45.4218750       8.98031839E+18
   45.4921875       8.93168919E+18
   45.5625000       8.88050088E+18
   45.6328125       8.82618775E+18
   45.7031250       8.76847989E+18
   45.7734375       8.70737618E+18
   45.8437500       8.64281615E+18
   45.9140625       8.57465193E+18
   45.9843750       8.50242886E+18
   46.0546875       8.42548559E+18
   46.1250000       8.34285729E+18
   46.1953125       8.25354945E+18
   46.2656250       8.15655659E+18
   46.3359375       8.05114696E+18
   46.4062500       7.93680819E+18
   46.4765625       7.81347048E+18
   46.5468750       7.68134601E+18
   46.6171875       7.54099390E+18
   46.6875000       7.39306561E+18
   46.7578125       7.23843909E+18
   46.8281250       7.07811490E+18
   46.8984375       6.91336133E+18
   46.9687500       6.74553407E+18
   47.0390625       6.57613397E+18
   47.1093750       6.40655519E+18
   47.1796875       6.23805338E+18
   47.2500000       6.07145483E+18
   47.3203125       5.90723122E+18
   47.3906250       5.74536607E+18
   47.4609375       5.58553556E+18
   47.5312500       5.42706625E+18
   47.6015625       5.26925939E+18
   47.6718750       5.11144814E+18
   47.7421875       4.95331473E+18
   47.8125000       4.79486026E+18
   47.8828125       4.63663779E+18
   47.9531250       4.47962505E+18
   48.0234375       4.32523465E+18
   48.0937500       4.17491849E+18
   48.1640625       4.02996438E+18
   48.2343750       3.89101607E+18
   48.3046875       3.75792651E+18
   48.3750000       3.62952857E+18
   48.4453125       3.50395444E+18
   48.5156250       3.37888087E+18
   48.5859375       3.25215308E+18
   48.6562500       3.12204265E+18
   48.7265625       2.98768865E+18
   48.7968750       2.84903117E+18
   48.8671875       2.70683627E+18
   48.9375000       2.56226671E+18
   49.0078125       2.41674168E+18
   49.0781250       2.27155941E+18
   49.1484375       2.12788884E+18
   49.2187500       1.98656517E+18
   49.2890625       1.84824812E+18
   49.3593750       0.00000000    
   49.4296875       0.00000000    
   49.5000000       0.00000000    
   49.5703125       0.00000000    
   49.6406250       0.00000000    
   49.7109375       0.00000000    
   49.7812500       0.00000000    
   49.8515625       0.00000000    
   49.9218750       0.00000000    
   49.9921875       0.00000000    
   50.0625000       0.00000000    
   50.1328125       0.00000000    
   50.2031250       0.00000000    
   50.2734375       0.00000000    
   50.3437500       0.00000000    
   50.4140625       0.00000000    
   50.4843750       0.00000000    
   50.5546875       0.00000000    
   50.6250000       0.00000000    
   50.6953125       0.00000000    
   50.7656250       0.00000000    
   50.8359375       0.00000000    
   50.9062500       0.00000000    
   50.9765625       0.00000000    
   51.0468750       0.00000000    
   51.1171875       0.00000000    
   51.1875000       0.00000000    
   51.2578125       0.00000000    
   51.3281250       0.00000000    
   51.3984375       0.00000000    
   51.4687500       0.00000000    
   51.5390625       0.00000000    
   51.6093750       0.00000000    
   51.6796875       0.00000000    
   51.7500000       0.00000000    
   51.8203125       0.00000000    
   51.8906250       0.00000000    
   51.9609375       0.00000000    
   52.0312500       0.00000000    
   52.1015625       0.00000000    
   52.1718750       0.00000000    
   52.2421875       0.00000000    
   52.3125000       0.00000000    
   52.3828125       0.00000000    
   52.4531250       0.00000000    
   52.5234375       0.00000000    
   52.5937500       0.00000000    
   52.6640625       0.00000000    
   52.7343750       0.00000000    
   52.8046875       0.00000000    
   52.8750000       0.00000000    
   52.9453125       0.00000000    
   53.0156250       0.00000000    
   53.0859375       0.00000000    
   53.1562500       0.00000000    
   53.2265625       0.00000000    
   53.2968750       0.00000000    
   53.3671875       0.00000000    
   53.4375000       0.00000000    
   53.5078125       0.00000000    
   53.5781250       0.00000000    
   53.6484375       0.00000000    
   53.7187500       0.00000000    
   53.7890625       0.00000000    
   53.8593750       0.00000000    
   53.9296875       0.00000000    
   54.0000000       0.00000000    
   54.0703125       0.00000000    
   54.1406250       0.00000000    
   54.2109375       0.00000000    
   54.2812500       0.00000000    
   54.3515625       0.00000000    
   54.4218750       0.00000000    
   54.4921875       0.00000000    
   54.5625000       0.00000000    
   54.6328125       0.00000000    
   54.7031250       0.00000000    
   54.7734375       0.00000000    
   54.8437500       0.00000000    
   54.9140625       0.00000000    
   54.9843750       0.00000000    
   55.0546875       0.00000000    
   55.1250000       0.00000000    
   55.1953125       0.00000000    
   55.2656250       0.00000000    
   55.3359375       0.00000000    
   55.4062500       0.00000000    
   55.4765625       0.00000000    
   55.5468750       0.00000000    
   55.6171875       0.00000000    
   55.6875000       0.00000000    
   55.7578125       0.00000000    
   55.8281250       0.00000000    
   55.8984375       0.00000000    
   55.9687500       0.00000000    
   56.0390625       0.00000000    
   56.1093750       0.00000000    
   56.1796875       0.00000000    
   56.2500000       0.00000000    
   56.3203125       0.00000000    
   56.3906250       0.00000000    
   56.4609375       0.00000000    
   56.5312500       0.00000000    
   56.6015625       0.00000000    
   56.6718750       0.00000000    
   56.7421875       0.00000000    
   56.8125000       0.00000000    
   56.8828125       0.00000000    
   56.9531250       0.00000000    
   57.0234375       0.00000000    
   57.0937500       0.00000000    
   57.1640625       0.00000000    
   57.2343750       0.00000000    
   57.3046875       0.00000000    
   57.3750000       0.00000000    
   57.4453125       0.00000000    
   57.5156250       0.00000000    
   57.5859375       0.00000000    
   57.6562500       0.00000000    
   57.7265625       0.00000000    
   57.7968750       0.00000000    
   57.8671875       0.00000000    
   57.9375000       0.00000000    
   58.0078125       0.00000000    
   58.0781250       0.00000000    
   58.1484375       0.00000000    
   58.2187500       0.00000000    
   58.2890625       0.00000000    
   58.3593750       0.00000000    
   58.4296875       0.00000000    
   58.5000000       0.00000000    
   58.5703125       0.00000000    
   58.6406250       0.00000000    
   58.7109375       0.00000000    
   58.7812500       0.00000000    
   58.8515625       0.00000000    
   58.9218750       0.00000000    
   58.9921875       0.00000000    
   59.0625000       0.00000000    
   59.1328125       0.00000000    
   59.2031250       0.00000000    
   59.2734375       0.00000000    
   59.3437500       0.00000000    
   59.4140625       0.00000000    
   59.4843750       0.00000000    
   59.5546875       0.00000000    
   59.6250000       0.00000000    
   59.6953125       0.00000000    
   59.7656250       0.00000000    
   59.8359375       0.00000000    
   59.9062500       0.00000000    
   59.9765625       0.00000000    
   60.0468750       0.00000000    
   60.1171875       0.00000000    
   60.1875000       0.00000000    
   60.2578125       0.00000000    
   60.3281250       0.00000000    
   60.3984375       0.00000000    
   60.4687500       0.00000000    
   60.5390625       0.00000000    
   60.6093750       0.00000000    
   60.6796875       0.00000000    
   60.7500000       0.00000000    
   60.8203125       0.00000000    
   60.8906250       0.00000000    
   60.9609375       0.00000000    
   61.0312500       0.00000000    
   61.1015625       0.00000000    
   61.1718750       0.00000000    
   61.2421875       0.00000000    
   61.3125000       0.00000000    
   61.3828125       0.00000000    
   61.4531250       0.00000000    
   61.5234375       0.00000000    
   61.5937500       0.00000000    
   61.6640625       0.00000000    
   61.7343750       0.00000000    
   61.8046875       0.00000000    
   61.8750000       0.00000000    
   61.9453125       0.00000000    
   62.0156250       0.00000000    
   62.0859375       0.00000000    
   62.1562500       0.00000000    
   62.2265625       0.00000000    
   62.2968750       0.00000000    
   62.3671875       0.00000000    
   62.4375000       0.00000000    
   62.5078125       0.00000000    
   62.5781250       0.00000000    
   62.6484375       0.00000000    
   62.7187500       0.00000000    
   62.7890625       0.00000000    
   62.8593750       0.00000000    
   62.9296875       0.00000000    
   63.0000000       0.00000000    
   63.0703125       0.00000000    
   63.1406250       0.00000000    
   63.2109375       0.00000000    
   63.2812500       0.00000000    
   63.3515625       0.00000000    
   63.4218750       0.00000000    
   63.4921875       0.00000000    
   63.5625000       0.00000000    
   63.6328125       0.00000000    
   63.7031250       0.00000000    
   63.7734375       0.00000000    
   63.8437500       0.00000000    
   63.9140625       0.00000000    
   63.9843750       0.00000000    
   64.0546875       0.00000000    
   64.1250000       0.00000000    
   64.1953125       0.00000000    
   64.2656250       0.00000000    
   64.3359375       0.00000000    
   64.4062500       0.00000000    
   64.4765625       0.00000000    
   64.5468750       0.00000000    
   64.6171875       0.00000000    
   64.6875000       0.00000000    
   64.7578125       0.00000000    
   64.8281250       0.00000000    
   64.8984375       0.00000000    
   64.9687500       0.00000000    
   65.0390625       0.00000000    
   65.1093750       0.00000000    
   65.1796875       0.00000000    
   65.2500000       0.00000000    
   65.3203125       0.00000000    
   65.3906250       0.00000000    
   65.4609375       0.00000000    
   65.5312500       0.00000000    
   65.6015625       0.00000000    
   65.6718750       0.00000000    
   65.7421875       0.00000000    
   65.8125000       0.00000000    
   65.8828125       0.00000000    
