2012 08 14 02 59 38.0 49.800 145.064
623. 4.802E+20 7.721 14 34 48 241 65 115
  -1.12500000       0.00000000    
  -1.05468750       8.20563054E+17
 -0.984375000       8.33930160E+17
 -0.914062500       8.56347553E+17
 -0.843750000       8.96789240E+17
 -0.773437500       9.66343590E+17
 -0.703125000       1.07094838E+18
 -0.632812500       1.20882562E+18
 -0.562500000       1.37492513E+18
 -0.492187500       1.56685685E+18
 -0.421875000       1.78448841E+18
 -0.351562500       2.02927048E+18
 -0.281250000       2.30334080E+18
 -0.210937500       2.60828925E+18
 -0.140625000       2.96197025E+18
  -7.03125000E-02   3.39228529E+18
   0.00000000       3.90285699E+18
   7.03125000E-02   4.46619562E+18
  0.140625000       5.03533884E+18
  0.210937500       5.58017434E+18
  0.281250000       6.08593155E+18
  0.351562500       6.54791280E+18
  0.421875000       6.97301698E+18
  0.492187500       7.37362129E+18
  0.562500000       7.76787318E+18
  0.632812500       8.17422519E+18
  0.703125000       8.60432720E+18
  0.773437500       9.05773721E+18
  0.843750000       9.52092297E+18
  0.914062500       9.97084863E+18
  0.984375000       1.03821144E+19
   1.05468750       1.07352610E+19
   1.12500000       1.10240345E+19
   1.19531250       1.12599699E+19
   1.26562500       1.14798976E+19
   1.33593750       1.17507238E+19
   1.40625000       1.21305259E+19
   1.47656250       1.26550886E+19
   1.54687500       1.33231408E+19
   1.61718750       1.41227893E+19
   1.68750000       1.50263217E+19
   1.75781250       1.59890299E+19
   1.82812500       1.69541658E+19
   1.89843750       1.78634631E+19
   1.96875000       1.86696767E+19
   2.03906250       1.93456498E+19
   2.10937500       1.98860642E+19
   2.17968750       2.03014333E+19
   2.25000000       2.06077880E+19
   2.32031250       2.08170976E+19
   2.39062500       2.09322253E+19
   2.46093750       2.09471127E+19
   2.53125000       2.08501533E+19
   2.60156250       2.06282719E+19
   2.67187500       2.02700642E+19
   2.74218750       1.97682339E+19
   2.81250000       1.91225127E+19
   2.88281250       1.83434878E+19
   2.95312500       1.74565096E+19
   3.02343750       1.65033309E+19
   3.09375000       1.55393923E+19
   3.16406250       1.46258004E+19
   3.23437500       1.38179090E+19
   3.30468750       1.31542196E+19
   3.37500000       1.26500055E+19
   3.44531250       1.22980464E+19
   3.51562500       1.20756141E+19
   3.58593750       1.19539344E+19
   3.65625000       1.19056658E+19
   3.72656250       1.19077483E+19
   3.79687500       1.19401608E+19
   3.86718750       1.19830253E+19
   3.93750000       1.20150299E+19
   4.00781250       1.20145230E+19
   4.07812500       1.19630570E+19
   4.14843750       1.18497656E+19
   4.21875000       1.16750477E+19
   4.28906250       1.14522976E+19
   4.35937500       1.12069702E+19
   4.42968750       1.09723960E+19
   4.50000000       1.07825268E+19
   4.57031250       1.06633101E+19
   4.64062500       1.06258354E+19
   4.71093750       1.06644865E+19
   4.78125000       1.07614151E+19
   4.85156250       1.08957072E+19
   4.92187500       1.10532222E+19
   4.99218750       1.12328076E+19
   5.06250000       1.14467638E+19
   5.13281250       1.17164201E+19
   5.20312500       1.20660318E+19
   5.27343750       1.25178838E+19
   5.34375000       1.30900070E+19
   5.41406250       1.37956241E+19
   5.48437500       1.46428275E+19
   5.55468750       1.56333731E+19
   5.62500000       1.67607936E+19
   5.69531250       1.80091066E+19
   5.76562500       1.93534717E+19
   5.83593750       2.07632128E+19
   5.90625000       2.22063416E+19
   5.97656250       2.36538178E+19
   6.04687500       2.50816986E+19
   6.11718750       2.64702938E+19
   6.18750000       2.78006457E+19
   6.25781250       2.90504892E+19
   6.32812500       3.01927146E+19
   6.39843750       3.11986864E+19
   6.46875000       3.20459899E+19
   6.53906250       3.27270801E+19
   6.60937500       3.32537110E+19
   6.67968750       3.36542257E+19
   6.75000000       3.39643826E+19
   6.82031250       3.42168612E+19
   6.89062500       3.44346657E+19
   6.96093750       3.46306646E+19
   7.03125000       3.48110021E+19
   7.10156250       3.49780531E+19
   7.17187500       3.51301354E+19
   7.24218750       3.52584286E+19
   7.31250000       3.53443686E+19
   7.38281250       3.53610724E+19
   7.45312500       3.52801066E+19
   7.52343750       3.50813478E+19
   7.59375000       3.47615967E+19
   7.66406250       3.43384474E+19
   7.73437500       3.38486810E+19
   7.80468750       3.33425934E+19
   7.87500000       3.28758968E+19
   7.94531250       3.24998221E+19
   8.01562500       3.22507541E+19
   8.08593750       3.21420520E+19
   8.15625000       3.21617399E+19
   8.22656250       3.22780462E+19
   8.29687500       3.24514876E+19
   8.36718750       3.26488191E+19
   8.43750000       3.28536361E+19
   8.50781250       3.30696044E+19
   8.57812500       3.33152683E+19
   8.64843750       3.36120595E+19
   8.71875000       3.39701506E+19
   8.78906250       3.43776538E+19
   8.85937500       3.47980191E+19
   8.92968750       3.51766997E+19
   9.00000000       3.54544033E+19
   9.07031250       3.55823095E+19
   9.14062500       3.55346853E+19
   9.21093750       3.53154119E+19
   9.28125000       3.49569095E+19
   9.35156250       3.45122582E+19
   9.42187500       3.40442269E+19
   9.49218750       3.36153250E+19
   9.56250000       3.32808228E+19
   9.63281250       3.30837727E+19
   9.70312500       3.30502552E+19
   9.77343750       3.31844462E+19
   9.84375000       3.34652703E+19
   9.91406250       3.38467634E+19
   9.98437500       3.42639929E+19
   10.0546875       3.46446724E+19
   10.1250000       3.49244585E+19
   10.1953125       3.50620712E+19
   10.2656250       3.50494708E+19
   10.3359375       3.49138241E+19
   10.4062500       3.47106893E+19
   10.4765625       3.45107651E+19
   10.5468750       3.43839100E+19
   10.6171875       3.43846269E+19
   10.6875000       3.45425959E+19
   10.7578125       3.48600931E+19
   10.8281250       3.53160210E+19
   10.8984375       3.58738956E+19
   10.9687500       3.64906601E+19
   11.0390625       3.71236687E+19
   11.1093750       3.77351291E+19
   11.1796875       3.82942000E+19
   11.2500000       3.87780907E+19
   11.3203125       3.91728901E+19
   11.3906250       3.94744993E+19
   11.4609375       3.96883324E+19
   11.5312500       3.98263255E+19
   11.6015625       3.99012022E+19
   11.6718750       3.99206064E+19
   11.7421875       3.98845556E+19
   11.8125000       3.97886694E+19
   11.8828125       3.96312105E+19
   11.9531250       3.94203858E+19
   12.0234375       3.91774949E+19
   12.0937500       3.89345863E+19
   12.1640625       3.87280365E+19
   12.2343750       3.85908526E+19
   12.3046875       3.85462740E+19
   12.3750000       3.86044734E+19
   12.4453125       3.87628162E+19
   12.5156250       3.90095862E+19
   12.5859375       3.93292758E+19
   12.6562500       3.97068349E+19
   12.7265625       4.01278907E+19
   12.7968750       4.05755855E+19
   12.8671875       4.10257651E+19
   12.9375000       4.14443316E+19
   13.0078125       4.17880125E+19
   13.0781250       4.20092739E+19
   13.1484375       4.20644649E+19
   13.2187500       4.19243652E+19
   13.2890625       4.15845721E+19
   13.3593750       4.10719270E+19
   13.4296875       4.04430591E+19
   13.5000000       3.97735005E+19
   13.5703125       3.91400411E+19
   13.6406250       3.86017598E+19
   13.7109375       3.81857002E+19
   13.7812500       3.78809859E+19
   13.8515625       3.76423391E+19
   13.9218750       3.74018715E+19
   13.9921875       3.70858851E+19
   14.0625000       3.66325323E+19
   14.1328125       3.60059448E+19
   14.2031250       3.52038884E+19
   14.2734375       3.42574024E+19
   14.3437500       3.32228807E+19
   14.4140625       3.21682885E+19
   14.4843750       3.11569665E+19
   14.5546875       3.02332624E+19
   14.6250000       2.94147486E+19
   14.6953125       2.86932689E+19
   14.7656250       2.80445020E+19
   14.8359375       2.74417651E+19
   14.9062500       2.68684380E+19
   14.9765625       2.63235992E+19
   15.0468750       2.58193983E+19
   15.1171875       2.53716948E+19
   15.1875000       2.49894672E+19
   15.2578125       2.46679920E+19
   15.3281250       2.43890327E+19
   15.3984375       2.41270586E+19
   15.4687500       2.38577399E+19
   15.5390625       2.35641197E+19
   15.6093750       2.32383916E+19
   15.6796875       2.28798364E+19
   15.7500000       2.24914273E+19
   15.8203125       2.20771643E+19
   15.8906250       2.16414015E+19
   15.9609375       2.11895990E+19
   16.0312500       2.07297832E+19
   16.1015625       2.02733276E+19
   16.1718750       1.98348995E+19
   16.2421875       1.94313369E+19
   16.3125000       1.90799924E+19
   16.3828125       1.87966285E+19
   16.4531250       1.85929197E+19
   16.5234375       1.84734094E+19
   16.5937500       1.84328309E+19
   16.6640625       1.84550894E+19
   16.7343750       1.85155977E+19
   16.8046875       1.85864656E+19
   16.8750000       1.86422922E+19
   16.9453125       1.86631697E+19
   17.0156250       1.86339755E+19
   17.0859375       1.85416891E+19
   17.1562500       1.83746216E+19
   17.2265625       1.81256702E+19
   17.2968750       1.77989877E+19
   17.3671875       1.74164841E+19
   17.4375000       1.69765970E+19
   17.5078125       1.65258698E+19
   17.5781250       1.60448620E+19
   17.6484375       1.55400290E+19
   17.7187500       1.50084173E+19
   17.7890625       1.44409428E+19
   17.8593750       1.36768944E+19
   17.9296875       1.30765479E+19
   18.0000000       1.24143395E+19
   18.0703125       1.14080082E+19
   18.1406250       1.09869810E+19
   18.2109375       1.04883492E+19
   18.2812500       1.03144108E+19
   18.3515625       1.01990787E+19
   18.4218750       1.01379304E+19
   18.4921875       1.01164614E+19
   18.5625000       1.01152266E+19
   18.6328125       1.01147791E+19
   18.7031250       1.00989857E+19
   18.7734375       1.00564830E+19
   18.8437500       9.98156887E+18
   18.9140625       9.71533092E+18
   18.9843750       9.60866510E+18
   19.0546875       9.47440703E+18
   19.1250000       9.32983775E+18
   19.1953125       9.18959999E+18
   19.2656250       9.06020781E+18
   19.3359375       8.93757268E+18
   19.4062500       8.80877699E+18
   19.4765625       8.65700920E+18
   19.5468750       8.46754026E+18
   19.6171875       8.23260101E+18
   19.6875000       7.95439708E+18
   19.7578125       7.64636120E+18
   19.8281250       7.14796028E+18
   19.8984375       6.97150240E+18
   19.9687500       6.79422265E+18
   20.0390625       6.60732491E+18
   20.1093750       6.22064921E+18
   20.1796875       6.03737107E+18
   20.2500000       5.81712570E+18
   20.3203125       5.38817872E+18
   20.3906250       5.23118440E+18
   20.4609375       5.01431563E+18
   20.5312500       4.75022668E+18
   20.6015625       4.46106529E+18
   20.6718750       4.17502377E+18
   20.7421875       3.84796772E+18
   20.8125000       3.71537623E+18
   20.8828125       3.61394299E+18
   20.9531250       3.53878147E+18
   21.0234375       3.48429105E+18
   21.0937500       3.44476113E+18
   21.1640625       3.41391763E+18
   21.2343750       3.38463626E+18
   21.3046875       3.17704242E+18
   21.3750000       3.15170390E+18
   21.4453125       3.12030790E+18
   21.5156250       3.08253033E+18
   21.5859375       3.03793166E+18
   21.6562500       2.98444482E+18
   21.7265625       2.91790980E+18
   21.7968750       2.83337604E+18
   21.8671875       2.72743535E+18
   21.9375000       2.60015259E+18
   22.0078125       2.45549176E+18
   22.0781250       2.13165948E+18
   22.1484375       1.86997461E+18
   22.2187500       1.80407456E+18
   22.2890625       1.73872536E+18
   22.3593750       1.67665037E+18
   22.4296875       1.62118179E+18
   22.5000000       1.57518276E+18
   22.5703125       1.53986727E+18
   22.6406250       1.51411327E+18
   22.7109375       1.49461948E+18
   22.7812500       1.47675173E+18
   22.8515625       1.45556071E+18
   22.9218750       1.42650213E+18
   22.9921875       1.38575656E+18
   23.0625000       1.33038254E+18
   23.1328125       1.25860807E+18
   23.2031250       9.80741832E+17
   23.2734375       9.09402082E+17
   23.3437500       8.28480294E+17
   23.4140625       7.40464250E+17
   23.4843750       3.25100059E+17
   23.5546875       2.92943124E+17
   23.6250000       2.63074409E+17
   23.6953125       2.37477881E+17
   23.7656250       2.17987526E+17
   23.8359375       2.06091223E+17
   23.9062500       2.02584176E+17
   23.9765625       2.07218085E+17
   24.0468750       2.18491343E+17
   24.1171875       2.33779537E+17
   24.1875000       2.49816275E+17
   24.2578125       2.63431991E+17
   24.3281250       2.72245779E+17
   24.3984375       2.75062728E+17
   24.4687500       2.71805322E+17
   24.5390625       2.63110830E+17
   24.6093750       2.49837801E+17
   24.6796875       2.32812705E+17
   24.7500000       2.12919465E+17
   24.8203125       1.91477785E+17
   24.8906250       0.00000000    
   24.9609375       0.00000000    
   25.0312500       0.00000000    
   25.1015625       0.00000000    
   25.1718750       0.00000000    
   25.2421875       0.00000000    
