2010 02 27 06 34 11.0 -36.120 -72.900
24. 1.914E+22 8.788 24 18 117 176 74 82
  -1.12500000       0.00000000    
  -1.05468750       0.00000000    
 -0.984375000       0.00000000    
 -0.914062500       0.00000000    
 -0.843750000       0.00000000    
 -0.773437500       0.00000000    
 -0.703125000       0.00000000    
 -0.632812500       0.00000000    
 -0.562500000       0.00000000    
 -0.492187500       0.00000000    
 -0.421875000       0.00000000    
 -0.351562500       0.00000000    
 -0.281250000       0.00000000    
 -0.210937500       0.00000000    
 -0.140625000       0.00000000    
  -7.03125000E-02   0.00000000    
   0.00000000       0.00000000    
   7.03125000E-02   0.00000000    
  0.140625000       0.00000000    
  0.210937500       0.00000000    
  0.281250000       0.00000000    
  0.351562500       0.00000000    
  0.421875000       0.00000000    
  0.492187500       0.00000000    
  0.562500000       0.00000000    
  0.632812500       0.00000000    
  0.703125000       0.00000000    
  0.773437500       0.00000000    
  0.843750000       0.00000000    
  0.914062500       0.00000000    
  0.984375000       0.00000000    
   1.05468750       0.00000000    
   1.12500000       0.00000000    
   1.19531250       0.00000000    
   1.26562500       0.00000000    
   1.33593750       0.00000000    
   1.40625000       9.87072648E+16
   1.47656250       3.68872304E+17
   1.54687500       8.51716616E+17
   1.61718750       1.46734898E+18
   1.68750000       2.14706391E+18
   1.75781250       2.84485934E+18
   1.82812500       3.53255136E+18
   1.89843750       4.19503186E+18
   1.96875000       4.82597534E+18
   2.03906250       5.42426909E+18
   2.10937500       5.99142083E+18
   2.17968750       6.53031622E+18
   2.25000000       7.04479475E+18
   2.32031250       7.53915717E+18
   2.39062500       8.01755743E+18
   2.46093750       8.48382072E+18
   2.53125000       8.94129013E+18
   2.60156250       9.39252970E+18
   2.67187500       9.83864445E+18
   2.74218750       1.02795035E+19
   2.81250000       1.07138711E+19
   2.88281250       1.11399901E+19
   2.95312500       1.15558001E+19
   3.02343750       1.19598795E+19
   3.09375000       1.23520104E+19
   3.16406250       1.27334980E+19
   3.23437500       1.31068988E+19
   3.30468750       1.34758927E+19
   3.37500000       1.38449855E+19
   3.44531250       1.42188701E+19
   3.51562500       1.46015518E+19
   3.58593750       1.49961225E+19
   3.65625000       1.54048055E+19
   3.72656250       1.58290895E+19
   3.79687500       1.62696066E+19
   3.86718750       1.67264449E+19
   3.93750000       1.71992822E+19
   4.00781250       1.76873609E+19
   4.07812500       1.81891131E+19
   4.14843750       1.87021848E+19
   4.21875000       1.92234369E+19
   4.28906250       1.97487813E+19
   4.35937500       2.02729999E+19
   4.42968750       2.07900826E+19
   4.50000000       2.12941054E+19
   4.57031250       2.17797486E+19
   4.64062500       2.22427926E+19
   4.71093750       2.26807105E+19
   4.78125000       2.30934583E+19
   4.85156250       2.34833869E+19
   4.92187500       2.38545953E+19
   4.99218750       2.42124093E+19
   5.06250000       2.45627973E+19
   5.13281250       2.49117779E+19
   5.20312500       2.52648069E+19
   5.27343750       2.56268827E+19
   5.34375000       2.60028211E+19
   5.41406250       2.63973039E+19
   5.48437500       2.68148368E+19
   5.55468750       2.72596310E+19
   5.62500000       2.77357174E+19
   5.69531250       2.82462910E+19
   5.76562500       2.87929682E+19
   5.83593750       2.93752651E+19
   5.90625000       2.99905694E+19
   5.97656250       3.06341004E+19
   6.04687500       3.12990235E+19
   6.11718750       3.19771714E+19
   6.18750000       3.26599594E+19
   6.25781250       3.33390309E+19
   6.32812500       3.40064477E+19
   6.39843750       3.46549462E+19
   6.46875000       3.52780373E+19
   6.53906250       3.58695218E+19
   6.60937500       3.64231017E+19
   6.67968750       3.69324416E+19
   6.75000000       3.73920375E+19
   6.82031250       3.77977617E+19
   6.89062500       3.81474856E+19
   6.96093750       3.84417676E+19
   7.03125000       3.86846322E+19
   7.10156250       3.88834151E+19
   7.17187500       3.90477657E+19
   7.24218750       3.91884724E+19
   7.31250000       3.93160069E+19
   7.38281250       3.94389939E+19
   7.45312500       3.95627857E+19
   7.52343750       3.96891812E+19
   7.59375000       3.98169312E+19
   7.66406250       3.99425878E+19
   7.73437500       4.00615814E+19
   7.80468750       4.01694698E+19
   7.87500000       4.02631131E+19
   7.94531250       4.03410025E+19
   8.01562500       4.04028566E+19
   8.08593750       4.04491592E+19
   8.15625000       4.04808515E+19
   8.22656250       4.04989891E+19
   8.29687500       4.05043855E+19
   8.36718750       4.04979423E+19
   8.43750000       4.04810582E+19
   8.50781250       4.04560729E+19
   8.57812500       4.04262366E+19
   8.64843750       4.03959780E+19
   8.71875000       4.03709400E+19
   8.78906250       4.03574204E+19
   8.85937500       4.03615369E+19
   8.92968750       4.03885321E+19
   9.00000000       4.04426105E+19
   9.07031250       4.05263845E+19
   9.14062500       4.06405710E+19
   9.21093750       4.07841672E+19
   9.28125000       4.09554228E+19
   9.35156250       4.11524113E+19
   9.42187500       4.13732548E+19
   9.49218750       4.16164623E+19
   9.56250000       4.18809301E+19
   9.63281250       4.21656420E+19
   9.70312500       4.24690017E+19
   9.77343750       4.27886429E+19
   9.84375000       4.31216014E+19
   9.91406250       4.34643412E+19
   9.98437500       4.38131942E+19
   10.0546875       4.41649148E+19
   10.1250000       4.45178668E+19
   10.1953125       4.48721954E+19
   10.2656250       4.52296467E+19
   10.3359375       4.55931144E+19
   10.4062500       4.59662535E+19
   10.4765625       4.63527318E+19
   10.5468750       4.67554214E+19
   10.6171875       4.71763056E+19
   10.6875000       4.76169195E+19
   10.7578125       4.80789827E+19
   10.8281250       4.85650768E+19
   10.8984375       4.90794767E+19
   10.9687500       4.96288806E+19
   11.0390625       5.02219132E+19
   11.1093750       5.08679027E+19
   11.1796875       5.15751482E+19
   11.2500000       5.23491648E+19
   11.3203125       5.31908585E+19
   11.3906250       5.40951540E+19
   11.4609375       5.50511310E+19
   11.5312500       5.60436602E+19
   11.6015625       5.70556947E+19
   11.6718750       5.80707066E+19
   11.7421875       5.90752336E+19
   11.8125000       6.00607875E+19
   11.8828125       6.10244654E+19
   11.9531250       6.19682071E+19
   12.0234375       6.28975055E+19
   12.0937500       6.38198946E+19
   12.1640625       6.47427983E+19
   12.2343750       6.56720395E+19
   12.3046875       6.66108817E+19
   12.3750000       6.75605827E+19
   12.4453125       6.85207994E+19
   12.5156250       6.94902652E+19
   12.5859375       7.04675639E+19
   12.6562500       7.14522557E+19
   12.7265625       7.24451543E+19
   12.7968750       7.34481948E+19
   12.8671875       7.44638972E+19
   12.9375000       7.54951688E+19
   13.0078125       7.65442788E+19
   13.0781250       7.76121860E+19
   13.1484375       7.86980989E+19
   13.2187500       7.97997744E+19
   13.2890625       8.09136676E+19
   13.3593750       8.20353718E+19
   13.4296875       8.31600314E+19
   13.5000000       8.42839083E+19
   13.5703125       8.54042930E+19
   13.6406250       8.65197432E+19
   13.7109375       8.76293615E+19
   13.7812500       8.87331568E+19
   13.8515625       8.98313754E+19
   13.9218750       9.09240261E+19
   13.9921875       9.20105371E+19
   14.0625000       9.30904071E+19
   14.1328125       9.41634512E+19
   14.2031250       9.52302150E+19
   14.2734375       9.62921233E+19
   14.3437500       9.73518854E+19
   14.4140625       9.84127294E+19
   14.4843750       9.94779275E+19
   14.5546875       1.00550013E+20
   14.6250000       1.01631572E+20
   14.6953125       1.02725357E+20
   14.7656250       1.03834694E+20
   14.8359375       1.04963945E+20
   14.9062500       1.06119321E+20
   14.9765625       1.07308720E+20
   15.0468750       1.08541387E+20
   15.1171875       1.09827103E+20
   15.1875000       1.11175702E+20
   15.2578125       1.12595928E+20
   15.3281250       1.14094483E+20
   15.3984375       1.15675080E+20
   15.4687500       1.17338377E+20
   15.5390625       1.19081287E+20
   15.6093750       1.20896995E+20
   15.6796875       1.22774793E+20
   15.7500000       1.24701410E+20
   15.8203125       1.26661549E+20
   15.8906250       1.28638797E+20
   15.9609375       1.30616141E+20
   16.0312500       1.32577590E+20
   16.1015625       1.34508790E+20
   16.1718750       1.36397452E+20
   16.2421875       1.38233179E+20
   16.3125000       1.40007817E+20
   16.3828125       1.41715209E+20
   16.4531250       1.43350843E+20
   16.5234375       1.44911885E+20
   16.5937500       1.46397845E+20
   16.6640625       1.47810462E+20
   16.7343750       1.49153731E+20
   16.8046875       1.50433404E+20
   16.8750000       1.51657398E+20
   16.9453125       1.52834966E+20
   17.0156250       1.53976259E+20
   17.0859375       1.55091129E+20
   17.1562500       1.56189180E+20
   17.2265625       1.57279632E+20
   17.2968750       1.58370963E+20
   17.3671875       1.59470387E+20
   17.4375000       1.60584201E+20
   17.5078125       1.61717314E+20
   17.5781250       1.62872892E+20
   17.6484375       1.64051814E+20
   17.7187500       1.65253290E+20
   17.7890625       1.66474135E+20
   17.8593750       1.67708720E+20
   17.9296875       1.68948195E+20
   18.0000000       1.70181653E+20
   18.0703125       1.71396024E+20
   18.1406250       1.72577058E+20
   18.2109375       1.73709643E+20
   18.2812500       1.74779934E+20
   18.3515625       1.75776584E+20
   18.4218750       1.76691519E+20
   18.4921875       1.77520111E+20
   18.5625000       1.78261498E+20
   18.6328125       1.78918056E+20
   18.7031250       1.79494658E+20
   18.7734375       1.79997759E+20
   18.8437500       1.80435452E+20
   18.9140625       1.80817062E+20
   18.9843750       1.81153003E+20
   19.0546875       1.81454709E+20
   19.1250000       1.81735392E+20
   19.1953125       1.82010076E+20
   19.2656250       1.82295281E+20
   19.3359375       1.82607507E+20
   19.4062500       1.82962236E+20
   19.4765625       1.83372151E+20
   19.5468750       1.83845311E+20
   19.6171875       1.84383544E+20
   19.6875000       1.84982223E+20
   19.7578125       1.85630812E+20
   19.8281250       1.86314198E+20
   19.8984375       1.87014789E+20
   19.9687500       1.87715293E+20
   20.0390625       1.88400614E+20
   20.1093750       1.89059300E+20
   20.1796875       1.89683383E+20
   20.2500000       1.90268869E+20
   20.3203125       1.90814913E+20
   20.3906250       1.91322693E+20
   20.4609375       1.91794111E+20
   20.5312500       1.92231699E+20
   20.6015625       1.92638255E+20
   20.6718750       1.93016522E+20
   20.7421875       1.93368471E+20
   20.8125000       1.93695017E+20
   20.8828125       1.93995756E+20
   20.9531250       1.94268487E+20
   21.0234375       1.94509289E+20
   21.0937500       1.94713728E+20
   21.1640625       1.94877687E+20
   21.2343750       1.94998440E+20
   21.3046875       1.95075353E+20
   21.3750000       1.95110643E+20
   21.4453125       1.95109306E+20
   21.5156250       1.95078414E+20
   21.5859375       1.95025215E+20
   21.6562500       1.94956465E+20
   21.7265625       1.94877441E+20
   21.7968750       1.94791310E+20
   21.8671875       1.94698968E+20
   21.9375000       1.94600258E+20
   22.0078125       1.94494494E+20
   22.0781250       1.94381623E+20
   22.1484375       1.94262735E+20
   22.2187500       1.94140680E+20
   22.2890625       1.94019963E+20
   22.3593750       1.93905983E+20
   22.4296875       1.93803843E+20
   22.5000000       1.93718415E+20
   22.5703125       1.93654098E+20
   22.6406250       1.93614832E+20
   22.7109375       1.93604101E+20
   22.7812500       1.93626109E+20
   22.8515625       1.93686503E+20
   22.9218750       1.93792636E+20
   22.9921875       1.93953447E+20
   23.0625000       1.94178838E+20
   23.1328125       1.94478784E+20
   23.2031250       1.94861344E+20
   23.2734375       1.95330985E+20
   23.3437500       1.95887549E+20
   23.4140625       1.96525195E+20
   23.4843750       1.97232577E+20
   23.5546875       1.97993281E+20
   23.6250000       1.98788272E+20
   23.6953125       1.99598163E+20
   23.7656250       2.00405609E+20
   23.8359375       2.01196888E+20
   23.9062500       2.01963661E+20
   23.9765625       2.02703272E+20
   24.0468750       2.03417972E+20
   24.1171875       2.04113743E+20
   24.1875000       2.04798607E+20
   24.2578125       2.05480920E+20
   24.3281250       2.06167719E+20
   24.3984375       2.06863402E+20
   24.4687500       2.07569763E+20
   24.5390625       2.08286363E+20
   24.6093750       2.09011390E+20
   24.6796875       2.09742486E+20
   24.7500000       2.10478244E+20
   24.8203125       2.11219157E+20
   24.8906250       2.11967264E+20
   24.9609375       2.12725171E+20
   25.0312500       2.13495251E+20
   25.1015625       2.14278649E+20
   25.1718750       2.15074097E+20
   25.2421875       2.15877269E+20
   25.3125000       2.16681038E+20
   25.3828125       2.17476381E+20
   25.4531250       2.18253516E+20
   25.5234375       2.19003400E+20
   25.5937500       2.19719121E+20
   25.6640625       2.20396684E+20
   25.7343750       2.21034717E+20
   25.8046875       2.21633027E+20
   25.8750000       2.22191843E+20
   25.9453125       2.22710549E+20
   26.0156250       2.23187015E+20
   26.0859375       2.23617303E+20
   26.1562500       2.23996432E+20
   26.2265625       2.24320146E+20
   26.2968750       2.24585911E+20
   26.3671875       2.24793622E+20
   26.4375000       2.24946164E+20
   26.5078125       2.25048920E+20
   26.5781250       2.25109102E+20
   26.6484375       2.25134207E+20
   26.7187500       2.25131849E+20
   26.7890625       2.25108768E+20
   26.8593750       2.25070769E+20
   26.9296875       2.25022056E+20
   27.0000000       2.24966025E+20
   27.0703125       2.24905068E+20
   27.1406250       2.24840171E+20
   27.2109375       2.24769520E+20
   27.2812500       2.24687717E+20
   27.3515625       2.24585066E+20
   27.4218750       2.24447320E+20
   27.4921875       2.24256515E+20
   27.5625000       2.23993037E+20
   27.6328125       2.23639223E+20
   27.7031250       2.23182494E+20
   27.7734375       2.22618242E+20
   27.8437500       2.21951569E+20
   27.9140625       2.21197128E+20
   27.9843750       2.20376910E+20
   28.0546875       2.19516335E+20
   28.1250000       2.18640737E+20
   28.1953125       2.17772123E+20
   28.2656250       2.16926572E+20
   28.3359375       2.16112969E+20
   28.4062500       2.15333899E+20
   28.4765625       2.14587550E+20
   28.5468750       2.13869771E+20
   28.6171875       2.13176587E+20
   28.6875000       2.12506043E+20
   28.7578125       2.11859319E+20
   28.8281250       2.11240408E+20
   28.8984375       2.10654342E+20
   28.9687500       2.10106046E+20
   29.0390625       2.09598125E+20
   29.1093750       2.09129891E+20
   29.1796875       2.08696824E+20
   29.2500000       2.08291870E+20
   29.3203125       2.07907305E+20
   29.3906250       2.07536250E+20
   29.4609375       2.07173763E+20
   29.5312500       2.06817011E+20
   29.6015625       2.06465431E+20
   29.6718750       2.06119288E+20
   29.7421875       2.05777964E+20
   29.8125000       2.05439314E+20
   29.8828125       2.05099469E+20
   29.9531250       2.04753219E+20
   30.0234375       2.04395077E+20
   30.0937500       2.04020980E+20
   30.1640625       2.03629219E+20
   30.2343750       2.03220940E+20
   30.3046875       2.02799554E+20
   30.3750000       2.02370340E+20
   30.4453125       2.01939666E+20
   30.5156250       2.01514076E+20
   30.5859375       2.01099903E+20
   30.6562500       2.00702829E+20
   30.7265625       2.00328608E+20
   30.7968750       1.99983151E+20
   30.8671875       1.99672244E+20
   30.9375000       1.99401430E+20
   31.0078125       1.99175564E+20
   31.0781250       1.98998041E+20
   31.1484375       1.98870163E+20
   31.2187500       1.98791386E+20
   31.2890625       1.98759913E+20
   31.3593750       1.98773424E+20
   31.4296875       1.98829543E+20
   31.5000000       1.98927215E+20
   31.5703125       1.99066932E+20
   31.6406250       1.99250436E+20
   31.7109375       1.99479997E+20
   31.7812500       1.99758006E+20
   31.8515625       2.00086698E+20
   31.9218750       2.00467956E+20
   31.9921875       2.00902870E+20
   32.0625000       2.01392320E+20
   32.1328125       2.01937273E+20
   32.2031250       2.02538609E+20
   32.2734375       2.03197014E+20
   32.3437500       2.03912770E+20
   32.4140625       2.04685278E+20
   32.4843750       2.05512287E+20
   32.5546875       2.06389099E+20
   32.6250000       2.07308924E+20
   32.6953125       2.08263142E+20
   32.7656250       2.09241865E+20
   32.8359375       2.10234452E+20
   32.9062500       2.11230117E+20
   32.9765625       2.12219044E+20
   33.0468750       2.13192560E+20
   33.1171875       2.14143312E+20
   33.1875000       2.15065600E+20
   33.2578125       2.15955906E+20
   33.3281250       2.16812663E+20
   33.3984375       2.17636329E+20
   33.4687500       2.18429754E+20
   33.5390625       2.19197723E+20
   33.6093750       2.19946077E+20
   33.6796875       2.20680604E+20
   33.7500000       2.21406844E+20
   33.8203125       2.22130200E+20
   33.8906250       2.22856212E+20
   33.9609375       2.23590950E+20
   34.0312500       2.24342136E+20
   34.1015625       2.25120150E+20
   34.1718750       2.25937747E+20
   34.2421875       2.26809458E+20
   34.3125000       2.27750217E+20
   34.3828125       2.28773502E+20
   34.4531250       2.29889849E+20
   34.5234375       2.31104291E+20
   34.5937500       2.32416105E+20
   34.6640625       2.33817991E+20
   34.7343750       2.35297248E+20
   34.8046875       2.36836634E+20
   34.8750000       2.38417433E+20
   34.9453125       2.40021875E+20
   35.0156250       2.41635396E+20
   35.0859375       2.43247244E+20
   35.1562500       2.44850895E+20
   35.2265625       2.46442988E+20
   35.2968750       2.48021377E+20
   35.3671875       2.49582718E+20
   35.4375000       2.51121577E+20
   35.5078125       2.52629579E+20
   35.5781250       2.54096082E+20
   35.6484375       2.55509508E+20
   35.7187500       2.56859691E+20
   35.7890625       2.58139874E+20
   35.8593750       2.59348246E+20
   35.9296875       2.60487903E+20
   36.0000000       2.61566938E+20
   36.0703125       2.62597453E+20
   36.1406250       2.63593470E+20
   36.2109375       2.64568851E+20
   36.2812500       2.65535330E+20
   36.3515625       2.66501616E+20
   36.4218750       2.67472423E+20
   36.4921875       2.68447523E+20
   36.5625000       2.69422464E+20
   36.6328125       2.70389032E+20
   36.7031250       2.71336301E+20
   36.7734375       2.72250760E+20
   36.8437500       2.73118196E+20
   36.9140625       2.73924147E+20
   36.9843750       2.74655225E+20
   37.0546875       2.75299768E+20
   37.1250000       2.75849400E+20
   37.1953125       2.76299919E+20
   37.2656250       2.76651287E+20
   37.3359375       2.76906163E+20
   37.4062500       2.77068592E+20
   37.4765625       2.77142655E+20
   37.5468750       2.77130745E+20
   37.6171875       2.77033073E+20
   37.6875000       2.76848232E+20
   37.7578125       2.76574990E+20
   37.8281250       2.76214121E+20
   37.8984375       2.75769620E+20
   37.9687500       2.75250228E+20
   38.0390625       2.74669246E+20
   38.1093750       2.74043105E+20
   38.1796875       2.73389133E+20
   38.2500000       2.72723585E+20
   38.3203125       2.72060114E+20
   38.3906250       2.71408235E+20
   38.4609375       2.70772647E+20
   38.5312500       2.70153631E+20
   38.6015625       2.69549287E+20
   38.6718750       2.68956817E+20
   38.7421875       2.68374217E+20
   38.8125000       2.67801081E+20
   38.8828125       2.67239028E+20
   38.9531250       2.66690715E+20
   39.0234375       2.66158498E+20
   39.0937500       2.65643364E+20
   39.1640625       2.65144661E+20
   39.2343750       2.64659943E+20
   39.3046875       2.64185095E+20
   39.3750000       2.63715982E+20
   39.4453125       2.63249613E+20
   39.5156250       2.62785337E+20
   39.5859375       2.62324844E+20
   39.6562500       2.61872461E+20
   39.7265625       2.61435102E+20
   39.7968750       2.61021492E+20
   39.8671875       2.60641501E+20
   39.9375000       2.60305033E+20
   40.0078125       2.60021605E+20
   40.0781250       2.59799029E+20
   40.1484375       2.59642229E+20
   40.2187500       2.59552298E+20
   40.2890625       2.59525646E+20
   40.3593750       2.59553459E+20
   40.4296875       2.59621365E+20
   40.5000000       2.59710557E+20
   40.5703125       2.59799732E+20
   40.6406250       2.59867146E+20
   40.7109375       2.59892953E+20
   40.7812500       2.59861569E+20
   40.8515625       2.59763932E+20
   40.9218750       2.59597967E+20
   40.9921875       2.59367439E+20
   41.0625000       2.59080722E+20
   41.1328125       2.58748793E+20
   41.2031250       2.58383491E+20
   41.2734375       2.57996692E+20
   41.3437500       2.57600304E+20
   41.4140625       2.57207629E+20
   41.4843750       2.56833725E+20
   41.5546875       2.56495497E+20
   41.6250000       2.56211771E+20
   41.6953125       2.56002353E+20
   41.7656250       2.55886544E+20
   41.8359375       2.55881055E+20
   41.9062500       2.55998571E+20
   41.9765625       2.56246955E+20
   42.0468750       2.56628582E+20
   42.1171875       2.57140585E+20
   42.1875000       2.57775804E+20
   42.2578125       2.58524439E+20
   42.3281250       2.59375127E+20
   42.3984375       2.60316028E+20
   42.4687500       2.61335548E+20
   42.5390625       2.62422622E+20
   42.6093750       2.63565955E+20
   42.6796875       2.64752918E+20
   42.7500000       2.65969417E+20
   42.8203125       2.67199920E+20
   42.8906250       2.68427908E+20
   42.9609375       2.69636438E+20
   43.0312500       2.70809608E+20
   43.1015625       2.71934294E+20
   43.1718750       2.73001384E+20
   43.2421875       2.74006249E+20
   43.3125000       2.74949278E+20
   43.3828125       2.75835784E+20
   43.4531250       2.76675547E+20
   43.5234375       2.77481181E+20
   43.5937500       2.78267288E+20
   43.6640625       2.79048909E+20
   43.7343750       2.79839537E+20
   43.8046875       2.80649745E+20
   43.8750000       2.81486306E+20
   43.9453125       2.82352352E+20
   44.0156250       2.83247161E+20
   44.0859375       2.84166370E+20
   44.1562500       2.85102257E+20
   44.2265625       2.86045216E+20
   44.2968750       2.86984656E+20
   44.3671875       2.87909829E+20
   44.4375000       2.88811253E+20
   44.5078125       2.89681837E+20
   44.5781250       2.90517044E+20
   44.6484375       2.91314568E+20
   44.7187500       2.92074058E+20
   44.7890625       2.92796375E+20
   44.8593750       2.93482805E+20
   44.9296875       2.94133733E+20
   45.0000000       2.94748721E+20
   45.0703125       2.95326712E+20
   45.1406250       2.95866124E+20
   45.2109375       2.96364686E+20
   45.2812500       2.96819409E+20
   45.3515625       2.97228040E+20
   45.4218750       2.97589349E+20
   45.4921875       2.97903862E+20
   45.5625000       2.98174430E+20
   45.6328125       2.98407209E+20
   45.7031250       2.98611771E+20
   45.7734375       2.98800219E+20
   45.8437500       2.98987505E+20
   45.9140625       2.99189675E+20
   45.9843750       2.99422806E+20
   46.0546875       2.99700622E+20
   46.1250000       3.00033326E+20
   46.1953125       3.00426863E+20
   46.2656250       3.00882008E+20
   46.3359375       3.01394257E+20
   46.4062500       3.01953759E+20
   46.4765625       3.02546827E+20
   46.5468750       3.03156748E+20
   46.6171875       3.03765086E+20
   46.6875000       3.04352911E+20
   46.7578125       3.04902139E+20
   46.8281250       3.05396374E+20
   46.8984375       3.05821120E+20
   46.9687500       3.06164308E+20
   47.0390625       3.06417213E+20
   47.1093750       3.06575050E+20
   47.1796875       3.06636623E+20
   47.2500000       3.06604922E+20
   47.3203125       3.06487723E+20
   47.3906250       3.06296566E+20
   47.4609375       3.06044927E+20
   47.5312500       3.05746388E+20
   47.6015625       3.05412840E+20
   47.6718750       3.05053397E+20
   47.7421875       3.04672842E+20
   47.8125000       3.04272268E+20
   47.8828125       3.03850056E+20
   47.9531250       3.03403707E+20
   48.0234375       3.02931181E+20
   48.0937500       3.02432020E+20
   48.1640625       3.01908195E+20
   48.2343750       3.01363225E+20
   48.3046875       3.00800275E+20
   48.3750000       3.00220612E+20
   48.4453125       2.99622618E+20
   48.5156250       2.99001051E+20
   48.5859375       2.98347748E+20
   48.6562500       2.97652364E+20
   48.7265625       2.96905928E+20
   48.7968750       2.96102211E+20
   48.8671875       2.95239455E+20
   48.9375000       2.94321002E+20
   49.0078125       2.93355402E+20
   49.0781250       2.92355251E+20
   49.1484375       2.91335749E+20
   49.2187500       2.90312816E+20
   49.2890625       2.89302514E+20
   49.3593750       2.88319481E+20
   49.4296875       2.87375501E+20
   49.5000000       2.86479637E+20
   49.5703125       2.85638308E+20
   49.6406250       2.84855280E+20
   49.7109375       2.84131731E+20
   49.7812500       2.83465708E+20
   49.8515625       2.82853395E+20
   49.9218750       2.82288492E+20
   49.9921875       2.81762662E+20
   50.0625000       2.81265524E+20
   50.1328125       2.80785820E+20
   50.2031250       2.80311799E+20
   50.2734375       2.79832289E+20
   50.3437500       2.79337896E+20
   50.4140625       2.78821864E+20
   50.4843750       2.78280376E+20
   50.5546875       2.77712008E+20
   50.6250000       2.77117251E+20
   50.6953125       2.76498569E+20
   50.7656250       2.75860149E+20
   50.8359375       2.75207813E+20
   50.9062500       2.74548863E+20
   50.9765625       2.73892498E+20
   51.0468750       2.73249029E+20
   51.1171875       2.72628764E+20
   51.1875000       2.72040798E+20
   51.2578125       2.71491763E+20
   51.3281250       2.70984915E+20
   51.3984375       2.70519214E+20
   51.4687500       2.70089947E+20
   51.5390625       2.69689831E+20
   51.6093750       2.69310314E+20
   51.6796875       2.68943130E+20
   51.7500000       2.68581699E+20
   51.8203125       2.68222748E+20
   51.8906250       2.67866506E+20
   51.9609375       2.67515753E+20
   52.0312500       2.67173814E+20
   52.1015625       2.66843714E+20
   52.1718750       2.66525841E+20
   52.2421875       2.66217432E+20
   52.3125000       2.65912014E+20
   52.3828125       2.65601037E+20
   52.4531250       2.65275529E+20
   52.5234375       2.64927925E+20
   52.5937500       2.64554249E+20
   52.6640625       2.64155399E+20
   52.7343750       2.63737426E+20
   52.8046875       2.63310869E+20
   52.8750000       2.62889430E+20
   52.9453125       2.62489683E+20
   53.0156250       2.62129237E+20
   53.0859375       2.61826071E+20
   53.1562500       2.61596440E+20
   53.2265625       2.61454488E+20
   53.2968750       2.61410596E+20
   53.3671875       2.61470533E+20
   53.4375000       2.61634896E+20
   53.5078125       2.61899659E+20
   53.5781250       2.62256991E+20
   53.6484375       2.62696338E+20
   53.7187500       2.63206090E+20
   53.7890625       2.63775496E+20
   53.8593750       2.64395163E+20
   53.9296875       2.65057227E+20
   54.0000000       2.65754775E+20
   54.0703125       2.66481508E+20
   54.1406250       2.67229968E+20
   54.2109375       2.67990549E+20
   54.2812500       2.68750109E+20
   54.3515625       2.69492780E+20
   54.4218750       2.70200092E+20
   54.4921875       2.70852516E+20
   54.5625000       2.71430313E+20
   54.6328125       2.71915946E+20
   54.7031250       2.72295163E+20
   54.7734375       2.72558448E+20
   54.8437500       2.72701490E+20
   54.9140625       2.72725591E+20
   54.9843750       2.72636856E+20
   55.0546875       2.72444644E+20
   55.1250000       2.72159633E+20
   55.1953125       2.71793434E+20
   55.2656250       2.71357130E+20
   55.3359375       2.70861734E+20
   55.4062500       2.70318083E+20
   55.4765625       2.69738948E+20
   55.5468750       2.69138966E+20
   55.6171875       2.68534816E+20
   55.6875000       2.67943560E+20
   55.7578125       2.67381718E+20
   55.8281250       2.66862467E+20
   55.8984375       2.66394269E+20
   55.9687500       2.65979339E+20
   56.0390625       2.65614231E+20
   56.1093750       2.65290359E+20
   56.1796875       2.64995321E+20
   56.2500000       2.64714989E+20
   56.3203125       2.64436223E+20
   56.3906250       2.64148591E+20
   56.4609375       2.63845689E+20
   56.5312500       2.63524948E+20
   56.6015625       2.63188550E+20
   56.6718750       2.62842037E+20
   56.7421875       2.62493360E+20
   56.8125000       2.62151016E+20
   56.8828125       2.61823643E+20
   56.9531250       2.61518348E+20
   57.0234375       2.61239934E+20
   57.0937500       2.60990072E+20
   57.1640625       2.60767302E+20
   57.2343750       2.60566452E+20
   57.3046875       2.60378885E+20
   57.3750000       2.60193217E+20
   57.4453125       2.59997398E+20
   57.5156250       2.59780891E+20
   57.5859375       2.59536606E+20
   57.6562500       2.59262168E+20
   57.7265625       2.58961570E+20
   57.7968750       2.58644612E+20
   57.8671875       2.58325771E+20
   57.9375000       2.58022288E+20
   58.0078125       2.57752248E+20
   58.0781250       2.57532117E+20
   58.1484375       2.57375054E+20
   58.2187500       2.57289609E+20
   58.2890625       2.57279634E+20
   58.3593750       2.57344866E+20
   58.4296875       2.57481944E+20
   58.5000000       2.57685908E+20
   58.5703125       2.57952676E+20
   58.6406250       2.58280330E+20
   58.7109375       2.58669469E+20
   58.7812500       2.59122978E+20
   58.8515625       2.59645537E+20
   58.9218750       2.60242369E+20
   58.9921875       2.60917804E+20
   59.0625000       2.61673863E+20
   59.1328125       2.62510178E+20
   59.2031250       2.63423599E+20
   59.2734375       2.64408516E+20
   59.3437500       2.65457414E+20
   59.4140625       2.66562045E+20
   59.4843750       2.67713560E+20
   59.5546875       2.68902932E+20
   59.6250000       2.70120786E+20
   59.6953125       2.71358203E+20
   59.7656250       2.72606386E+20
   59.8359375       2.73857666E+20
   59.9062500       2.75105057E+20
   59.9765625       2.76343424E+20
   60.0468750       2.77568720E+20
   60.1171875       2.78777514E+20
   60.1875000       2.79965708E+20
   60.2578125       2.81128534E+20
   60.3281250       2.82260063E+20
   60.3984375       2.83353593E+20
   60.4687500       2.84402844E+20
   60.5390625       2.85403646E+20
   60.6093750       2.86355436E+20
   60.6796875       2.87261698E+20
   60.7500000       2.88129960E+20
   60.8203125       2.88971377E+20
   60.8906250       2.89798544E+20
   60.9609375       2.90623424E+20
   61.0312500       2.91454408E+20
   61.1015625       2.92296229E+20
   61.1718750       2.93148905E+20
   61.2421875       2.94008794E+20
   61.3125000       2.94869192E+20
   61.3828125       2.95722572E+20
   61.4531250       2.96561121E+20
   61.5234375       2.97377433E+20
   61.5937500       2.98164543E+20
   61.6640625       2.98916644E+20
   61.7343750       2.99628916E+20
   61.8046875       3.00297631E+20
   61.8750000       3.00920535E+20
   61.9453125       3.01498438E+20
   62.0156250       3.02034718E+20
   62.0859375       3.02535005E+20
   62.1562500       3.03005842E+20
   62.2265625       3.03453634E+20
   62.2968750       3.03883376E+20
   62.3671875       3.04298199E+20
   62.4375000       3.04699547E+20
   62.5078125       3.05088792E+20
   62.5781250       3.05468326E+20
   62.6484375       3.05842688E+20
   62.7187500       3.06218668E+20
   62.7890625       3.06605274E+20
   62.8593750       3.07012111E+20
   62.9296875       3.07448045E+20
   63.0000000       3.07919692E+20
   63.0703125       3.08431659E+20
   63.1406250       3.08986235E+20
   63.2109375       3.09582998E+20
   63.2812500       3.10218638E+20
   63.3515625       3.10887951E+20
   63.4218750       3.11583264E+20
   63.4921875       3.12294516E+20
   63.5625000       3.13008372E+20
   63.6328125       3.13709210E+20
   63.7031250       3.14379050E+20
   63.7734375       3.14998506E+20
   63.8437500       3.15547874E+20
   63.9140625       3.16009951E+20
   63.9843750       3.16371224E+20
   64.0546875       3.16623039E+20
   64.1250000       3.16762826E+20
   64.1953125       3.16794527E+20
   64.2656250       3.16727466E+20
   64.3359375       3.16575082E+20
   64.4062500       3.16352365E+20
   64.4765625       3.16074338E+20
   64.5468750       3.15753914E+20
   64.6171875       3.15400698E+20
   64.6875000       3.15019687E+20
   64.7578125       3.14612533E+20
   64.8281250       3.14177971E+20
   64.8984375       3.13713080E+20
   64.9687500       3.13215045E+20
   65.0390625       3.12682107E+20
   65.1093750       3.12113493E+20
   65.1796875       3.11509060E+20
   65.2500000       3.10867368E+20
   65.3203125       3.10186058E+20
   65.3906250       3.09460556E+20
   65.4609375       3.08685128E+20
   65.5312500       3.07852525E+20
   65.6015625       3.06956906E+20
   65.6718750       3.05995036E+20
   65.7421875       3.04967652E+20
   65.8125000       3.03878907E+20
   65.8828125       3.02736435E+20
   65.9531250       3.01549455E+20
   66.0234375       3.00326482E+20
   66.0937500       2.99073144E+20
   66.1640625       2.97791237E+20
   66.2343750       2.96478050E+20
   66.3046875       2.95127305E+20
   66.3750000       2.93730380E+20
   66.4453125       2.92280115E+20
   66.5156250       2.90773274E+20
   66.5859375       2.89212583E+20
   66.6562500       2.87606645E+20
   66.7265625       2.85970114E+20
   66.7968750       2.84321604E+20
   66.8671875       2.82681185E+20
   66.9375000       2.81068210E+20
   67.0078125       2.79500254E+20
   67.0781250       2.77992867E+20
   67.1484375       2.76559614E+20
   67.2187500       2.75212334E+20
   67.2890625       2.73962198E+20
   67.3593750       2.72818935E+20
   67.4296875       2.71789810E+20
   67.5000000       2.70878060E+20
   67.5703125       2.70082523E+20
   67.6406250       2.69397220E+20
   67.7109375       2.68811875E+20
   67.7812500       2.68312837E+20
   67.8515625       2.67886614E+20
   67.9218750       2.67521594E+20
   67.9921875       2.67210177E+20
   68.0625000       2.66948616E+20
   68.1328125       2.66736912E+20
   68.2031250       2.66576102E+20
   68.2734375       2.66465605E+20
   68.3437500       2.66400707E+20
   68.4140625       2.66371716E+20
   68.4843750       2.66364133E+20
   68.5546875       2.66360333E+20
   68.6250000       2.66341826E+20
   68.6953125       2.66293290E+20
   68.7656250       2.66204643E+20
   68.8359375       2.66073264E+20
   68.9062500       2.65903341E+20
   68.9765625       2.65706133E+20
   69.0468750       2.65497314E+20
   69.1171875       2.65294493E+20
   69.1875000       2.65113593E+20
   69.2578125       2.64967384E+20
   69.3281250       2.64863537E+20
   69.3984375       2.64804815E+20
   69.4687500       2.64789545E+20
   69.5390625       2.64813804E+20
   69.6093750       2.64872721E+20
   69.6796875       2.64961526E+20
   69.7500000       2.65075946E+20
   69.8203125       2.65213569E+20
   69.8906250       2.65373834E+20
   69.9609375       2.65558183E+20
   70.0312500       2.65769676E+20
   70.1015625       2.66013890E+20
   70.1718750       2.66298268E+20
   70.2421875       2.66632045E+20
   70.3125000       2.67024087E+20
   70.3828125       2.67482574E+20
   70.4531250       2.68012556E+20
   70.5234375       2.68615529E+20
   70.5937500       2.69288570E+20
   70.6640625       2.70025753E+20
   70.7343750       2.70819319E+20
   70.8046875       2.71661141E+20
   70.8750000       2.72543916E+20
   70.9453125       2.73462545E+20
   71.0156250       2.74413737E+20
   71.0859375       2.75395715E+20
   71.1562500       2.76405859E+20
   71.2265625       2.77440807E+20
   71.2968750       2.78494896E+20
   71.3671875       2.79560349E+20
   71.4375000       2.80627526E+20
   71.5078125       2.81686259E+20
   71.5781250       2.82726555E+20
   71.6484375       2.83739285E+20
   71.7187500       2.84716091E+20
   71.7890625       2.85649954E+20
   71.8593750       2.86535070E+20
   71.9296875       2.87366705E+20
   72.0000000       2.88141536E+20
   72.0703125       2.88859156E+20
   72.1406250       2.89522100E+20
   72.2109375       2.90136314E+20
   72.2812500       2.90709977E+20
   72.3515625       2.91253629E+20
   72.4218750       2.91779019E+20
   72.4921875       2.92297918E+20
   72.5625000       2.92820547E+20
   72.6328125       2.93355121E+20
   72.7031250       2.93906407E+20
   72.7734375       2.94475198E+20
   72.8437500       2.95057604E+20
   72.9140625       2.95646046E+20
   72.9843750       2.96229614E+20
   73.0546875       2.96795449E+20
   73.1250000       2.97329371E+20
   73.1953125       2.97818505E+20
   73.2656250       2.98251378E+20
   73.3359375       2.98619477E+20
   73.4062500       2.98916679E+20
   73.4765625       2.99140276E+20
   73.5468750       2.99290830E+20
   73.6171875       2.99371683E+20
   73.6875000       2.99387903E+20
   73.7578125       2.99345753E+20
   73.8281250       2.99251142E+20
   73.8984375       2.99108504E+20
   73.9687500       2.98919635E+20
   74.0390625       2.98684322E+20
   74.1093750       2.98400771E+20
   74.1796875       2.98066027E+20
   74.2500000       2.97676430E+20
   74.3203125       2.97230046E+20
   74.3906250       2.96726593E+20
   74.4609375       2.96168111E+20
   74.5312500       2.95557979E+20
   74.6015625       2.94901808E+20
   74.6718750       2.94206618E+20
   74.7421875       2.93480799E+20
   74.8125000       2.92732885E+20
   74.8828125       2.91972076E+20
   74.9531250       2.91206992E+20
   75.0234375       2.90445197E+20
   75.0937500       2.89691689E+20
   75.1640625       2.88949422E+20
   75.2343750       2.88218343E+20
   75.3046875       2.87495955E+20
   75.3750000       2.86776628E+20
   75.4453125       2.86053308E+20
   75.5156250       2.85317550E+20
   75.5859375       2.84560382E+20
   75.6562500       2.83771443E+20
   75.7265625       2.82940758E+20
   75.7968750       2.82058527E+20
   75.8671875       2.81116782E+20
   75.9375000       2.80109718E+20
   76.0078125       2.79035627E+20
   76.0781250       2.77897395E+20
   76.1484375       2.76702656E+20
   76.2187500       2.75462706E+20
   76.2890625       2.74192480E+20
   76.3593750       2.72908409E+20
   76.4296875       2.71627821E+20
   76.5000000       2.70366250E+20
   76.5703125       2.69138755E+20
   76.6406250       2.67958196E+20
   76.7109375       2.66835727E+20
   76.7812500       2.65778401E+20
   76.8515625       2.64790354E+20
   76.9218750       2.63870951E+20
   76.9921875       2.63015109E+20
   77.0625000       2.62212131E+20
   77.1328125       2.61447680E+20
   77.2031250       2.60704481E+20
   77.2734375       2.59964835E+20
   77.3437500       2.59212171E+20
   77.4140625       2.58434068E+20
   77.4843750       2.57623051E+20
   77.5546875       2.56776656E+20
   77.6250000       2.55895041E+20
   77.6953125       2.54980300E+20
   77.7656250       2.54033717E+20
   77.8359375       2.53054765E+20
   77.9062500       2.52039538E+20
   77.9765625       2.50982687E+20
   78.0468750       2.49877950E+20
   78.1171875       2.48720983E+20
   78.1875000       2.47509884E+20
   78.2578125       2.46248067E+20
   78.3281250       2.44944169E+20
   78.3984375       2.43612388E+20
   78.4687500       2.42270421E+20
   78.5390625       2.40938851E+20
   78.6093750       2.39638313E+20
   78.6796875       2.38387526E+20
   78.7500000       2.37200177E+20
   78.8203125       2.36085149E+20
   78.8906250       2.35045310E+20
   78.9609375       2.34078373E+20
   79.0312500       2.33176228E+20
   79.1015625       2.32327159E+20
   79.1718750       2.31515913E+20
   79.2421875       2.30725707E+20
   79.3125000       2.29938281E+20
   79.3828125       2.29136394E+20
   79.4531250       2.28305180E+20
   79.5234375       2.27433822E+20
   79.5937500       2.26515897E+20
   79.6640625       2.25550807E+20
   79.7343750       2.24542792E+20
   79.8046875       2.23500367E+20
   79.8750000       2.22433313E+20
   79.9453125       2.21352414E+20
   80.0156250       2.20267275E+20
   80.0859375       2.19186236E+20
   80.1562500       2.18114660E+20
   80.2265625       2.17056702E+20
   80.2968750       2.16015209E+20
   80.3671875       2.14993296E+20
   80.4375000       2.13994694E+20
   80.5078125       2.13025399E+20
   80.5781250       2.12093312E+20
   80.6484375       2.11208795E+20
   80.7187500       2.10382349E+20
   80.7890625       2.09624196E+20
   80.8593750       2.08941268E+20
   80.9296875       2.08335973E+20
   81.0000000       2.07803493E+20
   81.0703125       2.07332920E+20
   81.1406250       2.06907294E+20
   81.2109375       2.06505788E+20
   81.2812500       2.06104141E+20
   81.3515625       2.05677935E+20
   81.4218750       2.05204160E+20
   81.4921875       2.04663376E+20
   81.5625000       2.04040560E+20
   81.6328125       2.03327302E+20
   81.7031250       2.02521492E+20
   81.7734375       2.01627897E+20
   81.8437500       2.00656544E+20
   81.9140625       1.99622493E+20
   81.9843750       1.98543969E+20
   82.0546875       1.97440816E+20
   82.1250000       1.96331330E+20
   82.1953125       1.95231607E+20
   82.2656250       1.94153681E+20
   82.3359375       1.93105538E+20
   82.4062500       1.92090293E+20
   82.4765625       1.91108526E+20
   82.5468750       1.90159129E+20
   82.6171875       1.89241344E+20
   82.6875000       1.88354381E+20
   82.7578125       1.87498170E+20
   82.8281250       1.86671619E+20
   82.8984375       1.85871790E+20
   82.9687500       1.85091735E+20
   83.0390625       1.84321338E+20
   83.1093750       1.83546982E+20
   83.1796875       1.82753540E+20
   83.2500000       1.81924807E+20
   83.3203125       1.81046957E+20
   83.3906250       1.80109469E+20
   83.4609375       1.79107137E+20
   83.5312500       1.78039309E+20
   83.6015625       1.76911104E+20
   83.6718750       1.75732129E+20
   83.7421875       1.74516386E+20
   83.8125000       1.73279778E+20
   83.8828125       1.72040004E+20
   83.9531250       1.70814356E+20
   84.0234375       1.69619143E+20
   84.0937500       1.68467647E+20
   84.1640625       1.67370528E+20
   84.2343750       1.66334858E+20
   84.3046875       1.65364825E+20
   84.3750000       1.64460551E+20
   84.4453125       1.63619803E+20
   84.5156250       1.62837514E+20
   84.5859375       1.62107139E+20
   84.6562500       1.61419584E+20
   84.7265625       1.60765066E+20
   84.7968750       1.60132768E+20
   84.8671875       1.59512643E+20
   84.9375000       1.58894647E+20
   85.0078125       1.58270160E+20
   85.0781250       1.57631124E+20
   85.1484375       1.56970133E+20
   85.2187500       1.56278971E+20
   85.2890625       1.55549828E+20
   85.3593750       1.54775367E+20
   85.4296875       1.53950768E+20
   85.5000000       1.53073974E+20
   85.5703125       1.52148572E+20
   85.6406250       1.51183711E+20
   85.7109375       1.50194590E+20
   85.7812500       1.49199383E+20
   85.8515625       1.48218178E+20
   85.9218750       1.47269599E+20
   85.9921875       1.46369548E+20
   86.0625000       1.45527946E+20
   86.1328125       1.44749501E+20
   86.2031250       1.44032997E+20
   86.2734375       1.43373018E+20
   86.3437500       1.42760097E+20
   86.4140625       1.42183513E+20
   86.4843750       1.41631453E+20
   86.5546875       1.41093044E+20
   86.6250000       1.40557089E+20
   86.6953125       1.40013860E+20
   86.7656250       1.39454174E+20
   86.8359375       1.38870623E+20
   86.9062500       1.38256119E+20
   86.9765625       1.37605349E+20
   87.0468750       1.36913695E+20
   87.1171875       1.36178078E+20
   87.1875000       1.35395287E+20
   87.2578125       1.34562578E+20
   87.3281250       1.33676671E+20
   87.3984375       1.32734574E+20
   87.4687500       1.31732919E+20
   87.5390625       1.30670017E+20
   87.6093750       1.29546096E+20
   87.6796875       1.28365194E+20
   87.7500000       1.27134586E+20
   87.8203125       1.25866787E+20
   87.8906250       1.24578564E+20
   87.9609375       1.23290974E+20
   88.0312500       1.22025586E+20
   88.1015625       1.20803140E+20
   88.1718750       1.19639602E+20
   88.2421875       1.18544726E+20
   88.3125000       1.17519409E+20
   88.3828125       1.16557196E+20
   88.4531250       1.15644839E+20
   88.5234375       1.14765739E+20
   88.5937500       1.13901295E+20
   88.6640625       1.13034704E+20
   88.7343750       1.12151681E+20
   88.8046875       1.11242500E+20
   88.8750000       1.10300640E+20
   88.9453125       1.09323781E+20
   89.0156250       1.08312099E+20
   89.0859375       1.07268328E+20
   89.1562500       1.06194967E+20
   89.2265625       1.05094497E+20
   89.2968750       1.03967981E+20
   89.3671875       1.02815737E+20
   89.4375000       1.01637016E+20
   89.5078125       1.00432005E+20
   89.5781250       9.92024339E+19
   89.6484375       9.79530720E+19
   89.7187500       9.66908678E+19
   89.7890625       9.54258929E+19
   89.8593750       9.41698548E+19
   89.9296875       9.29362027E+19
   90.0000000       9.17378054E+19
   90.0703125       9.05874876E+19
   90.1406250       8.94964906E+19
   90.2109375       8.84744373E+19
   90.2812500       8.75266847E+19
   90.3515625       8.66545081E+19
   90.4218750       8.58533599E+19
   90.4921875       8.51138372E+19
   90.5625000       8.44211801E+19
   90.6328125       8.37580954E+19
   90.7031250       8.31064369E+19
   90.7734375       8.24505386E+19
   90.8437500       8.17782708E+19
   90.9140625       8.10836433E+19
   90.9843750       8.03659789E+19
   91.0546875       7.96302209E+19
   91.1250000       7.88834942E+19
   91.1953125       7.81343045E+19
   91.2656250       7.73896713E+19
   91.3359375       7.66547841E+19
   91.4062500       7.59310592E+19
   91.4765625       7.52176520E+19
   91.5468750       7.45115017E+19
   91.6171875       7.38095383E+19
   91.6875000       7.31086392E+19
   91.7578125       7.24075730E+19
   91.8281250       7.17067267E+19
   91.8984375       7.10091833E+19
   91.9687500       7.03194949E+19
   92.0390625       6.96445794E+19
   92.1093750       6.89924547E+19
   92.1796875       6.83722510E+19
   92.2500000       6.77915153E+19
   92.3203125       6.72563610E+19
   92.3906250       6.67695105E+19
   92.4609375       6.63311088E+19
   92.5312500       6.59375012E+19
   92.6015625       6.55833001E+19
   92.6718750       6.52617809E+19
   92.7421875       6.49669403E+19
   92.8125000       6.46930388E+19
   92.8828125       6.44360477E+19
   92.9531250       6.41926818E+19
   93.0234375       6.39611511E+19
   93.0937500       6.37395379E+19
   93.1640625       6.35269891E+19
   93.2343750       6.33227702E+19
   93.3046875       6.31275145E+19
   93.3750000       6.29420577E+19
   93.4453125       6.27690210E+19
   93.5156250       6.26120415E+19
   93.5859375       6.24767180E+19
   93.6562500       6.23687855E+19
   93.7265625       6.22944366E+19
   93.7968750       6.22585529E+19
   93.8671875       6.22648201E+19
   93.9375000       6.23142058E+19
   94.0078125       6.24061249E+19
   94.0781250       6.25384710E+19
   94.1484375       6.27097089E+19
   94.2187500       6.29189636E+19
   94.2890625       6.31680821E+19
   94.3593750       6.34608821E+19
   94.4296875       6.38035075E+19
   94.5000000       6.42015043E+19
   94.5703125       6.46592530E+19
   94.6406250       6.51771757E+19
   94.7109375       6.57513099E+19
   94.7812500       6.63711222E+19
   94.8515625       6.70208236E+19
   94.9218750       6.76799501E+19
   94.9921875       6.83263749E+19
   95.0625000       6.89377738E+19
   95.1328125       6.94950063E+19
   95.2031250       6.99829871E+19
   95.2734375       7.03921198E+19
   95.3437500       7.07167352E+19
   95.4140625       7.09551357E+19
   95.4843750       7.11074357E+19
   95.5546875       7.11754339E+19
   95.6250000       7.11606652E+19
   95.6953125       7.10653859E+19
   95.7656250       7.08919974E+19
   95.8359375       7.06441279E+19
   95.9062500       7.03253838E+19
   95.9765625       6.99400446E+19
   96.0468750       6.94918045E+19
   96.1171875       6.89842259E+19
   96.1875000       6.84194596E+19
   96.2578125       6.77995286E+19
   96.3281250       6.71261700E+19
   96.3984375       6.64024539E+19
   96.4687500       6.56324879E+19
   96.5390625       6.48229747E+19
   96.6093750       6.39824024E+19
   96.6796875       6.31214848E+19
   96.7500000       6.22506496E+19
   96.8203125       6.13800299E+19
   96.8906250       6.05174982E+19
   96.9609375       5.96689963E+19
   97.0312500       5.88368111E+19
   97.1015625       5.80212726E+19
   97.1718750       5.72207050E+19
   97.2421875       5.64339428E+19
   97.3125000       5.56604892E+19
   97.3828125       5.49029081E+19
   97.4531250       5.41664244E+19
   97.5234375       5.34596275E+19
   97.5937500       5.27921668E+19
   97.6640625       5.21743600E+19
   97.7343750       5.16146734E+19
   97.8046875       5.11195237E+19
   97.8750000       5.06911408E+19
   97.9453125       5.03285439E+19
   98.0156250       5.00269126E+19
   98.0859375       4.97789288E+19
   98.1562500       4.95736984E+19
   98.2265625       4.93981459E+19
   98.2968750       4.92365573E+19
   98.3671875       4.90722595E+19
   98.4375000       4.88874140E+19
   98.5078125       4.86649080E+19
   98.5781250       4.83884776E+19
   98.6484375       4.80441501E+19
   98.7187500       4.76195407E+19
   98.7890625       4.71053299E+19
   98.8593750       4.64947975E+19
   98.9296875       4.57852563E+19
   99.0000000       4.49770053E+19
   99.0703125       4.40748428E+19
   99.1406250       4.30872131E+19
   99.2109375       4.20269232E+19
   99.2812500       4.09090717E+19
   99.3515625       3.97513740E+19
   99.4218750       3.85726447E+19
   99.4921875       3.73931106E+19
   99.5625000       3.62325277E+19
   99.6328125       3.51103530E+19
   99.7031250       3.40438157E+19
   99.7734375       3.30475746E+19
   99.8437500       3.21313626E+19
   99.9140625       3.13003715E+19
   99.9843750       3.05541637E+19
   100.054688       2.98880576E+19
   100.125000       2.92925753E+19
   100.195312       2.87557409E+19
   100.265625       2.82637534E+19
   100.335938       2.78035265E+19
   100.406250       2.73627762E+19
   100.476562       2.69318468E+19
   100.546875       2.65031934E+19
   100.617188       2.60721431E+19
   100.687500       2.56353005E+19
   100.757812       2.51910890E+19
   100.828125       2.47386686E+19
   100.898438       2.42786637E+19
   100.968750       2.38118660E+19
   101.039062       2.33401536E+19
   101.109375       2.28653097E+19
   101.179688       2.23898259E+19
   101.250000       2.19152085E+19
   101.320312       2.14431442E+19
   101.390625       0.00000000    
   101.460938       0.00000000    
   101.531250       0.00000000    
   101.601562       0.00000000    
   101.671875       0.00000000    
   101.742188       0.00000000    
   101.812500       0.00000000    
   101.882812       0.00000000    
   101.953125       0.00000000    
   102.023438       0.00000000    
   102.093750       0.00000000    
   102.164062       0.00000000    
   102.234375       0.00000000    
   102.304688       0.00000000    
   102.375000       0.00000000    
   102.445312       0.00000000    
   102.515625       0.00000000    
   102.585938       0.00000000    
   102.656250       0.00000000    
   102.726562       0.00000000    
   102.796875       0.00000000    
   102.867188       0.00000000    
   102.937500       0.00000000    
   103.007812       0.00000000    
   103.078125       0.00000000    
   103.148438       0.00000000    
   103.218750       0.00000000    
   103.289062       0.00000000    
   103.359375       0.00000000    
   103.429688       0.00000000    
   103.500000       0.00000000    
   103.570312       0.00000000    
   103.640625       0.00000000    
   103.710938       0.00000000    
   103.781250       0.00000000    
   103.851562       0.00000000    
   103.921875       0.00000000    
   103.992188       0.00000000    
   104.062500       0.00000000    
   104.132812       0.00000000    
   104.203125       0.00000000    
   104.273438       0.00000000    
   104.343750       0.00000000    
   104.414062       0.00000000    
   104.484375       0.00000000    
   104.554688       0.00000000    
   104.625000       0.00000000    
   104.695312       0.00000000    
   104.765625       0.00000000    
   104.835938       0.00000000    
   104.906250       0.00000000    
   104.976562       0.00000000    
   105.046875       0.00000000    
   105.117188       0.00000000    
   105.187500       0.00000000    
   105.257812       0.00000000    
   105.328125       0.00000000    
   105.398438       0.00000000    
   105.468750       0.00000000    
   105.539062       0.00000000    
   105.609375       0.00000000    
   105.679688       0.00000000    
   105.750000       0.00000000    
   105.820312       0.00000000    
   105.890625       0.00000000    
   105.960938       0.00000000    
   106.031250       0.00000000    
   106.101562       0.00000000    
   106.171875       0.00000000    
   106.242188       0.00000000    
   106.312500       0.00000000    
   106.382812       0.00000000    
   106.453125       0.00000000    
   106.523438       0.00000000    
   106.593750       0.00000000    
   106.664062       0.00000000    
   106.734375       0.00000000    
   106.804688       0.00000000    
   106.875000       0.00000000    
   106.945312       0.00000000    
   107.015625       0.00000000    
   107.085938       0.00000000    
   107.156250       0.00000000    
   107.226562       0.00000000    
   107.296875       0.00000000    
   107.367188       0.00000000    
   107.437500       0.00000000    
   107.507812       0.00000000    
   107.578125       0.00000000    
   107.648438       0.00000000    
   107.718750       0.00000000    
   107.789062       0.00000000    
   107.859375       0.00000000    
   107.929688       0.00000000    
   108.000000       0.00000000    
   108.070312       0.00000000    
   108.140625       0.00000000    
   108.210938       0.00000000    
   108.281250       0.00000000    
   108.351562       0.00000000    
   108.421875       0.00000000    
   108.492188       0.00000000    
   108.562500       0.00000000    
   108.632812       0.00000000    
   108.703125       0.00000000    
   108.773438       0.00000000    
   108.843750       0.00000000    
   108.914062       0.00000000    
   108.984375       0.00000000    
   109.054688       0.00000000    
   109.125000       0.00000000    
   109.195312       0.00000000    
   109.265625       0.00000000    
   109.335938       0.00000000    
   109.406250       0.00000000    
   109.476562       0.00000000    
   109.546875       0.00000000    
   109.617188       0.00000000    
   109.687500       0.00000000    
   109.757812       0.00000000    
   109.828125       0.00000000    
   109.898438       0.00000000    
   109.968750       0.00000000    
   110.039062       0.00000000    
   110.109375       0.00000000    
   110.179688       0.00000000    
   110.250000       0.00000000    
   110.320312       0.00000000    
   110.390625       0.00000000    
   110.460938       0.00000000    
   110.531250       0.00000000    
   110.601562       0.00000000    
   110.671875       0.00000000    
   110.742188       0.00000000    
   110.812500       0.00000000    
   110.882812       0.00000000    
   110.953125       0.00000000    
   111.023438       0.00000000    
   111.093750       0.00000000    
   111.164062       0.00000000    
   111.234375       0.00000000    
   111.304688       0.00000000    
   111.375000       0.00000000    
   111.445312       0.00000000    
   111.515625       0.00000000    
   111.585938       0.00000000    
   111.656250       0.00000000    
   111.726562       0.00000000    
   111.796875       0.00000000    
   111.867188       0.00000000    
   111.937500       0.00000000    
   112.007812       0.00000000    
   112.078125       0.00000000    
   112.148438       0.00000000    
   112.218750       0.00000000    
   112.289062       0.00000000    
   112.359375       0.00000000    
   112.429688       0.00000000    
   112.500000       0.00000000    
   112.570312       0.00000000    
   112.640625       0.00000000    
   112.710938       0.00000000    
   112.781250       0.00000000    
   112.851562       0.00000000    
   112.921875       0.00000000    
   112.992188       0.00000000    
   113.062500       0.00000000    
   113.132812       0.00000000    
   113.203125       0.00000000    
   113.273438       0.00000000    
   113.343750       0.00000000    
   113.414062       0.00000000    
   113.484375       0.00000000    
   113.554688       0.00000000    
   113.625000       0.00000000    
   113.695312       0.00000000    
   113.765625       0.00000000    
   113.835938       0.00000000    
   113.906250       0.00000000    
   113.976562       0.00000000    
   114.046875       0.00000000    
   114.117188       0.00000000    
   114.187500       0.00000000    
   114.257812       0.00000000    
   114.328125       0.00000000    
   114.398438       0.00000000    
   114.468750       0.00000000    
   114.539062       0.00000000    
   114.609375       0.00000000    
   114.679688       0.00000000    
   114.750000       0.00000000    
   114.820312       0.00000000    
   114.890625       0.00000000    
   114.960938       0.00000000    
   115.031250       0.00000000    
   115.101562       0.00000000    
   115.171875       0.00000000    
   115.242188       0.00000000    
   115.312500       0.00000000    
   115.382812       0.00000000    
   115.453125       0.00000000    
   115.523438       0.00000000    
   115.593750       0.00000000    
   115.664062       0.00000000    
   115.734375       0.00000000    
   115.804688       0.00000000    
   115.875000       0.00000000    
   115.945312       0.00000000    
   116.015625       0.00000000    
   116.085938       0.00000000    
   116.156250       0.00000000    
   116.226562       0.00000000    
   116.296875       0.00000000    
   116.367188       0.00000000    
   116.437500       0.00000000    
   116.507812       0.00000000    
   116.578125       0.00000000    
   116.648438       0.00000000    
   116.718750       0.00000000    
   116.789062       0.00000000    
   116.859375       0.00000000    
   116.929688       0.00000000    
   117.000000       0.00000000    
   117.070312       0.00000000    
   117.140625       0.00000000    
   117.210938       0.00000000    
   117.281250       0.00000000    
   117.351562       0.00000000    
   117.421875       0.00000000    
   117.492188       0.00000000    
   117.562500       0.00000000    
   117.632812       0.00000000    
   117.703125       0.00000000    
   117.773438       0.00000000    
   117.843750       0.00000000    
   117.914062       0.00000000    
   117.984375       0.00000000    
   118.054688       0.00000000    
   118.125000       0.00000000    
   118.195312       0.00000000    
   118.265625       0.00000000    
   118.335938       0.00000000    
   118.406250       0.00000000    
   118.476562       0.00000000    
   118.546875       0.00000000    
   118.617188       0.00000000    
   118.687500       0.00000000    
   118.757812       0.00000000    
   118.828125       0.00000000    
   118.898438       0.00000000    
   118.968750       0.00000000    
   119.039062       0.00000000    
   119.109375       0.00000000    
   119.179688       0.00000000    
   119.250000       0.00000000    
   119.320312       0.00000000    
   119.390625       0.00000000    
   119.460938       0.00000000    
   119.531250       0.00000000    
   119.601562       0.00000000    
   119.671875       0.00000000    
   119.742188       0.00000000    
   119.812500       0.00000000    
   119.882812       0.00000000    
   119.953125       0.00000000    
   120.023438       0.00000000    
   120.093750       0.00000000    
   120.164062       0.00000000    
   120.234375       0.00000000    
   120.304688       0.00000000    
   120.375000       0.00000000    
   120.445312       0.00000000    
   120.515625       0.00000000    
   120.585938       0.00000000    
   120.656250       0.00000000    
   120.726562       0.00000000    
   120.796875       0.00000000    
   120.867188       0.00000000    
   120.937500       0.00000000    
   121.007812       0.00000000    
   121.078125       0.00000000    
   121.148438       0.00000000    
   121.218750       0.00000000    
   121.289062       0.00000000    
   121.359375       0.00000000    
   121.429688       0.00000000    
   121.500000       0.00000000    
   121.570312       0.00000000    
   121.640625       0.00000000    
   121.710938       0.00000000    
