2003 09 25 19 50 06.0 41.810 143.910
41. 1.562E+21 8.062 257 24 137 28 74 72
  -1.12500000       0.00000000    
  -1.05468750       0.00000000    
 -0.984375000       0.00000000    
 -0.914062500       0.00000000    
 -0.843750000       0.00000000    
 -0.773437500       0.00000000    
 -0.703125000       0.00000000    
 -0.632812500       0.00000000    
 -0.562500000       0.00000000    
 -0.492187500       0.00000000    
 -0.421875000       0.00000000    
 -0.351562500       0.00000000    
 -0.281250000       0.00000000    
 -0.210937500       0.00000000    
 -0.140625000       0.00000000    
  -7.03125000E-02   0.00000000    
   0.00000000       0.00000000    
   7.03125000E-02   1.69620229E+18
  0.140625000       1.78431015E+18
  0.210937500       1.88409523E+18
  0.281250000       1.99752799E+18
  0.351562500       2.12773147E+18
  0.421875000       2.27684380E+18
  0.492187500       2.44643206E+18
  0.562500000       2.63617753E+18
  0.632812500       2.84494318E+18
  0.703125000       3.06978891E+18
  0.773437500       3.30720206E+18
  0.843750000       3.55222300E+18
  0.914062500       3.79970328E+18
  0.984375000       4.04347490E+18
   1.05468750       4.27785780E+18
   1.12500000       4.49713038E+18
   1.19531250       4.69718844E+18
   1.26562500       4.87496958E+18
   1.33593750       5.02997213E+18
   1.40625000       5.16332090E+18
   1.47656250       5.27851233E+18
   1.54687500       5.37946784E+18
   1.61718750       5.47042274E+18
   1.68750000       5.55369480E+18
   1.75781250       5.63003005E+18
   1.82812500       5.69750103E+18
   1.89843750       5.75336667E+18
   1.96875000       5.79420308E+18
   2.03906250       5.81807567E+18
   2.10937500       5.82404382E+18
   2.17968750       5.81329115E+18
   2.25000000       5.78768517E+18
   2.32031250       5.75039359E+18
   2.39062500       5.70442191E+18
   2.46093750       5.65357939E+18
   2.53125000       5.60135039E+18
   2.60156250       5.55175637E+18
   2.67187500       5.50778250E+18
   2.74218750       5.47175095E+18
   2.81250000       5.44353583E+18
   2.88281250       5.42106402E+18
   2.95312500       5.39917329E+18
   3.02343750       5.37145130E+18
   3.09375000       5.33079246E+18
   3.16406250       5.27253814E+18
   3.23437500       5.19527490E+18
   3.30468750       5.10300059E+18
   3.37500000       5.00382959E+18
   3.44531250       4.90950194E+18
   3.51562500       4.83177966E+18
   3.58593750       4.78088931E+18
   3.65625000       4.76237794E+18
   3.72656250       4.77714218E+18
   3.79687500       4.82043930E+18
   3.86718750       4.88404329E+18
   3.93750000       4.95684581E+18
   4.00781250       5.02768679E+18
   4.07812500       5.08582512E+18
   4.14843750       5.12325634E+18
   4.21875000       5.13451479E+18
   4.28906250       5.11819254E+18
   4.35937500       5.07589763E+18
   4.42968750       5.01300556E+18
   4.50000000       4.93688033E+18
   4.57031250       4.85683148E+18
   4.64062500       4.78159300E+18
   4.71093750       4.71898956E+18
   4.78125000       4.67376939E+18
   4.85156250       4.64813373E+18
   4.92187500       4.64081208E+18
   4.99218750       4.64894022E+18
   5.06250000       4.66821466E+18
   5.13281250       4.69506363E+18
   5.20312500       4.72634584E+18
   5.27343750       4.76078749E+18
   5.34375000       4.79795098E+18
   5.41406250       4.83901829E+18
   5.48437500       4.88529729E+18
   5.55468750       4.93896995E+18
   5.62500000       5.00180649E+18
   5.69531250       5.07605981E+18
   5.76562500       5.16321315E+18
   5.83593750       5.26498449E+18
   5.90625000       5.38225950E+18
   5.97656250       5.51615418E+18
   6.04687500       5.66696649E+18
   6.11718750       5.83532096E+18
   6.18750000       6.02126652E+18
   6.25781250       6.22546067E+18
   6.32812500       6.44816676E+18
   6.39843750       6.69040181E+18
   6.46875000       6.95288767E+18
   6.53906250       7.23692726E+18
   6.60937500       7.54295213E+18
   6.67968750       7.87123277E+18
   6.75000000       8.22058830E+18
   6.82031250       8.58937109E+18
   6.89062500       8.97441292E+18
   6.96093750       9.37221073E+18
   7.03125000       9.77798549E+18
   7.10156250       1.01867982E+19
   7.17187500       1.05927324E+19
   7.24218750       1.09905203E+19
   7.31250000       1.13755572E+19
   7.38281250       1.17459200E+19
   7.45312500       1.21020100E+19
   7.52343750       1.24475986E+19
   7.59375000       1.27881855E+19
   7.66406250       1.31308319E+19
   7.73437500       1.34817454E+19
   7.80468750       1.38463302E+19
   7.87500000       1.42277299E+19
   7.94531250       1.46279181E+19
   8.01562500       1.50469189E+19
   8.08593750       1.54841177E+19
   8.15625000       1.59372902E+19
   8.22656250       1.64033193E+19
   8.29687500       1.68767327E+19
   8.36718750       1.73505750E+19
   8.43750000       1.78158553E+19
   8.50781250       1.82635281E+19
   8.57812500       1.86846872E+19
   8.64843750       1.90727686E+19
   8.71875000       1.94234051E+19
   8.78906250       1.97357433E+19
   8.85937500       2.00111930E+19
   8.92968750       2.02539915E+19
   9.00000000       2.04696168E+19
   9.07031250       2.06651583E+19
   9.14062500       2.08475343E+19
   9.21093750       2.10238080E+19
   9.28125000       2.11995408E+19
   9.35156250       2.13792867E+19
   9.42187500       2.15652361E+19
   9.49218750       2.17581718E+19
   9.56250000       2.19568998E+19
   9.63281250       2.21598432E+19
   9.70312500       2.23647592E+19
   9.77343750       2.25704624E+19
   9.84375000       2.27764845E+19
   9.91406250       2.29845077E+19
   9.98437500       2.31973908E+19
   10.0546875       2.34201100E+19
   10.1250000       2.36583896E+19
   10.1953125       2.39189299E+19
   10.2656250       2.42070855E+19
   10.3359375       2.45263991E+19
   10.4062500       2.48764968E+19
   10.4765625       2.52538579E+19
   10.5468750       2.56516700E+19
   10.6171875       2.60627950E+19
   10.6875000       2.64810932E+19
   10.7578125       2.69041281E+19
   10.8281250       2.73325111E+19
   10.8984375       2.77697978E+19
   10.9687500       2.82193332E+19
   11.0390625       2.86827619E+19
   11.1093750       2.91570209E+19
   11.1796875       2.96346817E+19
   11.2500000       3.01039071E+19
   11.3203125       3.05518811E+19
   11.3906250       3.09668148E+19
   11.4609375       3.13418252E+19
   11.5312500       3.16755534E+19
   11.6015625       3.19728877E+19
   11.6718750       3.22417513E+19
   11.7421875       3.24906324E+19
   11.8125000       3.27241774E+19
   11.8828125       3.29416740E+19
   11.9531250       3.31354564E+19
   12.0234375       3.32935375E+19
   12.0937500       3.34021891E+19
   12.1640625       3.34512207E+19
   12.2343750       3.34366698E+19
   12.3046875       3.33637853E+19
   12.3750000       3.32458517E+19
   12.4453125       3.31029702E+19
   12.5156250       3.29572343E+19
   12.5859375       3.28294997E+19
   12.6562500       3.27346052E+19
   12.7265625       3.26797264E+19
   12.7968750       3.26624662E+19
   12.8671875       3.26730655E+19
   12.9375000       3.26967248E+19
   13.0078125       3.27192274E+19
   13.0781250       3.27306734E+19
   13.1484375       3.27300554E+19
   13.2187500       3.27257497E+19
   13.2890625       3.27353023E+19
   13.3593750       3.27809760E+19
   13.4296875       3.28862894E+19
   13.5000000       3.30709942E+19
   13.5703125       3.33495775E+19
   13.6406250       3.37297160E+19
   13.7109375       3.42144005E+19
   13.7812500       3.48030263E+19
   13.8515625       3.54942013E+19
   13.9218750       3.62858167E+19
   13.9921875       3.71759923E+19
   14.0625000       3.81614845E+19
   14.1328125       3.92374710E+19
   14.2031250       4.03954151E+19
   14.2734375       4.16234376E+19
   14.3437500       4.29059608E+19
   14.4140625       4.42261268E+19
   14.4843750       4.55669680E+19
   14.5546875       4.69142788E+19
   14.6250000       4.82570244E+19
   14.6953125       4.95881767E+19
   14.7656250       5.09024757E+19
   14.8359375       5.21956861E+19
   14.9062500       5.34625083E+19
   14.9765625       5.46972818E+19
   15.0468750       5.58937264E+19
   15.1171875       5.70469074E+19
   15.1875000       5.81532008E+19
   15.2578125       5.92114983E+19
   15.3281250       6.02218000E+19
   15.3984375       6.11855219E+19
   15.4687500       6.21043266E+19
   15.5390625       6.29813674E+19
   15.6093750       6.38206906E+19
   15.6796875       6.46284535E+19
   15.7500000       6.54115960E+19
   15.8203125       6.61777049E+19
   15.8906250       6.69324185E+19
   15.9609375       6.76791936E+19
   16.0312500       6.84184436E+19
   16.1015625       6.91497904E+19
   16.1718750       6.98732910E+19
   16.2421875       7.05923233E+19
   16.3125000       7.13140603E+19
   16.3828125       7.20501833E+19
   16.4531250       7.28141944E+19
   16.5234375       7.36194151E+19
   16.5937500       7.44749099E+19
   16.6640625       7.53837223E+19
   16.7343750       7.63397608E+19
   16.8046875       7.73281866E+19
   16.8750000       7.83255228E+19
   16.9453125       7.93032965E+19
   17.0156250       8.02310116E+19
   17.0859375       8.10811188E+19
   17.1562500       8.18318566E+19
   17.2265625       8.24703122E+19
   17.2968750       8.29918062E+19
   17.3671875       8.33992940E+19
   17.4375000       8.37000676E+19
   17.5078125       8.39041809E+19
   17.5781250       8.40217583E+19
   17.6484375       8.40631263E+19
   17.7187500       8.40382686E+19
   17.7890625       8.39587079E+19
   17.8593750       8.38370579E+19
   17.9296875       8.36877355E+19
   18.0000000       8.35251573E+19
   18.0703125       8.33634059E+19
   18.1406250       8.32138723E+19
   18.2109375       8.30850711E+19
   18.2812500       8.29811277E+19
   18.3515625       8.29029568E+19
   18.4218750       8.28475326E+19
   18.4921875       8.28095423E+19
   18.5625000       8.27814916E+19
   18.6328125       8.27560973E+19
   18.7031250       8.27265600E+19
   18.7734375       8.26889039E+19
   18.8437500       8.26417656E+19
   18.9140625       8.25881886E+19
   18.9843750       8.25341454E+19
   19.0546875       8.24882738E+19
   19.1250000       8.24587629E+19
   19.1953125       8.24518492E+19
   19.2656250       8.24685970E+19
   19.3359375       8.25046609E+19
   19.4062500       8.25499608E+19
   19.4765625       8.25918830E+19
   19.5468750       8.26174181E+19
   19.6171875       8.26170662E+19
   19.6875000       8.25858489E+19
   19.7578125       8.25249447E+19
   19.8281250       8.24395435E+19
   19.8984375       8.23377375E+19
   19.9687500       8.22271354E+19
   20.0390625       8.21140265E+19
   20.1093750       8.20010318E+19
   20.1796875       8.18874919E+19
   20.2500000       8.17686830E+19
   20.3203125       8.16377884E+19
   20.3906250       8.14863197E+19
   20.4609375       8.13069761E+19
   20.5312500       8.10945153E+19
   20.6015625       8.08483566E+19
   20.6718750       8.05720625E+19
   20.7421875       8.02738486E+19
   20.8125000       7.99639271E+19
   20.8828125       7.96538296E+19
   20.9531250       7.93533551E+19
   21.0234375       7.90702440E+19
   21.0937500       7.88086746E+19
   21.1640625       7.85708458E+19
   21.2343750       7.83566786E+19
   21.3046875       7.81655483E+19
   21.3750000       7.79952823E+19
   21.4453125       7.78433298E+19
   21.5156250       7.77052311E+19
   21.5859375       7.75757350E+19
   21.6562500       7.74481125E+19
   21.7265625       7.73165582E+19
   21.7968750       7.71764188E+19
   21.8671875       7.70264190E+19
   21.9375000       7.68678431E+19
   22.0078125       7.67050274E+19
   22.0781250       7.65423172E+19
   22.1484375       7.63824307E+19
   22.2187500       7.62226232E+19
   22.2890625       7.60540109E+19
   22.3593750       7.58601890E+19
   22.4296875       7.56196687E+19
   22.5000000       7.53079703E+19
   22.5703125       7.49026024E+19
   22.6406250       7.43858143E+19
   22.7109375       7.37483834E+19
   22.7812500       7.29897292E+19
   22.8515625       7.21186081E+19
   22.9218750       7.11504881E+19
   22.9921875       7.01061412E+19
   23.0625000       6.90080062E+19
   23.1328125       6.78791244E+19
   23.2031250       6.67400040E+19
   23.2734375       6.56082151E+19
   23.3437500       6.44959887E+19
   23.4140625       6.34110874E+19
   23.4843750       6.23557893E+19
   23.5546875       6.13288762E+19
   23.6250000       6.03260117E+19
   23.6953125       5.93429823E+19
   23.7656250       5.83765072E+19
   23.8359375       5.74269162E+19
   23.9062500       5.64974286E+19
   23.9765625       5.55948923E+19
   24.0468750       5.47268279E+19
   24.1171875       5.39003910E+19
   24.1875000       5.31191220E+19
   24.2578125       5.23832232E+19
   24.3281250       5.16886881E+19
   24.3984375       5.10297772E+19
   24.4687500       5.03994976E+19
   24.5390625       4.97923384E+19
   24.6093750       4.92039018E+19
   24.6796875       4.86319271E+19
   24.7500000       4.80741316E+19
   24.8203125       4.75281053E+19
   24.8906250       4.69887553E+19
   24.9609375       4.64486444E+19
   25.0312500       4.58969930E+19
   25.1015625       4.53222211E+19
   25.1718750       4.47130741E+19
   25.2421875       4.40618598E+19
   25.3125000       4.33647298E+19
   25.3828125       4.26231136E+19
   25.4531250       4.18414620E+19
   25.5234375       4.10266139E+19
   25.5937500       4.01847531E+19
   25.6640625       3.93215749E+19
   25.7343750       3.84409012E+19
   25.8046875       3.75463122E+19
   25.8750000       3.66407566E+19
   25.9453125       3.57286677E+19
   26.0156250       3.48152089E+19
   26.0859375       3.39074455E+19
   26.1562500       3.30127487E+19
   26.2265625       3.21398486E+19
   26.2968750       3.12977084E+19
   26.3671875       3.04971408E+19
   26.4375000       2.97498380E+19
   26.5078125       2.90692732E+19
   26.5781250       2.84677964E+19
   26.6484375       2.79548434E+19
   26.7187500       2.75320153E+19
   26.7890625       2.71913404E+19
   26.8593750       2.69129308E+19
   26.9296875       2.66676078E+19
   27.0000000       2.64196371E+19
   27.0703125       2.61335420E+19
   27.1406250       2.57787428E+19
   27.2109375       2.53354087E+19
   27.2812500       2.47957552E+19
   27.3515625       2.41653106E+19
   27.4218750       2.34594418E+19
   27.4921875       2.27008689E+19
   27.5625000       2.19144344E+19
   27.6328125       2.11251126E+19
   27.7031250       2.03548344E+19
   27.7734375       1.96231511E+19
   27.8437500       1.89464193E+19
   27.9140625       1.83399529E+19
   27.9843750       1.78173363E+19
   28.0546875       1.73913262E+19
   28.1250000       1.70713309E+19
   28.1953125       1.68628954E+19
   28.2656250       1.67648530E+19
   28.3359375       1.67697019E+19
   28.4062500       1.68627052E+19
   28.4765625       1.70246005E+19
   28.5468750       1.72326875E+19
   28.6171875       1.74646713E+19
   28.6875000       1.77000921E+19
   28.7578125       1.79240406E+19
   28.8281250       1.81281331E+19
   28.8984375       1.83131710E+19
   28.9687500       1.84883276E+19
   29.0390625       1.86711742E+19
   29.1093750       1.88835581E+19
   29.1796875       1.91483556E+19
   29.2500000       1.94834142E+19
   29.3203125       1.98985920E+19
   29.3906250       2.03923827E+19
   29.4609375       2.09534327E+19
   29.5312500       2.15621179E+19
   29.6015625       2.21960523E+19
   29.6718750       2.28334634E+19
   29.7421875       2.34579332E+19
   29.8125000       2.40589879E+19
   29.8828125       2.46330891E+19
   29.9531250       2.51806898E+19
   30.0234375       2.57048974E+19
   30.0937500       2.62080757E+19
   30.1640625       2.66916299E+19
   30.2343750       2.71546255E+19
   30.3046875       2.75956176E+19
   30.3750000       2.80127459E+19
   30.4453125       2.84062567E+19
   30.5156250       2.87782875E+19
   30.5859375       2.91342104E+19
   30.6562500       2.94809546E+19
   30.7265625       2.98269555E+19
   30.7968750       3.01796327E+19
   30.8671875       3.05452577E+19
   30.9375000       3.09270103E+19
   31.0078125       3.13258977E+19
   31.0781250       3.17397297E+19
   31.1484375       3.21646360E+19
   31.2187500       3.25945406E+19
   31.2890625       3.30231742E+19
   31.3593750       3.34438188E+19
   31.4296875       3.38511747E+19
   31.5000000       3.42405711E+19
   31.5703125       3.46090988E+19
   31.6406250       3.49543938E+19
   31.7109375       3.52759900E+19
   31.7812500       3.55753100E+19
   31.8515625       3.58584915E+19
   31.9218750       3.61367207E+19
   31.9921875       3.64274469E+19
   32.0625000       3.67511850E+19
   32.1328125       3.71286077E+19
   32.2031250       3.75742398E+19
   32.2734375       3.80930553E+19
   32.3437500       3.86771467E+19
   32.4140625       3.93076858E+19
   32.4843750       3.99573433E+19
   32.5546875       4.05964762E+19
   32.6250000       4.11971130E+19
   32.6953125       4.17381475E+19
   32.7656250       4.22066714E+19
   32.8359375       4.25995797E+19
   32.9062500       4.29215475E+19
   32.9765625       4.31839305E+19
   33.0468750       4.34005255E+19
   33.1171875       4.35853358E+19
   33.1875000       4.37483538E+19
   33.2578125       4.38946240E+19
   33.3281250       4.40222641E+19
   33.3984375       4.41240833E+19
   33.4687500       4.41882816E+19
   33.5390625       4.42022982E+19
   33.6093750       4.41546849E+19
   33.6796875       4.40387040E+19
   33.7500000       4.38527678E+19
   33.8203125       4.36019868E+19
   33.8906250       4.32962170E+19
   33.9609375       4.29491540E+19
   34.0312500       4.25747835E+19
   34.1015625       4.21861325E+19
   34.1718750       4.17925425E+19
   34.2421875       4.14002456E+19
   34.3125000       4.10119552E+19
   34.3828125       4.06296111E+19
   34.4531250       4.02549723E+19
   34.5234375       3.98921994E+19
   34.5937500       3.95472782E+19
   34.6640625       3.92292335E+19
   34.7343750       3.89483039E+19
   34.8046875       3.87159990E+19
   34.8750000       3.85427248E+19
   34.9453125       3.84377566E+19
   35.0156250       3.84070143E+19
   35.0859375       3.84533873E+19
   35.1562500       3.85753715E+19
   35.2265625       3.87685557E+19
   35.2968750       3.90250586E+19
   35.3671875       3.93352176E+19
   35.4375000       3.96868326E+19
   35.5078125       4.00665204E+19
   35.5781250       4.04588217E+19
   35.6484375       4.08478641E+19
   35.7187500       4.12172824E+19
   35.7890625       4.15531041E+19
   35.8593750       4.18443295E+19
   35.9296875       4.20854216E+19
   36.0000000       4.22757251E+19
   36.0703125       4.24201042E+19
   36.1406250       4.25265325E+19
   36.2109375       4.26054862E+19
   36.2812500       4.26673712E+19
   36.3515625       4.27226590E+19
   36.4218750       4.27800799E+19
   36.4921875       4.28470841E+19
   36.5625000       4.29279334E+19
   36.6328125       4.30243298E+19
   36.7031250       4.31341578E+19
   36.7734375       4.32533537E+19
   36.8437500       4.33762835E+19
   36.9140625       4.34990373E+19
   36.9843750       4.36199265E+19
   37.0546875       4.37411718E+19
   37.1250000       4.38667360E+19
   37.1953125       4.40014350E+19
   37.2656250       4.41472830E+19
   37.3359375       4.43028947E+19
   37.4062500       4.44621436E+19
   37.4765625       4.46169548E+19
   37.5468750       4.47587214E+19
   37.6171875       4.48821262E+19
   37.6875000       4.49853000E+19
   37.7578125       4.50708640E+19
   37.8281250       4.51428204E+19
   37.8984375       4.52049604E+19
   37.9687500       4.52569849E+19
   38.0390625       4.52942320E+19
   38.1093750       4.53064937E+19
   38.1796875       4.52805013E+19
   38.2500000       4.52009230E+19
   38.3203125       4.50538699E+19
   38.3906250       4.48274013E+19
   38.4609375       4.45132269E+19
   38.5312500       4.41051849E+19
   38.6015625       4.35995327E+19
   38.6718750       4.29927782E+19
   38.7421875       4.22822870E+19
   38.8125000       4.14650552E+19
   38.8828125       4.05399041E+19
   38.9531250       3.95075990E+19
   39.0234375       3.83736551E+19
   39.0937500       3.71483417E+19
   39.1640625       3.58488246E+19
   39.2343750       3.44977908E+19
   39.3046875       3.31231572E+19
   39.3750000       3.17541795E+19
   39.4453125       3.04193130E+19
   39.5156250       2.91415551E+19
   39.5859375       2.79369654E+19
   39.6562500       2.68121232E+19
   39.7265625       2.57657928E+19
   39.7968750       2.47893561E+19
   39.8671875       2.38704128E+19
   39.9375000       2.29938668E+19
   40.0078125       2.21455386E+19
   40.0781250       2.13127575E+19
   40.1484375       2.04871958E+19
   40.2187500       1.96645917E+19
   40.2890625       1.88465925E+19
   40.3593750       1.80392057E+19
   40.4296875       1.72528954E+19
   40.5000000       1.64992539E+19
   40.5703125       1.57898798E+19
   40.6406250       1.51328347E+19
   40.7109375       1.45323035E+19
   40.7812500       1.39868401E+19
   40.8515625       1.34913925E+19
   40.9218750       1.30374910E+19
   40.9921875       1.26160097E+19
   41.0625000       1.22167100E+19
   41.1328125       1.18296588E+19
   41.2031250       1.14434125E+19
   41.2734375       1.10458115E+19
   41.3437500       1.06229052E+19
   41.4140625       1.01618173E+19
   41.4843750       9.65205403E+18
   41.5546875       9.08947571E+18
   41.6250000       8.47673107E+18
   41.6953125       7.82461458E+18
   41.7656250       7.14907023E+18
   41.8359375       6.46946430E+18
   41.9062500       5.80397004E+18
   41.9765625       0.00000000    
   42.0468750       0.00000000    
   42.1171875       0.00000000    
   42.1875000       0.00000000    
   42.2578125       0.00000000    
   42.3281250       0.00000000    
   42.3984375       0.00000000    
   42.4687500       0.00000000    
   42.5390625       0.00000000    
   42.6093750       0.00000000    
   42.6796875       0.00000000    
   42.7500000       0.00000000    
   42.8203125       0.00000000    
   42.8906250       0.00000000    
   42.9609375       0.00000000    
   43.0312500       0.00000000    
   43.1015625       0.00000000    
   43.1718750       0.00000000    
   43.2421875       0.00000000    
   43.3125000       0.00000000    
   43.3828125       0.00000000    
   43.4531250       0.00000000    
   43.5234375       0.00000000    
   43.5937500       0.00000000    
   43.6640625       0.00000000    
   43.7343750       0.00000000    
   43.8046875       0.00000000    
   43.8750000       0.00000000    
   43.9453125       0.00000000    
   44.0156250       0.00000000    
   44.0859375       0.00000000    
   44.1562500       0.00000000    
   44.2265625       0.00000000    
   44.2968750       0.00000000    
   44.3671875       0.00000000    
   44.4375000       0.00000000    
   44.5078125       0.00000000    
   44.5781250       0.00000000    
   44.6484375       0.00000000    
   44.7187500       0.00000000    
   44.7890625       0.00000000    
   44.8593750       0.00000000    
   44.9296875       0.00000000    
   45.0000000       0.00000000    
   45.0703125       0.00000000    
   45.1406250       0.00000000    
   45.2109375       0.00000000    
   45.2812500       0.00000000    
   45.3515625       0.00000000    
   45.4218750       0.00000000    
   45.4921875       0.00000000    
   45.5625000       0.00000000    
   45.6328125       0.00000000    
   45.7031250       0.00000000    
   45.7734375       0.00000000    
   45.8437500       0.00000000    
   45.9140625       0.00000000    
   45.9843750       0.00000000    
   46.0546875       0.00000000    
   46.1250000       0.00000000    
   46.1953125       0.00000000    
   46.2656250       0.00000000    
   46.3359375       0.00000000    
   46.4062500       0.00000000    
   46.4765625       0.00000000    
   46.5468750       0.00000000    
   46.6171875       0.00000000    
   46.6875000       0.00000000    
   46.7578125       0.00000000    
   46.8281250       0.00000000    
   46.8984375       0.00000000    
   46.9687500       0.00000000    
   47.0390625       0.00000000    
   47.1093750       0.00000000    
   47.1796875       0.00000000    
   47.2500000       0.00000000    
   47.3203125       0.00000000    
   47.3906250       0.00000000    
   47.4609375       0.00000000    
   47.5312500       0.00000000    
   47.6015625       0.00000000    
   47.6718750       0.00000000    
   47.7421875       0.00000000    
   47.8125000       0.00000000    
   47.8828125       0.00000000    
   47.9531250       0.00000000    
   48.0234375       0.00000000    
   48.0937500       0.00000000    
   48.1640625       0.00000000    
   48.2343750       0.00000000    
   48.3046875       0.00000000    
   48.3750000       0.00000000    
   48.4453125       0.00000000    
   48.5156250       0.00000000    
   48.5859375       0.00000000    
   48.6562500       0.00000000    
   48.7265625       0.00000000    
   48.7968750       0.00000000    
   48.8671875       0.00000000    
   48.9375000       0.00000000    
   49.0078125       0.00000000    
   49.0781250       0.00000000    
   49.1484375       0.00000000    
   49.2187500       0.00000000    
   49.2890625       0.00000000    
   49.3593750       0.00000000    
   49.4296875       0.00000000    
   49.5000000       0.00000000    
   49.5703125       0.00000000    
   49.6406250       0.00000000    
   49.7109375       0.00000000    
   49.7812500       0.00000000    
   49.8515625       0.00000000    
   49.9218750       0.00000000    
   49.9921875       0.00000000    
   50.0625000       0.00000000    
   50.1328125       0.00000000    
   50.2031250       0.00000000    
   50.2734375       0.00000000    
   50.3437500       0.00000000    
   50.4140625       0.00000000    
   50.4843750       0.00000000    
   50.5546875       0.00000000    
   50.6250000       0.00000000    
   50.6953125       0.00000000    
   50.7656250       0.00000000    
   50.8359375       0.00000000    
   50.9062500       0.00000000    
   50.9765625       0.00000000    
   51.0468750       0.00000000    
   51.1171875       0.00000000    
   51.1875000       0.00000000    
   51.2578125       0.00000000    
   51.3281250       0.00000000    
   51.3984375       0.00000000    
   51.4687500       0.00000000    
   51.5390625       0.00000000    
   51.6093750       0.00000000    
   51.6796875       0.00000000    
   51.7500000       0.00000000    
   51.8203125       0.00000000    
   51.8906250       0.00000000    
   51.9609375       0.00000000    
   52.0312500       0.00000000    
   52.1015625       0.00000000    
   52.1718750       0.00000000    
   52.2421875       0.00000000    
   52.3125000       0.00000000    
   52.3828125       0.00000000    
   52.4531250       0.00000000    
   52.5234375       0.00000000    
   52.5937500       0.00000000    
   52.6640625       0.00000000    
   52.7343750       0.00000000    
   52.8046875       0.00000000    
   52.8750000       0.00000000    
   52.9453125       0.00000000    
   53.0156250       0.00000000    
   53.0859375       0.00000000    
   53.1562500       0.00000000    
   53.2265625       0.00000000    
   53.2968750       0.00000000    
   53.3671875       0.00000000    
   53.4375000       0.00000000    
   53.5078125       0.00000000    
   53.5781250       0.00000000    
   53.6484375       0.00000000    
   53.7187500       0.00000000    
   53.7890625       0.00000000    
   53.8593750       0.00000000    
   53.9296875       0.00000000    
   54.0000000       0.00000000    
   54.0703125       0.00000000    
   54.1406250       0.00000000    
   54.2109375       0.00000000    
   54.2812500       0.00000000    
   54.3515625       0.00000000    
   54.4218750       0.00000000    
   54.4921875       0.00000000    
   54.5625000       0.00000000    
   54.6328125       0.00000000    
   54.7031250       0.00000000    
   54.7734375       0.00000000    
   54.8437500       0.00000000    
   54.9140625       0.00000000    
   54.9843750       0.00000000    
   55.0546875       0.00000000    
   55.1250000       0.00000000    
   55.1953125       0.00000000    
   55.2656250       0.00000000    
   55.3359375       0.00000000    
   55.4062500       0.00000000    
   55.4765625       0.00000000    
   55.5468750       0.00000000    
   55.6171875       0.00000000    
   55.6875000       0.00000000    
   55.7578125       0.00000000    
   55.8281250       0.00000000    
   55.8984375       0.00000000    
   55.9687500       0.00000000    
   56.0390625       0.00000000    
   56.1093750       0.00000000    
   56.1796875       0.00000000    
   56.2500000       0.00000000    
   56.3203125       0.00000000    
   56.3906250       0.00000000    
   56.4609375       0.00000000    
   56.5312500       0.00000000    
   56.6015625       0.00000000    
   56.6718750       0.00000000    
   56.7421875       0.00000000    
   56.8125000       0.00000000    
   56.8828125       0.00000000    
   56.9531250       0.00000000    
   57.0234375       0.00000000    
   57.0937500       0.00000000    
   57.1640625       0.00000000    
   57.2343750       0.00000000    
   57.3046875       0.00000000    
   57.3750000       0.00000000    
   57.4453125       0.00000000    
   57.5156250       0.00000000    
   57.5859375       0.00000000    
   57.6562500       0.00000000    
   57.7265625       0.00000000    
   57.7968750       0.00000000    
   57.8671875       0.00000000    
   57.9375000       0.00000000    
   58.0078125       0.00000000    
   58.0781250       0.00000000    
   58.1484375       0.00000000    
   58.2187500       0.00000000    
   58.2890625       0.00000000    
   58.3593750       0.00000000    
   58.4296875       0.00000000    
   58.5000000       0.00000000    
   58.5703125       0.00000000    
   58.6406250       0.00000000    
   58.7109375       0.00000000    
   58.7812500       0.00000000    
   58.8515625       0.00000000    
   58.9218750       0.00000000    
   58.9921875       0.00000000    
   59.0625000       0.00000000    
   59.1328125       0.00000000    
   59.2031250       0.00000000    
   59.2734375       0.00000000    
   59.3437500       0.00000000    
   59.4140625       0.00000000    
   59.4843750       0.00000000    
   59.5546875       0.00000000    
   59.6250000       0.00000000    
   59.6953125       0.00000000    
   59.7656250       0.00000000    
   59.8359375       0.00000000    
   59.9062500       0.00000000    
   59.9765625       0.00000000    
   60.0468750       0.00000000    
   60.1171875       0.00000000    
   60.1875000       0.00000000    
   60.2578125       0.00000000    
   60.3281250       0.00000000    
   60.3984375       0.00000000    
   60.4687500       0.00000000    
   60.5390625       0.00000000    
   60.6093750       0.00000000    
   60.6796875       0.00000000    
   60.7500000       0.00000000    
   60.8203125       0.00000000    
   60.8906250       0.00000000    
   60.9609375       0.00000000    
   61.0312500       0.00000000    
   61.1015625       0.00000000    
   61.1718750       0.00000000    
   61.2421875       0.00000000    
   61.3125000       0.00000000    
   61.3828125       0.00000000    
   61.4531250       0.00000000    
   61.5234375       0.00000000    
   61.5937500       0.00000000    
   61.6640625       0.00000000    
   61.7343750       0.00000000    
   61.8046875       0.00000000    
   61.8750000       0.00000000    
   61.9453125       0.00000000    
   62.0156250       0.00000000    
   62.0859375       0.00000000    
   62.1562500       0.00000000    
   62.2265625       0.00000000    
   62.2968750       0.00000000    
   62.3671875       0.00000000    
   62.4375000       0.00000000    
   62.5078125       0.00000000    
   62.5781250       0.00000000    
   62.6484375       0.00000000    
   62.7187500       0.00000000    
   62.7890625       0.00000000    
   62.8593750       0.00000000    
   62.9296875       0.00000000    
   63.0000000       0.00000000    
   63.0703125       0.00000000    
   63.1406250       0.00000000    
   63.2109375       0.00000000    
   63.2812500       0.00000000    
   63.3515625       0.00000000    
   63.4218750       0.00000000    
   63.4921875       0.00000000    
