2017 09 08 04 49 19.0 15.022 -93.899
45. 2.011E+21 8.136 164 16 -61 313 76 -98
  -1.12500000       0.00000000    
  -1.05468750       0.00000000    
 -0.984375000       0.00000000    
 -0.914062500       0.00000000    
 -0.843750000       0.00000000    
 -0.773437500       0.00000000    
 -0.703125000       0.00000000    
 -0.632812500       0.00000000    
 -0.562500000       0.00000000    
 -0.492187500       0.00000000    
 -0.421875000       0.00000000    
 -0.351562500       0.00000000    
 -0.281250000       0.00000000    
 -0.210937500       0.00000000    
 -0.140625000       0.00000000    
  -7.03125000E-02   0.00000000    
   0.00000000       0.00000000    
   7.03125000E-02   2.18714551E+18
  0.140625000       2.50835161E+18
  0.210937500       2.84306164E+18
  0.281250000       3.18560624E+18
  0.351562500       3.53020446E+18
  0.421875000       3.87164460E+18
  0.492187500       4.20523753E+18
  0.562500000       4.52723363E+18
  0.632812500       4.83442069E+18
  0.703125000       5.12439654E+18
  0.773437500       5.39518976E+18
  0.843750000       5.64552272E+18
  0.914062500       5.87435583E+18
  0.984375000       6.08117671E+18
   1.05468750       6.26563903E+18
   1.12500000       6.42780875E+18
   1.19531250       6.56773040E+18
   1.26562500       6.68573219E+18
   1.33593750       6.78213352E+18
   1.40625000       6.85759630E+18
   1.47656250       6.91280937E+18
   1.54687500       6.94888930E+18
   1.61718750       6.96715219E+18
   1.68750000       6.96940344E+18
   1.75781250       6.95751552E+18
   1.82812500       6.93369130E+18
   1.89843750       6.90017434E+18
   1.96875000       6.85953529E+18
   2.03906250       6.81424530E+18
   2.10937500       6.76693717E+18
   2.17968750       6.72002265E+18
   2.25000000       6.67592894E+18
   2.32031250       6.63665823E+18
   2.39062500       6.60410719E+18
   2.46093750       6.57981403E+18
   2.53125000       6.56537250E+18
   2.60156250       6.56224329E+18
   2.67187500       6.57231481E+18
   2.74218750       6.59786361E+18
   2.81250000       6.64201175E+18
   2.88281250       6.70832385E+18
   2.95312500       6.80091757E+18
   3.02343750       6.92381604E+18
   3.09375000       7.08081310E+18
   3.16406250       7.27466965E+18
   3.23437500       7.50717018E+18
   3.30468750       7.77872646E+18
   3.37500000       8.08877774E+18
   3.44531250       8.43555986E+18
   3.51562500       8.81657088E+18
   3.58593750       9.22832094E+18
   3.65625000       9.66656538E+18
   3.72656250       1.01258259E+19
   3.79687500       1.05996318E+19
   3.86718750       1.10804054E+19
   3.93750000       1.15599717E+19
   4.00781250       1.20295401E+19
   4.07812500       1.24803795E+19
   4.14843750       1.29039674E+19
   4.21875000       1.32925733E+19
   4.28906250       1.36391141E+19
   4.35937500       1.39376337E+19
   4.42968750       1.41831931E+19
   4.50000000       1.43723498E+19
   4.57031250       1.45029168E+19
   4.64062500       1.45743763E+19
   4.71093750       1.45876078E+19
   4.78125000       1.45451128E+19
   4.85156250       1.44505119E+19
   4.92187500       1.43086309E+19
   4.99218750       1.41249905E+19
   5.06250000       1.39057731E+19
   5.13281250       1.36570108E+19
   5.20312500       1.33844100E+19
   5.27343750       1.30926469E+19
   5.34375000       1.27854533E+19
   5.41406250       1.24652183E+19
   5.48437500       1.21336210E+19
   5.55468750       1.17918477E+19
   5.62500000       1.14415730E+19
   5.69531250       1.10851355E+19
   5.76562500       1.07262560E+19
   5.83593750       1.03697756E+19
   5.90625000       1.00217417E+19
   5.97656250       9.68856771E+18
   6.04687500       9.37683197E+18
   6.11718750       9.09255434E+18
   6.18750000       8.84113562E+18
   6.25781250       8.62682156E+18
   6.32812500       8.45301461E+18
   6.39843750       8.32219087E+18
   6.46875000       8.23644380E+18
   6.53906250       8.19727480E+18
   6.60937500       8.20599338E+18
   6.67968750       8.26337854E+18
   6.75000000       8.36987669E+18
   6.82031250       8.52510134E+18
   6.89062500       8.72813331E+18
   6.96093750       8.97732497E+18
   7.03125000       9.27073240E+18
   7.10156250       9.60590753E+18
   7.17187500       9.98027144E+18
   7.24218750       1.03908335E+19
   7.31250000       1.08342786E+19
   7.38281250       1.13063056E+19
   7.45312500       1.18016443E+19
   7.52343750       1.23136913E+19
   7.59375000       1.28349324E+19
   7.66406250       1.33569497E+19
   7.73437500       1.38713705E+19
   7.80468750       1.43703399E+19
   7.87500000       1.48475422E+19
   7.94531250       1.52983618E+19
   8.01562500       1.57203818E+19
   8.08593750       1.61130109E+19
   8.15625000       1.64772758E+19
   8.22656250       1.68149171E+19
   8.29687500       1.71280976E+19
   8.36718750       1.74189030E+19
   8.43750000       1.76894884E+19
   8.50781250       1.79418802E+19
   8.57812500       1.81784621E+19
   8.64843750       1.84020753E+19
   8.71875000       1.86164449E+19
   8.78906250       1.88258117E+19
   8.85937500       1.90349960E+19
   8.92968750       1.92488268E+19
   9.00000000       1.94720519E+19
   9.07031250       1.97086426E+19
   9.14062500       1.99618051E+19
   9.21093750       2.02336044E+19
   9.28125000       2.05251465E+19
   9.35156250       2.08362929E+19
   9.42187500       2.11660518E+19
   9.49218750       2.15126421E+19
   9.56250000       2.18740318E+19
   9.63281250       2.22478679E+19
   9.70312500       2.26319867E+19
   9.77343750       2.30244596E+19
   9.84375000       2.34241101E+19
   9.91406250       2.38303994E+19
   9.98437500       2.42438598E+19
   10.0546875       2.46660722E+19
   10.1250000       2.50999593E+19
   10.1953125       2.55494419E+19
   10.2656250       2.60195095E+19
   10.3359375       2.65156927E+19
   10.4062500       2.70438343E+19
   10.4765625       2.76091504E+19
   10.5468750       2.82157685E+19
   10.6171875       2.88658790E+19
   10.6875000       2.95593454E+19
   10.7578125       3.02928560E+19
   10.8281250       3.10597895E+19
   10.8984375       3.18501075E+19
   10.9687500       3.26510423E+19
   11.0390625       3.34476473E+19
   11.1093750       3.42242653E+19
   11.1796875       3.49656155E+19
   11.2500000       3.56582022E+19
   11.3203125       3.62906105E+19
   11.3906250       3.68538683E+19
   11.4609375       3.73410422E+19
   11.5312500       3.77471446E+19
   11.6015625       3.80687869E+19
   11.6718750       3.83046058E+19
   11.7421875       3.84555907E+19
   11.8125000       3.85257176E+19
   11.8828125       3.85216142E+19
   11.9531250       3.84523757E+19
   12.0234375       3.83286631E+19
   12.0937500       3.81621530E+19
   12.1640625       3.79644521E+19
   12.2343750       3.77467839E+19
   12.3046875       3.75195193E+19
   12.3750000       3.72923778E+19
   12.4453125       3.70741599E+19
   12.5156250       3.68730680E+19
   12.5859375       3.66965106E+19
   12.6562500       3.65511816E+19
   12.7265625       3.64425828E+19
   12.7968750       3.63749365E+19
   12.8671875       3.63508616E+19
   12.9375000       3.63713982E+19
   13.0078125       3.64356977E+19
   13.0781250       3.65412046E+19
   13.1484375       3.66838773E+19
   13.2187500       3.68590229E+19
   13.2890625       3.70617882E+19
   13.3593750       3.72883360E+19
   13.4296875       3.75366277E+19
   13.5000000       3.78074814E+19
   13.5703125       3.81047058E+19
   13.6406250       3.84352585E+19
   13.7109375       3.88085119E+19
   13.7812500       3.92354039E+19
   13.8515625       3.97268109E+19
   13.9218750       4.02923381E+19
   13.9921875       4.09390884E+19
   14.0625000       4.16711564E+19
   14.1328125       4.24890040E+19
   14.2031250       4.33896667E+19
   14.2734375       4.43669566E+19
   14.3437500       4.54122360E+19
   14.4140625       4.65147339E+19
   14.4843750       4.76623249E+19
   14.5546875       4.88420745E+19
   14.6250000       5.00411051E+19
   14.6953125       5.12468604E+19
   14.7656250       5.24477778E+19
   14.8359375       5.36335263E+19
   14.9062500       5.47953011E+19
   14.9765625       5.59255682E+19
   15.0468750       5.70177879E+19
   15.1171875       5.80662030E+19
   15.1875000       5.90657075E+19
   15.2578125       6.00115470E+19
   15.3281250       6.08994158E+19
   15.3984375       6.17256812E+19
   15.4687500       6.24880738E+19
   15.5390625       6.31858018E+19
   15.6093750       6.38199957E+19
   15.6796875       6.43935802E+19
   15.7500000       6.49114150E+19
   15.8203125       6.53797014E+19
   15.8906250       6.58058853E+19
   15.9609375       6.61983142E+19
   16.0312500       6.65663999E+19
   16.1015625       6.69202623E+19
   16.1718750       6.72708130E+19
   16.2421875       6.76293417E+19
   16.3125000       6.80073099E+19
   16.3828125       6.84153254E+19
   16.4531250       6.88623517E+19
   16.5234375       6.93546294E+19
   16.5937500       6.98951713E+19
   16.6640625       7.04830362E+19
   16.7343750       7.11134566E+19
   16.8046875       7.17780102E+19
   16.8750000       7.24656316E+19
   16.9453125       7.31632629E+19
   17.0156250       7.38570812E+19
   17.0859375       7.45333688E+19
   17.1562500       7.51797233E+19
   17.2265625       7.57857125E+19
   17.2968750       7.63435519E+19
   17.3671875       7.68486940E+19
   17.4375000       7.73003382E+19
   17.5078125       7.77010882E+19
   17.5781250       7.80564415E+19
   17.6484375       7.83737254E+19
   17.7187500       7.86613137E+19
   17.7890625       7.89270524E+19
   17.8593750       7.91775651E+19
   17.9296875       7.94174434E+19
   18.0000000       7.96496163E+19
   18.0703125       7.98755703E+19
   18.1406250       8.00962203E+19
   18.2109375       8.03125338E+19
   18.2812500       8.05262877E+19
   18.3515625       8.07398040E+19
   18.4218750       8.09557217E+19
   18.4921875       8.11762222E+19
   18.5625000       8.14025369E+19
   18.6328125       8.16340764E+19
   18.7031250       8.18680789E+19
   18.7734375       8.20994953E+19
   18.8437500       8.23217286E+19
   18.9140625       8.25271613E+19
   18.9843750       8.27082729E+19
   19.0546875       8.28585542E+19
   19.1250000       8.29736422E+19
   19.1953125       8.30516372E+19
   19.2656250       8.30934098E+19
   19.3359375       8.31023115E+19
   19.4062500       8.30839540E+19
   19.4765625       8.30453656E+19
   19.5468750       8.29943834E+19
   19.6171875       8.29390472E+19
   19.6875000       8.28876604E+19
   19.7578125       8.28483771E+19
   19.8281250       8.28292720E+19
   19.8984375       8.28381032E+19
   19.9687500       8.28825411E+19
   20.0390625       8.29695960E+19
   20.1093750       8.31054517E+19
   20.1796875       8.32949107E+19
   20.2500000       8.35414916E+19
   20.3203125       8.38471207E+19
   20.3906250       8.42124752E+19
   20.4609375       8.46370890E+19
   20.5312500       8.51198362E+19
   20.6015625       8.56585353E+19
   20.6718750       8.62497823E+19
   20.7421875       8.68883170E+19
   20.8125000       8.75668828E+19
   20.8828125       8.82757336E+19
   20.9531250       8.90029594E+19
   21.0234375       8.97348647E+19
   21.0937500       9.04575693E+19
   21.1640625       9.11579494E+19
   21.2343750       9.18250539E+19
   21.3046875       9.24507991E+19
   21.3750000       9.30305760E+19
   21.4453125       9.35627836E+19
   21.5156250       9.40483720E+19
   21.5859375       9.44899358E+19
   21.6562500       9.48913543E+19
   21.7265625       9.52570343E+19
   21.7968750       9.55916113E+19
   21.8671875       9.58998264E+19
   21.9375000       9.61867725E+19
   22.0078125       9.64574547E+19
   22.0781250       9.67166140E+19
   22.1484375       9.69679536E+19
   22.2187500       9.72141386E+19
   22.2890625       9.74558640E+19
   22.3593750       9.76917840E+19
   22.4296875       9.79180196E+19
   22.5000000       9.81288179E+19
   22.5703125       9.83166409E+19
   22.6406250       9.84731058E+19
   22.7109375       9.85896892E+19
   22.7812500       9.86589936E+19
   22.8515625       9.86754247E+19
   22.9218750       9.86357280E+19
   22.9921875       9.85389797E+19
   23.0625000       9.83867897E+19
   23.1328125       9.81825357E+19
   23.2031250       9.79310114E+19
   23.2734375       9.76375825E+19
   23.3437500       9.73084327E+19
   23.4140625       9.69499831E+19
   23.4843750       9.65692443E+19
   23.5546875       9.61733233E+19
   23.6250000       9.57696442E+19
   23.6953125       9.53654901E+19
   23.7656250       9.49676428E+19
   23.8359375       9.45816879E+19
   23.9062500       9.42118385E+19
   23.9765625       9.38601004E+19
   24.0468750       9.35261127E+19
   24.1171875       9.32067178E+19
   24.1875000       9.28967435E+19
   24.2578125       9.25891001E+19
   24.3281250       9.22758537E+19
   24.3984375       9.19487182E+19
   24.4687500       9.16002961E+19
   24.5390625       9.12245358E+19
   24.6093750       9.08173559E+19
   24.6796875       9.03764605E+19
   24.7500000       8.99016210E+19
   24.8203125       8.93942624E+19
   24.8906250       8.88575248E+19
   24.9609375       8.82959118E+19
   25.0312500       8.77156864E+19
   25.1015625       8.71245273E+19
   25.1718750       8.65314420E+19
   25.2421875       8.59460796E+19
   25.3125000       8.53787052E+19
   25.3828125       8.48392144E+19
   25.4531250       8.43367552E+19
   25.5234375       8.38789273E+19
   25.5937500       8.34718529E+19
   25.6640625       8.31198157E+19
   25.7343750       8.28254369E+19
   25.8046875       8.25894553E+19
   25.8750000       8.24110705E+19
   25.9453125       8.22877229E+19
   26.0156250       8.22154806E+19
   26.0859375       8.21889692E+19
   26.1562500       8.22021193E+19
   26.2265625       8.22483868E+19
   26.2968750       8.23213152E+19
   26.3671875       8.24146593E+19
   26.4375000       8.25230184E+19
   26.5078125       8.26417832E+19
   26.5781250       8.27673475E+19
   26.6484375       8.28967556E+19
   26.7187500       8.30282308E+19
   26.7890625       8.31607439E+19
   26.8593750       8.32941719E+19
   26.9296875       8.34286905E+19
   27.0000000       8.35648980E+19
   27.0703125       8.37031550E+19
   27.1406250       8.38435231E+19
   27.2109375       8.39853689E+19
   27.2812500       8.41279447E+19
   27.3515625       8.42704326E+19
   27.4218750       8.44127534E+19
   27.4921875       8.45556547E+19
   27.5625000       8.47016699E+19
   27.6328125       8.48548011E+19
   27.7031250       8.50204931E+19
   27.7734375       8.52044370E+19
   27.8437500       8.54121127E+19
   27.9140625       8.56471971E+19
   27.9843750       8.59109040E+19
   28.0546875       8.62008760E+19
   28.1250000       8.65116947E+19
   28.1953125       8.68352150E+19
   28.2656250       8.71620515E+19
   28.3359375       8.74826603E+19
   28.4062500       8.77886236E+19
   28.4765625       8.80726758E+19
   28.5468750       8.83282727E+19
   28.6171875       8.85483949E+19
   28.6875000       8.87254690E+19
   28.7578125       8.88508573E+19
   28.8281250       8.89159044E+19
   28.8984375       8.89126147E+19
   28.9687500       8.88353938E+19
   29.0390625       8.86813566E+19
   29.1093750       8.84507231E+19
   29.1796875       8.81459912E+19
   29.2500000       8.77719550E+19
   29.3203125       8.73348683E+19
   29.3906250       8.68424454E+19
   29.4609375       8.63032449E+19
   29.5312500       8.57268457E+19
   29.6015625       8.51228708E+19
   29.6718750       8.45005472E+19
   29.7421875       8.38671933E+19
   29.8125000       8.32279285E+19
   29.8828125       8.25846614E+19
   29.9531250       8.19361870E+19
   30.0234375       8.12780458E+19
   30.0937500       8.06038516E+19
   30.1640625       7.99060664E+19
   30.2343750       7.91776795E+19
   30.3046875       7.84129560E+19
   30.3750000       7.76089227E+19
   30.4453125       7.67655885E+19
   30.5156250       7.58865597E+19
   30.5859375       7.49782576E+19
   30.6562500       7.40500323E+19
   30.7265625       7.31127470E+19
   30.7968750       7.21780829E+19
   30.8671875       7.12568065E+19
   30.9375000       7.03584484E+19
   31.0078125       6.94901772E+19
   31.0781250       6.86568881E+19
   31.1484375       6.78607142E+19
   31.2187500       6.71020599E+19
   31.2890625       6.63798655E+19
   31.3593750       6.56926708E+19
   31.4296875       6.50386593E+19
   31.5000000       6.44165512E+19
   31.5703125       6.38253350E+19
   31.6406250       6.32645357E+19
   31.7109375       6.27334935E+19
   31.7812500       6.22315973E+19
   31.8515625       6.17575538E+19
   31.9218750       6.13095732E+19
   31.9921875       6.08846999E+19
   32.0625000       6.04795651E+19
   32.1328125       6.00901005E+19
   32.2031250       5.97122907E+19
   32.2734375       5.93418784E+19
   32.3437500       5.89752397E+19
   32.4140625       5.86089791E+19
   32.4843750       5.82404360E+19
   32.5546875       5.78671254E+19
   32.6250000       5.74871518E+19
   32.6953125       5.70986944E+19
   32.7656250       5.67002621E+19
   32.8359375       5.62903202E+19
   32.9062500       5.58678615E+19
   32.9765625       5.54321866E+19
   33.0468750       5.49835199E+19
   33.1171875       5.45225606E+19
   33.1875000       5.40513363E+19
   33.2578125       5.35728113E+19
   33.3281250       5.30913659E+19
   33.3984375       5.26119832E+19
   33.4687500       5.21406534E+19
   33.5390625       5.16834896E+19
   33.6093750       5.12466537E+19
   33.6796875       5.08352252E+19
   33.7500000       5.04532461E+19
   33.8203125       5.01027877E+19
   33.8906250       4.97842328E+19
   33.9609375       4.94957474E+19
   34.0312500       4.92341516E+19
   34.1015625       4.89947483E+19
   34.1718750       4.87721148E+19
   34.2421875       4.85597507E+19
   34.3125000       4.83509711E+19
   34.3828125       4.81387125E+19
   34.4531250       4.79164221E+19
   34.5234375       4.76780304E+19
   34.5937500       4.74191613E+19
   34.6640625       4.71372070E+19
   34.7343750       4.68321937E+19
   34.8046875       4.65062940E+19
   34.8750000       4.61641216E+19
   34.9453125       4.58117325E+19
   35.0156250       4.54564363E+19
   35.0859375       4.51055690E+19
   35.1562500       4.47665104E+19
   35.2265625       4.44458004E+19
   35.2968750       4.41491654E+19
   35.3671875       4.38805943E+19
   35.4375000       4.36426380E+19
   35.5078125       4.34356175E+19
   35.5781250       4.32578177E+19
   35.6484375       4.31045941E+19
   35.7187500       4.29689452E+19
   35.7890625       4.28412743E+19
   35.8593750       4.27102873E+19
   35.9296875       4.25632474E+19
   36.0000000       4.23874971E+19
   36.0703125       4.21710780E+19
   36.1406250       4.19042221E+19
   36.2109375       4.15796991E+19
   36.2812500       4.11939728E+19
   36.3515625       4.07469246E+19
   36.4218750       4.02421652E+19
   36.4921875       3.96858211E+19
   36.5625000       3.90863497E+19
   36.6328125       3.84531674E+19
   36.7031250       3.77963411E+19
   36.7734375       3.71254367E+19
   36.8437500       3.64498836E+19
   36.9140625       3.57785262E+19
   36.9843750       3.51201716E+19
   37.0546875       3.44829650E+19
   37.1250000       3.38746624E+19
   37.1953125       3.33015794E+19
   37.2656250       3.27683888E+19
   37.3359375       3.22769533E+19
   37.4062500       3.18266263E+19
   37.4765625       3.14138235E+19
   37.5468750       3.10330538E+19
   37.6171875       3.06770759E+19
   37.6875000       3.03385890E+19
   37.7578125       3.00106949E+19
   37.8281250       2.96882389E+19
   37.8984375       2.93675576E+19
   37.9687500       2.90471467E+19
   38.0390625       2.87269755E+19
   38.1093750       2.84085437E+19
   38.1796875       2.80938965E+19
   38.2500000       2.77859101E+19
   38.3203125       2.74875554E+19
   38.3906250       2.72022849E+19
   38.4609375       2.69332806E+19
   38.5312500       2.66838234E+19
   38.6015625       2.64564312E+19
   38.6718750       2.62530435E+19
   38.7421875       2.60741442E+19
   38.8125000       2.59193549E+19
   38.8828125       2.57871651E+19
   38.9531250       2.56759319E+19
   39.0234375       2.55837290E+19
   39.0937500       2.55093119E+19
   39.1640625       2.54517239E+19
   39.2343750       2.54105691E+19
   39.3046875       2.53849373E+19
   39.3750000       2.53733617E+19
   39.4453125       2.53727086E+19
   39.5156250       2.53783490E+19
   39.5859375       2.53836311E+19
   39.6562500       2.53809087E+19
   39.7265625       2.53618168E+19
   39.7968750       2.53187423E+19
   39.8671875       2.52450750E+19
   39.9375000       2.51366060E+19
   40.0078125       2.49913495E+19
   40.0781250       2.48100731E+19
   40.1484375       2.45951977E+19
   40.2187500       2.43507433E+19
   40.2890625       2.40810595E+19
   40.3593750       2.37907378E+19
   40.4296875       2.34836200E+19
   40.5000000       2.31632619E+19
   40.5703125       2.28325002E+19
   40.6406250       2.24940486E+19
   40.7109375       2.21499102E+19
   40.7812500       2.18018620E+19
   40.8515625       2.14507858E+19
   40.9218750       2.10971147E+19
   40.9921875       2.07401912E+19
   41.0625000       2.03790236E+19
   41.1328125       2.00119714E+19
   41.2031250       1.96375086E+19
   41.2734375       1.92537262E+19
   41.3437500       1.88589092E+19
   41.4140625       1.84509486E+19
   41.4843750       1.80277125E+19
   41.5546875       1.75862762E+19
   41.6250000       1.71234357E+19
   41.6953125       1.66352657E+19
   41.7656250       1.61179554E+19
   41.8359375       1.55677136E+19
   41.9062500       1.49820609E+19
   41.9765625       1.43600551E+19
   42.0468750       1.37034652E+19
   42.1171875       1.30164475E+19
   42.1875000       1.23061553E+19
   42.2578125       1.15817277E+19
   42.3281250       1.08540346E+19
   42.3984375       1.01339183E+19
   42.4687500       9.43172729E+18
   42.5390625       8.75596964E+18
   42.6093750       8.11344419E+18
   42.6796875       7.50871114E+18
   42.7500000       6.94508334E+18
   42.8203125       0.00000000    
   42.8906250       0.00000000    
   42.9609375       0.00000000    
   43.0312500       0.00000000    
   43.1015625       0.00000000    
   43.1718750       0.00000000    
   43.2421875       0.00000000    
   43.3125000       0.00000000    
   43.3828125       0.00000000    
   43.4531250       0.00000000    
   43.5234375       0.00000000    
   43.5937500       0.00000000    
   43.6640625       0.00000000    
   43.7343750       0.00000000    
   43.8046875       0.00000000    
   43.8750000       0.00000000    
   43.9453125       0.00000000    
   44.0156250       0.00000000    
   44.0859375       0.00000000    
   44.1562500       0.00000000    
   44.2265625       0.00000000    
   44.2968750       0.00000000    
   44.3671875       0.00000000    
   44.4375000       0.00000000    
   44.5078125       0.00000000    
   44.5781250       0.00000000    
   44.6484375       0.00000000    
   44.7187500       0.00000000    
   44.7890625       0.00000000    
   44.8593750       0.00000000    
   44.9296875       0.00000000    
   45.0000000       0.00000000    
   45.0703125       0.00000000    
   45.1406250       0.00000000    
   45.2109375       0.00000000    
   45.2812500       0.00000000    
   45.3515625       0.00000000    
   45.4218750       0.00000000    
   45.4921875       0.00000000    
   45.5625000       0.00000000    
   45.6328125       0.00000000    
   45.7031250       0.00000000    
   45.7734375       0.00000000    
   45.8437500       0.00000000    
   45.9140625       0.00000000    
   45.9843750       0.00000000    
   46.0546875       0.00000000    
   46.1250000       0.00000000    
   46.1953125       0.00000000    
   46.2656250       0.00000000    
   46.3359375       0.00000000    
   46.4062500       0.00000000    
   46.4765625       0.00000000    
   46.5468750       0.00000000    
   46.6171875       0.00000000    
   46.6875000       0.00000000    
   46.7578125       0.00000000    
   46.8281250       0.00000000    
   46.8984375       0.00000000    
   46.9687500       0.00000000    
   47.0390625       0.00000000    
   47.1093750       0.00000000    
   47.1796875       0.00000000    
   47.2500000       0.00000000    
   47.3203125       0.00000000    
   47.3906250       0.00000000    
   47.4609375       0.00000000    
   47.5312500       0.00000000    
   47.6015625       0.00000000    
   47.6718750       0.00000000    
   47.7421875       0.00000000    
   47.8125000       0.00000000    
   47.8828125       0.00000000    
   47.9531250       0.00000000    
   48.0234375       0.00000000    
   48.0937500       0.00000000    
   48.1640625       0.00000000    
   48.2343750       0.00000000    
   48.3046875       0.00000000    
   48.3750000       0.00000000    
   48.4453125       0.00000000    
   48.5156250       0.00000000    
   48.5859375       0.00000000    
   48.6562500       0.00000000    
   48.7265625       0.00000000    
   48.7968750       0.00000000    
   48.8671875       0.00000000    
   48.9375000       0.00000000    
   49.0078125       0.00000000    
   49.0781250       0.00000000    
   49.1484375       0.00000000    
   49.2187500       0.00000000    
   49.2890625       0.00000000    
   49.3593750       0.00000000    
   49.4296875       0.00000000    
   49.5000000       0.00000000    
   49.5703125       0.00000000    
   49.6406250       0.00000000    
   49.7109375       0.00000000    
   49.7812500       0.00000000    
   49.8515625       0.00000000    
   49.9218750       0.00000000    
   49.9921875       0.00000000    
   50.0625000       0.00000000    
   50.1328125       0.00000000    
   50.2031250       0.00000000    
   50.2734375       0.00000000    
   50.3437500       0.00000000    
   50.4140625       0.00000000    
   50.4843750       0.00000000    
   50.5546875       0.00000000    
   50.6250000       0.00000000    
   50.6953125       0.00000000    
   50.7656250       0.00000000    
   50.8359375       0.00000000    
   50.9062500       0.00000000    
   50.9765625       0.00000000    
   51.0468750       0.00000000    
   51.1171875       0.00000000    
   51.1875000       0.00000000    
   51.2578125       0.00000000    
   51.3281250       0.00000000    
   51.3984375       0.00000000    
   51.4687500       0.00000000    
   51.5390625       0.00000000    
   51.6093750       0.00000000    
   51.6796875       0.00000000    
   51.7500000       0.00000000    
   51.8203125       0.00000000    
   51.8906250       0.00000000    
   51.9609375       0.00000000    
   52.0312500       0.00000000    
   52.1015625       0.00000000    
   52.1718750       0.00000000    
   52.2421875       0.00000000    
   52.3125000       0.00000000    
   52.3828125       0.00000000    
   52.4531250       0.00000000    
   52.5234375       0.00000000    
   52.5937500       0.00000000    
   52.6640625       0.00000000    
   52.7343750       0.00000000    
   52.8046875       0.00000000    
   52.8750000       0.00000000    
   52.9453125       0.00000000    
   53.0156250       0.00000000    
   53.0859375       0.00000000    
   53.1562500       0.00000000    
   53.2265625       0.00000000    
   53.2968750       0.00000000    
   53.3671875       0.00000000    
   53.4375000       0.00000000    
   53.5078125       0.00000000    
