2016 12 25 14 22 27.0 -43.406 -73.941
31. 2.747E+20 7.559 360 22 96 173 68 87
  -1.12500000       0.00000000    
  -1.05468750       0.00000000    
 -0.984375000       0.00000000    
 -0.914062500       0.00000000    
 -0.843750000       0.00000000    
 -0.773437500       0.00000000    
 -0.703125000       0.00000000    
 -0.632812500       0.00000000    
 -0.562500000       0.00000000    
 -0.492187500       0.00000000    
 -0.421875000       0.00000000    
 -0.351562500       0.00000000    
 -0.281250000       0.00000000    
 -0.210937500       0.00000000    
 -0.140625000       0.00000000    
  -7.03125000E-02   0.00000000    
   0.00000000       0.00000000    
   7.03125000E-02   6.75249329E+17
  0.140625000       9.25439696E+17
  0.210937500       1.18279029E+18
  0.281250000       1.44291522E+18
  0.351562500       1.70558347E+18
  0.421875000       1.97373937E+18
  0.492187500       2.25239355E+18
  0.562500000       2.54778037E+18
  0.632812500       2.86619069E+18
  0.703125000       3.21296841E+18
  0.773437500       3.59122515E+18
  0.843750000       4.00086470E+18
  0.914062500       4.43769408E+18
  0.984375000       4.89338365E+18
   1.05468750       5.35602350E+18
   1.12500000       5.81168091E+18
   1.19531250       6.24632666E+18
   1.26562500       6.64820805E+18
   1.33593750       7.00974892E+18
   1.40625000       7.32890855E+18
   1.47656250       7.60933460E+18
   1.54687500       7.85983523E+18
   1.61718750       8.09286628E+18
   1.68750000       8.32264277E+18
   1.75781250       8.56270354E+18
   1.82812500       8.82387383E+18
   1.89843750       9.11272873E+18
   1.96875000       9.43126660E+18
   2.03906250       9.77729940E+18
   2.10937500       1.01455863E+19
   2.17968750       1.05288959E+19
   2.25000000       1.09192203E+19
   2.32031250       1.13087597E+19
   2.39062500       1.16911082E+19
   2.46093750       1.20620637E+19
   2.53125000       1.24200625E+19
   2.60156250       1.27656049E+19
   2.67187500       1.31003666E+19
   2.74218750       1.34260683E+19
   2.81250000       1.37439536E+19
   2.88281250       1.40545580E+19
   2.95312500       1.43580111E+19
   3.02343750       1.46541700E+19
   3.09375000       1.49426918E+19
   3.16406250       1.52226120E+19
   3.23437500       1.54919517E+19
   3.30468750       1.57473078E+19
   3.37500000       1.59841239E+19
   3.44531250       1.61972994E+19
   3.51562500       1.63825682E+19
   3.58593750       1.65377401E+19
   3.65625000       1.66638145E+19
   3.72656250       1.67648882E+19
   3.79687500       1.68471273E+19
   3.86718750       1.69165263E+19
   3.93750000       1.69764189E+19
   4.00781250       1.70251316E+19
   4.07812500       1.70552637E+19
   4.14843750       1.70546194E+19
   4.21875000       1.70091469E+19
   4.28906250       1.69064888E+19
   4.35937500       1.67395346E+19
   4.42968750       1.65084689E+19
   4.50000000       1.62212402E+19
   4.57031250       1.58918474E+19
   4.64062500       1.55374715E+19
   4.71093750       1.51748427E+19
   4.78125000       1.48173738E+19
   4.85156250       1.44733443E+19
   4.92187500       1.41460637E+19
   4.99218750       1.38351834E+19
   5.06250000       1.35389860E+19
   5.13281250       1.32562652E+19
   5.20312500       1.29878371E+19
   5.27343750       1.27369406E+19
   5.34375000       1.25090514E+19
   5.41406250       1.23106929E+19
   5.48437500       1.21479949E+19
   5.55468750       1.20248804E+19
   5.62500000       1.19417617E+19
   5.69531250       1.18946135E+19
   5.76562500       1.18752028E+19
   5.83593750       1.18719724E+19
   5.90625000       1.18718954E+19
   5.97656250       1.18623627E+19
   6.04687500       1.18334587E+19
   6.11718750       1.17798025E+19
   6.18750000       1.17022397E+19
   6.25781250       1.16084118E+19
   6.32812500       1.15123309E+19
   6.39843750       1.14322843E+19
   6.46875000       1.13878486E+19
   6.53906250       1.13962126E+19
   6.60937500       1.14692334E+19
   6.67968750       1.16115993E+19
   6.75000000       1.18209331E+19
   6.82031250       1.20892964E+19
   6.89062500       1.24060822E+19
   6.96093750       1.27609199E+19
   7.03125000       1.31461382E+19
   7.10156250       1.35575831E+19
   7.17187500       1.39942860E+19
   7.24218750       1.44569704E+19
   7.31250000       1.49465357E+19
   7.38281250       1.54626024E+19
   7.45312500       1.60027771E+19
   7.52343750       1.65621141E+19
   7.59375000       1.71330179E+19
   7.66406250       1.77051169E+19
   7.73437500       1.82658601E+19
   7.80468750       1.88016642E+19
   7.87500000       1.93000509E+19
   7.94531250       1.97518138E+19
   8.01562500       2.01529200E+19
   8.08593750       2.05050848E+19
   8.15625000       2.08151559E+19
   8.22656250       2.10931322E+19
   8.29687500       2.13499452E+19
   8.36718750       2.15952748E+19
   8.43750000       2.18361030E+19
   8.50781250       2.20755019E+19
   8.57812500       2.23119738E+19
   8.64843750       2.25390516E+19
   8.71875000       2.27458367E+19
   8.78906250       2.29181984E+19
   8.85937500       2.30409281E+19
   8.92968750       2.31000444E+19
   9.00000000       2.30849899E+19
   9.07031250       2.29899173E+19
   9.14062500       2.28142549E+19
   9.21093750       2.25624734E+19
   9.28125000       2.22436832E+19
   9.35156250       2.18708696E+19
   9.42187500       2.14602811E+19
   9.49218750       2.10304755E+19
   9.56250000       2.06013603E+19
   9.63281250       2.01927158E+19
   9.70312500       1.98228115E+19
   9.77343750       1.95069658E+19
   9.84375000       1.92565674E+19
   9.91406250       1.90781254E+19
   9.98437500       1.89729308E+19
   10.0546875       1.89372186E+19
   10.1250000       1.89635189E+19
   10.1953125       1.90424617E+19
   10.2656250       1.91649517E+19
   10.3359375       1.93233891E+19
   10.4062500       1.95119927E+19
   10.4765625       1.97257532E+19
   10.5468750       1.99591685E+19
   10.6171875       2.02050281E+19
   10.6875000       2.04543775E+19
   10.7578125       2.06971277E+19
   10.8281250       2.09235721E+19
   10.8984375       2.11258141E+19
   10.9687500       2.12991851E+19
   11.0390625       2.14428099E+19
   11.1093750       2.15597100E+19
   11.1796875       2.16560624E+19
   11.2500000       2.17402190E+19
   11.3203125       2.18210199E+19
   11.3906250       2.19062475E+19
   11.4609375       2.20009550E+19
   11.5312500       2.21066335E+19
   11.6015625       2.22208045E+19
   11.6718750       2.23375573E+19
   11.7421875       2.24483463E+19
   11.8125000       2.25432099E+19
   11.8828125       2.26117931E+19
   11.9531250       2.26446003E+19
   12.0234375       2.26340318E+19
   12.0937500       2.25755818E+19
   12.1640625       2.24682540E+19
   12.2343750       2.23145753E+19
   12.3046875       2.21196979E+19
   12.3750000       2.18905882E+19
   12.4453125       2.16350441E+19
   12.5156250       2.13612437E+19
   12.5859375       2.10769584E+19
   12.6562500       2.07889018E+19
   12.7265625       2.05014344E+19
   12.7968750       2.02157835E+19
   12.8671875       1.99296752E+19
   12.9375000       1.96383244E+19
   13.0078125       1.93358356E+19
   13.0781250       1.90170718E+19
   13.1484375       1.86787564E+19
   13.2187500       1.83203079E+19
   13.2890625       1.79437065E+19
   13.3593750       1.75532259E+19
   13.4296875       1.71544122E+19
   13.5000000       1.67531542E+19
   13.5703125       1.63543196E+19
   13.6406250       1.59610671E+19
   13.7109375       1.55745426E+19
   13.7812500       1.51948472E+19
   13.8515625       1.48221457E+19
   13.9218750       1.44579204E+19
   13.9921875       1.41051839E+19
   14.0625000       1.37682374E+19
   14.1328125       1.34515836E+19
   14.2031250       1.31590816E+19
   14.2734375       1.28929030E+19
   14.3437500       1.26530941E+19
   14.4140625       1.24369949E+19
   14.4843750       1.22394666E+19
   14.5546875       1.20533599E+19
   14.6250000       1.18709916E+19
   14.6953125       1.16853985E+19
   14.7656250       1.14915029E+19
   14.8359375       1.12861845E+19
   14.9062500       1.10681887E+19
   14.9765625       1.08375002E+19
   15.0468750       1.05952723E+19
   15.1171875       1.03436754E+19
   15.1875000       1.00862853E+19
   15.2578125       9.82793741E+18
   15.3281250       9.57464511E+18
   15.3984375       9.33290429E+18
   15.4687500       9.10929716E+18
   15.5390625       8.90992381E+18
   15.6093750       8.74051051E+18
   15.6796875       8.60652182E+18
   15.7500000       8.51377637E+18
   15.8203125       8.46843306E+18
   15.8906250       8.47679100E+18
   15.9609375       8.54415643E+18
   16.0312500       8.67379489E+18
   16.1015625       8.86554422E+18
   16.1718750       9.11516085E+18
   16.2421875       9.41391520E+18
   16.3125000       9.74932892E+18
   16.3828125       1.01062106E+19
   16.4531250       1.04683633E+19
   16.5234375       1.08198563E+19
   16.5937500       1.11462222E+19
   16.6640625       1.14348385E+19
   16.7343750       1.16753610E+19
   16.8046875       1.18598316E+19
   16.8750000       1.19833386E+19
   16.9453125       1.20443593E+19
   17.0156250       1.20452565E+19
   17.0859375       1.19918643E+19
   17.1562500       1.18927257E+19
   17.2265625       1.17572109E+19
   17.2968750       1.15936222E+19
   17.3671875       1.14072484E+19
   17.4375000       1.11996958E+19
   17.5078125       1.09688643E+19
   17.5781250       1.07100976E+19
   17.6484375       1.04172800E+19
   17.7187500       1.00842523E+19
   17.7890625       9.70546171E+18
   17.8593750       9.27664997E+18
   17.9296875       8.79501605E+18
   18.0000000       8.26005746E+18
   18.0703125       7.67428110E+18
   18.1406250       7.04433570E+18
   18.2109375       6.38127522E+18
   18.2812500       5.70035041E+18
   18.3515625       5.01933875E+18
   18.4218750       4.35630053E+18
   18.4921875       3.72638757E+18
   18.5625000       3.13921510E+18
   18.6328125       2.59694339E+18
   18.7031250       2.09495242E+18
   18.7734375       1.62509647E+18
   18.8437500       0.00000000    
   18.9140625       0.00000000    
   18.9843750       0.00000000    
   19.0546875       0.00000000    
   19.1250000       0.00000000    
   19.1953125       0.00000000    
   19.2656250       0.00000000    
   19.3359375       0.00000000    
   19.4062500       0.00000000    
   19.4765625       0.00000000    
   19.5468750       0.00000000    
   19.6171875       0.00000000    
   19.6875000       0.00000000    
   19.7578125       0.00000000    
   19.8281250       0.00000000    
   19.8984375       0.00000000    
   19.9687500       0.00000000    
   20.0390625       0.00000000    
   20.1093750       0.00000000    
   20.1796875       0.00000000    
   20.2500000       0.00000000    
   20.3203125       0.00000000    
   20.3906250       0.00000000    
   20.4609375       0.00000000    
   20.5312500       0.00000000    
   20.6015625       0.00000000    
   20.6718750       0.00000000    
   20.7421875       0.00000000    
   20.8125000       0.00000000    
   20.8828125       0.00000000    
   20.9531250       0.00000000    
   21.0234375       0.00000000    
   21.0937500       0.00000000    
   21.1640625       0.00000000    
   21.2343750       0.00000000    
   21.3046875       0.00000000    
   21.3750000       0.00000000    
   21.4453125       0.00000000    
   21.5156250       0.00000000    
   21.5859375       0.00000000    
   21.6562500       0.00000000    
   21.7265625       0.00000000    
   21.7968750       0.00000000    
   21.8671875       0.00000000    
   21.9375000       0.00000000    
   22.0078125       0.00000000    
   22.0781250       0.00000000    
   22.1484375       0.00000000    
   22.2187500       0.00000000    
   22.2890625       0.00000000    
   22.3593750       0.00000000    
   22.4296875       0.00000000    
   22.5000000       0.00000000    
   22.5703125       0.00000000    
   22.6406250       0.00000000    
   22.7109375       0.00000000    
   22.7812500       0.00000000    
   22.8515625       0.00000000    
   22.9218750       0.00000000    
   22.9921875       0.00000000    
   23.0625000       0.00000000    
   23.1328125       0.00000000    
   23.2031250       0.00000000    
   23.2734375       0.00000000    
   23.3437500       0.00000000    
   23.4140625       0.00000000    
   23.4843750       0.00000000    
   23.5546875       0.00000000    
   23.6250000       0.00000000    
   23.6953125       0.00000000    
   23.7656250       0.00000000    
   23.8359375       0.00000000    
   23.9062500       0.00000000    
   23.9765625       0.00000000    
   24.0468750       0.00000000    
   24.1171875       0.00000000    
   24.1875000       0.00000000    
   24.2578125       0.00000000    
   24.3281250       0.00000000    
   24.3984375       0.00000000    
   24.4687500       0.00000000    
   24.5390625       0.00000000    
   24.6093750       0.00000000    
   24.6796875       0.00000000    
   24.7500000       0.00000000    
   24.8203125       0.00000000    
   24.8906250       0.00000000    
   24.9609375       0.00000000    
   25.0312500       0.00000000    
   25.1015625       0.00000000    
   25.1718750       0.00000000    
   25.2421875       0.00000000    
   25.3125000       0.00000000    
   25.3828125       0.00000000    
   25.4531250       0.00000000    
   25.5234375       0.00000000    
   25.5937500       0.00000000    
   25.6640625       0.00000000    
   25.7343750       0.00000000    
   25.8046875       0.00000000    
   25.8750000       0.00000000    
   25.9453125       0.00000000    
   26.0156250       0.00000000    
   26.0859375       0.00000000    
   26.1562500       0.00000000    
   26.2265625       0.00000000    
   26.2968750       0.00000000    
   26.3671875       0.00000000    
   26.4375000       0.00000000    
   26.5078125       0.00000000    
   26.5781250       0.00000000    
   26.6484375       0.00000000    
   26.7187500       0.00000000    
   26.7890625       0.00000000    
   26.8593750       0.00000000    
   26.9296875       0.00000000    
   27.0000000       0.00000000    
   27.0703125       0.00000000    
   27.1406250       0.00000000    
   27.2109375       0.00000000    
   27.2812500       0.00000000    
   27.3515625       0.00000000    
   27.4218750       0.00000000    
   27.4921875       0.00000000    
   27.5625000       0.00000000    
   27.6328125       0.00000000    
   27.7031250       0.00000000    
   27.7734375       0.00000000    
   27.8437500       0.00000000    
   27.9140625       0.00000000    
   27.9843750       0.00000000    
   28.0546875       0.00000000    
   28.1250000       0.00000000    
   28.1953125       0.00000000    
   28.2656250       0.00000000    
   28.3359375       0.00000000    
   28.4062500       0.00000000    
   28.4765625       0.00000000    
   28.5468750       0.00000000    
   28.6171875       0.00000000    
   28.6875000       0.00000000    
   28.7578125       0.00000000    
   28.8281250       0.00000000    
   28.8984375       0.00000000    
   28.9687500       0.00000000    
   29.0390625       0.00000000    
   29.1093750       0.00000000    
   29.1796875       0.00000000    
   29.2500000       0.00000000    
   29.3203125       0.00000000    
   29.3906250       0.00000000    
