2009 09 30 10 16 09.0 -0.720 99.870
88. 2.506E+20 7.533 193 53 52 65 51 129
  -1.12500000       0.00000000    
  -1.05468750       7.14485745E+17
 -0.984375000       7.45497746E+17
 -0.914062500       7.77036206E+17
 -0.843750000       8.16118209E+17
 -0.773437500       8.67961901E+17
 -0.703125000       9.34421950E+17
 -0.632812500       1.01157523E+18
 -0.562500000       1.09215370E+18
 -0.492187500       1.17028939E+18
 -0.421875000       1.24255438E+18
 -0.351562500       1.30788887E+18
 -0.281250000       1.36642632E+18
 -0.210937500       1.41914021E+18
 -0.140625000       1.55111665E+18
  -7.03125000E-02   1.60416025E+18
   0.00000000       1.65950816E+18
   7.03125000E-02   1.71403830E+18
  0.140625000       1.76509302E+18
  0.210937500       1.81041393E+18
  0.281250000       1.94484297E+18
  0.351562500       1.97437942E+18
  0.421875000       1.99433886E+18
  0.492187500       2.00638951E+18
  0.562500000       2.01663709E+18
  0.632812500       2.02947939E+18
  0.703125000       2.04623168E+18
  0.773437500       2.06553224E+18
  0.843750000       2.08979695E+18
  0.914062500       2.12244158E+18
  0.984375000       2.16598623E+18
   1.05468750       2.22161767E+18
   1.12500000       2.29066851E+18
   1.19531250       2.37399047E+18
   1.26562500       2.47163314E+18
   1.33593750       2.58288393E+18
   1.40625000       2.70644622E+18
   1.47656250       2.84072188E+18
   1.54687500       2.98401134E+18
   1.61718750       3.13472689E+18
   1.68750000       3.29154171E+18
   1.75781250       3.45357180E+18
   1.82812500       3.62043148E+18
   1.89843750       3.79562684E+18
   1.96875000       3.98393827E+18
   2.03906250       4.18796365E+18
   2.10937500       4.40524309E+18
   2.17968750       4.63125952E+18
   2.25000000       4.86316522E+18
   2.32031250       5.09943817E+18
   2.39062500       5.33947146E+18
   2.46093750       5.58327222E+18
   2.53125000       5.83125222E+18
   2.60156250       6.08420477E+18
   2.67187500       6.34332282E+18
   2.74218750       6.61031338E+18
   2.81250000       6.88748652E+18
   2.88281250       7.17786919E+18
   2.95312500       7.48521733E+18
   3.02343750       7.81394876E+18
   3.09375000       8.16886892E+18
   3.16406250       8.55474087E+18
   3.23437500       8.97568725E+18
   3.30468750       9.43457613E+18
   3.37500000       9.93245478E+18
   3.44531250       1.04682127E+19
   3.51562500       1.10384953E+19
   3.58593750       1.16380051E+19
   3.65625000       1.22600428E+19
   3.72656250       1.28973308E+19
   3.79687500       1.35427881E+19
   3.86718750       1.41903125E+19
   3.93750000       1.48353157E+19
   4.00781250       1.54751435E+19
   4.07812500       1.61092241E+19
   4.14843750       1.67390332E+19
   4.21875000       1.73676702E+19
   4.28906250       1.79992472E+19
   4.35937500       1.86381163E+19
   4.42968750       1.92882729E+19
   4.50000000       1.99529629E+19
   4.57031250       2.06345831E+19
   4.64062500       2.13346026E+19
   4.71093750       2.20535160E+19
   4.78125000       2.27905517E+19
   4.85156250       2.35434225E+19
   4.92187500       2.43080009E+19
   4.99218750       2.50782615E+19
   5.06250000       2.58464573E+19
   5.13281250       2.66037877E+19
   5.20312500       2.73413731E+19
   5.27343750       2.80514707E+19
   5.34375000       2.87284598E+19
   5.41406250       2.93694707E+19
   5.48437500       2.99742681E+19
   5.55468750       3.05446287E+19
   5.62500000       3.10833257E+19
   5.69531250       3.15932616E+19
   5.76562500       3.20768510E+19
   5.83593750       3.25357563E+19
   5.90625000       3.29708309E+19
   5.97656250       3.33819757E+19
   6.04687500       3.37678998E+19
   6.11718750       3.41257909E+19
   6.18750000       3.44510000E+19
   6.25781250       3.47370754E+19
   6.32812500       3.49762631E+19
   6.39843750       3.51605984E+19
   6.46875000       3.52831918E+19
   6.53906250       3.53396473E+19
   6.60937500       3.53289689E+19
   6.67968750       3.52540174E+19
   6.75000000       3.51212095E+19
   6.82031250       3.49395900E+19
   6.89062500       3.47193183E+19
   6.96093750       3.44699886E+19
   7.03125000       3.41991437E+19
   7.10156250       3.39113993E+19
   7.17187500       3.36081848E+19
   7.24218750       3.32882203E+19
   7.31250000       3.29484866E+19
   7.38281250       3.25856302E+19
   7.45312500       3.21974014E+19
   7.52343750       3.17836948E+19
   7.59375000       3.13470457E+19
   7.66406250       3.08924241E+19
   7.73437500       3.04264466E+19
   7.80468750       2.99562339E+19
   7.87500000       2.94881872E+19
   7.94531250       2.90269948E+19
   8.01562500       2.85749350E+19
   8.08593750       2.81317351E+19
   8.15625000       2.76948375E+19
   8.22656250       2.72599389E+19
   8.29687500       2.68216010E+19
   8.36718750       2.63739348E+19
   8.43750000       2.59111944E+19
   8.50781250       2.54283372E+19
   8.57812500       2.49214888E+19
   8.64843750       2.43883224E+19
   8.71875000       2.38283829E+19
   8.78906250       2.32433614E+19
   8.85937500       2.26371544E+19
   8.92968750       2.20155499E+19
   9.00000000       2.13855210E+19
   9.07031250       2.07542429E+19
   9.14062500       2.01282052E+19
   9.21093750       1.95127646E+19
   9.28125000       1.89122267E+19
   9.35156250       1.83305389E+19
   9.42187500       1.77722443E+19
   9.49218750       1.72433385E+19
   9.56250000       1.67515852E+19
   9.63281250       1.63060631E+19
   9.70312500       1.59159399E+19
   9.77343750       1.55888176E+19
   9.84375000       1.53290294E+19
   9.91406250       1.51363894E+19
   9.98437500       1.50056641E+19
   10.0546875       1.49268742E+19
   10.1250000       1.48863506E+19
   10.1953125       1.48683857E+19
   10.2656250       1.48571355E+19
   10.3359375       1.48385856E+19
   10.4062500       1.48021984E+19
   10.4765625       1.47419210E+19
   10.5468750       1.46563537E+19
   10.6171875       1.45480111E+19
   10.6875000       1.44219158E+19
   10.7578125       1.42839810E+19
   10.8281250       1.41395128E+19
   10.8984375       1.39922948E+19
   10.9687500       1.38443093E+19
   11.0390625       1.36961117E+19
   11.1093750       1.35476413E+19
   11.1796875       1.33990335E+19
   11.2500000       1.32510514E+19
   11.3203125       1.31050857E+19
   11.3906250       1.29627836E+19
   11.4609375       1.28257493E+19
   11.5312500       1.26953549E+19
   11.6015625       1.25727176E+19
   11.6718750       1.24586146E+19
   11.7421875       1.23533738E+19
   11.8125000       1.22566849E+19
   11.8828125       1.21674771E+19
   11.9531250       1.20839451E+19
   12.0234375       1.20037994E+19
   12.0937500       1.19246258E+19
   12.1640625       1.18443670E+19
   12.2343750       1.17616474E+19
   12.3046875       1.16759790E+19
   12.3750000       1.15876629E+19
   12.4453125       1.14975568E+19
   12.5156250       1.14067943E+19
   12.5859375       1.11569501E+19
   12.6562500       1.10798391E+19
   12.7265625       1.10040597E+19
   12.7968750       1.09306541E+19
   12.8671875       1.08611639E+19
   12.9375000       1.07972702E+19
   13.0078125       1.07403462E+19
   13.0781250       1.06909936E+19
   13.1484375       1.06487580E+19
   13.2187500       1.06120211E+19
   13.2890625       1.05782408E+19
   13.3593750       1.05443990E+19
   13.4296875       1.05075576E+19
   13.5000000       1.04652341E+19
   13.5703125       1.04155087E+19
   13.6406250       1.03568520E+19
   13.7109375       1.02879236E+19
   13.7812500       1.02074580E+19
   13.8515625       1.01144306E+19
   13.9218750       1.00083651E+19
   13.9921875       9.88963870E+18
   14.0625000       9.75965114E+18
   14.1328125       9.62069046E+18
   14.2031250       9.47562199E+18
   14.2734375       9.32744741E+18
   14.3437500       9.17891218E+18
   14.4140625       9.03228956E+18
   14.4843750       8.88924475E+18
   14.5546875       8.75083822E+18
   14.6250000       8.61750705E+18
   14.6953125       8.48913961E+18
   14.7656250       8.36519606E+18
   14.8359375       8.24497436E+18
   14.9062500       8.12788792E+18
   14.9765625       8.01380809E+18
   15.0468750       7.90329563E+18
   15.1171875       7.79774526E+18
   15.1875000       7.69924606E+18
   15.2578125       7.61020761E+18
   15.3281250       7.53272283E+18
   15.3984375       7.46783900E+18
   15.4687500       7.41491455E+18
   15.5390625       7.37129198E+18
   15.6093750       7.33237476E+18
   15.6796875       7.29224534E+18
   15.7500000       7.24468761E+18
   15.8203125       7.18445527E+18
   15.8906250       7.10837181E+18
   15.9609375       7.01594686E+18
   16.0312500       6.90920517E+18
   16.1015625       6.79182626E+18
   16.1718750       6.66775132E+18
   16.2421875       6.53973958E+18
   16.3125000       6.40814178E+18
   16.3828125       6.27034769E+18
   16.4531250       6.12096474E+18
   16.5234375       5.95280763E+18
   16.5937500       5.75838814E+18
   16.6640625       5.40895784E+18
   16.7343750       5.16900977E+18
   16.8046875       4.89621654E+18
   16.8750000       4.32071566E+18
   16.9453125       4.05482571E+18
   17.0156250       3.51146658E+18
   17.0859375       3.21851188E+18
   17.1562500       3.07716746E+18
   17.2265625       2.94438521E+18
   17.2968750       2.71254191E+18
   17.3671875       2.64325207E+18
   17.4375000       2.58092790E+18
   17.5078125       2.52294735E+18
   17.5781250       2.46650117E+18
   17.6484375       2.28299557E+18
   17.7187500       2.22942956E+18
   17.7890625       2.17060926E+18
   17.8593750       1.96340863E+18
   17.9296875       1.73939290E+18
   18.0000000       1.69744859E+18
   18.0703125       1.65496800E+18
   18.1406250       1.61346404E+18
   18.2109375       1.57424763E+18
   18.2812500       1.53832095E+18
   18.3515625       1.50633643E+18
   18.4218750       1.47864124E+18
   18.4921875       1.45532184E+18
   18.5625000       1.43627362E+18
   18.6328125       1.28975476E+18
   18.7031250       1.27964338E+18
   18.7734375       1.27347251E+18
   18.8437500       1.27195271E+18
   18.9140625       1.27585969E+18
   18.9843750       1.28579405E+18
   19.0546875       1.30178974E+18
   19.1250000       1.32296469E+18
   19.1953125       1.34732052E+18
   19.2656250       1.37184307E+18
   19.3359375       1.39285556E+18
   19.4062500       1.40657320E+18
   19.4765625       1.40962806E+18
   19.5468750       1.39946926E+18
   19.6171875       1.37452477E+18
   19.6875000       1.33424101E+18
   19.7578125       1.27904731E+18
   19.8281250       1.21041882E+18
   19.8984375       1.13105414E+18
   19.9687500       9.19155918E+17
   20.0390625       8.84760033E+17
   20.1093750       8.50324222E+17
   20.1796875       8.15978571E+17
   20.2500000       7.81585504E+17
   20.3203125       7.46958722E+17
   20.3906250       5.97144628E+17
   20.4609375       5.79201010E+17
   20.5312500       5.57894639E+17
   20.6015625       5.34375673E+17
   20.6718750       5.09951294E+17
   20.7421875       4.85864121E+17
   20.8125000       4.63090280E+17
   20.8828125       4.42263297E+17
   20.9531250       2.92886774E+17
   21.0234375       2.85749294E+17
   21.0937500       2.78384610E+17
   21.1640625       2.70798049E+17
   21.2343750       2.63049000E+17
   21.3046875       2.55232778E+17
   21.3750000       2.47454335E+17
   21.4453125       2.39822487E+17
   21.5156250       2.32463456E+17
   21.5859375       2.25546291E+17
   21.6562500       2.19286994E+17
   21.7265625       2.13917065E+17
   21.7968750       2.09611498E+17
   21.8671875       2.06405356E+17
   21.9375000       2.04129556E+17
   22.0078125       2.02397413E+17
   22.0781250       2.00638057E+17
   22.1484375       1.98171870E+17
   22.2187500       1.94306073E+17
   22.2890625       1.88447514E+17
   22.3593750       1.80213443E+17
   22.4296875       1.69525675E+17
   22.5000000       1.56654689E+17
   22.5703125       0.00000000    
   22.6406250       0.00000000    
   22.7109375       0.00000000    
   22.7812500       0.00000000    
   22.8515625       0.00000000    
   22.9218750       0.00000000    
