2007 09 12 11 10 26.0 -4.440 101.370
29. 4.104E+21 8.342 333 20 115 127 72 81
  -1.12500000       0.00000000    
  -1.05468750       1.56790015E+18
 -0.984375000       1.55744640E+18
 -0.914062500       1.54425748E+18
 -0.843750000       1.52901798E+18
 -0.773437500       1.51253273E+18
 -0.703125000       1.49587829E+18
 -0.632812500       1.48014991E+18
 -0.562500000       1.46647652E+18
 -0.492187500       1.45571780E+18
 -0.421875000       1.44850239E+18
 -0.351562500       1.44505487E+18
 -0.281250000       1.44542211E+18
 -0.210937500       1.44947587E+18
 -0.140625000       1.45725272E+18
  -7.03125000E-02   1.46900883E+18
   0.00000000       1.48556624E+18
   7.03125000E-02   1.50808080E+18
  0.140625000       1.53577915E+18
  0.210937500       1.56734585E+18
  0.281250000       1.60100960E+18
  0.351562500       1.63656286E+18
  0.421875000       1.67366505E+18
  0.492187500       1.71168644E+18
  0.562500000       1.74988705E+18
  0.632812500       1.78735305E+18
  0.703125000       1.82317623E+18
  0.773437500       1.85634685E+18
  0.843750000       1.88589746E+18
  0.914062500       1.91080332E+18
  0.984375000       1.93016572E+18
   1.05468750       1.94317089E+18
   1.12500000       1.94932705E+18
   1.19531250       1.94839618E+18
   1.26562500       1.94051323E+18
   1.33593750       1.92600366E+18
   1.40625000       1.90548059E+18
   1.47656250       1.87968398E+18
   1.54687500       1.84961413E+18
   1.61718750       1.81639665E+18
   1.68750000       1.78144853E+18
   1.75781250       1.74637658E+18
   1.82812500       1.71315305E+18
   1.89843750       1.68265741E+18
   1.96875000       1.65477118E+18
   2.03906250       1.62826801E+18
   2.10937500       1.60260650E+18
   2.17968750       1.57828806E+18
   2.25000000       1.55739198E+18
   2.32031250       1.54277397E+18
   2.39062500       1.53399574E+18
   2.46093750       1.52983849E+18
   2.53125000       1.52868826E+18
   2.60156250       1.53338771E+18
   2.67187500       1.54941667E+18
   2.74218750       1.58150550E+18
   2.81250000       1.63005183E+18
   2.88281250       1.69128102E+18
   2.95312500       1.76100916E+18
   3.02343750       1.83708299E+18
   3.09375000       1.92154734E+18
   3.16406250       2.01500404E+18
   3.23437500       2.11708050E+18
   3.30468750       2.22341853E+18
   3.37500000       2.33140830E+18
   3.44531250       2.44002713E+18
   3.51562500       2.54790407E+18
   3.58593750       2.65409463E+18
   3.65625000       2.75780936E+18
   3.72656250       2.85985833E+18
   3.79687500       2.96135233E+18
   3.86718750       3.06746729E+18
   3.93750000       3.18488909E+18
   4.00781250       3.31842038E+18
   4.07812500       3.46732311E+18
   4.14843750       3.62806649E+18
   4.21875000       3.79791080E+18
   4.28906250       3.97482909E+18
   4.35937500       4.15725979E+18
   4.42968750       4.34483097E+18
   4.50000000       4.53819466E+18
   4.57031250       4.73761363E+18
   4.64062500       4.94219427E+18
   4.71093750       5.15005584E+18
   4.78125000       5.35978878E+18
   4.85156250       5.57032327E+18
   4.92187500       5.78063345E+18
   4.99218750       5.98955716E+18
   5.06250000       6.19576506E+18
   5.13281250       6.39797130E+18
   5.20312500       6.59514232E+18
   5.27343750       6.78832597E+18
   5.34375000       6.98294337E+18
   5.41406250       7.18314245E+18
   5.48437500       7.39045922E+18
   5.55468750       7.60176006E+18
   5.62500000       7.81505102E+18
   5.69531250       8.02916552E+18
   5.76562500       8.24350816E+18
   5.83593750       8.45776065E+18
   5.90625000       8.67177344E+18
   5.97656250       8.88544264E+18
   6.04687500       9.09864234E+18
   6.11718750       9.31108338E+18
   6.18750000       9.52232045E+18
   6.25781250       9.73175653E+18
   6.32812500       9.93877478E+18
   6.39843750       1.01428243E+19
   6.46875000       1.03436490E+19
   6.53906250       1.05413951E+19
   6.60937500       1.07366772E+19
   6.67968750       1.09304276E+19
   6.75000000       1.11238229E+19
   6.82031250       1.13180769E+19
   6.89062500       1.15143760E+19
   6.96093750       1.17137109E+19
   7.03125000       1.19168853E+19
   7.10156250       1.21244456E+19
   7.17187500       1.23366975E+19
   7.24218750       1.25536333E+19
   7.31250000       1.27750706E+19
   7.38281250       1.30007233E+19
   7.45312500       1.32303816E+19
   7.52343750       1.34639135E+19
   7.59375000       1.37013212E+19
   7.66406250       1.39427365E+19
   7.73437500       1.41884466E+19
   7.80468750       1.44388406E+19
   7.87500000       1.46944825E+19
   7.94531250       1.49560629E+19
   8.01562500       1.52243845E+19
   8.08593750       1.55002013E+19
   8.15625000       1.57842349E+19
   8.22656250       1.60771712E+19
   8.29687500       1.63797238E+19
   8.36718750       1.66925733E+19
   8.43750000       1.70164521E+19
   8.50781250       1.73521308E+19
   8.57812500       1.77004396E+19
   8.64843750       1.80622075E+19
   8.71875000       1.84383251E+19
   8.78906250       1.88296820E+19
   8.85937500       1.92372577E+19
   8.92968750       1.96619419E+19
   9.00000000       2.01044514E+19
   9.07031250       2.05651335E+19
   9.14062500       2.10437576E+19
   9.21093750       2.15392371E+19
   9.28125000       2.20496040E+19
   9.35156250       2.25720105E+19
   9.42187500       2.31029581E+19
   9.49218750       2.36384906E+19
   9.56250000       2.41745465E+19
   9.63281250       2.47071984E+19
   9.70312500       2.52329518E+19
   9.77343750       2.57487217E+19
   9.84375000       2.62519682E+19
   9.91406250       2.67406835E+19
   9.98437500       2.72134647E+19
   10.0546875       2.76694498E+19
   10.1250000       2.81083661E+19
   10.1953125       2.85305279E+19
   10.2656250       2.89368371E+19
   10.3359375       2.93286326E+19
   10.4062500       2.97077157E+19
   10.4765625       3.00761510E+19
   10.5468750       3.04362235E+19
   10.6171875       3.07902354E+19
   10.6875000       3.11404365E+19
   10.7578125       3.14889553E+19
   10.8281250       3.18377094E+19
   10.8984375       3.21882513E+19
   10.9687500       3.25416893E+19
   11.0390625       3.28985732E+19
   11.1093750       3.32589623E+19
   11.1796875       3.36224235E+19
   11.2500000       3.39882618E+19
   11.3203125       3.43556680E+19
   11.3906250       3.47239934E+19
   11.4609375       3.50928202E+19
   11.5312500       3.54621945E+19
   11.6015625       3.58325870E+19
   11.6718750       3.62049982E+19
   11.7421875       3.65806617E+19
   11.8125000       3.69608838E+19
   11.8828125       3.73467508E+19
   11.9531250       3.77388719E+19
   12.0234375       3.81371721E+19
   12.0937500       3.85408073E+19
   12.1640625       3.89481939E+19
   12.2343750       3.93571858E+19
   12.3046875       3.97652102E+19
   12.3750000       4.01696150E+19
   12.4453125       4.05679636E+19
   12.5156250       4.09584486E+19
   12.5859375       4.13399967E+19
   12.6562500       4.17124233E+19
   12.7265625       4.20763089E+19
   12.7968750       4.24328365E+19
   12.8671875       4.27834708E+19
   12.9375000       4.31297554E+19
   13.0078125       4.34732384E+19
   13.0781250       4.38153580E+19
   13.1484375       4.41574469E+19
   13.2187500       4.45008024E+19
   13.2890625       4.48465988E+19
   13.3593750       4.51960852E+19
   13.4296875       4.55504886E+19
   13.5000000       4.59109349E+19
   13.5703125       4.62784180E+19
   13.6406250       4.66536550E+19
   13.7109375       4.70369007E+19
   13.7812500       4.74279178E+19
   13.8515625       4.78260554E+19
   13.9218750       4.82303942E+19
   13.9921875       4.86398084E+19
   14.0625000       4.90530268E+19
   14.1328125       4.94686378E+19
   14.2031250       4.98849921E+19
   14.2734375       5.03000489E+19
   14.3437500       5.07114202E+19
   14.4140625       5.11165507E+19
   14.4843750       5.15131269E+19
   14.5546875       5.18992226E+19
   14.6250000       5.22736459E+19
   14.6953125       5.26358778E+19
   14.7656250       5.29860503E+19
   14.8359375       5.33246867E+19
   14.9062500       5.36525742E+19
   14.9765625       5.39706190E+19
   15.0468750       5.42798280E+19
   15.1171875       5.45810282E+19
   15.1875000       5.48749629E+19
   15.2578125       5.51620586E+19
   15.3281250       5.54426363E+19
   15.3984375       5.57167842E+19
   15.4687500       5.59845240E+19
   15.5390625       5.62458208E+19
   15.6093750       5.65005776E+19
   15.6796875       5.67485219E+19
   15.7500000       5.69891390E+19
   15.8203125       5.72215494E+19
   15.8906250       5.74445919E+19
   15.9609375       5.76567009E+19
   16.0312500       5.78561347E+19
   16.1015625       5.80411166E+19
   16.1718750       5.82102478E+19
   16.2421875       5.83625566E+19
   16.3125000       5.84976866E+19
   16.3828125       5.86156994E+19
   16.4531250       5.87169644E+19
   16.5234375       5.88017455E+19
   16.5937500       5.88700736E+19
   16.6640625       5.89216583E+19
   16.7343750       5.89560598E+19
   16.8046875       5.89727636E+19
   16.8750000       5.89715013E+19
   16.9453125       5.89524050E+19
   17.0156250       5.89160815E+19
   17.0859375       5.88636172E+19
   17.1562500       5.87962787E+19
   17.2265625       5.87154075E+19
   17.2968750       5.86221689E+19
   17.3671875       5.85173590E+19
   17.4375000       5.84013474E+19
   17.5078125       5.82741251E+19
   17.5781250       5.81354986E+19
   17.6484375       5.79852702E+19
   17.7187500       5.78233253E+19
   17.7890625       5.76497608E+19
   17.8593750       5.74649857E+19
   17.9296875       5.72696420E+19
   18.0000000       5.70646843E+19
   18.0703125       5.68512471E+19
   18.1406250       5.66307422E+19
   18.2109375       5.64045375E+19
   18.2812500       5.61739699E+19
   18.3515625       5.59401038E+19
   18.4218750       5.57038583E+19
   18.4921875       5.54659592E+19
   18.5625000       5.52270045E+19
   18.6328125       5.49876056E+19
   18.7031250       5.47484751E+19
   18.7734375       5.45104220E+19
   18.8437500       5.42744448E+19
   18.9140625       5.40417310E+19
   18.9843750       5.38135823E+19
   19.0546875       5.35913710E+19
   19.1250000       5.33762714E+19
   19.1953125       5.31691322E+19
   19.2656250       5.29703932E+19
   19.3359375       5.27800414E+19
   19.4062500       5.25975928E+19
   19.4765625       5.24222823E+19
   19.5468750       5.22532302E+19
   19.6171875       5.20895085E+19
   19.6875000       5.19303036E+19
   19.7578125       5.17749998E+19
   19.8281250       5.16233464E+19
   19.8984375       5.14755192E+19
   19.9687500       5.13320110E+19
   20.0390625       5.11935605E+19
   20.1093750       5.10610649E+19
   20.1796875       5.09352412E+19
   20.2500000       5.08165379E+19
   20.3203125       5.07049507E+19
   20.3906250       5.06000309E+19
   20.4609375       5.05007978E+19
   20.5312500       5.04058000E+19
   20.6015625       5.03133090E+19
   20.6718750       5.02214602E+19
   20.7421875       5.01284899E+19
   20.8125000       5.00327708E+19
   20.8828125       4.99329132E+19
   20.9531250       4.98277603E+19
   21.0234375       4.97164018E+19
   21.0937500       4.95981427E+19
   21.1640625       4.94725477E+19
   21.2343750       4.93395068E+19
   21.3046875       4.91991299E+19
   21.3750000       4.90517558E+19
   21.4453125       4.88978461E+19
   21.5156250       4.87380035E+19
   21.5859375       4.85728745E+19
   21.6562500       4.84031451E+19
   21.7265625       4.82294574E+19
   21.7968750       4.80524712E+19
   21.8671875       4.78728594E+19
   21.9375000       4.76913916E+19
   22.0078125       4.75089694E+19
   22.0781250       4.73267628E+19
   22.1484375       4.71461966E+19
   22.2187500       4.69688234E+19
   22.2890625       4.67962352E+19
   22.3593750       4.66299099E+19
   22.4296875       4.64709909E+19
   22.5000000       4.63202522E+19
   22.5703125       4.61780414E+19
   22.6406250       4.60444156E+19
   22.7109375       4.59191196E+19
   22.7812500       4.58016082E+19
   22.8515625       4.56910589E+19
   22.9218750       4.55863106E+19
   22.9921875       4.54857185E+19
   23.0625000       4.53871627E+19
   23.1328125       4.52880175E+19
   23.2031250       4.51853891E+19
   23.2734375       4.50762560E+19
   23.3437500       4.49578386E+19
   23.4140625       4.48279423E+19
   23.4843750       4.46853180E+19
   23.5546875       4.45298383E+19
   23.6250000       4.43625938E+19
   23.6953125       4.41856648E+19
   23.7656250       4.40017385E+19
   23.8359375       4.38135241E+19
   23.9062500       4.36232690E+19
   23.9765625       4.34324025E+19
   24.0468750       4.32414789E+19
   24.1171875       4.30502959E+19
   24.1875000       4.28582684E+19
   24.2578125       4.26648159E+19
   24.3281250       4.24697977E+19
   24.3984375       4.22737020E+19
   24.4687500       4.20777646E+19
   24.5390625       4.18838240E+19
   24.6093750       4.16940879E+19
   24.6796875       4.15106849E+19
   24.7500000       4.13354316E+19
   24.8203125       4.11694889E+19
   24.8906250       4.10134198E+19
   24.9609375       4.08671496E+19
   25.0312500       4.07301988E+19
   25.1015625       4.06018154E+19
   25.1718750       4.04810934E+19
   25.2421875       4.03668454E+19
   25.3125000       4.02575847E+19
   25.3828125       4.01514027E+19
   25.4531250       4.00461530E+19
   25.5234375       3.99395400E+19
   25.5937500       3.98293601E+19
   25.6640625       3.97136563E+19
   25.7343750       3.95908980E+19
   25.8046875       3.94599418E+19
   25.8750000       3.93200707E+19
   25.9453125       3.91708846E+19
   26.0156250       3.90122822E+19
   26.0859375       3.88444792E+19
   26.1562500       3.86679856E+19
   26.2265625       3.84836239E+19
   26.2968750       3.82924935E+19
   26.3671875       3.80957689E+19
   26.4375000       3.78946419E+19
   26.5078125       3.76903086E+19
   26.5781250       3.74839875E+19
   26.6484375       3.72769714E+19
   26.7187500       3.70705887E+19
   26.7890625       3.68661389E+19
   26.8593750       3.66648007E+19
   26.9296875       3.64675066E+19
   27.0000000       3.62749667E+19
   27.0703125       3.60875989E+19
   27.1406250       3.59055945E+19
   27.2109375       3.57288129E+19
   27.2812500       3.55568382E+19
   27.3515625       3.53888615E+19
   27.4218750       3.52236554E+19
   27.4921875       3.50593422E+19
   27.5625000       3.48933072E+19
   27.6328125       3.47221616E+19
   27.7031250       3.45419648E+19
   27.7734375       3.43485937E+19
   27.8437500       3.41382154E+19
   27.9140625       3.39078435E+19
   27.9843750       3.36557387E+19
   28.0546875       3.33816040E+19
   28.1250000       3.30866864E+19
   28.1953125       3.27735345E+19
   28.2656250       3.24457107E+19
   28.3359375       3.21071953E+19
   28.4062500       3.17619134E+19
   28.4765625       3.14132539E+19
   28.5468750       3.10638819E+19
   28.6171875       3.07157853E+19
   28.6875000       3.03705387E+19
   28.7578125       3.00296263E+19
   28.8281250       2.96947656E+19
   28.8984375       2.93679952E+19
   28.9687500       2.90516789E+19
   29.0390625       2.87482884E+19
   29.1093750       2.84601878E+19
   29.1796875       2.81893869E+19
   29.2500000       2.79374338E+19
   29.3203125       2.77053489E+19
   29.3906250       2.74937764E+19
   29.4609375       2.73030529E+19
   29.5312500       2.71334203E+19
   29.6015625       2.69852523E+19
   29.6718750       2.68591669E+19
   29.7421875       2.67559668E+19
   29.8125000       2.66764501E+19
   29.8828125       2.66209797E+19
   29.9531250       2.65892170E+19
   30.0234375       2.65798118E+19
   30.0937500       2.65904727E+19
   30.1640625       2.66182419E+19
   30.2343750       2.66599398E+19
   30.3046875       2.67126020E+19
   30.3750000       2.67739943E+19
   30.4453125       2.68429733E+19
   30.5156250       2.69197346E+19
   30.5859375       2.70057340E+19
   30.6562500       2.71035927E+19
   30.7265625       2.72167083E+19
   30.7968750       2.73489554E+19
   30.8671875       2.75042042E+19
   30.9375000       2.76859821E+19
   31.0078125       2.78970113E+19
   31.0781250       2.81388027E+19
   31.1484375       2.84112133E+19
   31.2187500       2.87122398E+19
   31.2890625       2.90380229E+19
   31.3593750       2.93831640E+19
   31.4296875       2.97413123E+19
   31.5000000       3.01059786E+19
   31.5703125       3.04713221E+19
   31.6406250       3.08329383E+19
   31.7109375       3.11882433E+19
   31.7812500       3.15367731E+19
   31.8515625       3.18801219E+19
   31.9218750       3.22217842E+19
   31.9921875       3.25664877E+19
   32.0625000       3.29196772E+19
   32.1328125       3.32866150E+19
   32.2031250       3.36716838E+19
   32.2734375       3.40776565E+19
   32.3437500       3.45053863E+19
   32.4140625       3.49538155E+19
   32.4843750       3.54204306E+19
   32.5546875       3.59018430E+19
   32.6250000       3.63946375E+19
   32.6953125       3.68959247E+19
   32.7656250       3.74038726E+19
   32.8359375       3.79176656E+19
   32.9062500       3.84374927E+19
   32.9765625       3.89642072E+19
   33.0468750       3.94990228E+19
   33.1171875       4.00430876E+19
   33.1875000       4.05971843E+19
   33.2578125       4.11615460E+19
   33.3281250       4.17360144E+19
   33.3984375       4.23201190E+19
   33.4687500       4.29135386E+19
   33.5390625       4.35163085E+19
   33.6093750       4.41289564E+19
   33.6796875       4.47524234E+19
   33.7500000       4.53878620E+19
   33.8203125       4.60363671E+19
   33.8906250       4.66987085E+19
   33.9609375       4.73750665E+19
   34.0312500       4.80650453E+19
   34.1015625       4.87676772E+19
   34.1718750       4.94817000E+19
   34.2421875       5.02055173E+19
   34.3125000       5.09374270E+19
   34.3828125       5.16755512E+19
   34.4531250       5.24180162E+19
   34.5234375       5.31628254E+19
   34.5937500       5.39082283E+19
   34.6640625       5.46527164E+19
   34.7343750       5.53953529E+19
   34.8046875       5.61356937E+19
   34.8750000       5.68737915E+19
   34.9453125       5.76098793E+19
   35.0156250       5.83439968E+19
   35.0859375       5.90756998E+19
   35.1562500       5.98040295E+19
   35.2265625       6.05277017E+19
   35.2968750       6.12456872E+19
   35.3671875       6.19576034E+19
   35.4375000       6.26641100E+19
   35.5078125       6.33669530E+19
   35.5781250       6.40688196E+19
   35.6484375       6.47727534E+19
   35.7187500       6.54816085E+19
   35.7890625       6.61975841E+19
   35.8593750       6.69219424E+19
   35.9296875       6.76547976E+19
   36.0000000       6.83950724E+19
   36.0703125       6.91405677E+19
   36.1406250       6.98881169E+19
   36.2109375       7.06336561E+19
   36.2812500       7.13725763E+19
   36.3515625       7.21001144E+19
   36.4218750       7.28118326E+19
   36.4921875       7.35039840E+19
   36.5625000       7.41739252E+19
   36.6328125       7.48201302E+19
   36.7031250       7.54422339E+19
   36.7734375       7.60406673E+19
   36.8437500       7.66164155E+19
   36.9140625       7.71706837E+19
   36.9843750       7.77047649E+19
   37.0546875       7.82197410E+19
   37.1250000       7.87164036E+19
   37.1953125       7.91950782E+19
   37.2656250       7.96556944E+19
   37.3359375       8.00975661E+19
   37.4062500       8.05193652E+19
   37.4765625       8.09191564E+19
   37.5468750       8.12945912E+19
   37.6171875       8.16432156E+19
   37.6875000       8.19629096E+19
   37.7578125       8.22521515E+19
   37.8281250       8.25103608E+19
   37.8984375       8.27375023E+19
   37.9687500       8.29341566E+19
   38.0390625       8.31010097E+19
   38.1093750       8.32390555E+19
   38.1796875       8.33494641E+19
   38.2500000       8.34341705E+19
   38.3203125       8.34958135E+19
   38.3906250       8.35381931E+19
   38.4609375       8.35660327E+19
   38.5312500       8.35846013E+19
   38.6015625       8.35990884E+19
   38.6718750       8.36140946E+19
   38.7421875       8.36328918E+19
   38.8125000       8.36572570E+19
   38.8828125       8.36874804E+19
   38.9531250       8.37229814E+19
   39.0234375       8.37625110E+19
   39.0937500       8.38048466E+19
   39.1640625       8.38488183E+19
   39.2343750       8.38935816E+19
   39.3046875       8.39383186E+19
   39.3750000       8.39819560E+19
   39.4453125       8.40228226E+19
   39.5156250       8.40586755E+19
   39.5859375       8.40864360E+19
   39.6562500       8.41026120E+19
   39.7265625       8.41037115E+19
   39.7968750       8.40867790E+19
   39.8671875       8.40497914E+19
   39.9375000       8.39920627E+19
   40.0078125       8.39142876E+19
   40.0781250       8.38183838E+19
   40.1484375       8.37071132E+19
   40.2187500       8.35835985E+19
   40.2890625       8.34507951E+19
   40.3593750       8.33112803E+19
   40.4296875       8.31671915E+19
   40.5000000       8.30203231E+19
   40.5703125       8.28723992E+19
   40.6406250       8.27252845E+19
   40.7109375       8.25809407E+19
   40.7812500       8.24413203E+19
   40.8515625       8.23080947E+19
   40.9218750       8.21827063E+19
   40.9921875       8.20661669E+19
   41.0625000       8.19591624E+19
   41.1328125       8.18624670E+19
   41.2031250       8.17771889E+19
   41.2734375       8.17052456E+19
   41.3437500       8.16493640E+19
   41.4140625       8.16129834E+19
   41.4843750       8.15997629E+19
   41.5546875       8.16129482E+19
   41.6250000       8.16546153E+19
   41.6953125       8.17253183E+19
   41.7656250       8.18239665E+19
   41.8359375       8.19478683E+19
   41.9062500       8.20931181E+19
   41.9765625       8.22551949E+19
   42.0468750       8.24294719E+19
   42.1171875       8.26116478E+19
   42.1875000       8.27980194E+19
   42.2578125       8.29854466E+19
   42.3281250       8.31714752E+19
   42.3984375       8.33542404E+19
   42.4687500       8.35324228E+19
   42.5390625       8.37053100E+19
   42.6093750       8.38727525E+19
   42.6796875       8.40351459E+19
   42.7500000       8.41929654E+19
   42.8203125       8.43465804E+19
   42.8906250       8.44959469E+19
   42.9609375       8.46402380E+19
   43.0312500       8.47777561E+19
   43.1015625       8.49059855E+19
   43.1718750       8.50218477E+19
   43.2421875       8.51219912E+19
   43.3125000       8.52033814E+19
   43.3828125       8.52637314E+19
   43.4531250       8.53020824E+19
   43.5234375       8.53190677E+19
   43.5937500       8.53169566E+19
   43.6640625       8.52992237E+19
   43.7343750       8.52701350E+19
   43.8046875       8.52339919E+19
   43.8750000       8.51946557E+19
   43.9453125       8.51550645E+19
   44.0156250       8.51171709E+19
   44.0859375       8.50820130E+19
   44.1562500       8.50498368E+19
   44.2265625       8.50203611E+19
   44.2968750       8.49931548E+19
   44.3671875       8.49679012E+19
   44.4375000       8.49447147E+19
   44.5078125       8.49242462E+19
   44.5781250       8.49075688E+19
   44.6484375       8.48958788E+19
   44.7187500       8.48900910E+19
   44.7890625       8.48904604E+19
   44.8593750       8.48963978E+19
   44.9296875       8.49065133E+19
   45.0000000       8.49186343E+19
   45.0703125       8.49299901E+19
   45.1406250       8.49374844E+19
   45.2109375       8.49378978E+19
   45.2812500       8.49281781E+19
   45.3515625       8.49056777E+19
   45.4218750       8.48687165E+19
   45.4921875       8.48165996E+19
   45.5625000       8.47496966E+19
   45.6328125       8.46692739E+19
   45.7031250       8.45773019E+19
   45.7734375       8.44760501E+19
   45.8437500       8.43678582E+19
   45.9140625       8.42547932E+19
   45.9843750       8.41384824E+19
   46.0546875       8.40201398E+19
   46.1250000       8.39004426E+19
   46.1953125       8.37797514E+19
   46.2656250       8.36584005E+19
   46.3359375       8.35370672E+19
   46.4062500       8.34170797E+19
   46.4765625       8.33007250E+19
   46.5468750       8.31912664E+19
   46.6171875       8.30927062E+19
   46.6875000       8.30092840E+19
   46.7578125       8.29448966E+19
   46.8281250       8.29026226E+19
   46.8984375       8.28842563E+19
   46.9687500       8.28902817E+19
   47.0390625       8.29198541E+19
   47.1093750       8.29709330E+19
   47.1796875       8.30406685E+19
   47.2500000       8.31254364E+19
   47.3203125       8.32213226E+19
   47.3906250       8.33243337E+19
   47.4609375       8.34307840E+19
   47.5312500       8.35373223E+19
   47.6015625       8.36408523E+19
   47.6718750       8.37384361E+19
   47.7421875       8.38269776E+19
   47.8125000       8.39030198E+19
   47.8828125       8.39627101E+19
   47.9531250       8.40023629E+19
   48.0234375       8.40187060E+19
   48.0937500       8.40096021E+19
   48.1640625       8.39742506E+19
   48.2343750       8.39133992E+19
   48.3046875       8.38290447E+19
   48.3750000       8.37240369E+19
   48.4453125       8.36014546E+19
   48.5156250       8.34642003E+19
   48.5859375       8.33146404E+19
   48.6562500       8.31543932E+19
   48.7265625       8.29842415E+19
   48.7968750       8.28043086E+19
   48.8671875       8.26139524E+19
   48.9375000       8.24118094E+19
   49.0078125       8.21959181E+19
   49.0781250       8.19640003E+19
   49.1484375       8.17137426E+19
   49.2187500       8.14433771E+19
   49.2890625       8.11519890E+19
   49.3593750       8.08400971E+19
   49.4296875       8.05096191E+19
   49.5000000       8.01637303E+19
   49.5703125       7.98064330E+19
   49.6406250       7.94421252E+19
   49.7109375       7.90750115E+19
   49.7812500       7.87087246E+19
   49.8515625       7.83461936E+19
   49.9218750       7.79896000E+19
   49.9921875       7.76405183E+19
   50.0625000       7.72999511E+19
   50.1328125       7.69686023E+19
   50.2031250       7.66468588E+19
   50.2734375       7.63350285E+19
   50.3437500       7.60333313E+19
   50.4140625       7.57419959E+19
   50.4843750       7.54614973E+19
   50.5546875       7.51926359E+19
   50.6250000       7.49366169E+19
   50.6953125       7.46949354E+19
   50.7656250       7.44694564E+19
   50.8359375       7.42620445E+19
   50.9062500       7.40744062E+19
   50.9765625       7.39079490E+19
   51.0468750       7.37636666E+19
   51.1171875       7.36419727E+19
   51.1875000       7.35423833E+19
   51.2578125       7.34633724E+19
   51.3281250       7.34023056E+19
   51.3984375       7.33554400E+19
   51.4687500       7.33182369E+19
   51.5390625       7.32857837E+19
   51.6093750       7.32534009E+19
   51.6796875       7.32169587E+19
   51.7500000       7.31733564E+19
   51.8203125       7.31206151E+19
   51.8906250       7.30579429E+19
   51.9609375       7.29856654E+19
   52.0312500       7.29047985E+19
   52.1015625       7.28166529E+19
   52.1718750       7.27224115E+19
   52.2421875       7.26226507E+19
   52.3125000       7.25169964E+19
   52.3828125       7.24040106E+19
   52.4531250       7.22815690E+19
   52.5234375       7.21471251E+19
   52.5937500       7.19982644E+19
   52.6640625       7.18331881E+19
   52.7343750       7.16512497E+19
   52.8046875       7.14531617E+19
   52.8750000       7.12410087E+19
   52.9453125       7.10179926E+19
   53.0156250       7.07879616E+19
   53.0859375       7.05546980E+19
   53.1562500       7.03213376E+19
   53.2265625       7.00900092E+19
   53.2968750       6.98617946E+19
   53.3671875       6.96370192E+19
   53.4375000       6.94154588E+19
   53.5078125       6.91966868E+19
   53.5781250       6.89801929E+19
   53.6484375       6.87655155E+19
   53.7187500       6.85521311E+19
   53.7890625       6.83394987E+19
   53.8593750       6.81271610E+19
   53.9296875       6.79147354E+19
   54.0000000       6.77019447E+19
   54.0703125       6.74886131E+19
   54.1406250       6.72746613E+19
   54.2109375       6.70602213E+19
   54.2812500       6.68455351E+19
   54.3515625       6.66311567E+19
   54.4218750       6.64179922E+19
   54.4921875       6.62073917E+19
   54.5625000       6.60008683E+19
   54.6328125       6.58001018E+19
   54.7031250       6.56066362E+19
   54.7734375       6.54218786E+19
   54.8437500       6.52469947E+19
   54.9140625       6.50829168E+19
   54.9843750       6.49304409E+19
   55.0546875       6.47901168E+19
   55.1250000       6.46621645E+19
   55.1953125       6.45462232E+19
   55.2656250       6.44414441E+19
   55.3359375       6.43465739E+19
   55.4062500       6.42602798E+19
   55.4765625       6.41813788E+19
   55.5468750       6.41091937E+19
   55.6171875       6.40433813E+19
   55.6875000       6.39836690E+19
   55.7578125       6.39294543E+19
   55.8281250       6.38794309E+19
   55.8984375       6.38314483E+19
   55.9687500       6.37824848E+19
   56.0390625       6.37288154E+19
   56.1093750       6.36664599E+19
   56.1796875       6.35916228E+19
   56.2500000       6.35011374E+19
   56.3203125       6.33931038E+19
   56.3906250       6.32671789E+19
   56.4609375       6.31248229E+19
   56.5312500       6.29689254E+19
   56.6015625       6.28031894E+19
   56.6718750       6.26313093E+19
   56.7421875       6.24561219E+19
   56.8125000       6.22789950E+19
   56.8828125       6.20997702E+19
   56.9531250       6.19171150E+19
   57.0234375       6.17292568E+19
   57.0937500       6.15345773E+19
   57.1640625       6.13320340E+19
   57.2343750       6.11214468E+19
   57.3046875       6.09032817E+19
   57.3750000       6.06784755E+19
   57.4453125       6.04482026E+19
   57.5156250       6.02138307E+19
   57.5859375       5.99770267E+19
   57.6562500       5.97398268E+19
   57.7265625       5.95048436E+19
   57.7968750       5.92753448E+19
   57.8671875       5.90550510E+19
   57.9375000       5.88476787E+19
   58.0078125       5.86563637E+19
   58.0781250       5.84830103E+19
   58.1484375       5.83278516E+19
   58.2187500       5.81892955E+19
   58.2890625       5.80641667E+19
   58.3593750       5.79484321E+19
   58.4296875       5.78379532E+19
   58.5000000       5.77291147E+19
   58.5703125       5.76192208E+19
   58.6406250       5.75066176E+19
   58.7109375       5.73905223E+19
   58.7812500       5.72706492E+19
   58.8515625       5.71468310E+19
   58.9218750       5.70189886E+19
   58.9921875       5.68871923E+19
   59.0625000       5.67517281E+19
   59.1328125       5.66132952E+19
   59.2031250       5.64730547E+19
   59.2734375       5.63324799E+19
   59.3437500       5.61930926E+19
   59.4140625       5.60560363E+19
   59.4843750       5.59217419E+19
   59.5546875       5.57897610E+19
   59.6250000       5.56587387E+19
   59.6953125       5.55266302E+19
   59.7656250       5.53911616E+19
   59.8359375       5.52502878E+19
   59.9062500       5.51023771E+19
   59.9765625       5.49463652E+19
   60.0468750       5.47818606E+19
   60.1171875       5.46090614E+19
   60.1875000       5.44288162E+19
   60.2578125       5.42426249E+19
   60.3281250       5.40527569E+19
   60.3984375       5.38621851E+19
   60.4687500       5.36743094E+19
   60.5390625       5.34926393E+19
   60.6093750       5.33203722E+19
   60.6796875       5.31600810E+19
   60.7500000       5.30135425E+19
   60.8203125       5.28817418E+19
   60.8906250       5.27650572E+19
   60.9609375       5.26634360E+19
   61.0312500       5.25764030E+19
   61.1015625       5.25030920E+19
   61.1718750       5.24422714E+19
   61.2421875       5.23922832E+19
   61.3125000       5.23511747E+19
   61.3828125       5.23168171E+19
   61.4531250       5.22873678E+19
   61.5234375       5.22616041E+19
   61.5937500       5.22393543E+19
   61.6640625       5.22217094E+19
   61.7343750       5.22109210E+19
   61.8046875       5.22101293E+19
   61.8750000       5.22227737E+19
   61.9453125       5.22519416E+19
   62.0156250       5.22999902E+19
   62.0859375       5.23681203E+19
   62.1562500       5.24563232E+19
   62.2265625       5.25634332E+19
   62.2968750       5.26874317E+19
   62.3671875       5.28257635E+19
   62.4375000       5.29757149E+19
   62.5078125       5.31348318E+19
   62.5781250       5.33012935E+19
   62.6484375       5.34742071E+19
   62.7187500       5.36537133E+19
   62.7890625       5.38407051E+19
   62.8593750       5.40365501E+19
   62.9296875       5.42424578E+19
   63.0000000       5.44590044E+19
   63.0703125       5.46856929E+19
   63.1406250       5.49209708E+19
   63.2109375       5.51623180E+19
   63.2812500       5.54066691E+19
   63.3515625       5.56507299E+19
   63.4218750       5.58913514E+19
   63.4921875       5.61257761E+19
   63.5625000       5.63517873E+19
   63.6328125       5.65677534E+19
   63.7031250       5.67728035E+19
   63.7734375       5.69667750E+19
   63.8437500       5.71499932E+19
   63.9140625       5.73230475E+19
   63.9843750       5.74865361E+19
   64.0546875       5.76408460E+19
   64.1250000       5.77861178E+19
   64.1953125       5.79223385E+19
   64.2656250       5.80494816E+19
   64.3359375       5.81677319E+19
   64.4062500       5.82774720E+19
   64.4765625       5.83792956E+19
   64.5468750       5.84738843E+19
   64.6171875       5.85617353E+19
   64.6875000       5.86429716E+19
   64.7578125       5.87171623E+19
   64.8281250       5.87834628E+19
   64.8984375       5.88406726E+19
   64.9687500       5.88875954E+19
   65.0390625       5.89231096E+19
   65.1093750       5.89464193E+19
   65.1796875       5.89571637E+19
   65.2500000       5.89553649E+19
   65.3203125       5.89415418E+19
   65.3906250       5.89165961E+19
   65.4609375       5.88818427E+19
   65.5312500       5.88387859E+19
   65.6015625       5.87889956E+19
   65.6718750       5.87338881E+19
   65.7421875       5.86745672E+19
   65.8125000       5.86115300E+19
   65.8828125       5.85445653E+19
   65.9531250       5.84727365E+19
   66.0234375       5.83945568E+19
   66.0937500       5.83082055E+19
   66.1640625       5.82120071E+19
   66.2343750       5.81048223E+19
   66.3046875       5.79862993E+19
   66.3750000       5.78568252E+19
   66.4453125       5.77175523E+19
   66.5156250       5.75701518E+19
   66.5859375       5.74167127E+19
   66.6562500       5.72594693E+19
   66.7265625       5.71005371E+19
   66.7968750       5.69417017E+19
   66.8671875       5.67841417E+19
   66.9375000       5.66283541E+19
   67.0078125       5.64741234E+19
   67.0781250       5.63208075E+19
   67.1484375       5.61676675E+19
   67.2187500       5.60141361E+19
   67.2890625       5.58600022E+19
   67.3593750       5.57054988E+19
   67.4296875       5.55512065E+19
   67.5000000       5.53977015E+19
   67.5703125       5.52452432E+19
   67.6406250       5.50935590E+19
   67.7109375       5.49417076E+19
   67.7812500       5.47881542E+19
   67.8515625       5.46309549E+19
   67.9218750       5.44681216E+19
   67.9921875       5.42979260E+19
   68.0625000       5.41189783E+19
   68.1328125       5.39302933E+19
   68.2031250       5.37311717E+19
   68.2734375       5.35210946E+19
   68.3437500       5.32995210E+19
   68.4140625       5.30658396E+19
   68.4843750       5.28194215E+19
   68.5546875       5.25599763E+19
   68.6250000       5.22877109E+19
   68.6953125       5.20037290E+19
   68.7656250       5.17100670E+19
   68.8359375       5.14096233E+19
   68.9062500       5.11057535E+19
   68.9765625       5.08017737E+19
   69.0468750       5.05006658E+19
   69.1171875       5.02047521E+19
   69.1875000       4.99156201E+19
   69.2578125       4.96342287E+19
   69.3281250       4.93611628E+19
   69.3984375       4.90969809E+19
   69.4687500       4.88423340E+19
   69.5390625       4.85979302E+19
   69.6093750       4.83643323E+19
   69.6796875       4.81416460E+19
   69.7500000       4.79289961E+19
   69.8203125       4.77243770E+19
   69.8906250       4.75245121E+19
   69.9609375       4.73253114E+19
   70.0312500       4.71223284E+19
   70.1015625       4.69116795E+19
   70.1718750       4.66907569E+19
   70.2421875       4.64588699E+19
   70.3125000       4.62172852E+19
   70.3828125       4.59689627E+19
   70.4531250       4.57180805E+19
   70.5234375       4.54693446E+19
   70.5937500       4.52272497E+19
   70.6640625       4.49954551E+19
   70.7343750       4.47762960E+19
   70.8046875       4.45704631E+19
   70.8750000       4.43769666E+19
   70.9453125       4.41932074E+19
   71.0156250       4.40154648E+19
   71.0859375       4.38393714E+19
   71.1562500       4.36605292E+19
   71.2265625       4.34750988E+19
   71.2968750       4.32802433E+19
   71.3671875       4.30744763E+19
   71.4375000       4.28576570E+19
   71.5078125       4.26307926E+19
   71.5781250       4.23958709E+19
   71.6484375       4.21554913E+19
   71.7187500       4.19124597E+19
   71.7890625       4.16695072E+19
   71.8593750       4.14290440E+19
   71.9296875       4.11930492E+19
   72.0000000       4.09629214E+19
   72.0703125       4.07394347E+19
   72.1406250       4.05226418E+19
   72.2109375       4.03118962E+19
   72.2812500       4.01057641E+19
   72.3515625       3.99022709E+19
   72.4218750       3.96992263E+19
   72.4921875       3.94948711E+19
   72.5625000       3.92883520E+19
   72.6328125       3.90802057E+19
   72.7031250       3.88725915E+19
   72.7734375       3.86692522E+19
   72.8437500       3.84750960E+19
   72.9140625       3.82954182E+19
   72.9843750       3.81351622E+19
   73.0546875       3.79980443E+19
   73.1250000       3.78860701E+19
   73.1953125       3.77994198E+19
   73.2656250       3.77367652E+19
   73.3359375       3.76959029E+19
   73.4062500       3.76743745E+19
   73.4765625       3.76700556E+19
   73.5468750       3.76814685E+19
   73.6171875       3.77078920E+19
   73.6875000       3.77491281E+19
   73.7578125       3.78051328E+19
   73.8281250       3.78756159E+19
   73.8984375       3.79597725E+19
   73.9687500       3.80560150E+19
   74.0390625       3.81618936E+19
   74.1093750       3.82742329E+19
   74.1796875       3.83893913E+19
   74.2500000       3.85034898E+19
   74.3203125       3.86127241E+19
   74.3906250       3.87136285E+19
   74.4609375       3.88032695E+19
   74.5312500       3.88792589E+19
   74.6015625       3.89397760E+19
   74.6718750       3.89835058E+19
   74.7421875       3.90097314E+19
   74.8125000       3.90184131E+19
   74.8828125       3.90104043E+19
   74.9531250       3.89877499E+19
   75.0234375       3.89537442E+19
   75.0937500       3.89128072E+19
   75.1640625       3.88700054E+19
   75.2343750       3.88304670E+19
   75.3046875       3.87987131E+19
   75.3750000       3.87780027E+19
   75.4453125       3.87700906E+19
   75.5156250       3.87751616E+19
   75.5859375       3.87921644E+19
   75.6562500       3.88191288E+19
   75.7265625       3.88536051E+19
   75.7968750       3.88930028E+19
   75.8671875       3.89348502E+19
   75.9375000       3.89768604E+19
   76.0078125       3.90169354E+19
   76.0781250       3.90531665E+19
   76.1484375       3.90837593E+19
   76.2187500       3.91070250E+19
   76.2890625       3.91213450E+19
   76.3593750       3.91252505E+19
   76.4296875       3.91175979E+19
   76.5000000       3.90976439E+19
   76.5703125       3.90651951E+19
   76.6406250       3.90207749E+19
   76.7109375       3.89656673E+19
   76.7812500       3.89018517E+19
   76.8515625       3.88317952E+19
   76.9218750       3.87581895E+19
   76.9921875       3.86836690E+19
   77.0625000       3.86105207E+19
   77.1328125       3.85405390E+19
   77.2031250       3.84750477E+19
   77.2734375       3.84149835E+19
   77.3437500       3.83609184E+19
   77.4140625       3.83131248E+19
   77.4843750       3.82714929E+19
   77.5546875       3.82354509E+19
   77.6250000       3.82037850E+19
   77.6953125       3.81746435E+19
   77.7656250       3.81456648E+19
   77.8359375       3.81142759E+19
   77.9062500       3.80779436E+19
   77.9765625       3.80344426E+19
   78.0468750       3.79820838E+19
   78.1171875       3.79197503E+19
   78.1875000       3.78468351E+19
   78.2578125       3.77630303E+19
   78.3281250       3.76681425E+19
   78.3984375       3.75618593E+19
   78.4687500       3.74435518E+19
   78.5390625       3.73122745E+19
   78.6093750       3.71668619E+19
   78.6796875       3.70062365E+19
   78.7500000       3.68297187E+19
   78.8203125       3.66373041E+19
   78.8906250       3.64298571E+19
   78.9609375       3.62091983E+19
   79.0312500       3.59778237E+19
   79.1015625       3.57386645E+19
   79.1718750       3.54947158E+19
   79.2421875       3.52487727E+19
   79.3125000       3.50031814E+19
   79.3828125       3.47598968E+19
   79.4531250       3.45206233E+19
   79.5234375       3.36243740E+19
   79.5937500       3.35407869E+19
   79.6640625       3.34621125E+19
   79.7343750       3.33882011E+19
   79.8046875       3.33190330E+19
   79.8750000       3.32544829E+19
   79.9453125       3.31942341E+19
   80.0156250       3.31376554E+19
   80.0859375       3.30837375E+19
   80.1562500       3.30310203E+19
   80.2265625       3.29775731E+19
   80.2968750       3.29210582E+19
   80.3671875       3.28588588E+19
   80.4375000       3.27882966E+19
   80.5078125       3.27068799E+19
   80.5781250       3.26125836E+19
   80.6484375       3.25041784E+19
   80.7187500       3.23813079E+19
   80.7890625       3.22446518E+19
   80.8593750       3.20958329E+19
   80.9296875       3.19373405E+19
   81.0000000       3.17721653E+19
   81.0703125       3.16034892E+19
   81.1406250       3.14342084E+19
   81.2109375       3.12665791E+19
   81.2812500       3.11018238E+19
   81.3515625       3.09399471E+19
   81.4218750       3.07797351E+19
   81.4921875       3.06190085E+19
   81.5625000       3.04550097E+19
   81.6328125       3.02849241E+19
   81.7031250       3.01063986E+19
   81.7734375       2.99179929E+19
   81.8437500       2.97193683E+19
   81.9140625       2.95112901E+19
   81.9843750       2.92954846E+19
   82.0546875       2.90743992E+19
   82.1250000       2.88508882E+19
   82.1953125       2.86278919E+19
   82.2656250       2.84081435E+19
   82.3359375       2.81940136E+19
   82.4062500       2.79872900E+19
   82.4765625       2.77891251E+19
   82.5468750       2.76000332E+19
   82.6171875       2.74199574E+19
   82.6875000       2.72483017E+19
   82.7578125       2.70840258E+19
   82.8281250       2.69257467E+19
   82.8984375       2.67718701E+19
   82.9687500       2.66205971E+19
   83.0390625       2.64700058E+19
   83.1093750       2.63179675E+19
   83.1796875       2.61622041E+19
   83.2500000       2.60002306E+19
   83.3203125       2.58295402E+19
   83.3906250       2.56478987E+19
   83.4609375       2.54537865E+19
   83.5312500       2.52467441E+19
   83.6015625       2.50276444E+19
   83.6718750       2.47986777E+19
   83.7421875       2.45631469E+19
   83.8125000       2.43249246E+19
   83.8828125       2.40879072E+19
   83.9531250       2.38555013E+19
   84.0234375       2.36303147E+19
   84.0937500       2.34140385E+19
   84.1640625       2.32075371E+19
   84.2343750       2.30111577E+19
   84.3046875       2.28250675E+19
   84.3750000       2.26494689E+19
   84.4453125       2.24846675E+19
   84.5156250       2.18853655E+19
   84.5859375       2.17623346E+19
   84.6562500       2.16473345E+19
   84.7265625       2.15381068E+19
   84.7968750       2.14313596E+19
   84.8671875       2.13230423E+19
   84.9375000       2.12085985E+19
   85.0078125       2.10834939E+19
   85.0781250       2.09437218E+19
   85.1484375       2.07864169E+19
   85.2187500       2.06102619E+19
   85.2890625       2.04158221E+19
   85.3593750       2.02055185E+19
   85.4296875       1.99834941E+19
   85.5000000       1.97550090E+19
   85.5703125       1.95258290E+19
   85.6406250       1.93014582E+19
   85.7109375       1.90866071E+19
   85.7812500       1.88847015E+19
   85.8515625       1.86977296E+19
   85.9218750       1.85262080E+19
   85.9921875       1.83694616E+19
   86.0625000       1.82258500E+19
   86.1328125       1.80931257E+19
   86.2031250       1.79686841E+19
   86.2734375       1.78498984E+19
   86.3437500       1.77342638E+19
   86.4140625       1.71068033E+19
   86.4843750       1.69960605E+19
   86.5546875       1.68807020E+19
   86.6250000       1.67598371E+19
   86.6953125       1.66331128E+19
   86.7656250       1.65005887E+19
   86.8359375       1.63626242E+19
   86.9062500       1.62196349E+19
   86.9765625       1.60719936E+19
   87.0468750       1.59199047E+19
   87.1171875       1.57634387E+19
   87.1875000       1.56024130E+19
   87.2578125       1.54362867E+19
   87.3281250       1.47530920E+19
   87.3984375       1.45968107E+19
   87.4687500       1.39860221E+19
   87.5390625       1.38856576E+19
   87.6093750       1.37804266E+19
   87.6796875       1.36682621E+19
   87.7500000       1.35472609E+19
   87.8203125       1.34158912E+19
   87.8906250       1.32731087E+19
   87.9609375       1.31184711E+19
   88.0312500       1.29520392E+19
   88.1015625       1.27742965E+19
   88.1718750       1.25859216E+19
   88.2421875       1.23876631E+19
   88.3125000       1.21801721E+19
   88.3828125       1.19640554E+19
   88.4531250       1.17399914E+19
   88.5234375       1.15091149E+19
   88.5937500       1.07939309E+19
   88.6640625       1.06552737E+19
   88.7343750       1.05237271E+19
   88.8046875       1.04008962E+19
   88.8750000       1.02879170E+19
   88.9453125       1.01854029E+19
   89.0156250       1.00934112E+19
   89.0859375       1.00114899E+19
   89.1562500       9.93871650E+18
   89.2265625       9.87373646E+18
   89.2968750       9.81478725E+18
   89.3671875       9.75979627E+18
   89.4375000       9.70652933E+18
   89.5078125       9.65281159E+18
   89.5781250       9.59677938E+18
   89.6484375       9.53715616E+18
   89.7187500       9.47340208E+18
   89.7890625       9.40574363E+18
   89.8593750       9.33505933E+18
   89.9296875       9.26271256E+18
   90.0000000       9.19031192E+18
   90.0703125       9.11951382E+18
   90.1406250       9.05183338E+18
   90.2109375       8.98854604E+18
   90.2812500       8.93057319E+18
   90.3515625       8.87845909E+18
   90.4218750       8.83239230E+18
   90.4921875       8.79231180E+18
   90.5625000       8.75802518E+18
   90.6328125       8.72929164E+18
   90.7031250       8.70584126E+18
   90.7734375       8.68731724E+18
   90.8437500       8.67315223E+18
   90.9140625       8.66245123E+18
   90.9843750       8.65395146E+18
   91.0546875       8.64612623E+18
   91.1250000       8.63736258E+18
   91.1953125       8.62619374E+18
   91.2656250       8.61146083E+18
   91.3359375       8.59241729E+18
   91.4062500       8.56868213E+18
   91.4765625       8.54015970E+18
   91.5468750       8.50694290E+18
   91.6171875       8.46928518E+18
   91.6875000       8.42761369E+18
   91.7578125       8.38256780E+18
   91.8281250       8.33503701E+18
   91.8984375       7.73357941E+18
   91.9687500       7.68506511E+18
   92.0390625       7.63473551E+18
   92.1093750       7.58363736E+18
   92.1796875       7.07049199E+18
   92.2500000       7.07375589E+18
   92.3203125       7.07787026E+18
   92.3906250       7.08209073E+18
   92.4609375       7.08519246E+18
   92.5312500       7.08576475E+18
   92.6015625       7.08245797E+18
   92.6718750       7.07428420E+18
   92.7421875       7.06071238E+18
   92.8125000       7.04175460E+18
   92.8828125       7.01780449E+18
   92.9531250       6.98954979E+18
   93.0234375       6.95774367E+18
   93.0937500       6.92311400E+18
   93.1640625       6.88619734E+18
   93.2343750       6.84732136E+18
   93.3046875       6.80655147E+18
   93.3750000       6.76378432E+18
   93.4453125       6.71879175E+18
   93.5156250       6.67137751E+18
   93.5859375       6.62141405E+18
   93.6562500       6.56893216E+18
   93.7265625       6.51407973E+18
   93.7968750       6.45714922E+18
   93.8671875       6.39849357E+18
   93.9375000       6.33853170E+18
   94.0078125       6.27765009E+18
   94.0781250       6.21623797E+18
   94.1484375       6.15463563E+18
   94.2187500       6.09322131E+18
   94.2890625       6.03239798E+18
   94.3593750       5.97267690E+18
   94.4296875       5.91459575E+18
   94.5000000       5.85867899E+18
   94.5703125       5.80525702E+18
   94.6406250       5.75439801E+18
   94.7109375       5.70579245E+18
   94.7812500       5.65879602E+18
   94.8515625       5.61245326E+18
   94.9218750       5.56567233E+18
   94.9921875       5.03144602E+18
   95.0625000       4.98446444E+18
   95.1328125       4.93266865E+18
   95.2031250       4.87573209E+18
   95.2734375       4.81372568E+18
   95.3437500       4.74721512E+18
   95.4140625       4.67721636E+18
   95.4843750       4.60514667E+18
   95.5546875       4.53265725E+18
   95.6250000       4.46147926E+18
   95.6953125       4.39320701E+18
   95.7656250       4.32916513E+18
   95.8359375       4.27026045E+18
   95.9062500       4.21695392E+18
   95.9765625       4.16920763E+18
   96.0468750       4.12656582E+18
   96.1171875       4.08822667E+18
   96.1875000       4.05321438E+18
   96.2578125       4.02051435E+18
   96.3281250       3.98926101E+18
   96.3984375       3.95882982E+18
   96.4687500       3.92889809E+18
   96.5390625       3.89933607E+18
   96.6093750       3.87010006E+18
   96.6796875       3.84106856E+18
   96.7500000       3.81200489E+18
   96.8203125       3.78253001E+18
   96.8906250       3.29475999E+18
   96.9609375       3.26759408E+18
   97.0312500       3.23903371E+18
   97.1015625       3.20961243E+18
   97.1718750       3.18008532E+18
   97.2421875       3.15133117E+18
   97.3125000       3.12425707E+18
   97.3828125       3.09962801E+18
   97.4531250       3.07794151E+18
   97.5234375       3.05933228E+18
   97.5937500       3.04358617E+18
   97.6640625       3.03017543E+18
   97.7343750       3.01838977E+18
   97.8046875       3.00744055E+18
   97.8750000       2.99659992E+18
   97.9453125       2.98523372E+18
   98.0156250       2.97284085E+18
   98.0859375       2.95902328E+18
   98.1562500       2.94348196E+18
   98.2265625       2.92595740E+18
   98.2968750       2.90620824E+18
   98.3671875       2.88397969E+18
   98.4375000       2.85903232E+18
   98.5078125       2.83113964E+18
   98.5781250       2.80014056E+18
   98.6484375       2.76596499E+18
   98.7187500       2.72869072E+18
   98.7890625       2.68850879E+18
   98.8593750       2.64569766E+18
   98.9296875       2.05067330E+18
   99.0000000       2.02336706E+18
   99.0703125       1.99050321E+18
   99.1406250       1.95242273E+18
   99.2109375       1.90960829E+18
   99.2812500       1.86266904E+18
   99.3515625       1.81236556E+18
   99.4218750       1.75957581E+18
   99.4921875       1.70529512E+18
   99.5625000       1.65058356E+18
   99.6328125       1.59654888E+18
   99.7031250       1.04734667E+18
   99.7734375       1.01109564E+18
   99.8437500       9.77258236E+17
   99.9140625       9.46699784E+17
   99.9843750       9.20094145E+17
   100.054688       8.97875214E+17
   100.125000       8.80192456E+17
   100.195312       8.66938943E+17
   100.265625       8.57795747E+17
   100.335938       8.52319011E+17
   100.406250       8.49996087E+17
   100.476562       8.50302095E+17
   100.546875       8.52723425E+17
   100.617188       8.56785915E+17
   100.687500       8.62048933E+17
   100.757812       8.68100302E+17
   100.828125       8.74526191E+17
   100.898438       8.80902259E+17
   100.968750       8.86780936E+17
   101.039062       8.91725508E+17
   101.109375       8.95344207E+17
   101.179688       8.97347448E+17
   101.250000       8.97561578E+17
   101.320312       8.95944265E+17
   101.390625       8.92566016E+17
   101.460938       8.87599247E+17
   101.531250       8.81280216E+17
   101.601562       8.73882084E+17
   101.671875       8.65671824E+17
   101.742188       8.56891193E+17
   101.812500       8.47724358E+17
   101.882812       8.38297077E+17
   101.953125       8.28673258E+17
   102.023438       8.18885611E+17
   102.093750       8.08945751E+17
   102.164062       7.98880066E+17
   102.234375       7.88740370E+17
   102.304688       7.78628711E+17
   102.375000       7.68678406E+17
   102.445312       7.59042217E+17
   102.515625       7.49854492E+17
   102.585938       7.41217210E+17
   102.656250       7.33174557E+17
   102.726562       7.25721174E+17
   102.796875       7.18812049E+17
   102.867188       7.12403064E+17
   102.937500       7.06464671E+17
   103.007812       7.01000029E+17
   103.078125       6.96029206E+17
   103.148438       6.91585461E+17
   103.218750       6.87683638E+17
   103.289062       6.84311642E+17
   103.359375       6.81405632E+17
   103.429688       6.78852154E+17
   103.500000       6.76477209E+17
   103.570312       6.74071340E+17
   103.640625       6.71420761E+17
   103.710938       6.68371884E+17
   103.781250       6.64872620E+17
   103.851562       6.61005500E+17
   103.921875       6.56975515E+17
   103.992188       6.53084206E+17
   104.062500       6.49675376E+17
   104.132812       6.47105680E+17
   104.203125       6.45724075E+17
   104.273438       6.45883710E+17
   104.343750       6.47926191E+17
   104.414062       6.52172642E+17
   104.484375       6.58874234E+17
   104.554688       6.68180775E+17
   104.625000       6.80086906E+17
   104.695312       6.94412786E+17
   104.765625       7.10785477E+17
   104.835938       7.28665666E+17
   104.906250       7.47377979E+17
   104.976562       7.66187462E+17
   105.046875       7.84371254E+17
   105.117188       8.01310537E+17
   105.187500       8.16538566E+17
   105.257812       8.29779229E+17
   105.328125       8.40937004E+17
   105.398438       8.50085285E+17
   105.468750       8.57417378E+17
   105.539062       8.63210705E+17
   105.609375       8.67775946E+17
   105.679688       8.71433059E+17
   105.750000       8.74472109E+17
   105.820312       8.77133889E+17
   105.890625       8.79571781E+17
   105.960938       8.81829354E+17
   106.031250       8.83794043E+17
   106.101562       8.85179222E+17
   106.171875       8.85509075E+17
   106.242188       8.84149529E+17
   106.312500       8.80334774E+17
   106.382812       8.73240038E+17
   106.453125       8.62060959E+17
   106.523438       8.46149514E+17
   106.593750       8.25144856E+17
   106.664062       7.99118866E+17
   106.734375       7.68653598E+17
   106.804688       7.34850213E+17
   106.875000       6.99201366E+17
   106.945312       6.63392127E+17
   107.015625       6.29044896E+17
   107.085938       5.97513995E+17
   107.156250       5.69743183E+17
   107.226562       5.46241431E+17
   107.296875       5.27129926E+17
   107.367188       5.12262399E+17
   107.437500       5.01335486E+17
   107.507812       4.94006245E+17
   107.578125       4.89952071E+17
   107.648438       4.88913616E+17
   107.718750       4.90667750E+17
   107.789062       4.95005392E+17
   107.859375       5.01692175E+17
   107.929688       5.10476139E+17
   108.000000       5.21087388E+17
   108.070312       5.33263414E+17
   108.140625       5.46752395E+17
   108.210938       5.61330751E+17
   108.281250       5.76796584E+17
   108.351562       5.92978647E+17
   108.421875       6.09724278E+17
   108.492188       6.26899680E+17
   108.562500       6.44355252E+17
   108.632812       6.61912391E+17
   108.703125       6.79342674E+17
   108.773438       6.96397405E+17
   108.843750       7.12833179E+17
   108.914062       7.28472152E+17
   108.984375       7.43227254E+17
   109.054688       7.57123157E+17
   109.125000       7.70258679E+17
   109.195312       7.82773664E+17
   109.265625       7.94792907E+17
   109.335938       8.06408491E+17
   109.406250       8.17654090E+17
   109.476562       8.28514859E+17
   109.546875       8.38926754E+17
   109.617188       8.48802567E+17
   109.687500       8.58039152E+17
   109.757812       8.66548891E+17
   109.828125       8.74275090E+17
   109.898438       8.81223729E+17
   109.968750       8.87456792E+17
   110.039062       8.93089246E+17
   110.109375       8.98248429E+17
   110.179688       9.03058174E+17
   110.250000       9.07602387E+17
   110.320312       9.11932539E+17
   110.390625       9.16060861E+17
   110.460938       9.19979796E+17
   110.531250       9.23646667E+17
   110.601562       9.26986983E+17
   110.671875       9.29886052E+17
   110.742188       9.32219284E+17
   110.812500       9.33871163E+17
   110.882812       9.34776611E+17
   110.953125       9.34929099E+17
   111.023438       9.34386697E+17
   111.093750       9.33226025E+17
   111.164062       9.31514566E+17
   111.234375       9.29275411E+17
   111.304688       9.26510276E+17
   111.375000       9.23220331E+17
   111.445312       9.19458352E+17
   111.515625       9.15336077E+17
   111.585938       9.11031283E+17
   111.656250       9.06748754E+17
   111.726562       9.02699527E+17
   111.796875       8.99074575E+17
   111.867188       8.96054423E+17
   111.937500       8.93802142E+17
   112.007812       8.92477505E+17
   112.078125       8.92224755E+17
   112.148438       8.93178788E+17
   112.218750       8.95435054E+17
   112.289062       8.99036298E+17
   112.359375       9.03933867E+17
   112.429688       9.09977745E+17
   112.500000       9.16891405E+17
   112.570312       9.24286102E+17
   112.640625       9.31671659E+17
   112.710938       9.38498183E+17
   112.781250       9.44183758E+17
   112.851562       9.48161172E+17
   112.921875       9.49921215E+17
   112.992188       9.49074454E+17
   113.062500       9.45384149E+17
   113.132812       9.38799106E+17
   113.203125       9.29445560E+17
   113.273438       9.17619076E+17
   113.343750       9.03735336E+17
   113.414062       8.88297437E+17
   113.484375       8.71841459E+17
   113.554688       8.54911935E+17
   113.625000       8.38010585E+17
   113.695312       8.21575086E+17
   113.765625       8.05944634E+17
   113.835938       7.91359681E+17
   113.906250       7.77947083E+17
   113.976562       7.65730272E+17
   114.046875       7.54625891E+17
   114.117188       7.44461250E+17
   114.187500       7.34967379E+17
   114.257812       7.25793192E+17
   114.328125       7.16511596E+17
   114.398438       7.06664782E+17
   114.468750       6.95801538E+17
   114.539062       6.83547412E+17
   114.609375       6.69654602E+17
   114.679688       6.54057892E+17
   114.750000       6.36884551E+17
   114.820312       6.18453713E+17
   114.890625       5.99238098E+17
   114.960938       5.79821478E+17
   115.031250       5.60822536E+17
   115.101562       5.42824561E+17
   115.171875       5.26304021E+17
   115.242188       5.11601180E+17
   115.312500       4.98898900E+17
   115.382812       4.88240887E+17
   115.453125       4.79545674E+17
   115.523438       0.00000000    
   115.593750       0.00000000    
   115.664062       0.00000000    
   115.734375       0.00000000    
   115.804688       0.00000000    
   115.875000       0.00000000    
