2007 08 15 23 40 57.0 -13.390 -76.600
32. 1.686E+21 8.085 315 23 53 175 72 104
  -1.12500000       0.00000000    
  -1.05468750       5.04373918E+17
 -0.984375000       5.67002581E+17
 -0.914062500       6.41798612E+17
 -0.843750000       7.24795866E+17
 -0.773437500       8.13979728E+17
 -0.703125000       9.10478366E+17
 -0.632812500       1.01562899E+18
 -0.562500000       1.12891243E+18
 -0.492187500       1.24938620E+18
 -0.421875000       1.37243474E+18
 -0.351562500       1.49897671E+18
 -0.281250000       1.62725494E+18
 -0.210937500       1.75946929E+18
 -0.140625000       1.89658788E+18
  -7.03125000E-02   2.03949443E+18
   0.00000000       2.18555740E+18
   7.03125000E-02   2.33005013E+18
  0.140625000       2.47014221E+18
  0.210937500       2.60448191E+18
  0.281250000       2.73260443E+18
  0.351562500       2.85465682E+18
  0.421875000       2.97095436E+18
  0.492187500       3.08481346E+18
  0.562500000       3.19925998E+18
  0.632812500       3.31620431E+18
  0.703125000       3.43359202E+18
  0.773437500       3.54881397E+18
  0.843750000       3.65972280E+18
  0.914062500       3.76478059E+18
  0.984375000       3.86294169E+18
   1.05468750       3.95693179E+18
   1.12500000       4.05071684E+18
   1.19531250       4.14730701E+18
   1.26562500       4.24581995E+18
   1.33593750       4.34429386E+18
   1.40625000       4.44206024E+18
   1.47656250       4.53956988E+18
   1.54687500       4.63788023E+18
   1.61718750       4.73834921E+18
   1.68750000       4.84212936E+18
   1.75781250       4.94999255E+18
   1.82812500       5.06207512E+18
   1.89843750       5.17801642E+18
   1.96875000       5.29698083E+18
   2.03906250       5.41800627E+18
   2.10937500       5.54010209E+18
   2.17968750       5.66254920E+18
   2.25000000       5.78487537E+18
   2.32031250       5.90697174E+18
   2.39062500       6.02889713E+18
   2.46093750       6.15086596E+18
   2.53125000       6.27299256E+18
   2.60156250       6.39530004E+18
   2.67187500       6.51755199E+18
   2.74218750       6.63937678E+18
   2.81250000       6.76019111E+18
   2.88281250       6.87939192E+18
   2.95312500       6.99629584E+18
   3.02343750       7.11031355E+18
   3.09375000       7.22088154E+18
   3.16406250       7.32762707E+18
   3.23437500       7.43030387E+18
   3.30468750       7.52897459E+18
   3.37500000       7.62393666E+18
   3.44531250       7.71584924E+18
   3.51562500       7.80558093E+18
   3.58593750       7.89424115E+18
   3.65625000       7.98296294E+18
   3.72656250       8.07289805E+18
   3.79687500       8.16500578E+18
   3.86718750       8.26008330E+18
   3.93750000       8.35857645E+18
   4.00781250       8.46064082E+18
   4.07812500       8.56601692E+18
   4.14843750       8.67417313E+18
   4.21875000       8.78426503E+18
   4.28906250       8.89538222E+18
   4.35937500       9.00656759E+18
   4.42968750       9.11709654E+18
   4.50000000       9.22648365E+18
   4.57031250       9.33467780E+18
   4.64062500       9.44197914E+18
   4.71093750       9.54908806E+18
   4.78125000       9.65688418E+18
   4.85156250       9.76639554E+18
   4.92187500       9.87850285E+18
   4.99218750       9.99392628E+18
   5.06250000       1.01129891E+19
   5.13281250       1.02356957E+19
   5.20312500       1.03616414E+19
   5.27343750       1.04902051E+19
   5.34375000       1.06205544E+19
   5.41406250       1.07519208E+19
   5.48437500       1.08836269E+19
   5.55468750       1.10153528E+19
   5.62500000       1.11471095E+19
   5.69531250       1.12793917E+19
   5.76562500       1.14130000E+19
   5.83593750       1.15490282E+19
   5.90625000       1.16885849E+19
   5.97656250       1.18327440E+19
   6.04687500       1.19823359E+19
   6.11718750       1.21380058E+19
   6.18750000       1.23001398E+19
   6.25781250       1.24690589E+19
   6.32812500       1.26450093E+19
   6.39843750       1.28283848E+19
   6.46875000       1.30196514E+19
   6.53906250       1.32194679E+19
   6.60937500       1.34284620E+19
   6.67968750       1.36472307E+19
   6.75000000       1.38760424E+19
   6.82031250       1.41148508E+19
   6.89062500       1.43631128E+19
   6.96093750       1.46199092E+19
   7.03125000       1.48838646E+19
   7.10156250       1.51533384E+19
   7.17187500       1.54263845E+19
   7.24218750       1.57009821E+19
   7.31250000       1.59750628E+19
   7.38281250       1.62468544E+19
   7.45312500       1.65149373E+19
   7.52343750       1.67785705E+19
   7.59375000       1.70376419E+19
   7.66406250       1.72927593E+19
   7.73437500       1.75450225E+19
   7.80468750       1.77959365E+19
   7.87500000       1.80470705E+19
   7.94531250       1.82999989E+19
   8.01562500       1.85560003E+19
   8.08593750       1.88161338E+19
   8.15625000       1.90810677E+19
   8.22656250       1.93512595E+19
   8.29687500       1.96268697E+19
   8.36718750       1.99079444E+19
   8.43750000       2.01942991E+19
   8.50781250       2.04856433E+19
   8.57812500       2.07814559E+19
   8.64843750       2.10811014E+19
   8.71875000       2.13837287E+19
   8.78906250       2.16884606E+19
   8.85937500       2.19942942E+19
   8.92968750       2.23002728E+19
   9.00000000       2.26053653E+19
   9.07031250       2.29085623E+19
   9.14062500       2.32087245E+19
   9.21093750       2.35046581E+19
   9.28125000       2.37949973E+19
   9.35156250       2.40783657E+19
   9.42187500       2.43533579E+19
   9.49218750       2.46187514E+19
   9.56250000       2.48734797E+19
   9.63281250       2.51167906E+19
   9.70312500       2.53480597E+19
   9.77343750       2.55668493E+19
   9.84375000       2.57726647E+19
   9.91406250       2.59649825E+19
   9.98437500       2.61430638E+19
   10.0546875       2.63060532E+19
   10.1250000       2.64528776E+19
   10.1953125       2.65823912E+19
   10.2656250       2.66933847E+19
   10.3359375       2.67847344E+19
   10.4062500       2.68554396E+19
   10.4765625       2.69048230E+19
   10.5468750       2.69325197E+19
   10.6171875       2.69386440E+19
   10.6875000       2.69236929E+19
   10.7578125       2.68885591E+19
   10.8281250       2.68343026E+19
   10.8984375       2.67620602E+19
   10.9687500       2.66727711E+19
   11.0390625       2.65671982E+19
   11.1093750       2.64458583E+19
   11.1796875       2.63092945E+19
   11.2500000       2.61582678E+19
   11.3203125       2.59941195E+19
   11.3906250       2.58188992E+19
   11.4609375       2.56355468E+19
   11.5312500       2.54476799E+19
   11.6015625       2.52594325E+19
   11.6718750       2.50749608E+19
   11.7421875       2.48981637E+19
   11.8125000       2.47321969E+19
   11.8828125       2.45793845E+19
   11.9531250       2.44409670E+19
   12.0234375       2.43172588E+19
   12.0937500       2.42076638E+19
   12.1640625       2.41109750E+19
   12.2343750       2.40254726E+19
   12.3046875       2.39491972E+19
   12.3750000       2.38800292E+19
   12.4453125       2.38159144E+19
   12.5156250       2.37548476E+19
   12.5859375       2.36950693E+19
   12.6562500       2.36350228E+19
   12.7265625       2.35734941E+19
   12.7968750       2.35094981E+19
   12.8671875       2.34423422E+19
   12.9375000       2.33714698E+19
   13.0078125       2.32965557E+19
   13.0781250       2.32173623E+19
   13.1484375       2.31339402E+19
   13.2187500       2.30465180E+19
   13.2890625       2.29556829E+19
   13.3593750       2.28622003E+19
   13.4296875       2.27670067E+19
   13.5000000       2.26709468E+19
   13.5703125       2.25747285E+19
   13.6406250       2.24786422E+19
   13.7109375       2.23826483E+19
   13.7812500       2.22861925E+19
   13.8515625       2.21884085E+19
   13.9218750       2.20881001E+19
   13.9921875       2.19839961E+19
   14.0625000       2.18747816E+19
   14.1328125       2.17593857E+19
   14.2031250       2.16369991E+19
   14.2734375       2.15073248E+19
   14.3437500       2.13705214E+19
   14.4140625       2.12273936E+19
   14.4843750       2.10792168E+19
   14.5546875       2.09277767E+19
   14.6250000       2.07750919E+19
   14.6953125       2.06233945E+19
   14.7656250       2.04748153E+19
   14.8359375       2.03313686E+19
   14.9062500       2.01947147E+19
   14.9765625       2.00661818E+19
   15.0468750       1.99465945E+19
   15.1171875       1.98363948E+19
   15.1875000       1.97356180E+19
   15.2578125       1.96441738E+19
   15.3281250       1.95619633E+19
   15.3984375       1.94892460E+19
   15.4687500       1.94266948E+19
   15.5390625       1.93755939E+19
   15.6093750       1.93376695E+19
   15.6796875       1.93150372E+19
   15.7500000       1.93098321E+19
   15.8203125       1.93240004E+19
   15.8906250       1.93589033E+19
   15.9609375       1.94151675E+19
   16.0312500       1.94924390E+19
   16.1015625       1.95894753E+19
   16.1718750       1.97041390E+19
   16.2421875       1.98336988E+19
   16.3125000       1.99749839E+19
   16.3828125       2.01247088E+19
   16.4531250       2.02796014E+19
   16.5234375       2.04366798E+19
   16.5937500       2.05932722E+19
   16.6640625       2.07472215E+19
   16.7343750       2.08967726E+19
   16.8046875       2.10406261E+19
   16.8750000       2.11776451E+19
   16.9453125       2.13067849E+19
   17.0156250       2.14267482E+19
   17.0859375       2.15359891E+19
   17.1562500       2.16325636E+19
   17.2265625       2.17143145E+19
   17.2968750       2.17789526E+19
   17.3671875       2.18243866E+19
   17.4375000       2.18488749E+19
   17.5078125       2.18512829E+19
   17.5781250       2.18311684E+19
   17.6484375       2.17889208E+19
   17.7187500       2.17256527E+19
   17.7890625       2.16432179E+19
   17.8593750       2.15439870E+19
   17.9296875       2.14307615E+19
   18.0000000       2.13064749E+19
   18.0703125       2.11741200E+19
   18.1406250       2.10364062E+19
   18.2109375       2.08957501E+19
   18.2812500       2.07540164E+19
   18.3515625       2.06125885E+19
   18.4218750       2.04722358E+19
   18.4921875       2.03333059E+19
   18.5625000       2.01957042E+19
   18.6328125       2.00591735E+19
   18.7031250       1.99233244E+19
   18.7734375       1.97879306E+19
   18.8437500       1.96529105E+19
   18.9140625       1.95185832E+19
   18.9843750       1.93856039E+19
   19.0546875       1.92551028E+19
   19.1250000       1.91285820E+19
   19.1953125       1.90079128E+19
   19.2656250       1.88950875E+19
   19.3359375       1.87921600E+19
   19.4062500       1.87008962E+19
   19.4765625       1.86227759E+19
   19.5468750       1.85587777E+19
   19.6171875       1.85094976E+19
   19.6875000       1.84751071E+19
   19.7578125       1.84555973E+19
   19.8281250       1.84507903E+19
   19.8984375       1.84605715E+19
   19.9687500       1.84848422E+19
   20.0390625       1.85236241E+19
   20.1093750       1.85768581E+19
   20.1796875       1.86443857E+19
   20.2500000       1.87256814E+19
   20.3203125       1.88198326E+19
   20.3906250       1.89253615E+19
   20.4609375       1.90403044E+19
   20.5312500       1.91621369E+19
   20.6015625       1.92879672E+19
   20.6718750       1.94145826E+19
   20.7421875       1.95387922E+19
   20.8125000       1.96575703E+19
   20.8828125       1.97684384E+19
   20.9531250       1.98695539E+19
   21.0234375       1.99599404E+19
   21.0937500       2.00393141E+19
   21.1640625       2.01080973E+19
   21.2343750       2.01670861E+19
   21.3046875       2.02174086E+19
   21.3750000       2.02602390E+19
   21.4453125       2.02967977E+19
   21.5156250       2.03281514E+19
   21.5859375       2.03552588E+19
   21.6562500       2.03787773E+19
   21.7265625       2.03991293E+19
   21.7968750       2.04163146E+19
   21.8671875       2.04300080E+19
   21.9375000       2.04394726E+19
   22.0078125       2.04437189E+19
   22.0781250       2.04414935E+19
   22.1484375       2.04315121E+19
   22.2187500       2.04124554E+19
   22.2890625       2.03831974E+19
   22.3593750       2.03427441E+19
   22.4296875       2.02903722E+19
   22.5000000       2.02255516E+19
   22.5703125       2.01480118E+19
   22.6406250       2.00576144E+19
   22.7109375       1.99544252E+19
   22.7812500       1.98385719E+19
   22.8515625       1.97103930E+19
   22.9218750       1.95703262E+19
   22.9921875       1.94191082E+19
   23.0625000       1.92576977E+19
   23.1328125       1.90873855E+19
   23.2031250       1.89095945E+19
   23.2734375       1.87258705E+19
   23.3437500       1.85376011E+19
   23.4140625       1.83459826E+19
   23.4843750       1.81518529E+19
   23.5546875       1.79557495E+19
   23.6250000       1.77578561E+19
   23.6953125       1.75582375E+19
   23.7656250       1.73568466E+19
   23.8359375       1.71538316E+19
   23.9062500       1.69495512E+19
   23.9765625       1.67447847E+19
   24.0468750       1.65406296E+19
   24.1171875       1.63385394E+19
   24.1875000       1.61400610E+19
   24.2578125       1.59467713E+19
   24.3281250       1.57599632E+19
   24.3984375       1.55805987E+19
   24.4687500       1.54090584E+19
   24.5390625       1.52451762E+19
   24.6093750       1.50880934E+19
   24.6796875       1.49364356E+19
   24.7500000       1.47883720E+19
   24.8203125       1.46420215E+19
   24.8906250       1.44956479E+19
   24.9609375       1.43480946E+19
   25.0312500       1.41988590E+19
   25.1015625       1.40482644E+19
   25.1718750       1.38972244E+19
   25.2421875       1.37471488E+19
   25.3125000       1.35995669E+19
   25.3828125       1.34560091E+19
   25.4531250       1.33176279E+19
   25.5234375       1.31851686E+19
   25.5937500       1.30586841E+19
   25.6640625       1.29376136E+19
   25.7343750       1.28206959E+19
   25.8046875       1.27062367E+19
   25.8750000       1.25922361E+19
   25.9453125       1.24768116E+19
   26.0156250       1.23583304E+19
   26.0859375       1.22357392E+19
   26.1562500       1.21085081E+19
   26.2265625       1.19767394E+19
   26.2968750       1.18409299E+19
   26.3671875       1.17019604E+19
   26.4375000       1.15608271E+19
   26.5078125       1.14186679E+19
   26.5781250       1.12765385E+19
   26.6484375       1.11354799E+19
   26.7187500       1.09963268E+19
   26.7890625       1.08598115E+19
   26.8593750       1.07264275E+19
   26.9296875       1.05965598E+19
   27.0000000       1.04704590E+19
   27.0703125       1.03484495E+19
   27.1406250       1.02309359E+19
   27.2109375       1.01186164E+19
   27.2812500       1.00124080E+19
   27.3515625       9.91361025E+18
   27.4218750       9.82371858E+18
   27.4921875       9.74450866E+18
   27.5625000       9.67782768E+18
   27.6328125       9.62561627E+18
   27.7031250       9.58970292E+18
   27.7734375       9.57179848E+18
   27.8437500       9.57326852E+18
   27.9140625       9.59514551E+18
   27.9843750       9.63792860E+18
   28.0546875       9.70162221E+18
   28.1250000       9.78562380E+18
   28.1953125       9.88884595E+18
   28.2656250       1.00096713E+19
   28.3359375       1.01461471E+19
   28.4062500       1.02959742E+19
   28.4765625       1.04566986E+19
   28.5468750       1.06257068E+19
   28.6171875       1.08003851E+19
   28.6875000       1.09780815E+19
   28.7578125       1.11562662E+19
   28.8281250       1.13325047E+19
   28.8984375       1.15046377E+19
   28.9687500       1.16707706E+19
   29.0390625       1.18294807E+19
   29.1093750       1.19797729E+19
   29.1796875       1.21212328E+19
   29.2500000       1.22538603E+19
   29.3203125       1.23780567E+19
   29.3906250       1.24943224E+19
   29.4609375       1.26031344E+19
   29.5312500       1.27045930E+19
   29.6015625       1.27983736E+19
   29.6718750       1.28834978E+19
   29.7421875       1.29584757E+19
   29.8125000       1.30212798E+19
   29.8828125       1.30696440E+19
   29.9531250       1.31011505E+19
   30.0234375       1.31135761E+19
   30.0937500       1.31049581E+19
   30.1640625       1.30738717E+19
   30.2343750       1.30194139E+19
   30.3046875       1.29413739E+19
   30.3750000       1.28401419E+19
   30.4453125       1.27168031E+19
   30.5156250       1.25729539E+19
   30.5859375       1.24107276E+19
   30.6562500       1.22325232E+19
   30.7265625       1.20409410E+19
   30.7968750       1.18385022E+19
   30.8671875       1.16276488E+19
   30.9375000       1.14105711E+19
   31.0078125       1.11893417E+19
   31.0781250       1.09658649E+19
   31.1484375       1.07421198E+19
   31.2187500       1.05201789E+19
   31.2890625       1.03024064E+19
   31.3593750       1.00913903E+19
   31.4296875       9.89000704E+18
   31.5000000       9.70117251E+18
   31.5703125       9.52774214E+18
   31.6406250       9.37215025E+18
   31.7109375       9.23633968E+18
   31.7812500       9.12151328E+18
   31.8515625       9.02824226E+18
   31.9218750       8.95644525E+18
   31.9921875       8.90567475E+18
   32.0625000       8.87518749E+18
   32.1328125       8.86421491E+18
   32.2031250       8.87190600E+18
   32.2734375       8.89743886E+18
   32.3437500       8.93982778E+18
   32.4140625       8.99796281E+18
   32.4843750       9.07041678E+18
   32.5546875       9.15557450E+18
   32.6250000       9.25159320E+18
   32.6953125       9.35665923E+18
   32.7656250       9.46898644E+18
   32.8359375       9.58703881E+18
   32.9062500       9.70943424E+18
   32.9765625       9.83499737E+18
   33.0468750       9.96249894E+18
   33.1171875       1.00906173E+19
   33.1875000       1.02176868E+19
   33.2578125       1.03417601E+19
   33.3281250       1.04605062E+19
   33.3984375       1.05714821E+19
   33.4687500       1.06722370E+19
   33.5390625       1.07606927E+19
   33.6093750       1.08352561E+19
   33.6796875       1.08951047E+19
   33.7500000       1.09401264E+19
   33.8203125       1.09710260E+19
   33.8906250       1.09891008E+19
   33.9609375       1.09962433E+19
   34.0312500       1.09946743E+19
   34.1015625       1.09869700E+19
   34.1718750       1.09757506E+19
   34.2421875       1.09636922E+19
   34.3125000       1.09532018E+19
   34.3828125       1.09463925E+19
   34.4531250       1.09447872E+19
   34.5234375       1.09493579E+19
   34.5937500       1.09603684E+19
   34.6640625       1.09775648E+19
   34.7343750       1.10001773E+19
   34.8046875       1.10271802E+19
   34.8750000       1.10572981E+19
   34.9453125       1.10892455E+19
   35.0156250       1.11216470E+19
   35.0859375       1.11532052E+19
   35.1562500       1.11826006E+19
   35.2265625       1.12086612E+19
   35.2968750       1.12302809E+19
   35.3671875       1.12465845E+19
   35.4375000       1.12568286E+19
   35.5078125       1.12605241E+19
   35.5781250       1.12572420E+19
   35.6484375       1.12466735E+19
   35.7187500       1.12283964E+19
   35.7890625       1.12019586E+19
   35.8593750       1.11667116E+19
   35.9296875       1.11219966E+19
   36.0000000       1.10670969E+19
   36.0703125       1.10014857E+19
   36.1406250       1.09248047E+19
   36.2109375       1.08370285E+19
   36.2812500       1.07383814E+19
   36.3515625       1.06294231E+19
   36.4218750       1.05108408E+19
   36.4921875       1.03835063E+19
   36.5625000       1.02482510E+19
   36.6328125       1.01059588E+19
   36.7031250       9.95741699E+18
   36.7734375       9.80346668E+18
   36.8437500       9.64495778E+18
   36.9140625       9.48295354E+18
   36.9843750       9.31867551E+18
   37.0546875       9.15366025E+18
   37.1250000       8.98960377E+18
   37.1953125       8.82844890E+18
   37.2656250       8.67219016E+18
   37.3359375       8.52294959E+18
   37.4062500       8.38285752E+18
   37.4765625       8.25423170E+18
   37.5468750       8.13951086E+18
   37.6171875       8.04139154E+18
   37.6875000       7.95747956E+18
   37.7578125       7.88390024E+18
   37.8281250       7.81535504E+18
   37.8984375       7.75035301E+18
   37.9687500       7.68748843E+18
   38.0390625       7.62535558E+18
   38.1093750       7.56255203E+18
   38.1796875       7.49792713E+18
   38.2500000       7.43059029E+18
   38.3203125       7.36010335E+18
   38.3906250       7.28640528E+18
   38.4609375       7.20989522E+18
   38.5312500       7.13126089E+18
   38.6015625       7.05150507E+18
   38.6718750       6.97173935E+18
   38.7421875       6.89318529E+18
   38.8125000       6.81695890E+18
   38.8828125       6.74408876E+18
   38.9531250       6.67529892E+18
   39.0234375       6.61103356E+18
   39.0937500       6.55126356E+18
   39.1640625       6.49556780E+18
   39.2343750       6.44303863E+18
   39.3046875       6.39246605E+18
   39.3750000       6.34235086E+18
   39.4453125       6.29120048E+18
   39.5156250       6.23758334E+18
   39.5859375       6.18038949E+18
   39.6562500       6.11881739E+18
   39.7265625       6.05254818E+18
   39.7968750       5.98165991E+18
   39.8671875       5.90677108E+18
   39.9375000       5.82894270E+18
   40.0078125       5.74979765E+18
   40.0781250       5.67137938E+18
   40.1484375       5.59618598E+18
   40.2187500       5.52694534E+18
   40.2890625       5.46659149E+18
   40.3593750       5.41804256E+18
   40.4296875       5.38424247E+18
   40.5000000       5.36804117E+18
   40.5703125       5.37236335E+18
   40.6406250       5.40131074E+18
   40.7109375       5.46366734E+18
   40.7812500       5.56024405E+18
   40.8515625       5.68704083E+18
   40.9218750       5.83246168E+18
   40.9921875       5.99008162E+18
   41.0625000       6.15450259E+18
   41.1328125       6.32093017E+18
   41.2031250       6.48511859E+18
   41.2734375       6.64344277E+18
   41.3437500       6.79278064E+18
   41.4140625       6.93060002E+18
   41.4843750       7.05494379E+18
   41.5546875       7.16464317E+18
   41.6250000       7.25944856E+18
   41.6953125       7.34039735E+18
   41.7656250       7.41002997E+18
   41.8359375       7.47275986E+18
   41.9062500       7.53498782E+18
   41.9765625       7.60524221E+18
   42.0468750       7.68279517E+18
   42.1171875       7.76270492E+18
   42.1875000       7.83660145E+18
   42.2578125       7.90321866E+18
   42.3281250       7.96248619E+18
   42.3984375       8.01387956E+18
   42.4687500       8.05637458E+18
   42.5390625       8.08851441E+18
   42.6093750       8.10842546E+18
   42.6796875       8.11394062E+18
   42.7500000       8.10265963E+18
   42.8203125       8.07213169E+18
   42.8906250       8.01995986E+18
   42.9609375       7.94402869E+18
   43.0312500       7.84261908E+18
   43.1015625       7.71460789E+18
   43.1718750       7.55953772E+18
   43.2421875       7.37775381E+18
   43.3125000       7.17038921E+18
   43.3828125       6.93941865E+18
   43.4531250       6.68756782E+18
   43.5234375       6.41831446E+18
   43.5937500       6.13575977E+18
   43.6640625       5.84461184E+18
   43.7343750       5.55007631E+18
   43.8046875       5.25785361E+18
   43.8750000       4.97402678E+18
   43.9453125       4.70497738E+18
   44.0156250       4.45712520E+18
   44.0859375       4.23665305E+18
   44.1562500       4.04755217E+18
   44.2265625       3.88947098E+18
   44.2968750       3.76100487E+18
   44.3671875       3.66432041E+18
   44.4375000       3.60270433E+18
   44.5078125       3.57699198E+18
   44.5781250       3.58248459E+18
   44.6484375       3.61356668E+18
   44.7187500       3.66422970E+18
   44.7890625       3.72866796E+18
   44.8593750       3.80165519E+18
   44.9296875       3.87887966E+18
   45.0000000       3.95701371E+18
   45.0703125       4.03374202E+18
   45.1406250       4.10756928E+18
   45.2109375       4.17769091E+18
   45.2812500       4.24372868E+18
   45.3515625       4.30563091E+18
   45.4218750       4.36348996E+18
   45.4921875       4.41904801E+18
   45.5625000       4.47556895E+18
   45.6328125       4.54543797E+18
   45.7031250       4.63502975E+18
   45.7734375       4.74594354E+18
   45.8437500       4.86832853E+18
   45.9140625       4.99532047E+18
   45.9843750       5.12237948E+18
   46.0546875       5.24682276E+18
   46.1250000       5.36713517E+18
   46.1953125       5.48261138E+18
   46.2656250       5.59288855E+18
   46.3359375       5.69783088E+18
   46.4062500       5.79728666E+18
   46.4765625       5.89116626E+18
   46.5468750       5.97932455E+18
   46.6171875       6.06172140E+18
   46.6875000       6.13833482E+18
   46.7578125       6.20932259E+18
   46.8281250       6.27489362E+18
   46.8984375       6.33541294E+18
   46.9687500       6.39124284E+18
   47.0390625       6.44282313E+18
   47.1093750       6.49051884E+18
   47.1796875       6.53472801E+18
   47.2500000       6.57576288E+18
   47.3203125       6.61398740E+18
   47.3906250       6.64969239E+18
   47.4609375       6.68321046E+18
   47.5312500       6.71477249E+18
   47.6015625       6.74462093E+18
   47.6718750       6.77286793E+18
   47.7421875       6.79961245E+18
   47.8125000       6.82480666E+18
   47.8828125       6.84836040E+18
   47.9531250       6.87001253E+18
   48.0234375       6.88943046E+18
   48.0937500       6.90610290E+18
   48.1640625       6.91947516E+18
   48.2343750       6.92885400E+18
   48.3046875       6.93356650E+18
   48.3750000       6.93289305E+18
   48.4453125       6.92625145E+18
   48.5156250       6.91315297E+18
   48.5859375       6.89336781E+18
   48.6562500       6.86685034E+18
   48.7265625       6.83384465E+18
   48.7968750       6.79471798E+18
   48.8671875       6.74999149E+18
   48.9375000       6.70013029E+18
   49.0078125       6.64557032E+18
   49.0781250       6.58652875E+18
   49.1484375       6.52307978E+18
   49.2187500       6.45503870E+18
   49.2890625       6.38216692E+18
   49.3593750       6.30417471E+18
   49.4296875       6.22103679E+18
   49.5000000       6.13307256E+18
   49.5703125       6.04124740E+18
   49.6406250       5.94713140E+18
   49.7109375       5.85298682E+18
   49.7812500       5.76148106E+18
   49.8515625       5.67553389E+18
   49.9218750       5.59788693E+18
   49.9921875       5.53092392E+18
   50.0625000       5.47635846E+18
   50.1328125       5.43528620E+18
   50.2031250       5.40812496E+18
   50.2734375       5.39489289E+18
   50.3437500       5.39525958E+18
   50.4140625       5.40882590E+18
   50.4843750       5.43506795E+18
   50.5546875       5.47345080E+18
   50.6250000       5.52323998E+18
   50.6953125       5.58355864E+18
   50.7656250       5.65324239E+18
   50.8359375       5.73101799E+18
   50.9062500       5.81551106E+18
   50.9765625       5.90553743E+18
   51.0468750       6.00016470E+18
   51.1171875       6.09897011E+18
   51.1875000       6.20201084E+18
   51.2578125       6.30995430E+18
   51.3281250       6.42388294E+18
   51.3984375       6.54525143E+18
   51.4687500       6.67555456E+18
   51.5390625       6.81618154E+18
   51.6093750       6.96807578E+18
   51.6796875       7.13166936E+18
   51.7500000       7.30668578E+18
   51.8203125       7.49228499E+18
   51.8906250       7.68705907E+18
   51.9609375       7.88931534E+18
   52.0312500       8.09715052E+18
   52.1015625       8.30874659E+18
   52.1718750       8.52235806E+18
   52.2421875       8.73648905E+18
   52.3125000       8.94977616E+18
   52.3828125       9.16110944E+18
   52.4531250       9.36949273E+18
   52.5234375       9.57418771E+18
   52.5937500       9.77464188E+18
   52.6640625       9.97065072E+18
   52.7343750       1.01622527E+19
   52.8046875       1.03498173E+19
   52.8750000       1.05338525E+19
   52.9453125       1.07150124E+19
   53.0156250       1.08938370E+19
   53.0859375       1.10707242E+19
   53.1562500       1.12457082E+19
   53.2265625       1.14185096E+19
   53.2968750       1.15884820E+19
   53.3671875       1.17548711E+19
   53.4375000       1.19169743E+19
   53.5078125       1.20746014E+19
   53.5781250       1.22283208E+19
   53.6484375       1.23742909E+19
   53.7187500       1.25066512E+19
   53.7890625       1.26186584E+19
   53.8593750       1.27079399E+19
   53.9296875       1.27740590E+19
   54.0000000       1.28171852E+19
   54.0703125       1.28380891E+19
   54.1406250       1.28378780E+19
   54.2109375       1.28179163E+19
   54.2812500       1.27795104E+19
   54.3515625       1.27238564E+19
   54.4218750       1.26517955E+19
   54.4921875       1.25638687E+19
   54.5625000       1.24602089E+19
   54.6328125       1.23407129E+19
   54.7031250       1.22050607E+19
   54.7734375       1.20528970E+19
   54.8437500       1.18838042E+19
   54.9140625       1.16974535E+19
   54.9843750       1.14934512E+19
   55.0546875       1.12713928E+19
   55.1250000       1.10306569E+19
   55.1953125       1.07704377E+19
   55.2656250       1.04896268E+19
   55.3359375       1.01869378E+19
   55.4062500       9.86089747E+18
   55.4765625       9.51007849E+18
   55.5468750       9.13321483E+18
   55.6171875       8.72956432E+18
   55.6875000       8.29915115E+18
   55.7578125       7.84330133E+18
   55.8281250       7.36507864E+18
   55.8984375       6.87000704E+18
   55.9687500       6.36664676E+18
   56.0390625       5.86739647E+18
   56.1093750       5.37526826E+18
   56.1796875       4.88560020E+18
   56.2500000       4.39090436E+18
   56.3203125       3.89451389E+18
   56.3906250       3.40957511E+18
   56.4609375       2.95509061E+18
   56.5312500       2.54477651E+18
   56.6015625       2.18361058E+18
   56.6718750       1.87590799E+18
   56.7421875       1.63134485E+18
   56.8125000       1.45617588E+18
   56.8828125       1.33941957E+18
   56.9531250       1.27038055E+18
   57.0234375       1.22972638E+18
   57.0937500       1.20733359E+18
   57.1640625       1.18888763E+18
   57.2343750       1.17445049E+18
   57.3046875       1.16389353E+18
   57.3750000       1.15710075E+18
   57.4453125       1.15687205E+18
   57.5156250       1.16707456E+18
   57.5859375       1.18962485E+18
   57.6562500       1.22050505E+18
   57.7265625       1.25408029E+18
   57.7968750       1.28554845E+18
   57.8671875       1.31286939E+18
   57.9375000       1.33448922E+18
   58.0078125       1.34934994E+18
   58.0781250       1.35686731E+18
   58.1484375       1.35692819E+18
   58.2187500       1.34984046E+18
   58.2890625       1.33628170E+18
   58.3593750       1.31720847E+18
   58.4296875       1.29378819E+18
   58.5000000       1.26729477E+18
   58.5703125       1.23902673E+18
   58.6406250       1.21021706E+18
   58.7109375       1.18199204E+18
   58.7812500       1.15532696E+18
   58.8515625       1.13104542E+18
   58.9218750       1.10981769E+18
   58.9921875       1.09220798E+18
   59.0625000       1.07869327E+18
   59.1328125       1.06970132E+18
   59.2031250       1.06560970E+18
   59.2734375       1.06676192E+18
   59.3437500       1.07343836E+18
   59.4140625       1.08583961E+18
   59.4843750       1.10405027E+18
   59.5546875       1.12804272E+18
   59.6250000       1.15766370E+18
   59.6953125       1.19265566E+18
   59.7656250       1.23267224E+18
   59.8359375       1.27734265E+18
   59.9062500       1.32631201E+18
   59.9765625       1.37930298E+18
   60.0468750       1.43613220E+18
   60.1171875       1.49796914E+18
   60.1875000       1.56627727E+18
   60.2578125       1.64206949E+18
   60.3281250       1.72471909E+18
   60.3984375       1.81304272E+18
   60.4687500       1.90605261E+18
   60.5390625       2.00290763E+18
   60.6093750       2.10288594E+18
   60.6796875       2.20537747E+18
   60.7500000       2.30987464E+18
   60.8203125       2.41593436E+18
   60.8906250       2.52313207E+18
   60.9609375       2.63102935E+18
   61.0312500       2.73915724E+18
   61.1015625       2.84700751E+18
   61.1718750       2.95405322E+18
   61.2421875       3.05980699E+18
   61.3125000       3.16387055E+18
   61.3828125       3.26774334E+18
   61.4531250       3.37650648E+18
   61.5234375       3.49344641E+18
   61.5937500       3.61863350E+18
   61.6640625       3.74757213E+18
   61.7343750       3.87681340E+18
   61.8046875       4.00383806E+18
   61.8750000       4.12687863E+18
   61.9453125       4.24483451E+18
   62.0156250       4.36272470E+18
   62.0859375       4.48751680E+18
   62.1562500       4.62769216E+18
   62.2265625       4.78531815E+18
   62.2968750       4.97817358E+18
   62.3671875       5.21619091E+18
   62.4375000       5.50408484E+18
   62.5078125       5.82512904E+18
   62.5781250       6.16656753E+18
   62.6484375       6.53425577E+18
   62.7187500       6.93325424E+18
   62.7890625       7.36753495E+18
   62.8593750       7.82590485E+18
   62.9296875       8.30032488E+18
   63.0000000       8.78566086E+18
   63.0703125       9.28637075E+18
   63.1406250       9.80603623E+18
   63.2109375       1.03469751E+19
   63.2812500       1.09031256E+19
   63.3515625       1.14702933E+19
   63.4218750       1.20458008E+19
   63.4921875       1.26283517E+19
   63.5625000       1.32175690E+19
   63.6328125       1.38137572E+19
   63.7031250       1.44173770E+19
   63.7734375       1.50288121E+19
   63.8437500       1.56479581E+19
   63.9140625       1.62742190E+19
   63.9843750       1.69063503E+19
   64.0546875       1.75427256E+19
   64.1250000       1.81814209E+19
   64.1953125       1.88206264E+19
   64.2656250       1.94587456E+19
   64.3359375       2.00947185E+19
   64.4062500       2.07279690E+19
   64.4765625       2.13585279E+19
   64.5468750       2.19867669E+19
   64.6171875       2.26133214E+19
   64.6875000       2.32387654E+19
   64.7578125       2.38634991E+19
   64.8281250       2.44874873E+19
   64.8984375       2.51102661E+19
   64.9687500       2.57308635E+19
   65.0390625       2.63479820E+19
   65.1093750       2.69600515E+19
   65.1796875       2.75655218E+19
   65.2500000       2.81628952E+19
   65.3203125       2.87509910E+19
   65.3906250       2.93288262E+19
   65.4609375       2.98957761E+19
   65.5312500       3.04513154E+19
   65.6015625       3.09950964E+19
   65.6718750       3.15267653E+19
   65.7421875       3.20460207E+19
   65.8125000       3.25525591E+19
   65.8828125       3.30462266E+19
   65.9531250       3.35269683E+19
   66.0234375       3.39950018E+19
   66.0937500       3.44507252E+19
   66.1640625       3.48947827E+19
   66.2343750       3.53279001E+19
   66.3046875       3.57508493E+19
   66.3750000       3.61642085E+19
   66.4453125       3.65683428E+19
   66.5156250       3.69632148E+19
   66.5859375       3.73484485E+19
   66.6562500       3.77232324E+19
   66.7265625       3.80865594E+19
   66.7968750       3.84372245E+19
   66.8671875       3.87740664E+19
   66.9375000       3.90959683E+19
   67.0078125       3.94020415E+19
   67.0781250       3.96915869E+19
   67.1484375       3.99641734E+19
   67.2187500       4.02195328E+19
   67.2890625       4.04576782E+19
   67.3593750       4.06787724E+19
   67.4296875       4.08832464E+19
   67.5000000       4.10716323E+19
   67.5703125       4.12446471E+19
   67.6406250       4.14029064E+19
   67.7109375       4.15470260E+19
   67.7812500       4.16774017E+19
   67.8515625       4.17942842E+19
   67.9218750       4.18977746E+19
   67.9921875       4.19880489E+19
   68.0625000       4.20654061E+19
   68.1328125       4.21306248E+19
   68.2031250       4.21849494E+19
   68.2734375       4.22303417E+19
   68.3437500       4.22693260E+19
   68.4140625       4.23050733E+19
   68.4843750       4.23411065E+19
   68.5546875       4.23813002E+19
   68.6250000       4.24295160E+19
   68.6953125       4.24895845E+19
   68.7656250       4.25650374E+19
   68.8359375       4.26591424E+19
   68.9062500       4.27747539E+19
   68.9765625       4.29143918E+19
   69.0468750       4.30801410E+19
   69.1171875       4.32736726E+19
   69.1875000       4.34959631E+19
   69.2578125       4.37472983E+19
   69.3281250       4.40268865E+19
   69.3984375       4.43328762E+19
   69.4687500       4.46622063E+19
   69.5390625       4.50107691E+19
   69.6093750       4.53735419E+19
   69.6796875       4.57449878E+19
   69.7500000       4.61193275E+19
   69.8203125       4.64909800E+19
   69.8906250       4.68547204E+19
   69.9609375       4.72059484E+19
   70.0312500       4.75406662E+19
   70.1015625       4.78556103E+19
   70.1718750       4.81481859E+19
   70.2421875       4.84164668E+19
   70.3125000       4.86591642E+19
   70.3828125       4.88756580E+19
   70.4531250       4.90657987E+19
   70.5234375       4.92299163E+19
   70.5937500       4.93685163E+19
   70.6640625       4.94822630E+19
   70.7343750       4.95716884E+19
   70.8046875       4.96372325E+19
   70.8750000       4.96790272E+19
   70.9453125       4.96971163E+19
   71.0156250       4.96913813E+19
   71.0859375       4.96618088E+19
   71.1562500       4.96084561E+19
   71.2265625       4.95317498E+19
   71.2968750       4.94323451E+19
   71.3671875       4.93113461E+19
   71.4375000       4.91700852E+19
   71.5078125       4.90102558E+19
   71.5781250       4.88336259E+19
   71.6484375       4.86421525E+19
   71.7187500       4.84378237E+19
   71.7890625       4.82227768E+19
   71.8593750       4.79992505E+19
   71.9296875       4.77696725E+19
   72.0000000       4.75366683E+19
   72.0703125       4.73030529E+19
   72.1406250       4.70716541E+19
   72.2109375       4.68453614E+19
   72.2812500       4.66268840E+19
   72.3515625       4.64188389E+19
   72.4218750       4.62236228E+19
   72.4921875       4.60435316E+19
   72.5625000       4.58806103E+19
   72.6328125       4.57367458E+19
   72.7031250       4.56134774E+19
   72.7734375       4.55120100E+19
   72.8437500       4.54330035E+19
   72.9140625       4.53765018E+19
   72.9843750       4.53417924E+19
   73.0546875       4.53273229E+19
   73.1250000       4.53305686E+19
   73.1953125       4.53482224E+19
   73.2656250       4.53762248E+19
   73.3359375       4.54102304E+19
   73.4062500       4.54458590E+19
   73.4765625       4.54792138E+19
   73.5468750       4.55070183E+19
   73.6171875       4.55268974E+19
   73.6875000       4.55372460E+19
   73.7578125       4.55372284E+19
   73.8281250       4.55264048E+19
   73.8984375       4.55046257E+19
   73.9687500       4.54717415E+19
   74.0390625       4.54276335E+19
   74.1093750       4.53721082E+19
   74.1796875       4.53051611E+19
   74.2500000       4.52271090E+19
   74.3203125       4.51389809E+19
   74.3906250       4.50425186E+19
   74.4609375       4.49404047E+19
   74.5312500       4.48359819E+19
   74.6015625       4.47330984E+19
   74.6718750       4.46356377E+19
   74.7421875       4.45472238E+19
   74.8125000       4.44708121E+19
   74.8828125       4.44086149E+19
   74.9531250       4.43618813E+19
   75.0234375       4.43310334E+19
   75.0937500       4.43156402E+19
   75.1640625       4.43147166E+19
   75.2343750       4.43267761E+19
   75.3046875       4.43501737E+19
   75.3750000       4.43832118E+19
   75.4453125       4.44244479E+19
   75.5156250       4.44727648E+19
   75.5859375       4.45274370E+19
   75.6562500       4.45880552E+19
   75.7265625       4.46544350E+19
   75.7968750       4.47262726E+19
   75.8671875       4.48030933E+19
   75.9375000       4.48839514E+19
   76.0078125       4.49675231E+19
   76.0781250       4.50520052E+19
   76.1484375       4.51353965E+19
   76.2187500       4.52155729E+19
   76.2890625       4.52906827E+19
   76.3593750       4.53593055E+19
   76.4296875       4.54206890E+19
   76.5000000       4.54748114E+19
   76.5703125       4.55224158E+19
   76.6406250       4.55646723E+19
   76.7109375       4.56030100E+19
   76.7812500       4.56386210E+19
   76.8515625       4.56723452E+19
   76.9218750       4.57044334E+19
   76.9921875       4.57345644E+19
   77.0625000       4.57619466E+19
   77.1328125       4.57855597E+19
   77.2031250       4.58042866E+19
   77.2734375       4.58171949E+19
   77.3437500       4.58235237E+19
   77.4140625       4.58228596E+19
   77.4843750       4.58150047E+19
   77.5546875       4.57999809E+19
   77.6250000       4.57777664E+19
   77.6953125       4.57483435E+19
   77.7656250       4.57114658E+19
   77.8359375       4.56667729E+19
   77.9062500       4.56136357E+19
   77.9765625       4.55513506E+19
   78.0468750       4.54790159E+19
   78.1171875       4.53957213E+19
   78.1875000       4.53005696E+19
   78.2578125       4.51929142E+19
   78.3281250       4.50724121E+19
   78.3984375       4.49392656E+19
   78.4687500       4.47941213E+19
   78.5390625       4.46381930E+19
   78.6093750       4.44729452E+19
   78.6796875       4.43000404E+19
   78.7500000       4.41209783E+19
   78.8203125       4.39370080E+19
   78.8906250       4.37489387E+19
   78.9609375       4.35572411E+19
   79.0312500       4.33620470E+19
   79.1015625       4.31634444E+19
   79.1718750       4.29615433E+19
   79.2421875       4.27566691E+19
   79.3125000       4.25492660E+19
   79.3828125       4.23399630E+19
   79.4531250       4.21292922E+19
   79.5234375       4.19176626E+19
   79.5937500       4.17051621E+19
   79.6640625       4.14916106E+19
   79.7343750       4.12765109E+19
   79.8046875       4.10592386E+19
   79.8750000       4.08390109E+19
   79.9453125       4.06151063E+19
   80.0156250       4.03868345E+19
   80.0859375       4.01536633E+19
   80.1562500       3.99150868E+19
   80.2265625       3.96707138E+19
   80.2968750       3.94201747E+19
   80.3671875       3.91632540E+19
   80.4375000       3.88998462E+19
   80.5078125       3.86302415E+19
   80.5781250       3.83550865E+19
   80.6484375       3.80756435E+19
   80.7187500       3.77936891E+19
   80.7890625       3.75116028E+19
   80.8593750       3.72322081E+19
   80.9296875       3.69586848E+19
   81.0000000       3.66943446E+19
   81.0703125       3.64425322E+19
   81.1406250       3.62062472E+19
   81.2109375       3.59880579E+19
   81.2812500       3.57897632E+19
   81.3515625       3.56123790E+19
   81.4218750       3.54560218E+19
   81.4921875       3.53200914E+19
   81.5625000       3.52032705E+19
   81.6328125       3.51038417E+19
   81.7031250       3.50197620E+19
   81.7734375       3.49489073E+19
   81.8437500       3.48891202E+19
   81.9140625       3.48384020E+19
   81.9843750       3.47948327E+19
   82.0546875       3.47567038E+19
   82.1250000       3.47223045E+19
   82.1953125       3.46899833E+19
   82.2656250       3.46579347E+19
   82.3359375       3.46243139E+19
   82.4062500       3.45871394E+19
   82.4765625       3.45445333E+19
   82.5468750       3.44948002E+19
   82.6171875       3.44367416E+19
   82.6875000       3.43697109E+19
   82.7578125       3.42938622E+19
   82.8281250       3.42100267E+19
   82.8984375       3.41197414E+19
   82.9687500       3.40248271E+19
   83.0390625       3.39272191E+19
   83.1093750       3.38284873E+19
   83.1796875       3.37296280E+19
   83.2500000       3.36308215E+19
   83.3203125       3.35314895E+19
   83.3906250       3.34303982E+19
   83.4609375       3.33260105E+19
   83.5312500       3.32166773E+19
   83.6015625       3.31010131E+19
   83.6718750       3.29779975E+19
   83.7421875       3.28471204E+19
   83.8125000       3.27082191E+19
   83.8828125       3.25615201E+19
   83.9531250       3.24073466E+19
   84.0234375       3.22461208E+19
   84.0937500       3.20780582E+19
   84.1640625       3.19032315E+19
   84.2343750       3.17214008E+19
   84.3046875       3.15321243E+19
   84.3750000       3.13347400E+19
   84.4453125       3.11285816E+19
   84.5156250       3.09130091E+19
   84.5859375       3.06876906E+19
   84.6562500       3.04525490E+19
   84.7265625       3.02078945E+19
   84.7968750       2.99543449E+19
   84.8671875       2.96927733E+19
   84.9375000       2.94240834E+19
   85.0078125       2.91491814E+19
   85.0781250       2.88687289E+19
   85.1484375       2.85831462E+19
   85.2187500       2.82924683E+19
   85.2890625       2.79964951E+19
   85.3593750       2.76948397E+19
   85.4296875       2.73871392E+19
   85.5000000       2.70731934E+19
   85.5703125       2.67531916E+19
   85.6406250       2.64276900E+19
   85.7109375       2.60976935E+19
   85.7812500       2.57644382E+19
   85.8515625       2.54293136E+19
   85.9218750       2.50936481E+19
   85.9921875       2.47586797E+19
   86.0625000       2.44254265E+19
   86.1328125       2.40947440E+19
   86.2031250       2.37672720E+19
   86.2734375       2.34435318E+19
   86.3437500       2.31237917E+19
   86.4140625       2.28081966E+19
   86.4843750       2.24966236E+19
   86.5546875       2.21888241E+19
   86.6250000       2.18842638E+19
   86.6953125       2.15822588E+19
   86.7656250       2.12819030E+19
   86.8359375       2.09822179E+19
   86.9062500       2.06821524E+19
   86.9765625       2.03807960E+19
   87.0468750       2.00774100E+19
   87.1171875       1.97716292E+19
   87.1875000       1.94633613E+19
   87.2578125       1.91529208E+19
   87.3281250       1.88408706E+19
   87.3984375       1.85280859E+19
   87.4687500       1.82155838E+19
   87.5390625       1.79046024E+19
   87.6093750       1.75964324E+19
   87.6796875       1.72924625E+19
   87.7500000       1.69939253E+19
   87.8203125       1.67018631E+19
   87.8906250       1.64168323E+19
   87.9609375       1.61389033E+19
   88.0312500       1.58674998E+19
   88.1015625       1.56016071E+19
   88.1718750       1.53398805E+19
   88.2421875       1.50810290E+19
   88.3125000       1.48240061E+19
   88.3828125       1.45683400E+19
   88.4531250       1.39146990E+19
   88.5234375       1.36709340E+19
   88.5937500       1.34276043E+19
   88.6640625       1.31855776E+19
   88.7343750       1.29457522E+19
   88.8046875       1.27089844E+19
   88.8750000       1.24758616E+19
   88.9453125       1.22467310E+19
   89.0156250       1.20216170E+19
   89.0859375       1.18003942E+19
   89.1562500       1.15828118E+19
   89.2265625       1.13687314E+19
   89.2968750       1.11581497E+19
   89.3671875       1.09514074E+19
   89.4375000       1.07491071E+19
   89.5078125       1.05521879E+19
   89.5781250       1.03617338E+19
   89.6484375       1.01789367E+19
   89.7187500       1.00048125E+19
   89.7890625       9.51906260E+18
   89.8593750       9.38326742E+18
   89.9296875       9.25613968E+18
   90.0000000       9.13678934E+18
   90.0703125       9.02378319E+18
   90.1406250       8.91524160E+18
   90.2109375       8.80915027E+18
   90.2812500       8.70357132E+18
   90.3515625       8.59695332E+18
   90.4218750       8.13885280E+18
   90.4921875       8.04893254E+18
   90.5625000       7.96085946E+18
   90.6328125       7.87535539E+18
   90.7031250       7.79335931E+18
   90.7734375       7.71604935E+18
   90.8437500       7.64475481E+18
   90.9140625       7.58099194E+18
   90.9843750       7.52637260E+18
   91.0546875       7.48251693E+18
   91.1250000       7.45083175E+18
   91.1953125       7.43232367E+18
   91.2656250       7.42733134E+18
   91.3359375       7.43543914E+18
   91.4062500       7.45538208E+18
   91.4765625       7.48519863E+18
   91.5468750       7.52237642E+18
   91.6171875       7.56417546E+18
   91.6875000       7.60785081E+18
   91.7578125       7.65094232E+18
   91.8281250       7.69141809E+18
   91.8984375       7.72782677E+18
   91.9687500       7.75926455E+18
   92.0390625       7.78536036E+18
   92.1093750       7.80613343E+18
   92.1796875       7.82188669E+18
   92.2500000       7.83302089E+18
   92.3203125       7.83993902E+18
   92.3906250       7.84289671E+18
   92.4609375       7.84197696E+18
   92.5312500       7.83700827E+18
   92.6015625       7.82764813E+18
   92.6718750       7.81339296E+18
   92.7421875       7.79371940E+18
   92.8125000       7.76812936E+18
   92.8828125       7.73628751E+18
   92.9531250       7.69804539E+18
   93.0234375       7.31758688E+18
   93.0937500       7.29015077E+18
   93.1640625       7.25756564E+18
   93.2343750       7.22078643E+18
   93.3046875       7.18095002E+18
   93.3750000       6.82174342E+18
   93.4453125       6.79109729E+18
   93.5156250       6.47824335E+18
   93.5859375       6.48023346E+18
   93.6562500       6.48104985E+18
   93.7265625       6.48142808E+18
   93.7968750       6.48187283E+18
   93.8671875       6.48263260E+18
   93.9375000       6.48363920E+18
   94.0078125       6.48459467E+18
   94.0781250       6.48499490E+18
   94.1484375       6.48428406E+18
   94.2187500       6.48190472E+18
   94.2890625       6.47742531E+18
   94.3593750       6.47053192E+18
   94.4296875       6.46107392E+18
   94.5000000       6.44900733E+18
   94.5703125       6.43441461E+18
   94.6406250       6.41745080E+18
   94.7109375       6.39837262E+18
   94.7812500       6.37748850E+18
   94.8515625       6.35518381E+18
   94.9218750       6.33186206E+18
   94.9921875       6.30794439E+18
   95.0625000       6.28380186E+18
   95.1328125       6.25976434E+18
   95.2031250       6.23607701E+18
   95.2734375       6.21295318E+18
   95.3437500       6.19055998E+18
   95.4140625       6.16910686E+18
   95.4843750       6.14882581E+18
   95.5546875       6.13002801E+18
   95.6250000       6.11304716E+18
   95.6953125       6.09824718E+18
   95.7656250       6.08593320E+18
   95.8359375       6.07632567E+18
   95.9062500       6.06945702E+18
   95.9765625       6.06517607E+18
   96.0468750       6.06308480E+18
   96.1171875       6.06260376E+18
   96.1875000       6.06298199E+18
   96.2578125       6.06342949E+18
   96.3281250       6.06317331E+18
   96.3984375       6.06158506E+18
   96.4687500       6.05822221E+18
   96.5390625       6.05289287E+18
   96.6093750       6.04560366E+18
   96.6796875       6.03653599E+18
   96.7500000       6.02591966E+18
   96.8203125       6.01398885E+18
   96.8906250       6.00087278E+18
   96.9609375       5.98660332E+18
   97.0312500       5.97108151E+18
   97.1015625       5.95417872E+18
   97.1718750       5.93576245E+18
   97.2421875       5.91580027E+18
   97.3125000       5.89434825E+18
   97.3828125       5.87158781E+18
   97.4531250       5.84773170E+18
   97.5234375       5.82298334E+18
   97.5937500       5.79741475E+18
   97.6640625       5.77093851E+18
   97.7343750       5.74324401E+18
   97.8046875       5.71384472E+18
   97.8750000       5.68208423E+18
   97.9453125       5.64726599E+18
   98.0156250       5.60871657E+18
   98.0859375       5.56590433E+18
   98.1562500       5.51848514E+18
   98.2265625       5.46640403E+18
   98.2968750       5.40991332E+18
   98.3671875       5.34964139E+18
   98.4375000       5.28656076E+18
   98.5078125       5.22199029E+18
   98.5781250       5.15747974E+18
   98.6484375       5.09472567E+18
   98.7187500       5.03537238E+18
   98.7890625       4.98088278E+18
   98.8593750       4.93235749E+18
   98.9296875       4.89045235E+18
   99.0000000       4.85528502E+18
   99.0703125       4.82648496E+18
   99.1406250       4.80321435E+18
   99.2109375       4.78430550E+18
   99.2812500       4.76833949E+18
   99.3515625       4.75382758E+18
   99.4218750       4.73929424E+18
   99.4921875       4.72343818E+18
   99.5625000       4.70517309E+18
   99.6328125       4.68371612E+18
   99.7031250       4.65856260E+18
   99.7734375       4.62950910E+18
   99.8437500       4.59656636E+18
   99.9140625       4.55994575E+18
   99.9843750       4.51995926E+18
   100.054688       4.47698485E+18
   100.125000       4.43138233E+18
   100.195312       4.38350465E+18
   100.265625       4.33367120E+18
   100.335938       4.28225419E+18
   100.406250       4.22969479E+18
   100.476562       4.17662136E+18
   100.546875       4.12385497E+18
   100.617188       4.07245363E+18
   100.687500       4.02361882E+18
   100.757812       3.97862900E+18
   100.828125       3.93866451E+18
   100.898438       3.90470169E+18
   100.968750       3.87735546E+18
   101.039062       3.85684957E+18
   101.109375       3.84295449E+18
   101.179688       3.83504323E+18
   101.250000       3.83209324E+18
   101.320312       3.83279693E+18
   101.390625       3.83560728E+18
   101.460938       3.83885991E+18
   101.531250       3.84084013E+18
   101.601562       3.83993386E+18
   101.671875       3.83471833E+18
   101.742188       3.82411189E+18
   101.812500       3.80742267E+18
   101.882812       3.78444838E+18
   101.953125       3.75544491E+18
   102.023438       3.72112723E+18
   102.093750       3.68255031E+18
   102.164062       3.64103825E+18
   102.234375       3.59801931E+18
   102.304688       3.55493907E+18
   102.375000       3.51311255E+18
   102.445312       3.47367966E+18
   102.515625       3.43751150E+18
   102.585938       3.40521005E+18
   102.656250       3.37703067E+18
   102.726562       3.04955295E+18
   102.796875       3.04876130E+18
   102.867188       3.05000540E+18
   102.937500       3.05221157E+18
   103.007812       3.05424182E+18
   103.078125       3.05496914E+18
   103.148438       3.05347298E+18
   103.218750       3.04907741E+18
   103.289062       3.04146082E+18
   103.359375       3.03058445E+18
   103.429688       3.01669569E+18
   103.500000       3.00018570E+18
   103.570312       2.98157399E+18
   103.640625       2.96139466E+18
   103.710938       2.94023318E+18
   103.781250       2.91866489E+18
   103.851562       2.89733683E+18
   103.921875       2.87691258E+18
   103.992188       2.85812138E+18
   104.062500       2.84164685E+18
   104.132812       2.82811598E+18
   104.203125       2.81795484E+18
   104.273438       2.81138031E+18
   104.343750       2.80830965E+18
   104.414062       2.80843417E+18
   104.484375       2.81120961E+18
   104.554688       2.81599002E+18
   104.625000       2.82203678E+18
   104.695312       2.82863193E+18
   104.765625       2.83505005E+18
   104.835938       2.84061798E+18
   104.906250       2.84464741E+18
   104.976562       2.84648442E+18
   105.046875       2.84545583E+18
   105.117188       2.84097147E+18
   105.187500       2.83251458E+18
   105.257812       2.81978196E+18
   105.328125       2.80268757E+18
   105.398438       2.78147332E+18
   105.468750       2.75664772E+18
   105.539062       2.72899281E+18
   105.609375       2.69940303E+18
   105.679688       2.66881269E+18
   105.750000       2.63799558E+18
   105.820312       2.60751244E+18
   105.890625       2.57757659E+18
   105.960938       2.29161959E+18
   106.031250       2.26977078E+18
   106.101562       2.24737991E+18
   106.171875       2.22372750E+18
   106.242188       2.19810200E+18
   106.312500       2.16983741E+18
   106.382812       2.13848016E+18
   106.453125       2.10379002E+18
   106.523438       2.06585096E+18
   106.593750       2.02499668E+18
   106.664062       1.98181899E+18
   106.734375       1.93699891E+18
   106.804688       1.89125524E+18
   106.875000       1.84516440E+18
   106.945312       1.79914283E+18
   107.015625       1.75334034E+18
   107.085938       1.70772463E+18
   107.156250       1.66206686E+18
   107.226562       1.61608624E+18
   107.296875       1.56944317E+18
   107.367188       1.52186167E+18
   107.437500       1.47306369E+18
   107.507812       1.42281285E+18
   107.578125       1.37079070E+18
   107.648438       1.31663824E+18
   107.718750       1.25990495E+18
   107.789062       1.20021122E+18
   107.859375       8.29639316E+17
   107.929688       8.30291464E+17
   108.000000       8.27337214E+17
   108.070312       8.20323979E+17
   108.140625       8.09057214E+17
   108.210938       7.93714079E+17
   108.281250       7.74811688E+17
   108.351562       7.53221884E+17
   108.421875       3.84294226E+17
   108.492188       3.74765858E+17
   108.562500       3.63279432E+17
   108.632812       3.49773444E+17
   108.703125       3.34100249E+17
   108.773438       3.16081109E+17
   108.843750       2.95486637E+17
   108.914062       0.00000000    
   108.984375       0.00000000    
   109.054688       0.00000000    
   109.125000       0.00000000    
   109.195312       0.00000000    
   109.265625       0.00000000    
   109.335938       0.00000000    
   109.406250       0.00000000    
   109.476562       0.00000000    
   109.546875       0.00000000    
   109.617188       0.00000000    
   109.687500       0.00000000    
   109.757812       0.00000000    
   109.828125       0.00000000    
   109.898438       0.00000000    
   109.968750       0.00000000    
   110.039062       0.00000000    
   110.109375       0.00000000    
   110.179688       0.00000000    
   110.250000       0.00000000    
   110.320312       0.00000000    
   110.390625       0.00000000    
   110.460938       0.00000000    
   110.531250       0.00000000    
   110.601562       0.00000000    
   110.671875       0.00000000    
   110.742188       0.00000000    
   110.812500       0.00000000    
   110.882812       0.00000000    
   110.953125       0.00000000    
   111.023438       0.00000000    
   111.093750       0.00000000    
   111.164062       0.00000000    
   111.234375       0.00000000    
   111.304688       0.00000000    
   111.375000       0.00000000    
   111.445312       0.00000000    
   111.515625       0.00000000    
   111.585938       0.00000000    
   111.656250       0.00000000    
   111.726562       0.00000000    
   111.796875       0.00000000    
   111.867188       0.00000000    
   111.937500       0.00000000    
   112.007812       0.00000000    
   112.078125       0.00000000    
   112.148438       0.00000000    
   112.218750       0.00000000    
   112.289062       0.00000000    
