2001 01 13 17 33 32.0 13.050 -88.660
45. 3.439E+20 7.624 128 32 -90 308 58 -90
  -1.12500000       0.00000000    
  -1.05468750       2.55640164E+17
 -0.984375000       2.83656992E+17
 -0.914062500       3.15071551E+17
 -0.843750000       3.46700137E+17
 -0.773437500       3.75403816E+17
 -0.703125000       3.98227409E+17
 -0.632812500       4.15689853E+17
 -0.562500000       4.28588018E+17
 -0.492187500       4.37818555E+17
 -0.421875000       4.44236130E+17
 -0.351562500       4.48578548E+17
 -0.281250000       4.51421919E+17
 -0.210937500       4.53183406E+17
 -0.140625000       4.55098239E+17
  -7.03125000E-02   4.59901422E+17
   0.00000000       4.68648380E+17
   7.03125000E-02   4.80229261E+17
  0.140625000       4.91229050E+17
  0.210937500       4.99618599E+17
  0.281250000       5.04709304E+17
  0.351562500       5.06972373E+17
  0.421875000       5.07765190E+17
  0.492187500       5.09015850E+17
  0.562500000       5.12877953E+17
  0.632812500       5.21406899E+17
  0.703125000       5.36286590E+17
  0.773437500       5.58659625E+17
  0.843750000       5.91938509E+17
  0.914062500       6.40748098E+17
  0.984375000       7.07981310E+17
   1.05468750       7.94604272E+17
   1.12500000       9.01180896E+17
   1.19531250       1.02642290E+18
   1.26562500       1.16561660E+18
   1.33593750       1.31120830E+18
   1.40625000       1.46335253E+18
   1.47656250       1.62420806E+18
   1.54687500       1.79504921E+18
   1.61718750       1.97126368E+18
   1.68750000       2.14788799E+18
   1.75781250       2.32221089E+18
   1.82812500       2.49360606E+18
   1.89843750       2.66773077E+18
   1.96875000       2.84845392E+18
   2.03906250       3.03793661E+18
   2.10937500       3.23239816E+18
   2.17968750       3.43014780E+18
   2.25000000       3.63108685E+18
   2.32031250       3.83665402E+18
   2.39062500       4.06110365E+18
   2.46093750       4.31399407E+18
   2.53125000       4.60227447E+18
   2.60156250       4.93330361E+18
   2.67187500       5.30879783E+18
   2.74218750       5.72549405E+18
   2.81250000       6.16313211E+18
   2.88281250       6.60972954E+18
   2.95312500       7.05951611E+18
   3.02343750       7.51081836E+18
   3.09375000       7.96426080E+18
   3.16406250       8.42142399E+18
   3.23437500       8.88407649E+18
   3.30468750       9.35380930E+18
   3.37500000       9.83197481E+18
   3.44531250       1.03196379E+19
   3.51562500       1.08175561E+19
   3.58593750       1.13260649E+19
   3.65625000       1.18450080E+19
   3.72656250       1.23736620E+19
   3.79687500       1.29107987E+19
   3.86718750       1.34548205E+19
   3.93750000       1.40040365E+19
   4.00781250       1.45569567E+19
   4.07812500       1.51126323E+19
   4.14843750       1.56708521E+19
   4.21875000       1.62321902E+19
   4.28906250       1.67978329E+19
   4.35937500       1.73692667E+19
   4.42968750       1.79478627E+19
   4.50000000       1.85345027E+19
   4.57031250       1.91292351E+19
   4.64062500       1.97312002E+19
   4.71093750       2.03386913E+19
   4.78125000       2.09494810E+19
   4.85156250       2.15611701E+19
   4.92187500       2.21715530E+19
   4.99218750       2.27788727E+19
   5.06250000       2.33818998E+19
   5.13281250       2.39798428E+19
   5.20312500       2.45721365E+19
   5.27343750       2.51582620E+19
   5.34375000       2.57376936E+19
   5.41406250       2.63099081E+19
   5.48437500       2.68745931E+19
   5.55468750       2.74316518E+19
   5.62500000       2.79811284E+19
   5.69531250       2.85228643E+19
   5.76562500       2.90561979E+19
   5.83593750       2.95797655E+19
   5.90625000       3.00916805E+19
   5.97656250       3.05898428E+19
   6.04687500       3.10724273E+19
   6.11718750       3.15382200E+19
   6.18750000       3.19868208E+19
   6.25781250       3.24186012E+19
   6.32812500       3.28346652E+19
   6.39843750       3.32367236E+19
   6.46875000       3.36270920E+19
   6.53906250       3.40085258E+19
   6.60937500       3.43840530E+19
   6.67968750       3.47566731E+19
   6.75000000       3.51291634E+19
   6.82031250       3.55037934E+19
   6.89062500       3.58821661E+19
   6.96093750       3.62650469E+19
   7.03125000       3.66522663E+19
   7.10156250       3.70427490E+19
   7.17187500       3.74345138E+19
   7.24218750       3.78249416E+19
   7.31250000       3.82108218E+19
   7.38281250       3.85885217E+19
   7.45312500       3.89540873E+19
   7.52343750       3.93034637E+19
   7.59375000       3.96328818E+19
   7.66406250       3.99393377E+19
   7.73437500       4.02211645E+19
   7.80468750       4.04782787E+19
   7.87500000       4.07122899E+19
   7.94531250       4.09261889E+19
   8.01562500       4.11238064E+19
   8.08593750       4.13091180E+19
   8.15625000       4.14856732E+19
   8.22656250       4.16560404E+19
   8.29687500       4.18216840E+19
   8.36718750       4.19829472E+19
   8.43750000       4.21392141E+19
   8.50781250       4.22891435E+19
   8.57812500       4.24309146E+19
   8.64843750       4.25623942E+19
   8.71875000       4.26814405E+19
   8.78906250       4.27861052E+19
   8.85937500       4.28748446E+19
   8.92968750       4.29466251E+19
   9.00000000       4.30010553E+19
   9.07031250       4.30383552E+19
   9.14062500       4.30594174E+19
   9.21093750       4.30656494E+19
   9.28125000       4.30590084E+19
   9.35156250       4.30418736E+19
   9.42187500       4.30168267E+19
   9.49218750       4.29864098E+19
   9.56250000       4.29527912E+19
   9.63281250       4.29172330E+19
   9.70312500       4.28796693E+19
   9.77343750       4.28383848E+19
   9.84375000       4.27900459E+19
   9.91406250       4.27300389E+19
   9.98437500       4.26531787E+19
   10.0546875       4.25545349E+19
   10.1250000       4.24302241E+19
   10.1953125       4.22779109E+19
   10.2656250       4.20969621E+19
   10.3359375       4.18882792E+19
   10.4062500       4.16538545E+19
   10.4765625       4.13962653E+19
   10.5468750       4.11182076E+19
   10.6171875       4.08221619E+19
   10.6875000       4.05102613E+19
   10.7578125       4.01841857E+19
   10.8281250       3.98451403E+19
   10.8984375       3.94937628E+19
   10.9687500       3.91301235E+19
   11.0390625       3.87536595E+19
   11.1093750       3.83631394E+19
   11.1796875       3.79566895E+19
   11.2500000       3.75318910E+19
   11.3203125       3.70860566E+19
   11.3906250       3.66165498E+19
   11.4609375       3.61211648E+19
   11.5312500       3.55983800E+19
   11.6015625       3.50474719E+19
   11.6718750       3.44684009E+19
   11.7421875       3.38616200E+19
   11.8125000       3.32278813E+19
   11.8828125       3.25681941E+19
   11.9531250       3.18838229E+19
   12.0234375       3.11763729E+19
   12.0937500       3.04477112E+19
   12.1640625       2.96998344E+19
   12.2343750       2.89345897E+19
   12.3046875       2.81534108E+19
   12.3750000       2.73572237E+19
   12.4453125       2.65465604E+19
   12.5156250       2.57219244E+19
   12.5859375       2.48843495E+19
   12.6562500       2.40359333E+19
   12.7265625       2.31801966E+19
   12.7968750       2.23220344E+19
   12.8671875       2.14673334E+19
   12.9375000       2.06221454E+19
   13.0078125       1.97917503E+19
   13.0781250       1.89796972E+19
   13.1484375       1.81871373E+19
   13.2187500       1.74125445E+19
   13.2890625       1.66520640E+19
   13.3593750       1.59004269E+19
   13.4296875       1.51526171E+19
   13.5000000       1.44060696E+19
   13.5703125       1.36633297E+19
   13.6406250       1.27221742E+19
   13.7109375       1.21488789E+19
   13.7812500       1.15810977E+19
   13.8515625       1.10204765E+19
   13.9218750       1.04693936E+19
   13.9921875       9.93091766E+18
   14.0625000       9.17178020E+18
   14.1328125       8.75535117E+18
   14.2031250       8.35307890E+18
   14.2734375       7.96328883E+18
   14.3437500       7.58382263E+18
   14.4140625       7.21230095E+18
   14.4843750       6.84631641E+18
   14.5546875       6.48358807E+18
   14.6250000       6.12204941E+18
   14.6953125       5.45791910E+18
   14.7656250       5.15612240E+18
   14.8359375       4.85106344E+18
   14.9062500       4.54285027E+18
   14.9765625       3.62839112E+18
   15.0468750       3.42526459E+18
   15.1171875       3.22124609E+18
   15.1875000       2.80302293E+18
   15.2578125       2.66622526E+18
   15.3281250       2.53165411E+18
   15.3984375       2.39884575E+18
   15.4687500       2.26764776E+18
   15.5390625       2.13836993E+18
   15.6093750       1.47361757E+18
   15.6796875       1.42425541E+18
   15.7500000       1.37578069E+18
   15.8203125       1.32803646E+18
   15.8906250       1.28090837E+18
   15.9609375       1.23431546E+18
   16.0312500       1.18821665E+18
   16.1015625       1.14259956E+18
   16.1718750       1.09747801E+18
   16.2421875       1.05287055E+18
   16.3125000       1.00879360E+18
   16.3828125       9.65241261E+17
   16.4531250       9.22172222E+17
   16.5234375       8.79482927E+17
   16.5937500       6.05727278E+17
   16.6640625       5.82738895E+17
   16.7343750       5.59661623E+17
   16.8046875       5.36529273E+17
   16.8750000       5.13372596E+17
   16.9453125       4.90207054E+17
   17.0156250       4.67035397E+17
   17.0859375       4.43854737E+17
   17.1562500       4.20678440E+17
   17.2265625       3.97547258E+17
   17.2968750       3.74538947E+17
   17.3671875       3.51757478E+17
   17.4375000       3.29331564E+17
   17.5078125       3.07399124E+17
   17.5781250       2.86098561E+17
   17.6484375       2.65544720E+17
   17.7187500       0.00000000    
   17.7890625       0.00000000    
   17.8593750       0.00000000    
   17.9296875       0.00000000    
   18.0000000       0.00000000    
   18.0703125       0.00000000    
