2001 01 13 17 33 32.0 13.050 -88.660
45. 3.439E+20 7.624 128 32 -90 308 58 -90
  -1.12500000       0.00000000    
  -1.05468750       0.00000000    
 -0.984375000       0.00000000    
 -0.914062500       0.00000000    
 -0.843750000       0.00000000    
 -0.773437500       0.00000000    
 -0.703125000       0.00000000    
 -0.632812500       0.00000000    
 -0.562500000       0.00000000    
 -0.492187500       0.00000000    
 -0.421875000       0.00000000    
 -0.351562500       0.00000000    
 -0.281250000       0.00000000    
 -0.210937500       0.00000000    
 -0.140625000       0.00000000    
  -7.03125000E-02   0.00000000    
   0.00000000       0.00000000    
   7.03125000E-02   0.00000000    
  0.140625000       0.00000000    
  0.210937500       0.00000000    
  0.281250000       0.00000000    
  0.351562500       0.00000000    
  0.421875000       0.00000000    
  0.492187500       0.00000000    
  0.562500000       0.00000000    
  0.632812500       0.00000000    
  0.703125000       0.00000000    
  0.773437500       0.00000000    
  0.843750000       0.00000000    
  0.914062500       0.00000000    
  0.984375000       0.00000000    
   1.05468750       0.00000000    
   1.12500000       0.00000000    
   1.19531250       0.00000000    
   1.26562500       0.00000000    
   1.33593750       0.00000000    
   1.40625000       5.24716155E+16
   1.47656250       2.09127112E+17
   1.54687500       4.97040863E+17
   1.61718750       8.73087274E+17
   1.68750000       1.28325212E+18
   1.75781250       1.69123937E+18
   1.82812500       2.07493402E+18
   1.89843750       2.42246051E+18
   1.96875000       2.72889440E+18
   2.03906250       2.99395889E+18
   2.10937500       3.22093135E+18
   2.17968750       3.41630467E+18
   2.25000000       3.58996841E+18
   2.32031250       3.75525305E+18
   2.39062500       3.92851162E+18
   2.46093750       4.12757077E+18
   2.53125000       4.36930583E+18
   2.60156250       4.66659453E+18
   2.67187500       5.02583521E+18
   2.74218750       5.44557928E+18
   2.81250000       5.91710099E+18
   2.88281250       6.42652782E+18
   2.95312500       6.95808506E+18
   3.02343750       7.49713273E+18
   3.09375000       8.03258940E+18
   3.16406250       8.55821368E+18
   3.23437500       9.07297864E+18
   3.30468750       9.58037796E+18
   3.37500000       1.00870560E+19
   3.44531250       1.06008490E+19
   3.51562500       1.11288400E+19
   3.58593750       1.16755183E+19
   3.65625000       1.22417382E+19
   3.72656250       1.28244694E+19
   3.79687500       1.34176702E+19
   3.86718750       1.40135660E+19
   3.93750000       1.46042401E+19
   4.00781250       1.51829131E+19
   4.07812500       1.57451439E+19
   4.14843750       1.62894649E+19
   4.21875000       1.68176999E+19
   4.28906250       1.73346529E+19
   4.35937500       1.78472936E+19
   4.42968750       1.83632461E+19
   4.50000000       1.88890512E+19
   4.57031250       1.94285068E+19
   4.64062500       1.99818404E+19
   4.71093750       2.05456414E+19
   4.78125000       2.11138250E+19
   4.85156250       2.16790026E+19
   4.92187500       2.22343021E+19
   4.99218750       2.27746703E+19
   5.06250000       2.32977146E+19
   5.13281250       2.38036879E+19
   5.20312500       2.42950640E+19
   5.27343750       2.47756122E+19
   5.34375000       2.52495984E+19
   5.41406250       2.57210470E+19
   5.48437500       2.61935512E+19
   5.55468750       2.66700289E+19
   5.62500000       2.71524221E+19
   5.69531250       2.76410494E+19
   5.76562500       2.81340924E+19
   5.83593750       2.86273707E+19
   5.90625000       2.91149030E+19
   5.97656250       2.95900283E+19
   6.04687500       3.00470997E+19
   6.11718750       3.04826361E+19
   6.18750000       3.08959381E+19
   6.25781250       3.12887474E+19
   6.32812500       3.16647914E+19
   6.39843750       3.20289452E+19
   6.46875000       3.23863855E+19
   6.53906250       3.27414969E+19
   6.60937500       3.30969537E+19
   6.67968750       3.34529975E+19
   6.75000000       3.38074273E+19
   6.82031250       3.41561968E+19
   6.89062500       3.44947584E+19
   6.96093750       3.48193276E+19
   7.03125000       3.51279539E+19
   7.10156250       3.54208507E+19
   7.17187500       3.57004784E+19
   7.24218750       3.59710551E+19
   7.31250000       3.62377966E+19
   7.38281250       3.65057916E+19
   7.45312500       3.67789036E+19
   7.52343750       3.70588415E+19
   7.59375000       3.73445078E+19
   7.66406250       3.76318762E+19
   7.73437500       3.79146970E+19
   7.80468750       3.81856342E+19
   7.87500000       3.84378182E+19
   7.94531250       3.86661868E+19
   8.01562500       3.88686640E+19
   8.08593750       3.90466838E+19
   8.15625000       3.92051586E+19
   8.22656250       3.93517103E+19
   8.29687500       3.94955880E+19
   8.36718750       3.96462782E+19
   8.43750000       3.98121769E+19
   8.50781250       3.99994590E+19
   8.57812500       4.02114492E+19
   8.64843750       4.04484203E+19
   8.71875000       4.07076236E+19
   8.78906250       4.09833767E+19
   8.85937500       4.12674114E+19
   8.92968750       4.15492646E+19
   9.00000000       4.18169253E+19
   9.07031250       4.20576392E+19
   9.14062500       4.22591665E+19
   9.21093750       4.24113609E+19
   9.28125000       4.25077528E+19
   9.35156250       4.25468031E+19
   9.42187500       4.25325622E+19
   9.49218750       4.24743321E+19
   9.56250000       4.23855355E+19
   9.63281250       4.22816845E+19
   9.70312500       4.21781413E+19
   9.77343750       4.20881704E+19
   9.84375000       4.20213861E+19
   9.91406250       4.19828020E+19
   9.98437500       4.19725810E+19
   10.0546875       4.19860962E+19
   10.1250000       4.20144108E+19
   10.1953125       4.20449244E+19
   10.2656250       4.20626705E+19
   10.3359375       4.20519833E+19
   10.4062500       4.19983535E+19
   10.4765625       4.18900780E+19
   10.5468750       4.17195174E+19
   10.6171875       4.14839888E+19
   10.6875000       4.11861399E+19
   10.7578125       4.08337332E+19
   10.8281250       4.04388942E+19
   10.8984375       4.00164926E+19
   10.9687500       3.95818249E+19
   11.0390625       3.91478036E+19
   11.1093750       3.87225081E+19
   11.1796875       3.83077064E+19
   11.2500000       3.78986881E+19
   11.3203125       3.74852893E+19
   11.3906250       3.70539509E+19
   11.4609375       3.65901065E+19
   11.5312500       3.60804477E+19
   11.6015625       3.55144961E+19
   11.6718750       3.48856062E+19
   11.7421875       3.41916802E+19
   11.8125000       3.34354339E+19
   11.8828125       3.26243374E+19
   11.9531250       3.17700762E+19
   12.0234375       3.08876412E+19
   12.0937500       2.99936788E+19
   12.1640625       2.91043697E+19
   12.2343750       2.82331342E+19
   12.3046875       2.73887907E+19
   12.3750000       2.65743780E+19
   12.4453125       2.57870419E+19
   12.5156250       2.50189055E+19
   12.5859375       2.42588835E+19
   12.6562500       2.34947471E+19
   12.7265625       2.27152395E+19
   12.7968750       2.19115977E+19
   12.8671875       2.10786605E+19
   12.9375000       2.02152997E+19
   13.0078125       1.93245898E+19
   13.0781250       1.84136114E+19
   13.1484375       1.74933378E+19
   13.2187500       1.65779613E+19
   13.2890625       1.56837802E+19
   13.3593750       1.48273486E+19
   13.4296875       1.40234759E+19
   13.5000000       1.32831340E+19
   13.5703125       1.26119514E+19
   13.6406250       1.20095653E+19
   13.7109375       1.14702757E+19
   13.7812500       1.09845940E+19
   13.8515625       1.05413632E+19
   13.9218750       1.01294785E+19
   13.9921875       9.73908477E+18
   14.0625000       9.36170379E+18
   14.1328125       8.98983247E+18
   14.2031250       8.61619368E+18
   14.2734375       8.23340640E+18
   14.3437500       7.83385487E+18
   14.4140625       7.40983591E+18
   14.4843750       6.95349955E+18
   14.5546875       6.45680452E+18
   14.6250000       5.91137968E+18
   14.6953125       5.30896551E+18
   14.7656250       4.64281429E+18
   14.8359375       3.91087352E+18
   14.9062500       3.12071334E+18
   14.9765625       0.00000000    
   15.0468750       0.00000000    
   15.1171875       0.00000000    
   15.1875000       0.00000000    
   15.2578125       0.00000000    
   15.3281250       0.00000000    
   15.3984375       0.00000000    
   15.4687500       0.00000000    
   15.5390625       0.00000000    
   15.6093750       0.00000000    
   15.6796875       0.00000000    
   15.7500000       0.00000000    
   15.8203125       0.00000000    
   15.8906250       0.00000000    
   15.9609375       0.00000000    
   16.0312500       0.00000000    
   16.1015625       0.00000000    
   16.1718750       0.00000000    
   16.2421875       0.00000000    
   16.3125000       0.00000000    
   16.3828125       0.00000000    
   16.4531250       0.00000000    
   16.5234375       0.00000000    
   16.5937500       0.00000000    
   16.6640625       0.00000000    
   16.7343750       0.00000000    
   16.8046875       0.00000000    
   16.8750000       0.00000000    
   16.9453125       0.00000000    
   17.0156250       0.00000000    
   17.0859375       0.00000000    
   17.1562500       0.00000000    
   17.2265625       0.00000000    
   17.2968750       0.00000000    
   17.3671875       0.00000000    
   17.4375000       0.00000000    
   17.5078125       0.00000000    
   17.5781250       0.00000000    
   17.6484375       0.00000000    
   17.7187500       0.00000000    
   17.7890625       0.00000000    
   17.8593750       0.00000000    
   17.9296875       0.00000000    
   18.0000000       0.00000000    
   18.0703125       0.00000000    
