1995 08 16 10 27 28.0 -5.800 154.180
57. 4.732E+20 7.717 320 40 93 136 50 87
  -1.12500000       0.00000000    
  -1.05468750       6.91667581E+17
 -0.984375000       7.41963091E+17
 -0.914062500       7.95941415E+17
 -0.843750000       8.50991214E+17
 -0.773437500       9.07804079E+17
 -0.703125000       9.67572706E+17
 -0.632812500       1.03106778E+18
 -0.562500000       1.09678195E+18
 -0.492187500       1.16379774E+18
 -0.421875000       1.23213060E+18
 -0.351562500       1.30097652E+18
 -0.281250000       1.36975578E+18
 -0.210937500       1.43790392E+18
 -0.140625000       1.50637010E+18
  -7.03125000E-02   1.57844048E+18
   0.00000000       1.65701900E+18
   7.03125000E-02   1.74432173E+18
  0.140625000       1.83967248E+18
  0.210937500       1.94099124E+18
  0.281250000       2.04531607E+18
  0.351562500       2.14912055E+18
  0.421875000       2.24979568E+18
  0.492187500       2.34579761E+18
  0.562500000       2.43687181E+18
  0.632812500       2.52397072E+18
  0.703125000       2.60916253E+18
  0.773437500       2.69520097E+18
  0.843750000       2.78516438E+18
  0.914062500       2.88193927E+18
  0.984375000       2.98796051E+18
   1.05468750       3.10492545E+18
   1.12500000       3.23379921E+18
   1.19531250       3.37479564E+18
   1.26562500       3.52764782E+18
   1.33593750       3.69180490E+18
   1.40625000       3.86682297E+18
   1.47656250       4.05253130E+18
   1.54687500       4.25205611E+18
   1.61718750       4.47059394E+18
   1.68750000       4.71206813E+18
   1.75781250       4.97636489E+18
   1.82812500       5.26046275E+18
   1.89843750       5.56153212E+18
   1.96875000       5.87646359E+18
   2.03906250       6.20150781E+18
   2.10937500       6.53220023E+18
   2.17968750       6.86350123E+18
   2.25000000       7.19017438E+18
   2.32031250       7.50716413E+18
   2.39062500       7.80994489E+18
   2.46093750       8.09468542E+18
   2.53125000       8.35832632E+18
   2.60156250       8.59855366E+18
   2.67187500       8.81382760E+18
   2.74218750       9.00335536E+18
   2.81250000       9.16716720E+18
   2.88281250       9.30608390E+18
   2.95312500       9.42169645E+18
   3.02343750       9.51618298E+18
   3.09375000       9.59212075E+18
   3.16406250       9.65224314E+18
   3.23437500       9.69921978E+18
   3.30468750       9.73540471E+18
   3.37500000       9.76257584E+18
   3.44531250       9.78167106E+18
   3.51562500       9.79276183E+18
   3.58593750       9.79529620E+18
   3.65625000       9.78872442E+18
   3.72656250       9.77319822E+18
   3.79687500       9.75019424E+18
   3.86718750       9.72268006E+18
   3.93750000       9.69488221E+18
   4.00781250       9.67163413E+18
   4.07812500       9.65759887E+18
   4.14843750       9.65652904E+18
   4.21875000       9.67081829E+18
   4.28906250       9.70136053E+18
   4.35937500       9.74784458E+18
   4.42968750       9.80928639E+18
   4.50000000       9.88471509E+18
   4.57031250       9.97367987E+18
   4.64062500       1.00764655E+19
   4.71093750       1.01938582E+19
   4.78125000       1.03267331E+19
   4.85156250       1.04755970E+19
   4.92187500       1.06403325E+19
   4.99218750       1.08201037E+19
   5.06250000       1.10134759E+19
   5.13281250       1.12186987E+19
   5.20312500       1.14342183E+19
   5.27343750       1.16591586E+19
   5.34375000       1.18935723E+19
   5.41406250       1.21381312E+19
   5.48437500       1.23934422E+19
   5.55468750       1.26592238E+19
   5.62500000       1.29338631E+19
   5.69531250       1.32144068E+19
   5.76562500       1.34970099E+19
   5.83593750       1.37774876E+19
   5.90625000       1.40518752E+19
   5.97656250       1.43168124E+19
   6.04687500       1.45698672E+19
   6.11718750       1.48095904E+19
   6.18750000       1.50354158E+19
   6.25781250       1.52472444E+19
   6.32812500       1.54450322E+19
   6.39843750       1.56284297E+19
   6.46875000       1.57966638E+19
   6.53906250       1.59485866E+19
   6.60937500       1.60829315E+19
   6.67968750       1.61985485E+19
   6.75000000       1.62946865E+19
   6.82031250       1.63710585E+19
   6.89062500       1.64278560E+19
   6.96093750       1.64656121E+19
   7.03125000       1.64850537E+19
   7.10156250       1.64869712E+19
   7.17187500       1.64721465E+19
   7.24218750       1.64413107E+19
   7.31250000       1.63951851E+19
   7.38281250       1.63344492E+19
   7.45312500       1.62596934E+19
   7.52343750       1.61713048E+19
   7.59375000       1.60693888E+19
   7.66406250       1.59536707E+19
   7.73437500       1.58234281E+19
   7.80468750       1.56774261E+19
   7.87500000       1.55139419E+19
   7.94531250       1.53309337E+19
   8.01562500       1.51263971E+19
   8.08593750       1.48986739E+19
   8.15625000       1.46466966E+19
   8.22656250       1.43699474E+19
   8.29687500       1.40683337E+19
   8.36718750       1.37420295E+19
   8.43750000       1.33914744E+19
   8.50781250       1.30174887E+19
   8.57812500       1.26215711E+19
   8.64843750       1.22061866E+19
   8.71875000       1.17750362E+19
   8.78906250       1.13331007E+19
   8.85937500       1.08863790E+19
   8.92968750       1.04411922E+19
   9.00000000       1.00032787E+19
   9.07031250       9.57687822E+18
   9.14062500       9.16442392E+18
   9.21093750       8.76689439E+18
   9.28125000       8.38491636E+18
   9.35156250       8.02002858E+18
   9.42187500       7.67578963E+18
   9.49218750       7.34976299E+18
   9.56250000       7.03398765E+18
   9.63281250       6.71996438E+18
   9.70312500       6.40619730E+18
   9.77343750       6.09647037E+18
   9.84375000       5.79308542E+18
   9.91406250       5.49620794E+18
   9.98437500       5.21125905E+18
   10.0546875       4.94430038E+18
   10.1250000       4.69866948E+18
   10.1953125       4.46901669E+18
   10.2656250       4.24790435E+18
   10.3359375       4.03098802E+18
   10.4062500       3.81686858E+18
   10.4765625       3.60631100E+18
   10.5468750       3.40122954E+18
   10.6171875       3.20359425E+18
   10.6875000       3.01466022E+18
   10.7578125       2.83464516E+18
   10.8281250       2.66303695E+18
   10.8984375       2.49933067E+18
   10.9687500       2.34405516E+18
   11.0390625       2.19976666E+18
   11.1093750       2.07195256E+18
   11.1796875       1.96537277E+18
   11.2500000       1.87958888E+18
   11.3203125       1.81505662E+18
   11.3906250       1.76725713E+18
   11.4609375       1.72982110E+18
   11.5312500       1.69133531E+18
   11.6015625       1.64521519E+18
   11.6718750       1.59010382E+18
   11.7421875       1.52574432E+18
   11.8125000       1.45218301E+18
   11.8828125       1.36995960E+18
   11.9531250       1.28057412E+18
   12.0234375       1.18429731E+18
   12.0937500       1.08109481E+18
   12.1640625       9.71148593E+17
   12.2343750       8.57732869E+17
   12.3046875       7.48486356E+17
   12.3750000       6.59544936E+17
   12.4453125       6.09074260E+17
   12.5156250       5.97806190E+17
   12.5859375       6.15049900E+17
   12.6562500       6.40583996E+17
   12.7265625       6.66399841E+17
   12.7968750       6.86043235E+17
   12.8671875       6.98714419E+17
   12.9375000       7.04900272E+17
   13.0078125       7.06133993E+17
   13.0781250       7.04575847E+17
   13.1484375       7.02590473E+17
   13.2187500       7.02246738E+17
   13.2890625       7.04979574E+17
   13.3593750       7.12953713E+17
   13.4296875       7.32852675E+17
   13.5000000       7.67353632E+17
   13.5703125       8.14494437E+17
   13.6406250       8.64926149E+17
   13.7109375       9.11635052E+17
   13.7812500       9.50134864E+17
   13.8515625       9.78392932E+17
   13.9218750       9.96358539E+17
   13.9921875       1.00534169E+18
   14.0625000       1.00728714E+18
   14.1328125       1.00424486E+18
   14.2031250       9.97984648E+17
   14.2734375       9.89891487E+17
   14.3437500       9.82873304E+17
   14.4140625       9.81954112E+17
   14.4843750       9.89909010E+17
   14.5546875       1.00599961E+18
   14.6250000       1.02593856E+18
   14.6953125       1.04678008E+18
   14.7656250       1.06655713E+18
   14.8359375       1.08403779E+18
   14.9062500       1.09825392E+18
   14.9765625       1.10827570E+18
   15.0468750       1.11294464E+18
   15.1171875       1.11102180E+18
   15.1875000       1.10139344E+18
   15.2578125       1.08362169E+18
   15.3281250       1.05825362E+18
   15.3984375       1.02703478E+18
   15.4687500       9.92531414E+17
   15.5390625       9.57662739E+17
   15.6093750       9.25006351E+17
   15.6796875       8.96533535E+17
   15.7500000       8.73490795E+17
   15.8203125       8.56755609E+17
   15.8906250       8.47090971E+17
   15.9609375       8.45507399E+17
   16.0312500       8.53247824E+17
   16.1015625       8.71769028E+17
   16.1718750       9.02404102E+17
   16.2421875       9.46146317E+17
   16.3125000       1.00329254E+18
   16.3828125       1.08039188E+18
   16.4531250       1.19022972E+18
   16.5234375       1.33908202E+18
   16.5937500       1.52658393E+18
   16.6640625       1.75215754E+18
   16.7343750       2.01380392E+18
   16.8046875       2.30403871E+18
   16.8750000       2.60601848E+18
   16.9453125       2.91175803E+18
   17.0156250       3.22313505E+18
   17.0859375       3.54423450E+18
   17.1562500       3.87796377E+18
   17.2265625       4.22235555E+18
   17.2968750       4.57535678E+18
   17.3671875       4.93363402E+18
   17.4375000       5.29231560E+18
   17.5078125       5.64551942E+18
   17.5781250       5.98750877E+18
   17.6484375       6.31391199E+18
   17.7187500       6.62264661E+18
   17.7890625       6.91406172E+18
   17.8593750       7.19036789E+18
   17.9296875       7.45449367E+18
   18.0000000       7.70904436E+18
   18.0703125       7.95565272E+18
   18.1406250       8.19499276E+18
   18.2109375       8.42709197E+18
   18.2812500       8.65170790E+18
   18.3515625       8.86837052E+18
   18.4218750       9.07629037E+18
   18.4921875       9.27419366E+18
   18.5625000       9.46056858E+18
   18.6328125       9.63425184E+18
   18.7031250       9.79539406E+18
   18.7734375       9.94639219E+18
   18.8437500       1.00925338E+19
   18.9140625       1.02420025E+19
   18.9843750       1.03957329E+19
   19.0546875       1.05525848E+19
   19.1250000       1.07094621E+19
   19.1953125       1.08701194E+19
   19.2656250       1.10385459E+19
   19.3359375       1.12177421E+19
   19.4062500       1.14097641E+19
   19.4765625       1.16158753E+19
   19.5468750       1.18408012E+19
   19.6171875       1.20908775E+19
   19.6875000       1.23709781E+19
   19.7578125       1.26812657E+19
   19.8281250       1.30198482E+19
   19.8984375       1.33861121E+19
   19.9687500       1.37794986E+19
   20.0390625       1.41981443E+19
   20.1093750       1.46380644E+19
   20.1796875       1.50932446E+19
   20.2500000       1.55566294E+19
   20.3203125       1.60214457E+19
   20.3906250       1.64823841E+19
   20.4609375       1.69360965E+19
   20.5312500       1.73810292E+19
   20.6015625       1.78166986E+19
   20.6718750       1.82428605E+19
   20.7421875       1.86588531E+19
   20.8125000       1.90634360E+19
   20.8828125       1.94550270E+19
   20.9531250       1.98322409E+19
   21.0234375       2.01942045E+19
   21.0937500       2.05405946E+19
   21.1640625       2.08712882E+19
   21.2343750       2.11860036E+19
   21.3046875       2.14840834E+19
   21.3750000       2.17646040E+19
   21.4453125       2.20266682E+19
   21.5156250       2.22697922E+19
   21.5859375       2.24942421E+19
   21.6562500       2.27013417E+19
   21.7265625       2.28935275E+19
   21.7968750       2.30742059E+19
   21.8671875       2.32472250E+19
   21.9375000       2.34161936E+19
   22.0078125       2.35836976E+19
   22.0781250       2.37508607E+19
   22.1484375       2.39172432E+19
   22.2187500       2.40811870E+19
   22.2890625       2.42403611E+19
   22.3593750       2.43923752E+19
   22.4296875       2.45351710E+19
   22.5000000       2.46671256E+19
   22.5703125       2.47867634E+19
   22.6406250       2.48922528E+19
   22.7109375       2.49809921E+19
   22.7812500       2.50496874E+19
   22.8515625       2.50948312E+19
   22.9218750       2.51137164E+19
   22.9921875       2.51051490E+19
   23.0625000       2.50697161E+19
   23.1328125       2.50092628E+19
   23.2031250       2.49260561E+19
   23.2734375       2.48220006E+19
   23.3437500       2.46984506E+19
   23.4140625       2.45564883E+19
   23.4843750       2.43974923E+19
   23.5546875       2.42234440E+19
   23.6250000       2.40368305E+19
   23.6953125       2.38401565E+19
   23.7656250       2.36354010E+19
   23.8359375       2.34236131E+19
   23.9062500       2.32049510E+19
   23.9765625       2.29790146E+19
   24.0468750       2.27454783E+19
   24.1171875       2.25045973E+19
   24.1875000       2.22574601E+19
   24.2578125       2.20059138E+19
   24.3281250       2.17523378E+19
   24.3984375       2.14994040E+19
   24.4687500       2.12500193E+19
   24.5390625       2.10073659E+19
   24.6093750       2.07749204E+19
   24.6796875       2.05561659E+19
   24.7500000       2.03540339E+19
   24.8203125       2.01701450E+19
   24.8906250       2.00041957E+19
   24.9609375       1.98537825E+19
   25.0312500       1.97146833E+19
   25.1015625       1.95815258E+19
   25.1718750       1.94486301E+19
   25.2421875       1.93106743E+19
   25.3125000       1.91633090E+19
   25.3828125       1.90035895E+19
   25.4531250       1.88303175E+19
   25.5234375       1.86442691E+19
   25.5937500       1.84482284E+19
   25.6640625       1.82466769E+19
   25.7343750       1.80451738E+19
   25.8046875       1.78494047E+19
   25.8750000       1.76641667E+19
   25.9453125       1.74924482E+19
   26.0156250       1.73349564E+19
   26.0859375       1.71901056E+19
   26.1562500       1.70545227E+19
   26.2265625       1.69238490E+19
   26.2968750       1.67937801E+19
   26.3671875       1.66611559E+19
   26.4375000       1.65250946E+19
   26.5078125       1.63878360E+19
   26.5781250       1.62549732E+19
   26.6484375       1.61346349E+19
   26.7187500       1.60357449E+19
   26.7890625       1.59656543E+19
   26.8593750       1.59281818E+19
   26.9296875       1.59226568E+19
   27.0000000       1.59444733E+19
   27.0703125       1.59866847E+19
   27.1406250       1.60420726E+19
   27.2109375       1.61047975E+19
   27.2812500       1.61712916E+19
   27.3515625       1.62402551E+19
   27.4218750       1.63120346E+19
   27.4921875       1.63876260E+19
   27.5625000       1.64677078E+19
   27.6328125       1.65518391E+19
   27.7031250       1.66380859E+19
   27.7734375       1.67229891E+19
   27.8437500       1.68018769E+19
   27.9140625       1.68693990E+19
   27.9843750       1.69201909E+19
   28.0546875       1.69495149E+19
   28.1250000       1.69538107E+19
   28.1953125       1.69310211E+19
   28.2656250       1.68807097E+19
   28.3359375       1.68039802E+19
   28.4062500       1.67033441E+19
   28.4765625       1.65825639E+19
   28.5468750       1.64465521E+19
   28.6171875       1.63010922E+19
   28.6875000       1.61523437E+19
   28.7578125       1.60059866E+19
   28.8281250       1.58662189E+19
   28.8984375       1.57348536E+19
   28.9687500       1.56109200E+19
   29.0390625       1.54909413E+19
   29.1093750       1.53699851E+19
   29.1796875       1.52430773E+19
   29.2500000       1.51065828E+19
   29.3203125       1.49589360E+19
   29.3906250       1.48006503E+19
   29.4609375       1.46336147E+19
   29.5312500       1.44603305E+19
   29.6015625       1.42832894E+19
   29.6718750       1.41049882E+19
   29.7421875       1.39282186E+19
   29.8125000       1.37565496E+19
   29.8828125       1.35944860E+19
   29.9531250       1.34471317E+19
   30.0234375       1.33192947E+19
   30.0937500       1.32144079E+19
   30.1640625       1.31335740E+19
   30.2343750       1.30752175E+19
   30.3046875       1.30353591E+19
   30.3750000       1.30085090E+19
   30.4453125       1.29888442E+19
   30.5156250       1.29714565E+19
   30.5859375       1.29532926E+19
   30.6562500       1.29337092E+19
   30.7265625       1.29143248E+19
   30.7968750       1.28984226E+19
   30.8671875       1.28899201E+19
   30.9375000       1.28924072E+19
   31.0078125       1.29084457E+19
   31.0781250       1.29394575E+19
   31.1484375       1.29860526E+19
   31.2187500       1.30485950E+19
   31.2890625       1.31276147E+19
   31.3593750       1.32240188E+19
   31.4296875       1.33389980E+19
   31.5000000       1.34739630E+19
   31.5703125       1.36304422E+19
   31.6406250       1.38101343E+19
   31.7109375       1.40147853E+19
   31.7812500       1.42459214E+19
   31.8515625       1.45042329E+19
   31.9218750       1.47889581E+19
   31.9921875       1.50973260E+19
   32.0625000       1.54244439E+19
   32.1328125       1.57635091E+19
   32.2031250       1.61064127E+19
   32.2734375       1.64445840E+19
   32.3437500       1.67701175E+19
   32.4140625       1.70768845E+19
   32.4843750       1.73614183E+19
   32.5546875       1.76231703E+19
   32.6250000       1.78640964E+19
   32.6953125       1.80875611E+19
   32.7656250       1.82971148E+19
   32.8359375       1.84953755E+19
   32.9062500       1.86835701E+19
   32.9765625       1.88616756E+19
   33.0468750       1.90291532E+19
   33.1171875       1.91856775E+19
   33.1875000       1.93315761E+19
   33.2578125       1.94676472E+19
   33.3281250       1.95945441E+19
   33.3984375       1.97121390E+19
   33.4687500       1.98194228E+19
   33.5390625       1.99149945E+19
   33.6093750       1.99980384E+19
   33.6796875       2.00690647E+19
   33.7500000       2.01301448E+19
   33.8203125       2.01842385E+19
   33.8906250       2.02340552E+19
   33.9609375       2.02807493E+19
   34.0312500       2.03232344E+19
   34.1015625       2.03581659E+19
   34.1718750       2.03808378E+19
   34.2421875       2.03864167E+19
   34.3125000       2.03712962E+19
   34.3828125       2.03339964E+19
   34.4531250       2.02754562E+19
   34.5234375       2.01987609E+19
   34.5937500       2.01084954E+19
   34.6640625       2.00098538E+19
   34.7343750       1.99076410E+19
   34.8046875       1.98051401E+19
   34.8750000       1.97031714E+19
   34.9453125       1.95996942E+19
   35.0156250       1.94903389E+19
   35.0859375       1.93697181E+19
   35.1562500       1.92331764E+19
   35.2265625       1.90781320E+19
   35.2968750       1.89046621E+19
   35.3671875       1.87150007E+19
   35.4375000       1.85124223E+19
   35.5078125       1.82999648E+19
   35.5781250       1.80797667E+19
   35.6484375       1.78531540E+19
   35.7187500       1.76213605E+19
   35.7890625       1.73862343E+19
   35.8593750       1.71504803E+19
   35.9296875       1.69172343E+19
   36.0000000       1.66892319E+19
   36.0703125       1.64679013E+19
   36.1406250       1.62529446E+19
   36.2109375       1.60425563E+19
   36.2812500       1.58343099E+19
   36.3515625       1.56262823E+19
   36.4218750       1.54181041E+19
   36.4921875       1.52115279E+19
   36.5625000       1.50104448E+19
   36.6328125       1.48202743E+19
   36.7031250       1.46467714E+19
   36.7734375       1.44945319E+19
   36.8437500       1.43656208E+19
   36.9140625       1.42588516E+19
   36.9843750       1.41701001E+19
   37.0546875       1.40934290E+19
   37.1250000       1.40226457E+19
   37.1953125       1.39525750E+19
   37.2656250       1.38796531E+19
   37.3359375       1.38016527E+19
   37.4062500       1.37168672E+19
   37.4765625       1.36231602E+19
   37.5468750       1.35173718E+19
   37.6171875       1.33953700E+19
   37.6875000       1.32527875E+19
   37.7578125       1.30861730E+19
   37.8281250       1.28940586E+19
   37.8984375       1.26775109E+19
   37.9687500       1.24397888E+19
   38.0390625       1.21852453E+19
   38.1093750       1.19179045E+19
   38.1796875       1.16403493E+19
   38.2500000       1.13535098E+19
   38.3203125       1.10572706E+19
   38.3906250       1.07515525E+19
   38.4609375       1.04372241E+19
   38.5312500       9.96882333E+18
   38.6015625       9.68370787E+18
   38.6718750       9.39051100E+18
   38.7421875       9.09097050E+18
   38.8125000       8.78609571E+18
   38.8828125       8.47617362E+18
   38.9531250       8.16131582E+18
   39.0234375       7.62719067E+18
   39.0937500       7.31253683E+18
   39.1640625       6.99890663E+18
   39.2343750       6.68860411E+18
   39.3046875       6.38331371E+18
   39.3750000       6.08371054E+18
   39.4453125       5.78959997E+18
   39.5156250       5.50062193E+18
   39.5859375       5.21737729E+18
   39.6562500       4.53365808E+18
   39.7265625       4.40433489E+18
   39.7968750       4.08242867E+18
   39.8671875       4.01437055E+18
   39.9375000       3.95484987E+18
   40.0078125       3.90423385E+18
   40.0781250       3.86193729E+18
   40.1484375       3.82642388E+18
   40.2187500       3.79581870E+18
   40.2890625       3.76841448E+18
   40.3593750       3.74332802E+18
   40.4296875       3.72048621E+18
   40.5000000       3.70043497E+18
   40.5703125       3.68359952E+18
   40.6406250       3.66983611E+18
   40.7109375       3.65802241E+18
   40.7812500       3.64639370E+18
   40.8515625       3.63304425E+18
   40.9218750       3.61692514E+18
   40.9921875       3.59842448E+18
   41.0625000       3.57970200E+18
   41.1328125       3.56406007E+18
   41.2031250       3.55504545E+18
   41.2734375       3.55516969E+18
   41.3437500       3.56532011E+18
   41.4140625       3.58464210E+18
   41.4843750       3.61140064E+18
   41.5546875       3.64390331E+18
   41.6250000       3.68153656E+18
   41.6953125       3.72500548E+18
   41.7656250       3.77623310E+18
   41.8359375       3.83753555E+18
   41.9062500       3.91094747E+18
   41.9765625       3.99742433E+18
   42.0468750       4.09662255E+18
   42.1171875       4.20669685E+18
   42.1875000       4.32459694E+18
   42.2578125       4.44623371E+18
   42.3281250       4.56698592E+18
   42.3984375       4.68195251E+18
   42.4687500       4.78646274E+18
   42.5390625       4.87635496E+18
   42.6093750       4.94853955E+18
   42.6796875       5.00126388E+18
   42.7500000       5.03447903E+18
   42.8203125       5.04967098E+18
   42.8906250       5.04967922E+18
   42.9609375       5.03801286E+18
   43.0312500       5.01829037E+18
   43.1015625       4.99340787E+18
   43.1718750       4.96514547E+18
   43.2421875       4.93380444E+18
   43.3125000       4.89849583E+18
   43.3828125       4.85747635E+18
   43.4531250       4.80891971E+18
   43.5234375       4.75133994E+18
   43.5937500       4.68402564E+18
   43.6640625       4.60683690E+18
   43.7343750       4.52000379E+18
   43.8046875       4.42357112E+18
   43.8750000       4.31729508E+18
   43.9453125       4.20058439E+18
   44.0156250       4.07305644E+18
   44.0859375       3.93495585E+18
   44.1562500       3.78777083E+18
   44.2265625       3.63425234E+18
   44.2968750       3.47828139E+18
   44.3671875       3.32404905E+18
   44.4375000       3.17532718E+18
   44.5078125       3.03458722E+18
   44.5781250       2.90282780E+18
   44.6484375       2.77964841E+18
   44.7187500       2.66398941E+18
   44.7890625       2.55467733E+18
   44.8593750       2.45105771E+18
   44.9296875       2.35300601E+18
   45.0000000       2.26094267E+18
   45.0703125       2.17543310E+18
   45.1406250       2.09708863E+18
   45.2109375       2.02628503E+18
   45.2812500       1.96328260E+18
   45.3515625       1.90817096E+18
   45.4218750       1.86118525E+18
   45.4921875       1.82275059E+18
   45.5625000       1.79373461E+18
   45.6328125       1.77525210E+18
   45.7031250       1.76858163E+18
   45.7734375       1.77468708E+18
   45.8437500       1.79400921E+18
   45.9140625       1.82606231E+18
   45.9843750       1.86943681E+18
   46.0546875       1.92165344E+18
   46.1250000       1.97942426E+18
   46.1953125       2.03876627E+18
   46.2656250       2.09551578E+18
   46.3359375       2.14563564E+18
   46.4062500       2.18581771E+18
   46.4765625       2.21377939E+18
   46.5468750       2.22880435E+18
   46.6171875       2.23189934E+18
   46.6875000       2.22599991E+18
   46.7578125       2.21548830E+18
   46.8281250       2.20552797E+18
   46.8984375       2.20081120E+18
   46.9687500       2.20463200E+18
   47.0390625       2.21812631E+18
   47.1093750       2.24044667E+18
   47.1796875       2.26921374E+18
   47.2500000       2.30149155E+18
   47.3203125       2.33435554E+18
   47.3906250       2.36543819E+18
   47.4609375       2.39289382E+18
   47.5312500       2.41551627E+18
   47.6015625       2.43259031E+18
   47.6718750       2.44407801E+18
   47.7421875       2.45046232E+18
   47.8125000       2.45268114E+18
   47.8828125       2.45156843E+18
   47.9531250       2.44751178E+18
   48.0234375       2.43998563E+18
   48.0937500       2.42766532E+18
   48.1640625       2.40856708E+18
   48.2343750       2.38067110E+18
   48.3046875       2.34230694E+18
   48.3750000       2.29273353E+18
   48.4453125       2.23223840E+18
   48.5156250       2.16226741E+18
   48.5859375       2.08503331E+18
   48.6562500       2.00326263E+18
   48.7265625       1.91964010E+18
   48.7968750       1.83663522E+18
   48.8671875       1.75618368E+18
   48.9375000       1.67976198E+18
   49.0078125       1.60822858E+18
   49.0781250       1.54194301E+18
   49.1484375       1.48061060E+18
   49.2187500       1.42348355E+18
   49.2890625       1.36941809E+18
   49.3593750       1.31734454E+18
   49.4296875       1.26646821E+18
   49.5000000       1.02766397E+18
   49.5703125       1.00166444E+18
   49.6406250       9.76242837E+17
   49.7109375       9.52167999E+17
   49.7812500       9.30664369E+17
   49.8515625       9.13027034E+17
   49.9218750       9.00355781E+17
   49.9921875       8.93198716E+17
   50.0625000       8.91510347E+17
   50.1328125       8.94643749E+17
   50.2031250       9.01660077E+17
   50.2734375       9.11573067E+17
   50.3437500       9.23758405E+17
   50.4140625       9.38129159E+17
   50.4843750       9.55316656E+17
   50.5546875       9.76513454E+17
   50.6250000       1.00331886E+18
   50.6953125       1.03737019E+18
   50.7656250       1.08018043E+18
   50.8359375       1.13293974E+18
   50.9062500       1.19655961E+18
   50.9765625       1.27155482E+18
   51.0468750       1.35797451E+18
   51.1171875       1.45507912E+18
   51.1875000       1.56118790E+18
   51.2578125       1.67357270E+18
   51.3281250       1.78879698E+18
   51.3984375       1.90313835E+18
   51.4687500       2.01319631E+18
   51.5390625       2.11616873E+18
   51.6093750       2.21001026E+18
   51.6796875       2.29322611E+18
   51.7500000       2.36475264E+18
   51.8203125       2.42376288E+18
   51.8906250       2.46973814E+18
   51.9609375       2.50247857E+18
   52.0312500       2.52227280E+18
   52.1015625       2.52989077E+18
   52.1718750       2.52667195E+18
   52.2421875       2.51440195E+18
   52.3125000       2.49528034E+18
   52.3828125       2.47166503E+18
   52.4531250       2.44592574E+18
   52.5234375       2.42013312E+18
   52.5937500       2.39594166E+18
   52.6640625       2.37438959E+18
   52.7343750       2.35596095E+18
   52.8046875       2.34059033E+18
   52.8750000       2.32788794E+18
   52.9453125       2.31721911E+18
   53.0156250       2.30790707E+18
   53.0859375       2.29921282E+18
   53.1562500       2.29040380E+18
   53.2265625       2.28063135E+18
   53.2968750       2.26900154E+18
   53.3671875       2.25459079E+18
   53.4375000       2.23669225E+18
   53.5078125       2.21488962E+18
   53.5781250       2.18915871E+18
   53.6484375       2.15968479E+18
   53.7187500       2.12681682E+18
   53.7890625       2.09093783E+18
   53.8593750       2.05258631E+18
   53.9296875       2.01239696E+18
   54.0000000       1.97106302E+18
   54.0703125       1.92899736E+18
   54.1406250       1.88615172E+18
   54.2109375       1.84185364E+18
   54.2812500       1.79506598E+18
   54.3515625       1.74467399E+18
   54.4218750       1.68995762E+18
   54.4921875       1.63079400E+18
   54.5625000       1.56787513E+18
   54.6328125       1.50263767E+18
   54.7031250       1.43723872E+18
   54.7734375       1.37423217E+18
   54.8437500       1.31625849E+18
   54.9140625       1.26550146E+18
   54.9843750       1.22338673E+18
   55.0546875       1.19034215E+18
   55.1250000       1.16598590E+18
   55.1953125       1.14932012E+18
   55.2656250       1.13911150E+18
   55.3359375       1.13403368E+18
   55.4062500       1.13288352E+18
   55.4765625       1.13458839E+18
   55.5468750       1.13835545E+18
   55.6171875       1.14363613E+18
   55.6875000       1.15021155E+18
   55.7578125       1.15807890E+18
   55.8281250       1.16746887E+18
   55.8984375       1.17866588E+18
   55.9687500       1.19191349E+18
   56.0390625       1.20705404E+18
   56.1093750       1.22327829E+18
   56.1796875       1.23882346E+18
   56.2500000       1.25113868E+18
   56.3203125       1.25727148E+18
   56.3906250       1.25465629E+18
   56.4609375       1.24168068E+18
   56.5312500       1.21804654E+18
   56.6015625       1.18448931E+18
   56.6718750       1.14230373E+18
   56.7421875       1.09264394E+18
   56.8125000       1.03619653E+18
   56.8828125       9.73041334E+17
   56.9531250       9.02966571E+17
   57.0234375       8.25749519E+17
   57.0937500       7.41589119E+17
   57.1640625       4.72144518E+17
   57.2343750       4.25012337E+17
   57.3046875       3.76163544E+17
   57.3750000       3.25562610E+17
   57.4453125       2.73631817E+17
   57.5156250       2.21424325E+17
   57.5859375       0.00000000    
   57.6562500       0.00000000    
   57.7265625       0.00000000    
   57.7968750       0.00000000    
   57.8671875       0.00000000    
   57.9375000       0.00000000    
