2009 01 03 19 43 50.0 -0.410 132.880
14. 3.160E+20 7.600 106 25 68 310 67 100
  -1.12500000       0.00000000    
  -1.05468750       0.00000000    
 -0.984375000       0.00000000    
 -0.914062500       0.00000000    
 -0.843750000       0.00000000    
 -0.773437500       0.00000000    
 -0.703125000       0.00000000    
 -0.632812500       0.00000000    
 -0.562500000       0.00000000    
 -0.492187500       0.00000000    
 -0.421875000       0.00000000    
 -0.351562500       0.00000000    
 -0.281250000       0.00000000    
 -0.210937500       0.00000000    
 -0.140625000       0.00000000    
  -7.03125000E-02   0.00000000    
   0.00000000       0.00000000    
   7.03125000E-02   0.00000000    
  0.140625000       0.00000000    
  0.210937500       0.00000000    
  0.281250000       0.00000000    
  0.351562500       0.00000000    
  0.421875000       0.00000000    
  0.492187500       0.00000000    
  0.562500000       8.14204735E+15
  0.632812500       3.60978000E+16
  0.703125000       8.96455796E+16
  0.773437500       1.62488148E+17
  0.843750000       2.42544586E+17
  0.914062500       3.22553796E+17
  0.984375000       3.98934292E+17
   1.05468750       4.70482881E+17
   1.12500000       5.37403591E+17
   1.19531250       6.00496076E+17
   1.26562500       6.60786491E+17
   1.33593750       7.19242370E+17
   1.40625000       7.76769025E+17
   1.47656250       8.34146764E+17
   1.54687500       8.92125662E+17
   1.61718750       9.51330377E+17
   1.68750000       1.01230249E+18
   1.75781250       1.07540023E+18
   1.82812500       1.14091607E+18
   1.89843750       1.20902546E+18
   1.96875000       1.27992898E+18
   2.03906250       1.35385533E+18
   2.10937500       1.43124446E+18
   2.17968750       1.51269353E+18
   2.25000000       1.59895173E+18
   2.32031250       1.69068110E+18
   2.39062500       1.78831168E+18
   2.46093750       1.89174631E+18
   2.53125000       2.00030646E+18
   2.60156250       2.11268878E+18
   2.67187500       2.22721831E+18
   2.74218750       2.34198121E+18
   2.81250000       2.45510529E+18
   2.88281250       2.56481566E+18
   2.95312500       2.66962110E+18
   3.02343750       2.76826159E+18
   3.09375000       2.85981435E+18
   3.16406250       2.94364716E+18
   3.23437500       3.01957339E+18
   3.30468750       3.08779479E+18
   3.37500000       3.14895512E+18
   3.44531250       3.20398403E+18
   3.51562500       3.25407723E+18
   3.58593750       3.30049091E+18
   3.65625000       3.34452113E+18
   3.72656250       3.38736855E+18
   3.79687500       3.43023439E+18
   3.86718750       3.47420990E+18
   3.93750000       3.52031298E+18
   4.00781250       3.56932920E+18
   4.07812500       3.62186937E+18
   4.14843750       3.67827404E+18
   4.21875000       3.73874415E+18
   4.28906250       3.80335723E+18
   4.35937500       3.87229936E+18
   4.42968750       3.94584377E+18
   4.50000000       4.02442806E+18
   4.57031250       4.10852558E+18
   4.64062500       4.19871247E+18
   4.71093750       4.29557230E+18
   4.78125000       4.39978429E+18
   4.85156250       4.51201941E+18
   4.92187500       4.63295662E+18
   4.99218750       4.76302390E+18
   5.06250000       4.90230728E+18
   5.13281250       5.05035322E+18
   5.20312500       5.20634864E+18
   5.27343750       5.36922644E+18
   5.34375000       5.53803171E+18
   5.41406250       5.71208880E+18
   5.48437500       5.89126906E+18
   5.55468750       6.07586497E+18
   5.62500000       6.26647191E+18
   5.69531250       6.46365063E+18
   5.76562500       6.66784093E+18
   5.83593750       6.87922534E+18
   5.90625000       7.09791765E+18
   5.97656250       7.32405091E+18
   6.04687500       7.55804733E+18
   6.11718750       7.80054737E+18
   6.18750000       8.05239930E+18
   6.25781250       8.31436399E+18
   6.32812500       8.58708191E+18
   6.39843750       8.87080484E+18
   6.46875000       9.16540029E+18
   6.53906250       9.47020910E+18
   6.60937500       9.78427030E+18
   6.67968750       1.01063480E+19
   6.75000000       1.04351889E+19
   6.82031250       1.07695262E+19
   6.89062500       1.11082670E+19
   6.96093750       1.14503977E+19
   7.03125000       1.17950473E+19
   7.10156250       1.21413561E+19
   7.17187500       1.24885829E+19
   7.24218750       1.28359560E+19
   7.31250000       1.31827299E+19
   7.38281250       1.35279777E+19
   7.45312500       1.38707339E+19
   7.52343750       1.42098970E+19
   7.59375000       1.45443915E+19
   7.66406250       1.48731763E+19
   7.73437500       1.51955058E+19
   7.80468750       1.55109722E+19
   7.87500000       1.58196436E+19
   7.94531250       1.61218916E+19
   8.01562500       1.64183892E+19
   8.08593750       1.67098434E+19
   8.15625000       1.69969500E+19
   8.22656250       1.72802282E+19
   8.29687500       1.75601375E+19
   8.36718750       1.78369758E+19
   8.43750000       1.81109554E+19
   8.50781250       1.83820070E+19
   8.57812500       1.86499206E+19
   8.64843750       1.89142850E+19
   8.71875000       1.91746845E+19
   8.78906250       1.94306706E+19
   8.85937500       1.96819486E+19
   8.92968750       1.99283250E+19
   9.00000000       2.01697206E+19
   9.07031250       2.04059726E+19
   9.14062500       2.06368415E+19
   9.21093750       2.08618741E+19
   9.28125000       2.10805494E+19
   9.35156250       2.12922318E+19
   9.42187500       2.14964133E+19
   9.49218750       2.16926651E+19
   9.56250000       2.18806860E+19
   9.63281250       2.20600647E+19
   9.70312500       2.22303109E+19
   9.77343750       2.23907297E+19
   9.84375000       2.25405931E+19
   9.91406250       2.26791272E+19
   9.98437500       2.28057953E+19
   10.0546875       2.29203380E+19
   10.1250000       2.30229313E+19
   10.1953125       2.31140500E+19
   10.2656250       2.31944991E+19
   10.3359375       2.32652284E+19
   10.4062500       2.33272959E+19
   10.4765625       2.33815788E+19
   10.5468750       2.34287346E+19
   10.6171875       2.34689767E+19
   10.6875000       2.35021270E+19
   10.7578125       2.35275609E+19
   10.8281250       2.35445264E+19
   10.8984375       2.35523857E+19
   10.9687500       2.35509167E+19
   11.0390625       2.35402383E+19
   11.1093750       2.35208033E+19
   11.1796875       2.34931308E+19
   11.2500000       2.34576210E+19
   11.3203125       2.34142892E+19
   11.3906250       2.33628057E+19
   11.4609375       2.33025327E+19
   11.5312500       2.32328060E+19
   11.6015625       2.31530475E+19
   11.6718750       2.30629821E+19
   11.7421875       2.29625835E+19
   11.8125000       2.28520232E+19
   11.8828125       2.27313694E+19
   11.9531250       2.26004901E+19
   12.0234375       2.24589456E+19
   12.0937500       2.23061640E+19
   12.1640625       2.21414990E+19
   12.2343750       2.19645744E+19
   12.3046875       2.17754144E+19
   12.3750000       2.15746216E+19
   12.4453125       2.13632273E+19
   12.5156250       2.11426366E+19
   12.5859375       2.09143868E+19
   12.6562500       2.06800611E+19
   12.7265625       2.04410888E+19
   12.7968750       2.01987829E+19
   12.8671875       1.99542669E+19
   12.9375000       1.97085524E+19
   13.0078125       1.94623740E+19
   13.0781250       1.92162395E+19
   13.1484375       1.89703425E+19
   13.2187500       1.87246478E+19
   13.2890625       1.84788696E+19
   13.3593750       1.82326153E+19
   13.4296875       1.79854891E+19
   13.5000000       1.77372534E+19
   13.5703125       1.74878050E+19
   13.6406250       1.72372791E+19
   13.7109375       1.69860066E+19
   13.7812500       1.67346143E+19
   13.8515625       1.64839586E+19
   13.9218750       1.62351688E+19
   13.9921875       1.59895137E+19
   14.0625000       1.57482820E+19
   14.1328125       1.55124367E+19
   14.2031250       1.52823760E+19
   14.2734375       1.50577337E+19
   14.3437500       1.48374267E+19
   14.4140625       1.46197894E+19
   14.4843750       1.44029910E+19
   14.5546875       1.41854042E+19
   14.6250000       1.39659703E+19
   14.6953125       1.37442846E+19
   14.7656250       1.35205834E+19
   14.8359375       1.32955629E+19
   14.9062500       1.30702510E+19
   14.9765625       1.28458088E+19
   15.0468750       1.26235436E+19
   15.1171875       1.24048826E+19
   15.1875000       1.21914531E+19
   15.2578125       1.19850099E+19
   15.3281250       1.17874167E+19
   15.3984375       1.16005349E+19
   15.4687500       1.14261347E+19
   15.5390625       1.12656797E+19
   15.6093750       1.11202297E+19
   15.6796875       1.09903554E+19
   15.7500000       1.08761942E+19
   15.8203125       1.07774800E+19
   15.8906250       1.06936951E+19
   15.9609375       1.06241301E+19
   16.0312500       1.05680198E+19
   16.1015625       1.05245165E+19
   16.1718750       1.04927516E+19
   16.2421875       1.04717652E+19
   16.3125000       1.04605117E+19
   16.3828125       1.04577102E+19
   16.4531250       1.04618333E+19
   16.5234375       1.04710692E+19
   16.5937500       1.04834673E+19
   16.6640625       1.04970397E+19
   16.7343750       1.05100194E+19
   16.8046875       1.05209948E+19
   16.8750000       1.05290454E+19
   16.9453125       1.05336051E+19
   17.0156250       1.05343670E+19
   17.0859375       1.05310597E+19
   17.1562500       1.05233939E+19
   17.2265625       1.05110068E+19
   17.2968750       1.04937005E+19
   17.3671875       1.04716212E+19
   17.4375000       1.04455408E+19
   17.5078125       1.04168633E+19
   17.5781250       1.03876262E+19
   17.6484375       1.03602440E+19
   17.7187500       1.03373422E+19
   17.7890625       1.03214268E+19
   17.8593750       1.03147374E+19
   17.9296875       1.03190343E+19
   18.0000000       1.03355204E+19
   18.0703125       1.03646772E+19
   18.1406250       1.04062948E+19
   18.2109375       1.04595013E+19
   18.2812500       1.05229684E+19
   18.3515625       1.05950601E+19
   18.4218750       1.06741106E+19
   18.4921875       1.07585706E+19
   18.5625000       1.08472166E+19
   18.6328125       1.09391423E+19
   18.7031250       1.10338125E+19
   18.7734375       1.11309444E+19
   18.8437500       1.12303975E+19
   18.9140625       1.13319121E+19
   18.9843750       1.14349748E+19
   19.0546875       1.15386610E+19
   19.1250000       1.16417017E+19
   19.1953125       1.17425687E+19
   19.2656250       1.18398161E+19
   19.3359375       1.19323763E+19
   19.4062500       1.20199315E+19
   19.4765625       1.21030392E+19
   19.5468750       1.21831947E+19
   19.6171875       1.22626124E+19
   19.6875000       1.23440048E+19
   19.7578125       1.24301527E+19
   19.8281250       1.25236826E+19
   19.8984375       1.26267761E+19
   19.9687500       1.27410616E+19
   20.0390625       1.28673724E+19
   20.1093750       1.30057470E+19
   20.1796875       1.31554367E+19
   20.2500000       1.33151441E+19
   20.3203125       1.34832484E+19
   20.3906250       1.36582390E+19
   20.4609375       1.38389173E+19
   20.5312500       1.40246051E+19
   20.6015625       1.42149448E+19
   20.6718750       1.44096991E+19
   20.7421875       1.46083600E+19
   20.8125000       1.48099576E+19
   20.8828125       1.50128758E+19
   20.9531250       1.52150067E+19
   21.0234375       1.54138985E+19
   21.0937500       1.56070244E+19
   21.1640625       1.57918391E+19
   21.2343750       1.59659391E+19
   21.3046875       1.61270901E+19
   21.3750000       1.62733900E+19
   21.4453125       1.64032423E+19
   21.5156250       1.65154783E+19
   21.5859375       1.66092809E+19
   21.6562500       1.66841258E+19
   21.7265625       1.67395698E+19
   21.7968750       1.67751906E+19
   21.8671875       1.67905409E+19
   21.9375000       1.67852940E+19
   22.0078125       1.67593346E+19
   22.0781250       1.67129891E+19
   22.1484375       1.66471844E+19
   22.2187500       1.65635687E+19
   22.2890625       1.64644379E+19
   22.3593750       1.63525702E+19
   22.4296875       1.62309379E+19
   22.5000000       1.61023973E+19
   22.5703125       1.59692871E+19
   22.6406250       1.58332764E+19
   22.7109375       1.56953383E+19
   22.7812500       1.55559851E+19
   22.8515625       1.54154983E+19
   22.9218750       1.52742242E+19
   22.9921875       1.51326852E+19
   23.0625000       1.49915981E+19
   23.1328125       1.48516786E+19
   23.2031250       1.47134953E+19
   23.2734375       1.45772977E+19
   23.3437500       1.44429890E+19
   23.4140625       1.43100064E+19
   23.4843750       1.41773063E+19
   23.5546875       1.40433352E+19
   23.6250000       1.39061536E+19
   23.6953125       1.37635216E+19
   23.7656250       1.36131645E+19
   23.8359375       1.34529800E+19
   23.9062500       1.32813044E+19
   23.9765625       1.30969812E+19
   24.0468750       1.28995133E+19
   24.1171875       1.26891657E+19
   24.1875000       1.24671391E+19
   24.2578125       1.22356183E+19
   24.3281250       1.19977510E+19
   24.3984375       1.17574231E+19
   24.4687500       1.15188181E+19
   24.5390625       1.12857249E+19
   24.6093750       1.10608792E+19
   24.6796875       1.08454969E+19
   24.7500000       1.06392308E+19
   24.8203125       1.04404489E+19
   24.8906250       1.02468887E+19
   24.9609375       1.00563587E+19
   25.0312500       9.86736259E+18
   25.1015625       9.67932741E+18
   25.1718750       9.49256657E+18
   25.2421875       9.30796186E+18
   25.3125000       9.12657983E+18
   25.3828125       8.94925279E+18
   25.4531250       8.77633370E+18
   25.5234375       8.60762793E+18
   25.5937500       8.44251592E+18
   25.6640625       8.28011585E+18
   25.7343750       8.11950579E+18
   25.8046875       7.95989904E+18
   25.8750000       7.80078101E+18
   25.9453125       7.64188619E+18
   26.0156250       7.48314640E+18
   26.0859375       7.32456054E+18
   26.1562500       7.16610991E+18
   26.2265625       7.00760322E+18
   26.2968750       6.84860229E+18
   26.3671875       6.68841719E+18
   26.4375000       6.52617656E+18
   26.5078125       6.36090841E+18
   26.5781250       6.19166499E+18
   26.6484375       6.01769586E+18
   26.7187500       5.83868272E+18
   26.7890625       5.65497027E+18
   26.8593750       5.46779326E+18
   26.9296875       5.27939084E+18
   27.0000000       5.09291752E+18
   27.0703125       4.91199838E+18
   27.1406250       4.74006445E+18
   27.2109375       4.57958083E+18
   27.2812500       4.43148431E+18
   27.3515625       4.29491232E+18
   27.4218750       4.16739893E+18
   27.4921875       4.04540372E+18
   27.5625000       3.92505777E+18
   27.6328125       3.80284788E+18
   27.7031250       3.67617782E+18
   27.7734375       3.54367540E+18
   27.8437500       3.40526420E+18
   27.9140625       3.26189751E+18
   27.9843750       3.11509566E+18
   28.0546875       2.96631854E+18
   28.1250000       2.81633251E+18
   28.1953125       2.66456170E+18
   28.2656250       2.50861329E+18
   28.3359375       2.34401695E+18
   28.4062500       2.16439290E+18
   28.4765625       1.96209431E+18
   28.5468750       1.72960738E+18
   28.6171875       0.00000000    
   28.6875000       0.00000000    
   28.7578125       0.00000000    
   28.8281250       0.00000000    
   28.8984375       0.00000000    
   28.9687500       0.00000000    
   29.0390625       0.00000000    
   29.1093750       0.00000000    
   29.1796875       0.00000000    
   29.2500000       0.00000000    
   29.3203125       0.00000000    
   29.3906250       0.00000000    
   29.4609375       0.00000000    
   29.5312500       0.00000000    
   29.6015625       0.00000000    
   29.6718750       0.00000000    
   29.7421875       0.00000000    
   29.8125000       0.00000000    
   29.8828125       0.00000000    
   29.9531250       0.00000000    
   30.0234375       0.00000000    
   30.0937500       0.00000000    
   30.1640625       0.00000000    
   30.2343750       0.00000000    
   30.3046875       0.00000000    
   30.3750000       0.00000000    
   30.4453125       0.00000000    
   30.5156250       0.00000000    
   30.5859375       0.00000000    
   30.6562500       0.00000000    
   30.7265625       0.00000000    
   30.7968750       0.00000000    
   30.8671875       0.00000000    
   30.9375000       0.00000000    
   31.0078125       0.00000000    
   31.0781250       0.00000000    
   31.1484375       0.00000000    
   31.2187500       0.00000000    
   31.2890625       0.00000000    
   31.3593750       0.00000000    
   31.4296875       0.00000000    
   31.5000000       0.00000000    
   31.5703125       0.00000000    
   31.6406250       0.00000000    
   31.7109375       0.00000000    
   31.7812500       0.00000000    
   31.8515625       0.00000000    
   31.9218750       0.00000000    
   31.9921875       0.00000000    
   32.0625000       0.00000000    
   32.1328125       0.00000000    
   32.2031250       0.00000000    
   32.2734375       0.00000000    
   32.3437500       0.00000000    
   32.4140625       0.00000000    
   32.4843750       0.00000000    
   32.5546875       0.00000000    
   32.6250000       0.00000000    
   32.6953125       0.00000000    
   32.7656250       0.00000000    
   32.8359375       0.00000000    
   32.9062500       0.00000000    
   32.9765625       0.00000000    
   33.0468750       0.00000000    
   33.1171875       0.00000000    
   33.1875000       0.00000000    
   33.2578125       0.00000000    
   33.3281250       0.00000000    
   33.3984375       0.00000000    
   33.4687500       0.00000000    
   33.5390625       0.00000000    
   33.6093750       0.00000000    
   33.6796875       0.00000000    
   33.7500000       0.00000000    
   33.8203125       0.00000000    
   33.8906250       0.00000000    
   33.9609375       0.00000000    
   34.0312500       0.00000000    
   34.1015625       0.00000000    
   34.1718750       0.00000000    
   34.2421875       0.00000000    
   34.3125000       0.00000000    
   34.3828125       0.00000000    
