1996 02 17 05 59 30.0 -0.890 136.950
12. 1.983E+21 8.132 84 13 43 311 81 100
  -1.12500000       0.00000000    
  -1.05468750       1.50455604E+18
 -0.984375000       1.57999065E+18
 -0.914062500       1.65984818E+18
 -0.843750000       1.74036665E+18
 -0.773437500       1.81814336E+18
 -0.703125000       1.89031461E+18
 -0.632812500       1.95490652E+18
 -0.562500000       2.01083428E+18
 -0.492187500       2.05801103E+18
 -0.421875000       2.09712918E+18
 -0.351562500       2.12959157E+18
 -0.281250000       2.15723096E+18
 -0.210937500       2.18226326E+18
 -0.140625000       2.20703760E+18
  -7.03125000E-02   2.23396821E+18
   0.00000000       2.26527364E+18
   7.03125000E-02   2.30294909E+18
  0.140625000       2.34855876E+18
  0.210937500       2.40324710E+18
  0.281250000       2.46757457E+18
  0.351562500       2.54162860E+18
  0.421875000       2.62491524E+18
  0.492187500       2.71649631E+18
  0.562500000       2.81502107E+18
  0.632812500       2.92196809E+18
  0.703125000       3.03761418E+18
  0.773437500       3.16164211E+18
  0.843750000       3.29050378E+18
  0.914062500       3.42187178E+18
  0.984375000       3.55425737E+18
   1.05468750       3.68673176E+18
   1.12500000       3.81855248E+18
   1.19531250       3.94899304E+18
   1.26562500       4.07716449E+18
   1.33593750       4.20210887E+18
   1.40625000       4.32286493E+18
   1.47656250       4.43876088E+18
   1.54687500       4.54950094E+18
   1.61718750       4.65530749E+18
   1.68750000       4.75682485E+18
   1.75781250       4.85514208E+18
   1.82812500       4.95158574E+18
   1.89843750       5.04758905E+18
   1.96875000       5.14440765E+18
   2.03906250       5.24299151E+18
   2.10937500       5.34375405E+18
   2.17968750       5.44652101E+18
   2.25000000       5.55044245E+18
   2.32031250       5.65417917E+18
   2.39062500       5.75601484E+18
   2.46093750       5.85416934E+18
   2.53125000       5.94697747E+18
   2.60156250       6.03325780E+18
   2.67187500       6.11239844E+18
   2.74218750       6.18446264E+18
   2.81250000       6.25038331E+18
   2.88281250       6.31323304E+18
   2.95312500       6.37552972E+18
   3.02343750       6.43877363E+18
   3.09375000       6.50197136E+18
   3.16406250       6.56422680E+18
   3.23437500       6.62483573E+18
   3.30468750       6.68346279E+18
   3.37500000       6.74019979E+18
   3.44531250       6.79564487E+18
   3.51562500       6.85075459E+18
   3.58593750       6.90668509E+18
   3.65625000       6.96449961E+18
   3.72656250       7.02509260E+18
   3.79687500       7.08909627E+18
   3.86718750       7.15692624E+18
   3.93750000       7.23335385E+18
   4.00781250       7.32866336E+18
   4.07812500       7.44767505E+18
   4.14843750       7.58675613E+18
   4.21875000       7.73407969E+18
   4.28906250       7.88172926E+18
   4.35937500       8.02487578E+18
   4.42968750       8.16095903E+18
   4.50000000       8.28888886E+18
   4.57031250       8.40854211E+18
   4.64062500       8.52039048E+18
   4.71093750       8.62535151E+18
   4.78125000       8.72464731E+18
   4.85156250       8.81987656E+18
   4.92187500       8.91294912E+18
   4.99218750       9.00604477E+18
   5.06250000       9.10137298E+18
   5.13281250       9.20106954E+18
   5.20312500       9.30699319E+18
   5.27343750       9.42061673E+18
   5.34375000       9.54286813E+18
   5.41406250       9.67416741E+18
   5.48437500       9.81435514E+18
   5.55468750       9.96271224E+18
   5.62500000       1.01178841E+19
   5.69531250       1.02780016E+19
   5.76562500       1.04408228E+19
   5.83593750       1.06039848E+19
   5.90625000       1.07652227E+19
   5.97656250       1.09226914E+19
   6.04687500       1.10751288E+19
   6.11718750       1.12219477E+19
   6.18750000       1.13631250E+19
   6.25781250       1.14991962E+19
   6.32812500       1.16311156E+19
   6.39843750       1.17601763E+19
   6.46875000       1.18878021E+19
   6.53906250       1.20154565E+19
   6.60937500       1.21444358E+19
   6.67968750       1.22757241E+19
   6.75000000       1.24097952E+19
   6.82031250       1.25466723E+19
   6.89062500       1.26859672E+19
   6.96093750       1.28271116E+19
   7.03125000       1.29694466E+19
   7.10156250       1.31124601E+19
   7.17187500       1.32558496E+19
   7.24218750       1.33995041E+19
   7.31250000       1.35433433E+19
   7.38281250       1.36872804E+19
   7.45312500       1.38311515E+19
   7.52343750       1.39747235E+19
   7.59375000       1.41176150E+19
   7.66406250       1.42593706E+19
   7.73437500       1.43994517E+19
   7.80468750       1.45372645E+19
   7.87500000       1.46721218E+19
   7.94531250       1.48033683E+19
   8.01562500       1.49304256E+19
   8.08593750       1.50528881E+19
   8.15625000       1.51704512E+19
   8.22656250       1.52829192E+19
   8.29687500       1.53901061E+19
   8.36718750       1.54917373E+19
   8.43750000       1.55872893E+19
   8.50781250       1.56760825E+19
   8.57812500       1.57573485E+19
   8.64843750       1.58304133E+19
   8.71875000       1.58947787E+19
   8.78906250       1.59502831E+19
   8.85937500       1.59971113E+19
   8.92968750       1.60357943E+19
   9.00000000       1.60670963E+19
   9.07031250       1.60920388E+19
   9.14062500       1.61118102E+19
   9.21093750       1.61277707E+19
   9.28125000       1.61413167E+19
   9.35156250       1.61538500E+19
   9.42187500       1.61666593E+19
   9.49218750       1.61808111E+19
   9.56250000       1.61969828E+19
   9.63281250       1.62154710E+19
   9.70312500       1.62362573E+19
   9.77343750       1.62591513E+19
   9.84375000       1.62838794E+19
   9.91406250       1.63102599E+19
   9.98437500       1.63382788E+19
   10.0546875       1.63681602E+19
   10.1250000       1.64002847E+19
   10.1953125       1.64351963E+19
   10.2656250       1.64734473E+19
   10.3359375       1.65154431E+19
   10.4062500       1.65611289E+19
   10.4765625       1.66098670E+19
   10.5468750       1.66603082E+19
   10.6171875       1.67104987E+19
   10.6875000       1.67580141E+19
   10.7578125       1.68003332E+19
   10.8281250       1.68352031E+19
   10.8984375       1.68609404E+19
   10.9687500       1.68765755E+19
   11.0390625       1.68819554E+19
   11.1093750       1.68776805E+19
   11.1796875       1.68649888E+19
   11.2500000       1.68455308E+19
   11.3203125       1.68212371E+19
   11.3906250       1.67941704E+19
   11.4609375       1.67664165E+19
   11.5312500       1.67398996E+19
   11.6015625       1.67163404E+19
   11.6718750       1.66971396E+19
   11.7421875       1.66833055E+19
   11.8125000       1.66753561E+19
   11.8828125       1.66734000E+19
   11.9531250       1.66772362E+19
   12.0234375       1.66865161E+19
   12.0937500       1.67007812E+19
   12.1640625       1.67195762E+19
   12.2343750       1.67424472E+19
   12.3046875       1.67689289E+19
   12.3750000       1.67984343E+19
   12.4453125       1.68302982E+19
   12.5156250       1.68637882E+19
   12.5859375       1.68982227E+19
   12.6562500       1.69330189E+19
   12.7265625       1.69678877E+19
   12.7968750       1.70029061E+19
   12.8671875       1.70385226E+19
   12.9375000       1.70753991E+19
   13.0078125       1.71142877E+19
   13.0781250       1.71558778E+19
   13.1484375       1.72007500E+19
   13.2187500       1.72493440E+19
   13.2890625       1.73021371E+19
   13.3593750       1.73597625E+19
   13.4296875       1.74231647E+19
   13.5000000       1.74935445E+19
   13.5703125       1.75723256E+19
   13.6406250       1.76609726E+19
   13.7109375       1.77607742E+19
   13.7812500       1.78725538E+19
   13.8515625       1.79965391E+19
   13.9218750       1.81322826E+19
   13.9921875       1.82786760E+19
   14.0625000       1.84339765E+19
   14.1328125       1.85960160E+19
   14.2031250       1.87624534E+19
   14.2734375       1.89309866E+19
   14.3437500       1.90994911E+19
   14.4140625       1.92661551E+19
   14.4843750       1.94295074E+19
   14.5546875       1.95883912E+19
   14.6250000       1.97417972E+19
   14.6953125       1.98888151E+19
   14.7656250       2.00285301E+19
   14.8359375       2.01600031E+19
   14.9062500       2.02822138E+19
   14.9765625       2.03942452E+19
   15.0468750       2.04953387E+19
   15.1171875       2.05850963E+19
   15.1875000       2.06634035E+19
   15.2578125       2.07305463E+19
   15.3281250       2.07871227E+19
   15.3984375       2.08339619E+19
   15.4687500       2.08718951E+19
   15.5390625       2.09016083E+19
   15.6093750       2.09235194E+19
   15.6796875       2.09377382E+19
   15.7500000       2.09440099E+19
   15.8203125       2.09419274E+19
   15.8906250       2.09310422E+19
   15.9609375       2.09111147E+19
   16.0312500       2.08821645E+19
   16.1015625       2.08446624E+19
   16.1718750       2.07996110E+19
   16.2421875       2.07485607E+19
   16.3125000       2.06934444E+19
   16.3828125       2.06364765E+19
   16.4531250       2.05799638E+19
   16.5234375       2.05261273E+19
   16.5937500       2.04769065E+19
   16.6640625       2.04339376E+19
   16.7343750       2.03985509E+19
   16.8046875       2.03717888E+19
   16.8750000       2.03543396E+19
   16.9453125       2.03465792E+19
   17.0156250       2.03485605E+19
   17.0859375       2.03601516E+19
   17.1562500       2.03810511E+19
   17.2265625       2.04110876E+19
   17.2968750       2.04504391E+19
   17.3671875       2.04998577E+19
   17.4375000       2.05606849E+19
   17.5078125       2.06349130E+19
   17.5781250       2.07250113E+19
   17.6484375       2.08336101E+19
   17.7187500       2.09629962E+19
   17.7890625       2.11147310E+19
   17.8593750       2.12893599E+19
   17.9296875       2.14863814E+19
   18.0000000       2.17043661E+19
   18.0703125       2.19413571E+19
   18.1406250       2.21952981E+19
   18.2109375       2.24643991E+19
   18.2812500       2.27472397E+19
   18.3515625       2.30429072E+19
   18.4218750       2.33509464E+19
   18.4921875       2.36712319E+19
   18.5625000       2.40037154E+19
   18.6328125       2.43483441E+19
   18.7031250       2.47049751E+19
   18.7734375       2.50732939E+19
   18.8437500       2.54527134E+19
   18.9140625       2.58424243E+19
   18.9843750       2.62415053E+19
   19.0546875       2.66490524E+19
   19.1250000       2.70642412E+19
   19.1953125       2.74864801E+19
   19.2656250       2.79154106E+19
   19.3359375       2.83508282E+19
   19.4062500       2.87924888E+19
   19.4765625       2.92400296E+19
   19.5468750       2.96929360E+19
   19.6171875       3.01505726E+19
   19.6875000       3.06121409E+19
   19.7578125       3.10767836E+19
   19.8281250       3.15436824E+19
   19.8984375       3.20120919E+19
   19.9687500       3.24812843E+19
   20.0390625       3.29505933E+19
   20.1093750       3.34194976E+19
   20.1796875       3.38876037E+19
   20.2500000       3.43546080E+19
   20.3203125       3.48202952E+19
   20.3906250       3.52845332E+19
   20.4609375       3.57473023E+19
   20.5312500       3.62087167E+19
   20.6015625       3.66691548E+19
   20.6718750       3.71294301E+19
   20.7421875       3.75908600E+19
   20.8125000       3.80550562E+19
   20.8828125       3.85237472E+19
   20.9531250       3.89985867E+19
   21.0234375       3.94807929E+19
   21.0937500       3.99709068E+19
   21.1640625       4.04685942E+19
   21.2343750       4.09727555E+19
   21.3046875       4.14816622E+19
   21.3750000       4.19932958E+19
   21.4453125       4.25057781E+19
   21.5156250       4.30179043E+19
   21.5859375       4.35293883E+19
   21.6562500       4.40409822E+19
   21.7265625       4.45543090E+19
   21.7968750       4.50715281E+19
   21.8671875       4.55947857E+19
   21.9375000       4.61255199E+19
   22.0078125       4.66639904E+19
   22.0781250       4.72090842E+19
   22.1484375       4.77584662E+19
   22.2187500       4.83088730E+19
   22.2890625       4.88568080E+19
   22.3593750       4.93992938E+19
   22.4296875       4.99344129E+19
   22.5000000       5.04617299E+19
   22.5703125       5.09822871E+19
   22.6406250       5.14984858E+19
   22.7109375       5.20134487E+19
   22.7812500       5.25303511E+19
   22.8515625       5.30516691E+19
   22.9218750       5.35786783E+19
   22.9921875       5.41112509E+19
   23.0625000       5.46477466E+19
   23.1328125       5.51853814E+19
   23.2031250       5.57208919E+19
   23.2734375       5.62511204E+19
   23.3437500       5.67736523E+19
   23.4140625       5.72871682E+19
   23.4843750       5.77917253E+19
   23.5546875       5.82887574E+19
   23.6250000       5.87807053E+19
   23.6953125       5.92706476E+19
   23.7656250       5.97619226E+19
   23.8359375       6.02576572E+19
   23.9062500       6.07603100E+19
   23.9765625       6.12713586E+19
   24.0468750       6.17912517E+19
   24.1171875       6.23193647E+19
   24.1875000       6.28540660E+19
   24.2578125       6.33930246E+19
   24.3281250       6.39336457E+19
   24.3984375       6.44735191E+19
   24.4687500       6.50107800E+19
   24.5390625       6.55443950E+19
   24.6093750       6.60743244E+19
   24.6796875       6.66014523E+19
   24.7500000       6.71271992E+19
   24.8203125       6.76531308E+19
   24.8906250       6.81804741E+19
   24.9609375       6.87097395E+19
   25.0312500       6.92403506E+19
   25.1015625       6.97707066E+19
   25.1718750       7.02983842E+19
   25.2421875       7.08205379E+19
   25.3125000       7.13342209E+19
   25.3828125       7.18366890E+19
   25.4531250       7.23257825E+19
   25.5234375       7.27999623E+19
   25.5937500       7.32584411E+19
   25.6640625       7.37008757E+19
   25.7343750       7.41273675E+19
   25.8046875       7.45382242E+19
   25.8750000       7.49335910E+19
   25.9453125       7.53132744E+19
   26.0156250       7.56766410E+19
   26.0859375       7.60226529E+19
   26.1562500       7.63501138E+19
   26.2265625       7.66578627E+19
   26.2968750       7.69453806E+19
   26.3671875       7.72129578E+19
   26.4375000       7.74618608E+19
   26.5078125       7.76940953E+19
   26.5781250       7.79121416E+19
   26.6484375       7.81185859E+19
   26.7187500       7.83155568E+19
   26.7890625       7.85044001E+19
   26.8593750       7.86855997E+19
   26.9296875       7.88590498E+19
   27.0000000       7.90244604E+19
   27.0703125       7.91818576E+19
   27.1406250       7.93320949E+19
   27.2109375       7.94772129E+19
   27.2812500       7.96202109E+19
   27.3515625       7.97646780E+19
   27.4218750       7.99143083E+19
   27.4921875       8.00722685E+19
   27.5625000       8.02406346E+19
   27.6328125       8.04200837E+19
   27.7031250       8.06101760E+19
   27.7734375       8.08097330E+19
   27.8437500       8.10172592E+19
   27.9140625       8.12313121E+19
   27.9843750       8.14506339E+19
   28.0546875       8.16741162E+19
   28.1250000       8.19004573E+19
   28.1953125       8.21279946E+19
   28.2656250       8.23547227E+19
   28.3359375       8.25785657E+19
   28.4062500       8.27974037E+19
   28.4765625       8.30094335E+19
   28.5468750       8.32133182E+19
   28.6171875       8.34082396E+19
   28.6875000       8.35938548E+19
   28.7578125       8.37701021E+19
   28.8281250       8.39372542E+19
   28.8984375       8.40958478E+19
   28.9687500       8.42467975E+19
   29.0390625       8.43913173E+19
   29.1093750       8.45310521E+19
   29.1796875       8.46682271E+19
   29.2500000       8.48053319E+19
   29.3203125       8.49450578E+19
   29.3906250       8.50900086E+19
   29.4609375       8.52423921E+19
   29.5312500       8.54038180E+19
   29.6015625       8.55749724E+19
   29.6718750       8.57557673E+19
   29.7421875       8.59456837E+19
   29.8125000       8.61440444E+19
   29.8828125       8.63503304E+19
   29.9531250       8.65645241E+19
   30.0234375       8.67872235E+19
   30.0937500       8.70195020E+19
   30.1640625       8.72625292E+19
   30.2343750       8.75173696E+19
   30.3046875       8.77848061E+19
   30.3750000       8.80649000E+19
   30.4453125       8.83570271E+19
   30.5156250       8.86595511E+19
   30.5859375       8.89699213E+19
   30.6562500       8.92844256E+19
   30.7265625       8.95984549E+19
   30.7968750       8.99066260E+19
   30.8671875       9.02034502E+19
   30.9375000       9.04836937E+19
   31.0078125       9.07427826E+19
   31.0781250       9.09772601E+19
   31.1484375       9.11848391E+19
   31.2187500       9.13643321E+19
   31.2890625       9.15152907E+19
   31.3593750       9.16376355E+19
   31.4296875       9.17315514E+19
   31.5000000       9.17970031E+19
   31.5703125       9.18340171E+19
   31.6406250       9.18426197E+19
   31.7109375       9.18233474E+19
   31.7812500       9.17773087E+19
   31.8515625       9.17062539E+19
   31.9218750       9.16125491E+19
   31.9921875       9.14990619E+19
   32.0625000       9.13686334E+19
   32.1328125       9.12235682E+19
   32.2031250       9.10654585E+19
   32.2734375       9.08950957E+19
   32.3437500       9.07126120E+19
   32.4140625       9.05176818E+19
   32.4843750       9.03098565E+19
   32.5546875       9.00889514E+19
   32.6250000       8.98549929E+19
   32.6953125       8.96083505E+19
   32.7656250       8.93494991E+19
   32.8359375       8.90791511E+19
   32.9062500       8.87980896E+19
   32.9765625       8.85073171E+19
   33.0468750       8.82081180E+19
   33.1171875       8.79022427E+19
   33.1875000       8.75917142E+19
   33.2578125       8.72785909E+19
   33.3281250       8.69646935E+19
   33.3984375       8.66514910E+19
   33.4687500       8.63398279E+19
   33.5390625       8.60300295E+19
   33.6093750       8.57219815E+19
   33.6796875       8.54155784E+19
   33.7500000       8.51109257E+19
   33.8203125       8.48083577E+19
   33.8906250       8.45084813E+19
   33.9609375       8.42121849E+19
   34.0312500       8.39201986E+19
   34.1015625       8.36329182E+19
   34.1718750       8.33503437E+19
   34.2421875       8.30722288E+19
   34.3125000       8.27982305E+19
   34.3828125       8.25279266E+19
   34.4531250       8.22609124E+19
   34.5234375       8.19969241E+19
   34.5937500       8.17355921E+19
   34.6640625       8.14763625E+19
   34.7343750       8.12182939E+19
   34.8046875       8.09601550E+19
   34.8750000       8.07004415E+19
   34.9453125       8.04375615E+19
   35.0156250       8.01699843E+19
   35.0859375       7.98965666E+19
   35.1562500       7.96165166E+19
   35.2265625       7.93293329E+19
   35.2968750       7.90347078E+19
   35.3671875       7.87324037E+19
   35.4375000       7.84221127E+19
   35.5078125       7.81033159E+19
   35.5781250       7.77752480E+19
   35.6484375       7.74370646E+19
   35.7187500       7.70878070E+19
   35.7890625       7.67264898E+19
   35.8593750       7.63520402E+19
   35.9296875       7.59635255E+19
   36.0000000       7.55599344E+19
   36.0703125       7.51402816E+19
   36.1406250       7.47034236E+19
   36.2109375       7.42483842E+19
   36.2812500       7.37743891E+19
   36.3515625       7.32810338E+19
   36.4218750       7.27684195E+19
   36.4921875       7.22374258E+19
   36.5625000       7.16894160E+19
   36.6328125       7.11260702E+19
   36.7031250       7.05490553E+19
   36.7734375       6.99599721E+19
   36.8437500       6.93603337E+19
   36.9140625       6.87516177E+19
   36.9843750       6.81354733E+19
   37.0546875       6.75140030E+19
   37.1250000       6.68898190E+19
   37.1953125       6.62659473E+19
   37.2656250       6.56454797E+19
   37.3359375       6.50314113E+19
   37.4062500       6.44261257E+19
   37.4765625       6.38310041E+19
   37.5468750       6.32463805E+19
   37.6171875       6.26716570E+19
   37.6875000       6.21054569E+19
   37.7578125       6.15459902E+19
   37.8281250       6.09912954E+19
   37.8984375       6.04397803E+19
   37.9687500       5.98903324E+19
   38.0390625       5.93425645E+19
   38.1093750       5.87967185E+19
   38.1796875       5.82537841E+19
   38.2500000       5.77152169E+19
   38.3203125       5.71827190E+19
   38.3906250       5.66579749E+19
   38.4609375       5.61425371E+19
   38.5312500       5.56376149E+19
   38.6015625       5.51440002E+19
   38.6718750       5.46621194E+19
   38.7421875       5.41923157E+19
   38.8125000       5.37350332E+19
   38.8828125       5.32908745E+19
   38.9531250       5.28606312E+19
   39.0234375       5.24453369E+19
   39.0937500       5.20461306E+19
   39.1640625       5.16640503E+19
   39.2343750       5.12998480E+19
   39.3046875       5.09538317E+19
   39.3750000       5.06255659E+19
   39.4453125       5.03138236E+19
   39.5156250       5.00164497E+19
   39.5859375       4.97307042E+19
   39.6562500       4.94534558E+19
   39.7265625       4.91816037E+19
   39.7968750       4.89123641E+19
   39.8671875       4.86437666E+19
   39.9375000       4.83748085E+19
   40.0078125       4.81055117E+19
   40.0781250       4.78367471E+19
   40.1484375       4.75701155E+19
   40.2187500       4.73075081E+19
   40.2890625       4.70507282E+19
   40.3593750       4.68010775E+19
   40.4296875       4.65592245E+19
   40.5000000       4.63250065E+19
   40.5703125       4.60973900E+19
   40.6406250       4.58744750E+19
   40.7109375       4.56538602E+19
   40.7812500       4.54328452E+19
   40.8515625       4.52088615E+19
   40.9218750       4.49797585E+19
   40.9921875       4.47442826E+19
   41.0625000       4.45020822E+19
   41.1328125       4.42536014E+19
   41.2031250       4.39996230E+19
   41.2734375       4.37409079E+19
   41.3437500       4.34775705E+19
   41.4140625       4.32087663E+19
   41.4843750       4.29324238E+19
   41.5546875       4.26456228E+19
   41.6250000       4.23449767E+19
   41.6953125       4.20273058E+19
   41.7656250       4.16902044E+19
   41.8359375       4.13327004E+19
   41.9062500       4.09554799E+19
   41.9765625       4.05608960E+19
   42.0468750       4.01526517E+19
   42.1171875       3.97354794E+19
   42.1875000       3.93144588E+19
   42.2578125       3.88943926E+19
   42.3281250       3.84791291E+19
   42.3984375       3.80713114E+19
   42.4687500       3.76720919E+19
   42.5390625       3.72811803E+19
   42.6093750       3.68970066E+19
   42.6796875       3.65171275E+19
   42.7500000       3.61385195E+19
   42.8203125       3.57578905E+19
   42.8906250       3.53719004E+19
   42.9609375       3.49774528E+19
   43.0312500       3.45718122E+19
   43.1015625       3.41527311E+19
   43.1718750       3.37184944E+19
   43.2421875       3.32682136E+19
   43.3125000       3.28018623E+19
   43.3828125       3.23204939E+19
   43.4531250       3.18262173E+19
   43.5234375       3.13223419E+19
   43.5937500       3.08132592E+19
   43.6640625       3.03041655E+19
   43.7343750       2.98005254E+19
   43.8046875       2.93075902E+19
   43.8750000       2.88297380E+19
   43.9453125       2.83700344E+19
   44.0156250       2.79299659E+19
   44.0859375       2.75096996E+19
   44.1562500       2.71083800E+19
   44.2265625       2.67246944E+19
   44.2968750       2.63572465E+19
   44.3671875       2.60050025E+19
   44.4375000       2.56673161E+19
   44.5078125       2.53437958E+19
   44.5781250       2.50338171E+19
   44.6484375       2.47362628E+19
   44.7187500       2.44490198E+19
   44.7890625       2.41688599E+19
   44.8593750       2.27787341E+19
   44.9296875       2.26218976E+19
   45.0000000       2.24751414E+19
   45.0703125       2.23349668E+19
   45.1406250       2.21975059E+19
   45.2109375       2.20589366E+19
   45.2812500       2.19158066E+19
   45.3515625       2.17652791E+19
   45.4218750       2.16052627E+19
   45.4921875       2.14345328E+19
   45.5625000       2.12526560E+19
   45.6328125       2.10598632E+19
   45.7031250       2.08568868E+19
   45.7734375       2.06449075E+19
   45.8437500       2.04253636E+19
   45.9140625       2.01998538E+19
   45.9843750       1.99699261E+19
   46.0546875       1.97370540E+19
   46.1250000       1.95025017E+19
   46.1953125       1.92672986E+19
   46.2656250       1.90321834E+19
   46.3359375       1.87977368E+19
   46.4062500       1.85643852E+19
   46.4765625       1.83324905E+19
   46.5468750       1.81022946E+19
   46.6171875       1.78740052E+19
   46.6875000       1.76477345E+19
   46.7578125       1.74235067E+19
   46.8281250       1.72012734E+19
   46.8984375       1.69810522E+19
   46.9687500       1.59907166E+19
   47.0390625       1.58051454E+19
   47.1093750       1.56215929E+19
   47.1796875       1.54403065E+19
   47.2500000       1.52615875E+19
   47.3203125       1.50857228E+19
   47.3906250       1.49128675E+19
   47.4609375       1.47430150E+19
   47.5312500       1.45759200E+19
   47.6015625       1.44111076E+19
   47.6718750       1.42478950E+19
   47.7421875       1.40855565E+19
   47.8125000       1.39233664E+19
   47.8828125       1.37606310E+19
   47.9531250       1.35966191E+19
   48.0234375       1.34305873E+19
   48.0937500       1.32616715E+19
   48.1640625       1.30888899E+19
   48.2343750       1.29111428E+19
   48.3046875       1.27274155E+19
   48.3750000       1.25369438E+19
   48.4453125       1.23394518E+19
   48.5156250       1.21352637E+19
   48.5859375       1.19254164E+19
   48.6562500       1.17115306E+19
   48.7265625       1.14955854E+19
   48.7968750       1.12796094E+19
   48.8671875       1.10654927E+19
   48.9375000       1.08547592E+19
   49.0078125       1.06485128E+19
   49.0781250       1.04474166E+19
   49.1484375       1.02518783E+19
   49.2187500       1.00621664E+19
   49.2890625       9.87861170E+18
   49.3593750       9.70168378E+18
   49.4296875       9.53213909E+18
   49.5000000       9.37099907E+18
   49.5703125       8.40382136E+18
   49.6406250       8.34035150E+18
   49.7109375       8.28327860E+18
   49.7812500       8.23256473E+18
   49.8515625       8.18840669E+18
   49.9218750       8.15107002E+18
   49.9921875       8.12091097E+18
   50.0625000       8.09815438E+18
   50.1328125       8.08281839E+18
   50.2031250       8.07445001E+18
   50.2734375       8.07212179E+18
   50.3437500       8.07426089E+18
   50.4140625       8.07876724E+18
   50.4843750       8.08300531E+18
   50.5546875       8.08413121E+18
   50.6250000       8.07923893E+18
   50.6953125       8.06571494E+18
   50.7656250       8.04136845E+18
   50.8359375       8.00472063E+18
   50.9062500       7.95501720E+18
   50.9765625       7.89233240E+18
   51.0468750       7.81743037E+18
   51.1171875       7.73179161E+18
   51.1875000       7.63738479E+18
   51.2578125       7.53658266E+18
   51.3281250       7.43183604E+18
   51.3984375       7.32557484E+18
   51.4687500       7.21992111E+18
   51.5390625       7.11665278E+18
   51.6093750       7.01706012E+18
   51.6796875       6.92212059E+18
   51.7500000       6.83251039E+18
   51.8203125       6.74883536E+18
   51.8906250       6.67161446E+18
   51.9609375       6.60144197E+18
   52.0312500       6.53883468E+18
   52.1015625       6.48421204E+18
   52.1718750       5.50023710E+18
   52.2421875       5.48558776E+18
   52.3125000       5.47331611E+18
   52.3828125       5.46295376E+18
   52.4531250       5.45383826E+18
   52.5234375       5.44533738E+18
   52.5937500       5.43679033E+18
   52.6640625       5.42766548E+18
   52.7343750       5.41744332E+18
   52.8046875       5.40577970E+18
   52.8750000       5.39240524E+18
   52.9453125       5.37729136E+18
   53.0156250       5.36054085E+18
   53.0859375       5.34253689E+18
   53.1562500       5.32380891E+18
   53.2265625       5.30507488E+18
   53.2968750       5.28698077E+18
   53.3671875       5.27008018E+18
   53.4375000       5.25456882E+18
   53.5078125       5.24031420E+18
   53.5781250       5.22673853E+18
   53.6484375       5.21308040E+18
   53.7187500       5.19847558E+18
   53.7890625       5.18229462E+18
   53.8593750       5.16416642E+18
   53.9296875       5.14418610E+18
   54.0000000       5.12274232E+18
   54.0703125       5.10052339E+18
   54.1406250       5.07823024E+18
   54.2109375       5.05658251E+18
   54.2812500       5.03612060E+18
   54.3515625       5.01731070E+18
   54.4218750       5.00042990E+18
   54.4921875       4.98574482E+18
   54.5625000       4.97339621E+18
   54.6328125       4.96353799E+18
   54.7031250       4.95619710E+18
   54.7734375       4.95145600E+18
   54.8437500       4.94937793E+18
   54.9140625       4.95018332E+18
   54.9843750       4.95413276E+18
   55.0546875       4.96163693E+18
   55.1250000       4.97307075E+18
   55.1953125       4.98879707E+18
   55.2656250       5.00894067E+18
   55.3359375       5.03344658E+18
   55.4062500       5.06191624E+18
   55.4765625       5.09373995E+18
   55.5468750       5.12801173E+18
   55.6171875       5.16375466E+18
   55.6875000       5.19990000E+18
   55.7578125       5.23548624E+18
   55.8281250       5.26958485E+18
   55.8984375       5.30147453E+18
   55.9687500       5.33052968E+18
   56.0390625       5.35634016E+18
   56.1093750       5.37856954E+18
   56.1796875       5.39705288E+18
   56.2500000       5.41165055E+18
   56.3203125       5.42232845E+18
   56.3906250       5.42900689E+18
   56.4609375       5.43169299E+18
   56.5312500       5.43036259E+18
   56.6015625       5.42508108E+18
   56.6718750       5.41586388E+18
   56.7421875       5.40281707E+18
   56.8125000       5.38599894E+18
   56.8828125       5.36552658E+18
   56.9531250       5.34142364E+18
   57.0234375       5.31375553E+18
   57.0937500       5.28252720E+18
   57.1640625       5.24786565E+18
   57.2343750       5.20993030E+18
   57.3046875       5.16912082E+18
   57.3750000       5.12597379E+18
   57.4453125       5.08128469E+18
   57.5156250       5.03591444E+18
   57.5859375       4.99086085E+18
   57.6562500       4.94704256E+18
   57.7265625       4.90533479E+18
   57.7968750       4.86637249E+18
   57.8671875       4.83066420E+18
   57.9375000       4.79847105E+18
   58.0078125       4.76996457E+18
   58.0781250       4.74510681E+18
   58.1484375       4.72380377E+18
   58.2187500       4.70576738E+18
   58.2890625       4.69063370E+18
   58.3593750       4.67782879E+18
   58.4296875       4.66675231E+18
   58.5000000       4.65670497E+18
   58.5703125       4.64707655E+18
   58.6406250       4.63724032E+18
   58.7109375       4.62668611E+18
   58.7812500       4.61486196E+18
   58.8515625       4.60125743E+18
   58.9218750       4.58524359E+18
   58.9921875       4.56622616E+18
   59.0625000       4.54358034E+18
   59.1328125       4.51684270E+18
   59.2031250       4.48566962E+18
   59.2734375       4.45004544E+18
   59.3437500       4.41018952E+18
   59.4140625       4.36666810E+18
   59.4843750       4.32020521E+18
   59.5546875       4.27173709E+18
   59.6250000       4.22218732E+18
   59.6953125       4.17249709E+18
   59.7656250       4.12339758E+18
   59.8359375       4.07546492E+18
   59.9062500       4.02894431E+18
   59.9765625       3.98384784E+18
   60.0468750       3.93984016E+18
   60.1171875       3.89643914E+18
   60.1875000       3.85299606E+18
   60.2578125       3.80895319E+18
   60.3281250       3.76385288E+18
   60.3984375       3.71760000E+18
   60.4687500       3.67041528E+18
   60.5390625       3.62296531E+18
   60.6093750       3.57614947E+18
   60.6796875       2.68781115E+18
   60.7500000       2.66146603E+18
   60.8203125       2.63896590E+18
   60.8906250       2.62049685E+18
   60.9609375       2.60598824E+18
   61.0312500       2.59510665E+18
   61.1015625       2.58730946E+18
   61.1718750       2.58190811E+18
   61.2421875       2.57817582E+18
   61.3125000       2.57542264E+18
   61.3828125       2.57307821E+18
   61.4531250       2.57072581E+18
   61.5234375       2.56814800E+18
   61.5937500       2.56529752E+18
   61.6640625       2.56227276E+18
   61.7343750       2.55923536E+18
   61.8046875       2.55637828E+18
   61.8750000       2.55387332E+18
   61.9453125       2.55188815E+18
   62.0156250       2.55058633E+18
   62.0859375       2.55017731E+18
   62.1562500       2.55091178E+18
   62.2265625       2.55308936E+18
   62.2968750       2.55701215E+18
   62.3671875       2.56297672E+18
   62.4375000       2.57124093E+18
   62.5078125       2.58205105E+18
   62.5781250       2.59565448E+18
   62.6484375       2.61235112E+18
   62.7187500       2.63247520E+18
   62.7890625       2.65635989E+18
   62.8593750       2.68422097E+18
   62.9296875       2.71607794E+18
   63.0000000       2.75166226E+18
   63.0703125       2.79042115E+18
   63.1406250       2.83156460E+18
   63.2109375       2.87421520E+18
   63.2812500       2.91755053E+18
   63.3515625       2.96095925E+18
   63.4218750       3.00411508E+18
   63.4921875       3.04701665E+18
   63.5625000       3.08991382E+18
   63.6328125       3.13322441E+18
   63.7031250       3.17739976E+18
   63.7734375       3.22285605E+18
   63.8437500       3.26989975E+18
   63.9140625       3.31872467E+18
   63.9843750       3.36939346E+18
   64.0546875       3.42187700E+18
   64.1250000       3.47603784E+18
   64.1953125       3.53165554E+18
   64.2656250       3.58840243E+18
   64.3359375       3.64587583E+18
   64.4062500       3.70358837E+18
   64.4765625       3.76100377E+18
   64.5468750       3.81755220E+18
   64.6171875       3.87267979E+18
   64.6875000       3.92585849E+18
   64.7578125       3.97661717E+18
   64.8281250       4.02451080E+18
   64.8984375       4.06912816E+18
   64.9687500       4.11004511E+18
   65.0390625       4.14683229E+18
   65.1093750       4.17904056E+18
   65.1796875       4.20625183E+18
   65.2500000       4.22810050E+18
   65.3203125       4.24432077E+18
   65.3906250       4.25475788E+18
   65.4609375       4.25940497E+18
   65.5312500       4.25839424E+18
   65.6015625       4.25199536E+18
   65.6718750       4.24058160E+18
   65.7421875       4.22461779E+18
   65.8125000       4.20460531E+18
   65.8828125       4.18103975E+18
   65.9531250       4.15434746E+18
   66.0234375       4.12485443E+18
   66.0937500       4.09272945E+18
   66.1640625       4.05797938E+18
   66.2343750       4.02044673E+18
   66.3046875       3.97989427E+18
   66.3750000       3.93606059E+18
   66.4453125       3.88876262E+18
   66.5156250       3.83793825E+18
   66.5859375       3.78370868E+18
   66.6562500       3.72637437E+18
   66.7265625       3.66641855E+18
   66.7968750       3.60446602E+18
   66.8671875       3.54128589E+18
   66.9375000       3.47775913E+18
   67.0078125       3.41487778E+18
   67.0781250       3.35370673E+18
   67.1484375       3.29537571E+18
   67.2187500       3.24100431E+18
   67.2890625       3.19166510E+18
   67.3593750       3.14829267E+18
   67.4296875       3.11165282E+18
   67.5000000       3.08227551E+18
   67.5703125       3.06042794E+18
   67.6406250       3.04607409E+18
   67.7109375       3.03889786E+18
   67.7812500       3.03832941E+18
   67.8515625       3.04363015E+18
   67.9218750       3.05396446E+18
   67.9921875       3.06850496E+18
   68.0625000       3.08647345E+18
   68.1328125       3.10718028E+18
   68.2031250       3.13000476E+18
   68.2734375       3.15439743E+18
   68.3437500       3.17982254E+18
   68.4140625       3.20574600E+18
   68.4843750       3.23159497E+18
   68.5546875       3.25680072E+18
   68.6250000       3.28081433E+18
   68.6953125       3.30316575E+18
   68.7656250       3.32348060E+18
   68.8359375       3.34150847E+18
   68.9062500       3.35709350E+18
   68.9765625       3.37016807E+18
   69.0468750       3.38072063E+18
   69.1171875       3.38881936E+18
   69.1875000       3.39459866E+18
   69.2578125       3.39825784E+18
   69.3281250       3.40001403E+18
   69.3984375       3.40007781E+18
   69.4687500       3.39859676E+18
   69.5390625       3.39565749E+18
   69.6093750       3.39128309E+18
   69.6796875       3.38550845E+18
   69.7500000       3.37842705E+18
   69.8203125       3.37026950E+18
   69.8906250       3.36142640E+18
   69.9609375       3.35248572E+18
   70.0312500       3.34419293E+18
   70.1015625       3.33740042E+18
   70.1718750       3.33295345E+18
   70.2421875       3.33159198E+18
   70.3125000       3.33382646E+18
   70.3828125       3.33986113E+18
   70.4531250       3.34955250E+18
   70.5234375       3.36244867E+18
   70.5937500       3.37785420E+18
   70.6640625       3.39493704E+18
   70.7343750       3.41281400E+18
   70.8046875       3.43066924E+18
   70.8750000       3.44779716E+18
   70.9453125       3.46367163E+18
   71.0156250       3.47794797E+18
   71.0859375       3.49050494E+18
   71.1562500       3.50142392E+18
   71.2265625       3.51097317E+18
   71.2968750       3.51953397E+18
   71.3671875       3.52754062E+18
   71.4375000       3.53538096E+18
   71.5078125       3.54334829E+18
   71.5781250       3.55160040E+18
   71.6484375       3.56019666E+18
   71.7187500       3.56912085E+18
   71.7890625       3.57833146E+18
   71.8593750       3.58775372E+18
   71.9296875       3.59729116E+18
   72.0000000       3.60677032E+18
   72.0703125       3.61593145E+18
   72.1406250       3.62440979E+18
   72.2109375       3.63181582E+18
   72.2812500       3.63780047E+18
   72.3515625       3.64217625E+18
   72.4218750       3.64498605E+18
   72.4921875       3.64657127E+18
   72.5625000       3.64755258E+18
   72.6328125       3.64879036E+18
   72.7031250       3.65127636E+18
   72.7734375       3.65603862E+18
   72.8437500       3.66398121E+18
   72.9140625       3.67577018E+18
   72.9843750       3.69169605E+18
   73.0546875       3.71162827E+18
   73.1250000       3.73496651E+18
   73.1953125       3.76067776E+18
   73.2656250       3.78734367E+18
   73.3359375       3.81331001E+18
   73.4062500       3.83683131E+18
   73.4765625       3.85627508E+18
   73.5468750       3.87027461E+18
   73.6171875       3.87788103E+18
   73.6875000       3.87860231E+18
   73.7578125       3.87239639E+18
   73.8281250       3.85957279E+18
   73.8984375       3.84069527E+18
   73.9687500       3.81643345E+18
   74.0390625       3.78745912E+18
   74.1093750       3.75433386E+18
   74.1796875       3.71747823E+18
   74.2500000       3.67714402E+18
   74.3203125       3.63345135E+18
   74.3906250       3.58642029E+18
   74.4609375       3.53605908E+18
   74.5312500       3.48240264E+18
   74.6015625       3.42557191E+18
   74.6718750       3.36578184E+18
   74.7421875       3.30336724E+18
   74.8125000       3.23875279E+18
   74.8828125       3.17242887E+18
   74.9531250       3.10490044E+18
   75.0234375       3.03665540E+18
   75.0937500       2.96810718E+18
   75.1640625       2.89956719E+18
   75.2343750       2.83122540E+18
   75.3046875       2.76320659E+18
   75.3750000       2.69562455E+18
   75.4453125       2.62868464E+18
   75.5156250       2.56273758E+18
   75.5859375       2.49834825E+18
   75.6562500       2.43627752E+18
   75.7265625       2.37745310E+18
   75.7968750       2.32287582E+18
   75.8671875       2.27354458E+18
   75.9375000       2.23034010E+18
   76.0078125       2.19394131E+18
   76.0781250       2.16472935E+18
   76.1484375       2.14275822E+18
   76.2187500       2.12772006E+18
   76.2890625       2.11897551E+18
   76.3593750       2.11558901E+18
   76.4296875       2.11644801E+18
   76.5000000       2.12037271E+18
   76.5703125       2.12628177E+18
   76.6406250       2.13331946E+18
   76.7109375       2.14098540E+18
   76.7812500       2.14917195E+18
   76.8515625       1.25838790E+18
   76.9218750       1.28208141E+18
   76.9921875       1.30703524E+18
   77.0625000       1.33281755E+18
   77.1328125       1.35901231E+18
   77.2031250       1.38525175E+18
   77.2734375       1.41119761E+18
   77.3437500       1.43656348E+18
   77.4140625       1.46108589E+18
   77.4843750       1.48454081E+18
   77.5546875       1.50671686E+18
   77.6250000       1.52742671E+18
   77.6953125       1.54647781E+18
   77.7656250       1.56370015E+18
   77.8359375       1.57892550E+18
   77.9062500       1.59201807E+18
   77.9765625       1.60284867E+18
   78.0468750       1.61132577E+18
   78.1171875       1.61737322E+18
   78.1875000       1.62095694E+18
   78.2578125       1.62205535E+18
   78.3281250       1.62069182E+18
   78.3984375       1.61691417E+18
   78.4687500       1.61082288E+18
   78.5390625       1.60254796E+18
   78.6093750       1.59228044E+18
   78.6796875       1.58024945E+18
   78.7500000       1.56674305E+18
   78.8203125       1.55206924E+18
   78.8906250       1.53657245E+18
   78.9609375       1.52058692E+18
   79.0312500       1.50443826E+18
   79.1015625       1.48838745E+18
   79.1718750       1.47263516E+18
   79.2421875       1.45728790E+18
   79.3125000       1.44237962E+18
   79.3828125       1.42785288E+18
   79.4531250       1.41361200E+18
   79.5234375       1.39953028E+18
   79.5937500       1.38550202E+18
   79.6640625       1.37143556E+18
   79.7343750       1.35729378E+18
   79.8046875       1.34307352E+18
   79.8750000       1.32881588E+18
   79.9453125       1.31456153E+18
   80.0156250       1.30035571E+18
   80.0859375       1.28621255E+18
   80.1562500       1.27213921E+18
   80.2265625       1.25811618E+18
   80.2968750       1.24414881E+18
   80.3671875       1.23026885E+18
   80.4375000       1.21658323E+18
   80.5078125       1.20325399E+18
   80.5781250       1.19052137E+18
   80.6484375       1.17866561E+18
   80.7187500       1.16800557E+18
   80.7890625       1.15884897E+18
   80.8593750       1.15150052E+18
   80.9296875       1.14622837E+18
   81.0000000       1.14328408E+18
   81.0703125       1.14286956E+18
   81.1406250       1.14516218E+18
   81.2109375       1.15028233E+18
   81.2812500       1.15830966E+18
   81.3515625       1.16924169E+18
   81.4218750       1.18301528E+18
   81.4921875       1.19948115E+18
   81.5625000       1.21842903E+18
   81.6328125       1.23956371E+18
   81.7031250       1.26254185E+18
   81.7734375       1.28696365E+18
   81.8437500       1.31241529E+18
   81.9140625       1.33846615E+18
   81.9843750       1.36472387E+18
   82.0546875       1.39083356E+18
   82.1250000       1.41650894E+18
   82.1953125       1.44150056E+18
   82.2656250       1.46560612E+18
   82.3359375       1.48862728E+18
   82.4062500       1.51037878E+18
   82.4765625       1.53064498E+18
   82.5468750       1.54920254E+18
   82.6171875       1.56579266E+18
   82.6875000       1.58014568E+18
   82.7578125       1.59195842E+18
   82.8281250       1.60093167E+18
   82.8984375       1.60676541E+18
   82.9687500       1.60920577E+18
   83.0390625       1.60803424E+18
   83.1093750       1.60311544E+18
   83.1796875       1.59438917E+18
   83.2500000       1.58190751E+18
   83.3203125       1.56581547E+18
   83.3906250       1.54638147E+18
   83.4609375       1.52396311E+18
   83.5312500       1.49901492E+18
   83.6015625       1.47203057E+18
   83.6718750       1.44354538E+18
   83.7421875       1.41408891E+18
   83.8125000       1.38418385E+18
   83.8828125       1.35429555E+18
   83.9531250       1.32484128E+18
   84.0234375       1.29615378E+18
   84.0937500       1.26849571E+18
   84.1640625       1.24202648E+18
   84.2343750       1.21683268E+18
   84.3046875       1.19290992E+18
   84.3750000       1.17019813E+18
   84.4453125       1.14856194E+18
   84.5156250       1.12783518E+18
   84.5859375       1.10781067E+18
   84.6562500       1.08827586E+18
   84.7265625       1.06898877E+18
   84.7968750       1.04971385E+18
   84.8671875       1.03020728E+18
   84.9375000       1.01025382E+18
   85.0078125       9.89646983E+17
   85.0781250       9.68221624E+17
   85.1484375       9.45830001E+17
   85.2187500       9.22359620E+17
   85.2890625       8.97694207E+17
   85.3593750       8.71733569E+17
   85.4296875       8.44370985E+17
   85.5000000       8.15528596E+17
   85.5703125       0.00000000    
   85.6406250       0.00000000    
   85.7109375       0.00000000    
   85.7812500       0.00000000    
   85.8515625       0.00000000    
   85.9218750       0.00000000    
