1996 02 17 05 59 30.0 -0.890 136.950
12. 1.983E+21 8.132 84 13 43 311 81 100
  -1.12500000       0.00000000    
  -1.05468750       0.00000000    
 -0.984375000       0.00000000    
 -0.914062500       0.00000000    
 -0.843750000       0.00000000    
 -0.773437500       0.00000000    
 -0.703125000       0.00000000    
 -0.632812500       0.00000000    
 -0.562500000       0.00000000    
 -0.492187500       0.00000000    
 -0.421875000       0.00000000    
 -0.351562500       0.00000000    
 -0.281250000       0.00000000    
 -0.210937500       0.00000000    
 -0.140625000       0.00000000    
  -7.03125000E-02   0.00000000    
   0.00000000       0.00000000    
   7.03125000E-02   4.54167874E+18
  0.140625000       4.54919390E+18
  0.210937500       4.56681055E+18
  0.281250000       4.59797676E+18
  0.351562500       4.64613812E+18
  0.421875000       4.71456347E+18
  0.492187500       4.80619897E+18
  0.562500000       4.92355260E+18
  0.632812500       5.06871947E+18
  0.703125000       5.24329992E+18
  0.773437500       5.44827198E+18
  0.843750000       5.68386599E+18
  0.914062500       5.94943818E+18
  0.984375000       6.24332664E+18
   1.05468750       6.56276116E+18
   1.12500000       6.90394951E+18
   1.19531250       7.26235347E+18
   1.26562500       7.63297740E+18
   1.33593750       8.01072781E+18
   1.40625000       8.39075256E+18
   1.47656250       8.76885152E+18
   1.54687500       9.14168877E+18
   1.61718750       9.50694158E+18
   1.68750000       9.86334498E+18
   1.75781250       1.02107687E+19
   1.82812500       1.05500922E+19
   1.89843750       1.08829870E+19
   1.96875000       1.12116299E+19
   2.03906250       1.15384476E+19
   2.10937500       1.18657690E+19
   2.17968750       1.21955059E+19
   2.25000000       1.25288767E+19
   2.32031250       1.28662850E+19
   2.39062500       1.32071270E+19
   2.46093750       1.35497458E+19
   2.53125000       1.38914058E+19
   2.60156250       1.42285634E+19
   2.67187500       1.45570392E+19
   2.74218750       1.48723098E+19
   2.81250000       1.51697794E+19
   2.88281250       1.54452214E+19
   2.95312500       1.56950678E+19
   3.02343750       1.59166249E+19
   3.09375000       1.61082005E+19
   3.16406250       1.62692075E+19
   3.23437500       1.64001263E+19
   3.30468750       1.65023919E+19
   3.37500000       1.65782197E+19
   3.44531250       1.66305026E+19
   3.51562500       1.66625896E+19
   3.58593750       1.66780873E+19
   3.65625000       1.66806326E+19
   3.72656250       1.66738058E+19
   3.79687500       1.66609437E+19
   3.86718750       1.66449645E+19
   3.93750000       1.66281991E+19
   4.00781250       1.66123947E+19
   4.07812500       1.65987113E+19
   4.14843750       1.65877712E+19
   4.21875000       1.65797502E+19
   4.28906250       1.65745737E+19
   4.35937500       1.65720603E+19
   4.42968750       1.65720317E+19
   4.50000000       1.65744187E+19
   4.57031250       1.65793577E+19
   4.64062500       1.65871972E+19
   4.71093750       1.65984320E+19
   4.78125000       1.66135866E+19
   4.85156250       1.66332085E+19
   4.92187500       1.66577364E+19
   4.99218750       1.66873979E+19
   5.06250000       1.67220886E+19
   5.13281250       1.67614478E+19
   5.20312500       1.68049346E+19
   5.27343750       1.68518519E+19
   5.34375000       1.69014498E+19
   5.41406250       1.69530069E+19
   5.48437500       1.70058627E+19
   5.55468750       1.70593781E+19
   5.62500000       1.71128671E+19
   5.69531250       1.71655711E+19
   5.76562500       1.72165885E+19
   5.83593750       1.72647614E+19
   5.90625000       1.73086319E+19
   5.97656250       1.73465211E+19
   6.04687500       1.73766081E+19
   6.11718750       1.73970370E+19
   6.18750000       1.74060761E+19
   6.25781250       1.74024202E+19
   6.32812500       1.73854086E+19
   6.39843750       1.73551841E+19
   6.46875000       1.73127716E+19
   6.53906250       1.72600390E+19
   6.60937500       1.71995779E+19
   6.67968750       1.71344011E+19
   6.75000000       1.70676277E+19
   6.82031250       1.70022409E+19
   6.89062500       1.69407617E+19
   6.96093750       1.68850175E+19
   7.03125000       1.68359771E+19
   7.10156250       1.67937922E+19
   7.17187500       1.67578689E+19
   7.24218750       1.67269715E+19
   7.31250000       1.66994156E+19
   7.38281250       1.66733627E+19
   7.45312500       1.66470854E+19
   7.52343750       1.66191589E+19
   7.59375000       1.65886101E+19
   7.66406250       1.65550475E+19
   7.73437500       1.65186845E+19
   7.80468750       1.64802818E+19
   7.87500000       1.64410128E+19
   7.94531250       1.64023979E+19
   8.01562500       1.63661151E+19
   8.08593750       1.63338489E+19
   8.15625000       1.63071637E+19
   8.22656250       1.62874781E+19
   8.29687500       1.62760662E+19
   8.36718750       1.62739816E+19
   8.43750000       1.62819981E+19
   8.50781250       1.63006370E+19
   8.57812500       1.63301017E+19
   8.64843750       1.63701987E+19
   8.71875000       1.64202782E+19
   8.78906250       1.64792802E+19
   8.85937500       1.65457720E+19
   8.92968750       1.66180055E+19
   9.00000000       1.66940258E+19
   9.07031250       1.67718448E+19
   9.14062500       1.68495374E+19
   9.21093750       1.69253454E+19
   9.28125000       1.69977175E+19
   9.35156250       1.70654331E+19
   9.42187500       1.71276633E+19
   9.49218750       1.71839220E+19
   9.56250000       1.72340377E+19
   9.63281250       1.72781633E+19
   9.70312500       1.73167529E+19
   9.77343750       1.73505277E+19
   9.84375000       1.73804729E+19
   9.91406250       1.74078672E+19
   9.98437500       1.74342687E+19
   10.0546875       1.74614024E+19
   10.1250000       1.74910343E+19
   10.1953125       1.75248629E+19
   10.2656250       1.75642749E+19
   10.3359375       1.76101411E+19
   10.4062500       1.76626098E+19
   10.4765625       1.77210862E+19
   10.5468750       1.77842114E+19
   10.6171875       1.78499160E+19
   10.6875000       1.79155106E+19
   10.7578125       1.79779541E+19
   10.8281250       1.80340908E+19
   10.8984375       1.80808805E+19
   10.9687500       1.81156217E+19
   11.0390625       1.81361859E+19
   11.1093750       1.81411392E+19
   11.1796875       1.81297373E+19
   11.2500000       1.81018460E+19
   11.3203125       1.80578424E+19
   11.3906250       1.79984050E+19
   11.4609375       1.79243067E+19
   11.5312500       1.78362424E+19
   11.6015625       1.77348279E+19
   11.6718750       1.76205666E+19
   11.7421875       1.74938655E+19
   11.8125000       1.73550907E+19
   11.8828125       1.72047665E+19
   11.9531250       1.70437365E+19
   12.0234375       1.68732627E+19
   12.0937500       1.66950659E+19
   12.1640625       1.65113661E+19
   12.2343750       1.63247878E+19
   12.3046875       1.61382227E+19
   12.3750000       1.59546823E+19
   12.4453125       1.57772255E+19
   12.5156250       1.56088386E+19
   12.5859375       1.54523880E+19
   12.6562500       1.53105829E+19
   12.7265625       1.51860808E+19
   12.7968750       1.50815689E+19
   12.8671875       1.49997520E+19
   12.9375000       1.49433548E+19
   13.0078125       1.49151446E+19
   13.0781250       1.49178670E+19
   13.1484375       1.49541036E+19
   13.2187500       1.50261304E+19
   13.2890625       1.51358573E+19
   13.3593750       1.52847323E+19
   13.4296875       1.54736712E+19
   13.5000000       1.57029997E+19
   13.5703125       1.59725306E+19
   13.6406250       1.62815165E+19
   13.7109375       1.66286565E+19
   13.7812500       1.70120331E+19
   13.8515625       1.74292692E+19
   13.9218750       1.78774642E+19
   13.9921875       1.83531404E+19
   14.0625000       1.88521318E+19
   14.1328125       1.93696895E+19
   14.2031250       1.99005711E+19
   14.2734375       2.04391977E+19
   14.3437500       2.09799177E+19
   14.4140625       2.15174074E+19
   14.4843750       2.20469696E+19
   14.5546875       2.25648395E+19
   14.6250000       2.30682685E+19
   14.6953125       2.35557260E+19
   14.7656250       2.40266578E+19
   14.8359375       2.44812795E+19
   14.9062500       2.49201056E+19
   14.9765625       2.53437100E+19
   15.0468750       2.57523215E+19
   15.1171875       2.61455839E+19
   15.1875000       2.65222787E+19
   15.2578125       2.68804645E+19
   15.3281250       2.72175813E+19
   15.3984375       2.75306497E+19
   15.4687500       2.78164743E+19
   15.5390625       2.80719502E+19
   15.6093750       2.82941967E+19
   15.6796875       2.84806387E+19
   15.7500000       2.86289518E+19
   15.8203125       2.87370800E+19
   15.8906250       2.88031365E+19
   15.9609375       2.88253708E+19
   16.0312500       2.88021249E+19
   16.1015625       2.87321080E+19
   16.1718750       2.86145372E+19
   16.2421875       2.84492696E+19
   16.3125000       2.82368044E+19
   16.3828125       2.79783378E+19
   16.4531250       2.76756730E+19
   16.5234375       2.73310487E+19
   16.5937500       2.69469035E+19
   16.6640625       2.65258082E+19
   16.7343750       2.60703905E+19
   16.8046875       2.55833376E+19
   16.8750000       2.50674050E+19
   16.9453125       2.45255766E+19
   17.0156250       2.39611291E+19
   17.0859375       2.33777107E+19
   17.1562500       2.27794224E+19
   17.2265625       2.21709131E+19
   17.2968750       2.15575307E+19
   17.3671875       2.09452105E+19
   17.4375000       2.03403714E+19
   17.5078125       1.97497841E+19
   17.5781250       1.91803492E+19
   17.6484375       1.86388815E+19
   17.7187500       1.81319858E+19
   17.7890625       1.76661480E+19
   17.8593750       1.72479015E+19
   17.9296875       1.68840302E+19
   18.0000000       1.65817008E+19
   18.0703125       1.63485416E+19
   18.1406250       1.61923186E+19
   18.2109375       1.61204282E+19
   18.2812500       1.61391407E+19
   18.3515625       1.62530534E+19
   18.4218750       1.64644686E+19
   18.4921875       1.67730950E+19
   18.5625000       1.71760242E+19
   18.6328125       1.76682327E+19
   18.7031250       1.82431123E+19
   18.7734375       1.88930732E+19
   18.8437500       1.96100538E+19
   18.9140625       2.03860077E+19
   18.9843750       2.12131065E+19
   19.0546875       2.20838208E+19
   19.1250000       2.29908013E+19
   19.1953125       2.39269233E+19
   19.2656250       2.48850202E+19
   19.3359375       2.58578153E+19
   19.4062500       2.68377462E+19
   19.4765625       2.78172616E+19
   19.5468750       2.87889989E+19
   19.6171875       2.97461436E+19
   19.6875000       3.06827384E+19
   19.7578125       3.15941830E+19
   19.8281250       3.24774954E+19
   19.8984375       3.33313761E+19
   19.9687500       3.41560077E+19
   20.0390625       3.49528809E+19
   20.1093750       3.57243357E+19
   20.1796875       3.64731119E+19
   20.2500000       3.72018000E+19
   20.3203125       3.79127178E+19
   20.3906250       3.86075652E+19
   20.4609375       3.92873713E+19
   20.5312500       3.99524658E+19
   20.6015625       4.06028446E+19
   20.6718750       4.12384107E+19
   20.7421875       4.18593093E+19
   20.8125000       4.24659802E+19
   20.8828125       4.30595010E+19
   20.9531250       4.36415604E+19
   21.0234375       4.42143356E+19
   21.0937500       4.47800300E+19
   21.1640625       4.53405390E+19
   21.2343750       4.58970238E+19
   21.3046875       4.64495636E+19
   21.3750000       4.69969665E+19
   21.4453125       4.75369850E+19
   21.5156250       4.80665186E+19
   21.5859375       4.85819828E+19
   21.6562500       4.90794811E+19
   21.7265625       4.95552310E+19
   21.7968750       5.00057009E+19
   21.8671875       5.04277066E+19
   21.9375000       5.08183279E+19
   22.0078125       5.11752030E+19
   22.0781250       5.14966079E+19
   22.1484375       5.17817728E+19
   22.2187500       5.20309881E+19
   22.2890625       5.22458679E+19
   22.3593750       5.24295039E+19
   22.4296875       5.25864042E+19
   22.5000000       5.27222511E+19
   22.5703125       5.28437295E+19
   22.6406250       5.29581271E+19
   22.7109375       5.30727842E+19
   22.7812500       5.31944561E+19
   22.8515625       5.33291111E+19
   22.9218750       5.34815650E+19
   22.9921875       5.36554022E+19
   23.0625000       5.38528437E+19
   23.1328125       5.40752441E+19
   23.2031250       5.43234786E+19
   23.2734375       5.45984269E+19
   23.3437500       5.49011752E+19
   23.4140625       5.52331838E+19
   23.4843750       5.55960270E+19
   23.5546875       5.59910419E+19
   23.6250000       5.64185101E+19
   23.6953125       5.68774286E+19
   23.7656250       5.73650928E+19
   23.8359375       5.78772629E+19
   23.9062500       5.84082831E+19
   23.9765625       5.89519300E+19
   24.0468750       5.95020641E+19
   24.1171875       6.00533284E+19
   24.1875000       6.06013646E+19
   24.2578125       6.11432347E+19
   24.3281250       6.16773291E+19
   24.3984375       6.22032563E+19
   24.4687500       6.27214473E+19
   24.5390625       6.32330149E+19
   24.6093750       6.37394631E+19
   24.6796875       6.42424985E+19
   24.7500000       6.47437570E+19
   24.8203125       6.52449672E+19
   24.8906250       6.57477959E+19
   24.9609375       6.62540550E+19
   25.0312500       6.67655170E+19
   25.1015625       6.72842182E+19
   25.1718750       6.78124456E+19
   25.2421875       6.83526621E+19
   25.3125000       6.89070710E+19
   25.3828125       6.94775636E+19
   25.4531250       7.00653625E+19
   25.5234375       7.06707800E+19
   25.5937500       7.12927913E+19
   25.6640625       7.19290128E+19
   25.7343750       7.25756531E+19
   25.8046875       7.32277031E+19
   25.8750000       7.38789570E+19
   25.9453125       7.45225496E+19
   26.0156250       7.51511536E+19
   26.0859375       7.57573715E+19
   26.1562500       7.63338498E+19
   26.2265625       7.68736925E+19
   26.2968750       7.73707597E+19
   26.3671875       7.78197826E+19
   26.4375000       7.82163193E+19
   26.5078125       7.85569304E+19
   26.5781250       7.88391619E+19
   26.6484375       7.90616854E+19
   26.7187500       7.92241229E+19
   26.7890625       7.93271075E+19
   26.8593750       7.93722931E+19
   26.9296875       7.93622567E+19
   27.0000000       7.93001827E+19
   27.0703125       7.91898533E+19
   27.1406250       7.90353587E+19
   27.2109375       7.88410266E+19
   27.2812500       7.86110176E+19
   27.3515625       7.83496065E+19
   27.4218750       7.80614113E+19
   27.4921875       7.77516217E+19
   27.5625000       7.74261839E+19
   27.6328125       7.70919411E+19
   27.7031250       7.67568364E+19
   27.7734375       7.64296305E+19
   27.8437500       7.61194275E+19
   27.9140625       7.58351202E+19
   27.9843750       7.55847834E+19
   28.0546875       7.53751549E+19
   28.1250000       7.52110198E+19
   28.1953125       7.50951928E+19
   28.2656250       7.50284920E+19
   28.3359375       7.50100466E+19
   28.4062500       7.50374553E+19
   28.4765625       7.51073226E+19
   28.5468750       7.52156905E+19
   28.6171875       7.53585039E+19
   28.6875000       7.55316198E+19
   28.7578125       7.57310096E+19
   28.8281250       7.59528207E+19
   28.8984375       7.61933938E+19
   28.9687500       7.64490259E+19
   29.0390625       7.67162072E+19
   29.1093750       7.69916217E+19
   29.1796875       7.72724985E+19
   29.2500000       7.75567355E+19
   29.3203125       7.78432594E+19
   29.3906250       7.81321583E+19
   29.4609375       7.84246812E+19
   29.5312500       7.87228951E+19
   29.6015625       7.90294389E+19
   29.6718750       7.93472330E+19
   29.7421875       7.96792239E+19
   29.8125000       8.00279450E+19
   29.8828125       8.03955250E+19
   29.9531250       8.07837669E+19
   30.0234375       8.11943509E+19
   30.0937500       8.16287724E+19
   30.1640625       8.20886057E+19
   30.2343750       8.25754079E+19
   30.3046875       8.30908326E+19
   30.3750000       8.36362607E+19
   30.4453125       8.42129590E+19
   30.5156250       8.48220268E+19
   30.5859375       8.54643791E+19
   30.6562500       8.61404556E+19
   30.7265625       8.68501332E+19
   30.7968750       8.75925235E+19
   30.8671875       8.83656473E+19
   30.9375000       8.91658190E+19
   31.0078125       8.99876028E+19
   31.0781250       9.08236715E+19
   31.1484375       9.16650618E+19
   31.2187500       9.25013855E+19
   31.2890625       9.33213925E+19
   31.3593750       9.41135422E+19
   31.4296875       9.48665845E+19
   31.5000000       9.55699113E+19
   31.5703125       9.62140404E+19
   31.6406250       9.67908002E+19
   31.7109375       9.72938048E+19
   31.7812500       9.77182955E+19
   31.8515625       9.80612815E+19
   31.9218750       9.83216635E+19
   31.9921875       9.84998195E+19
   32.0625000       9.85972187E+19
   32.1328125       9.86156113E+19
   32.2031250       9.85569062E+19
   32.2734375       9.84226954E+19
   32.3437500       9.82140609E+19
   32.4140625       9.79317415E+19
   32.4843750       9.75764497E+19
   32.5546875       9.71493994E+19
   32.6250000       9.66526928E+19
   32.6953125       9.60898044E+19
   32.7656250       9.54659503E+19
   32.8359375       9.47880178E+19
   32.9062500       9.40643105E+19
   32.9765625       9.33039146E+19
   33.0468750       9.25164180E+19
   33.1171875       9.17112764E+19
   33.1875000       9.08972420E+19
   33.2578125       9.00820553E+19
   33.3281250       8.92724013E+19
   33.3984375       8.84740679E+19
   33.4687500       8.76919633E+19
   33.5390625       8.69303448E+19
   33.6093750       8.61929331E+19
   33.6796875       8.54830268E+19
   33.7500000       8.48031592E+19
   33.8203125       8.41550191E+19
   33.8906250       8.35392398E+19
   33.9609375       8.29552232E+19
   34.0312500       8.24010254E+19
   34.1015625       8.18733653E+19
   34.1718750       8.13681705E+19
   34.2421875       8.08810517E+19
   34.3125000       8.04077603E+19
   34.3828125       7.99446284E+19
   34.4531250       7.94892635E+19
   34.5234375       7.90406628E+19
   34.5937500       7.85993100E+19
   34.6640625       7.81667181E+19
   34.7343750       7.77451478E+19
   34.8046875       7.73369211E+19
   34.8750000       7.69439381E+19
   34.9453125       7.65671574E+19
   35.0156250       7.62067287E+19
   35.0859375       7.58621769E+19
   35.1562500       7.55328424E+19
   35.2265625       7.52182238E+19
   35.2968750       7.49187872E+19
   35.3671875       7.46360544E+19
   35.4375000       7.43724003E+19
   35.5078125       7.41304285E+19
   35.5781250       7.39123910E+19
   35.6484375       7.37193519E+19
   35.7187500       7.35506561E+19
   35.7890625       7.34036689E+19
   35.8593750       7.32740673E+19
   35.9296875       7.31562129E+19
   36.0000000       7.30437768E+19
   36.0703125       7.29302280E+19
   36.1406250       7.28094357E+19
   36.2109375       7.26758098E+19
   36.2812500       7.25243015E+19
   36.3515625       7.23500817E+19
   36.4218750       7.21485720E+19
   36.4921875       7.19152513E+19
   36.5625000       7.16453783E+19
   36.6328125       7.13337284E+19
   36.7031250       7.09747642E+19
   36.7734375       7.05627508E+19
   36.8437500       7.00920587E+19
   36.9140625       6.95575025E+19
   36.9843750       6.89550889E+19
   37.0546875       6.82826803E+19
   37.1250000       6.75404704E+19
   37.1953125       6.67312870E+19
   37.2656250       6.58608477E+19
   37.3359375       6.49373898E+19
   37.4062500       6.39710598E+19
   37.4765625       6.29728572E+19
   37.5468750       6.19540366E+19
   37.6171875       6.09251048E+19
   37.6875000       5.98954649E+19
   37.7578125       5.88728267E+19
   37.8281250       5.78636994E+19
   37.8984375       5.68735716E+19
   37.9687500       5.59075011E+19
   38.0390625       5.49703213E+19
   38.1093750       5.40670593E+19
   38.1796875       5.32028916E+19
   38.2500000       5.23829682E+19
   38.3203125       5.16119862E+19
   38.3906250       5.08941327E+19
   38.4609375       5.02327148E+19
   38.5312500       4.96302660E+19
   38.6015625       4.90883607E+19
   38.6718750       4.86081864E+19
   38.7421875       4.81906095E+19
   38.8125000       4.78363336E+19
   38.8828125       4.75455172E+19
   38.9531250       4.73176852E+19
   39.0234375       4.71511444E+19
   39.0937500       4.70426314E+19
   39.1640625       4.69867718E+19
   39.2343750       4.69761285E+19
   39.3046875       4.70012238E+19
   39.3750000       4.70509877E+19
   39.4453125       4.71132156E+19
   39.5156250       4.71754656E+19
   39.5859375       4.72257968E+19
   39.6562500       4.72535837E+19
   39.7265625       4.72498981E+19
   39.7968750       4.72082706E+19
   39.8671875       4.71247781E+19
   39.9375000       4.69981715E+19
   40.0078125       4.68294009E+19
   40.0781250       4.66213953E+19
   40.1484375       4.63783109E+19
   40.2187500       4.61050470E+19
   40.2890625       4.58064856E+19
   40.3593750       4.54873678E+19
   40.4296875       4.51520651E+19
   40.5000000       4.48047998E+19
   40.5703125       4.44496135E+19
   40.6406250       4.40907593E+19
   40.7109375       4.37325736E+19
   40.7812500       4.33793753E+19
   40.8515625       4.30348807E+19
   40.9218750       4.27021025E+19
   40.9921875       4.23828395E+19
   41.0625000       4.20776283E+19
   41.1328125       4.17853869E+19
   41.2031250       4.15038240E+19
   41.2734375       4.12295750E+19
   41.3437500       4.09587389E+19
   41.4140625       4.06870671E+19
   41.4843750       4.04105180E+19
   41.5546875       4.01254586E+19
   41.6250000       3.98289159E+19
   41.6953125       3.95185458E+19
   41.7656250       3.91928968E+19
   41.8359375       3.88512873E+19
   41.9062500       3.84939549E+19
   41.9765625       3.81217438E+19
   42.0468750       3.77363034E+19
   42.1171875       3.73398503E+19
   42.1875000       3.69350805E+19
   42.2578125       3.65247361E+19
   42.3281250       3.61115661E+19
   42.3984375       3.56979298E+19
   42.4687500       3.52857603E+19
   42.5390625       3.48761878E+19
   42.6093750       3.44696763E+19
   42.6796875       3.40659489E+19
   42.7500000       3.36642445E+19
   42.8203125       3.32633186E+19
   42.8906250       3.28620298E+19
   42.9609375       3.24594788E+19
   43.0312500       3.20554962E+19
   43.1015625       3.16506099E+19
   43.1718750       3.12464932E+19
   43.2421875       3.08458158E+19
   43.3125000       3.04522170E+19
   43.3828125       3.00696661E+19
   43.4531250       2.97021565E+19
   43.5234375       2.93530506E+19
   43.5937500       2.90247144E+19
   43.6640625       2.87180233E+19
   43.7343750       2.84326098E+19
   43.8046875       2.81670778E+19
   43.8750000       2.79197756E+19
   43.9453125       2.76893752E+19
   44.0156250       2.74757532E+19
   44.0859375       2.72802403E+19
   44.1562500       2.71057852E+19
   44.2265625       2.69562758E+19
   44.2968750       2.68361058E+19
   44.3671875       2.67492487E+19
   44.4375000       2.66986712E+19
   44.5078125       2.66856288E+19
   44.5781250       2.67096839E+19
   44.6484375       2.67686375E+19
   44.7187500       2.68589184E+19
   44.7890625       2.69757085E+19
   44.8593750       2.71133608E+19
   44.9296875       2.72654694E+19
   45.0000000       2.74250504E+19
   45.0703125       2.75844730E+19
   45.1406250       2.77358559E+19
   45.2109375       2.78712146E+19
   45.2812500       2.79830041E+19
   45.3515625       2.80643086E+19
   45.4218750       2.81095029E+19
   45.4921875       2.81144090E+19
   45.5625000       2.80766473E+19
   45.6328125       2.79953319E+19
   45.7031250       2.78712102E+19
   45.7734375       2.77062725E+19
   45.8437500       2.75035709E+19
   45.9140625       2.72667537E+19
   45.9843750       2.69999660E+19
   46.0546875       2.67074783E+19
   46.1250000       2.63936051E+19
   46.1953125       2.60623069E+19
   46.2656250       2.57171877E+19
   46.3359375       2.53612121E+19
   46.4062500       2.49966624E+19
   46.4765625       2.46248581E+19
   46.5468750       2.42464612E+19
   46.6171875       2.38615244E+19
   46.6875000       2.34699355E+19
   46.7578125       2.30714439E+19
   46.8281250       2.26661463E+19
   46.8984375       2.22544980E+19
   46.9687500       2.18375126E+19
   47.0390625       2.14165712E+19
   47.1093750       2.09935473E+19
   47.1796875       2.05705541E+19
   47.2500000       2.01499733E+19
   47.3203125       1.97340413E+19
   47.3906250       1.93248339E+19
   47.4609375       1.89238464E+19
   47.5312500       1.85318199E+19
   47.6015625       1.81481739E+19
   47.6718750       1.77710315E+19
   47.7421875       1.73969996E+19
   47.8125000       1.70214790E+19
   47.8828125       1.66387225E+19
   47.9531250       1.62425894E+19
   48.0234375       1.58270873E+19
   48.0937500       1.53872298E+19
   48.1640625       1.49194965E+19
   48.2343750       1.44225601E+19
   48.3046875       1.38975114E+19
   48.3750000       1.33481734E+19
   48.4453125       1.27807880E+19
   48.5156250       1.22039556E+19
   48.5859375       1.16279061E+19
   48.6562500       1.10639589E+19
   48.7265625       1.05233774E+19
   48.7968750       1.00167532E+19
   48.8671875       9.55310678E+18
   48.9375000       9.13960190E+18
   49.0078125       8.78108359E+18
   49.0781250       8.48035177E+18
   49.1484375       8.23824975E+18
   49.2187500       8.05417776E+18
   49.2890625       7.92620945E+18
   49.3593750       7.85157130E+18
   49.4296875       7.82673608E+18
   49.5000000       7.84781152E+18
   49.5703125       7.91057989E+18
   49.6406250       8.01096750E+18
   49.7109375       8.14515190E+18
   49.7812500       8.30993736E+18
   49.8515625       8.50258114E+18
   49.9218750       8.72097989E+18
   49.9921875       8.96328751E+18
   50.0625000       9.22775469E+18
   50.1328125       9.51200373E+18
   50.2031250       9.81270587E+18
   50.2734375       1.01249320E+19
   50.3437500       1.04420026E+19
   50.4140625       1.07551995E+19
   50.4843750       1.10542194E+19
   50.5546875       1.13275954E+19
   50.6250000       1.15636814E+19
   50.6953125       1.17514516E+19
   50.7656250       1.18816602E+19
   50.8359375       1.19475023E+19
   50.9062500       1.19452988E+19
   50.9765625       1.18743935E+19
   51.0468750       1.17371690E+19
   51.1171875       1.15384125E+19
   51.1875000       1.12849058E+19
   51.2578125       1.09845720E+19
   51.3281250       1.06461126E+19
   51.3984375       1.02784260E+19
   51.4687500       9.89046333E+18
   51.5390625       9.49084913E+18
   51.6093750       9.08796828E+18
   51.6796875       8.68977245E+18
   51.7500000       8.30384387E+18
   51.8203125       7.93705833E+18
   51.8906250       7.59556541E+18
   51.9609375       7.28435909E+18
   52.0312500       7.00720190E+18
   52.1015625       6.76619610E+18
   52.1718750       0.00000000    
   52.2421875       0.00000000    
   52.3125000       0.00000000    
   52.3828125       0.00000000    
   52.4531250       0.00000000    
   52.5234375       0.00000000    
   52.5937500       0.00000000    
   52.6640625       0.00000000    
   52.7343750       0.00000000    
   52.8046875       0.00000000    
   52.8750000       0.00000000    
   52.9453125       0.00000000    
   53.0156250       0.00000000    
   53.0859375       0.00000000    
   53.1562500       0.00000000    
   53.2265625       0.00000000    
   53.2968750       0.00000000    
   53.3671875       0.00000000    
   53.4375000       0.00000000    
   53.5078125       0.00000000    
   53.5781250       0.00000000    
   53.6484375       0.00000000    
   53.7187500       0.00000000    
   53.7890625       0.00000000    
   53.8593750       0.00000000    
   53.9296875       0.00000000    
   54.0000000       0.00000000    
   54.0703125       0.00000000    
   54.1406250       0.00000000    
   54.2109375       0.00000000    
   54.2812500       0.00000000    
   54.3515625       0.00000000    
   54.4218750       0.00000000    
   54.4921875       0.00000000    
   54.5625000       0.00000000    
   54.6328125       0.00000000    
   54.7031250       0.00000000    
   54.7734375       0.00000000    
   54.8437500       0.00000000    
   54.9140625       0.00000000    
   54.9843750       0.00000000    
   55.0546875       0.00000000    
   55.1250000       0.00000000    
   55.1953125       0.00000000    
   55.2656250       0.00000000    
   55.3359375       0.00000000    
   55.4062500       0.00000000    
   55.4765625       0.00000000    
   55.5468750       0.00000000    
   55.6171875       0.00000000    
   55.6875000       0.00000000    
   55.7578125       0.00000000    
   55.8281250       0.00000000    
   55.8984375       0.00000000    
   55.9687500       0.00000000    
   56.0390625       0.00000000    
   56.1093750       0.00000000    
   56.1796875       0.00000000    
   56.2500000       0.00000000    
   56.3203125       0.00000000    
   56.3906250       0.00000000    
   56.4609375       0.00000000    
   56.5312500       0.00000000    
   56.6015625       0.00000000    
   56.6718750       0.00000000    
   56.7421875       0.00000000    
   56.8125000       0.00000000    
   56.8828125       0.00000000    
   56.9531250       0.00000000    
   57.0234375       0.00000000    
   57.0937500       0.00000000    
   57.1640625       0.00000000    
   57.2343750       0.00000000    
   57.3046875       0.00000000    
   57.3750000       0.00000000    
   57.4453125       0.00000000    
   57.5156250       0.00000000    
   57.5859375       0.00000000    
   57.6562500       0.00000000    
   57.7265625       0.00000000    
   57.7968750       0.00000000    
   57.8671875       0.00000000    
   57.9375000       0.00000000    
   58.0078125       0.00000000    
   58.0781250       0.00000000    
   58.1484375       0.00000000    
   58.2187500       0.00000000    
   58.2890625       0.00000000    
   58.3593750       0.00000000    
   58.4296875       0.00000000    
   58.5000000       0.00000000    
   58.5703125       0.00000000    
   58.6406250       0.00000000    
   58.7109375       0.00000000    
   58.7812500       0.00000000    
   58.8515625       0.00000000    
   58.9218750       0.00000000    
   58.9921875       0.00000000    
   59.0625000       0.00000000    
   59.1328125       0.00000000    
   59.2031250       0.00000000    
   59.2734375       0.00000000    
   59.3437500       0.00000000    
   59.4140625       0.00000000    
   59.4843750       0.00000000    
   59.5546875       0.00000000    
   59.6250000       0.00000000    
   59.6953125       0.00000000    
   59.7656250       0.00000000    
   59.8359375       0.00000000    
   59.9062500       0.00000000    
   59.9765625       0.00000000    
   60.0468750       0.00000000    
   60.1171875       0.00000000    
   60.1875000       0.00000000    
   60.2578125       0.00000000    
   60.3281250       0.00000000    
   60.3984375       0.00000000    
   60.4687500       0.00000000    
   60.5390625       0.00000000    
   60.6093750       0.00000000    
   60.6796875       0.00000000    
   60.7500000       0.00000000    
   60.8203125       0.00000000    
   60.8906250       0.00000000    
   60.9609375       0.00000000    
   61.0312500       0.00000000    
   61.1015625       0.00000000    
   61.1718750       0.00000000    
   61.2421875       0.00000000    
   61.3125000       0.00000000    
   61.3828125       0.00000000    
   61.4531250       0.00000000    
   61.5234375       0.00000000    
   61.5937500       0.00000000    
   61.6640625       0.00000000    
   61.7343750       0.00000000    
   61.8046875       0.00000000    
   61.8750000       0.00000000    
   61.9453125       0.00000000    
   62.0156250       0.00000000    
   62.0859375       0.00000000    
   62.1562500       0.00000000    
   62.2265625       0.00000000    
   62.2968750       0.00000000    
   62.3671875       0.00000000    
   62.4375000       0.00000000    
   62.5078125       0.00000000    
   62.5781250       0.00000000    
   62.6484375       0.00000000    
   62.7187500       0.00000000    
   62.7890625       0.00000000    
   62.8593750       0.00000000    
   62.9296875       0.00000000    
   63.0000000       0.00000000    
   63.0703125       0.00000000    
   63.1406250       0.00000000    
   63.2109375       0.00000000    
   63.2812500       0.00000000    
   63.3515625       0.00000000    
   63.4218750       0.00000000    
   63.4921875       0.00000000    
   63.5625000       0.00000000    
   63.6328125       0.00000000    
   63.7031250       0.00000000    
   63.7734375       0.00000000    
   63.8437500       0.00000000    
   63.9140625       0.00000000    
   63.9843750       0.00000000    
   64.0546875       0.00000000    
   64.1250000       0.00000000    
   64.1953125       0.00000000    
   64.2656250       0.00000000    
   64.3359375       0.00000000    
   64.4062500       0.00000000    
   64.4765625       0.00000000    
   64.5468750       0.00000000    
   64.6171875       0.00000000    
   64.6875000       0.00000000    
   64.7578125       0.00000000    
   64.8281250       0.00000000    
   64.8984375       0.00000000    
   64.9687500       0.00000000    
   65.0390625       0.00000000    
   65.1093750       0.00000000    
   65.1796875       0.00000000    
   65.2500000       0.00000000    
   65.3203125       0.00000000    
   65.3906250       0.00000000    
   65.4609375       0.00000000    
   65.5312500       0.00000000    
   65.6015625       0.00000000    
   65.6718750       0.00000000    
   65.7421875       0.00000000    
   65.8125000       0.00000000    
   65.8828125       0.00000000    
   65.9531250       0.00000000    
   66.0234375       0.00000000    
   66.0937500       0.00000000    
   66.1640625       0.00000000    
   66.2343750       0.00000000    
   66.3046875       0.00000000    
   66.3750000       0.00000000    
   66.4453125       0.00000000    
   66.5156250       0.00000000    
   66.5859375       0.00000000    
   66.6562500       0.00000000    
   66.7265625       0.00000000    
   66.7968750       0.00000000    
   66.8671875       0.00000000    
   66.9375000       0.00000000    
   67.0078125       0.00000000    
   67.0781250       0.00000000    
   67.1484375       0.00000000    
   67.2187500       0.00000000    
   67.2890625       0.00000000    
   67.3593750       0.00000000    
   67.4296875       0.00000000    
   67.5000000       0.00000000    
   67.5703125       0.00000000    
   67.6406250       0.00000000    
   67.7109375       0.00000000    
   67.7812500       0.00000000    
   67.8515625       0.00000000    
   67.9218750       0.00000000    
   67.9921875       0.00000000    
   68.0625000       0.00000000    
   68.1328125       0.00000000    
   68.2031250       0.00000000    
   68.2734375       0.00000000    
   68.3437500       0.00000000    
   68.4140625       0.00000000    
   68.4843750       0.00000000    
   68.5546875       0.00000000    
   68.6250000       0.00000000    
   68.6953125       0.00000000    
   68.7656250       0.00000000    
   68.8359375       0.00000000    
   68.9062500       0.00000000    
   68.9765625       0.00000000    
   69.0468750       0.00000000    
   69.1171875       0.00000000    
   69.1875000       0.00000000    
   69.2578125       0.00000000    
   69.3281250       0.00000000    
   69.3984375       0.00000000    
   69.4687500       0.00000000    
   69.5390625       0.00000000    
   69.6093750       0.00000000    
   69.6796875       0.00000000    
   69.7500000       0.00000000    
   69.8203125       0.00000000    
   69.8906250       0.00000000    
   69.9609375       0.00000000    
   70.0312500       0.00000000    
   70.1015625       0.00000000    
   70.1718750       0.00000000    
   70.2421875       0.00000000    
   70.3125000       0.00000000    
   70.3828125       0.00000000    
   70.4531250       0.00000000    
   70.5234375       0.00000000    
   70.5937500       0.00000000    
   70.6640625       0.00000000    
   70.7343750       0.00000000    
   70.8046875       0.00000000    
   70.8750000       0.00000000    
   70.9453125       0.00000000    
   71.0156250       0.00000000    
   71.0859375       0.00000000    
   71.1562500       0.00000000    
   71.2265625       0.00000000    
   71.2968750       0.00000000    
   71.3671875       0.00000000    
   71.4375000       0.00000000    
   71.5078125       0.00000000    
   71.5781250       0.00000000    
   71.6484375       0.00000000    
   71.7187500       0.00000000    
   71.7890625       0.00000000    
   71.8593750       0.00000000    
   71.9296875       0.00000000    
   72.0000000       0.00000000    
   72.0703125       0.00000000    
   72.1406250       0.00000000    
   72.2109375       0.00000000    
   72.2812500       0.00000000    
   72.3515625       0.00000000    
   72.4218750       0.00000000    
   72.4921875       0.00000000    
   72.5625000       0.00000000    
   72.6328125       0.00000000    
   72.7031250       0.00000000    
   72.7734375       0.00000000    
   72.8437500       0.00000000    
   72.9140625       0.00000000    
   72.9843750       0.00000000    
   73.0546875       0.00000000    
   73.1250000       0.00000000    
   73.1953125       0.00000000    
   73.2656250       0.00000000    
   73.3359375       0.00000000    
   73.4062500       0.00000000    
   73.4765625       0.00000000    
   73.5468750       0.00000000    
   73.6171875       0.00000000    
   73.6875000       0.00000000    
   73.7578125       0.00000000    
   73.8281250       0.00000000    
   73.8984375       0.00000000    
   73.9687500       0.00000000    
   74.0390625       0.00000000    
   74.1093750       0.00000000    
   74.1796875       0.00000000    
   74.2500000       0.00000000    
   74.3203125       0.00000000    
   74.3906250       0.00000000    
   74.4609375       0.00000000    
   74.5312500       0.00000000    
   74.6015625       0.00000000    
   74.6718750       0.00000000    
   74.7421875       0.00000000    
   74.8125000       0.00000000    
   74.8828125       0.00000000    
   74.9531250       0.00000000    
   75.0234375       0.00000000    
   75.0937500       0.00000000    
   75.1640625       0.00000000    
   75.2343750       0.00000000    
   75.3046875       0.00000000    
   75.3750000       0.00000000    
   75.4453125       0.00000000    
   75.5156250       0.00000000    
   75.5859375       0.00000000    
   75.6562500       0.00000000    
   75.7265625       0.00000000    
   75.7968750       0.00000000    
   75.8671875       0.00000000    
   75.9375000       0.00000000    
   76.0078125       0.00000000    
   76.0781250       0.00000000    
   76.1484375       0.00000000    
   76.2187500       0.00000000    
   76.2890625       0.00000000    
   76.3593750       0.00000000    
   76.4296875       0.00000000    
   76.5000000       0.00000000    
   76.5703125       0.00000000    
   76.6406250       0.00000000    
   76.7109375       0.00000000    
   76.7812500       0.00000000    
   76.8515625       0.00000000    
   76.9218750       0.00000000    
   76.9921875       0.00000000    
   77.0625000       0.00000000    
   77.1328125       0.00000000    
   77.2031250       0.00000000    
   77.2734375       0.00000000    
   77.3437500       0.00000000    
   77.4140625       0.00000000    
   77.4843750       0.00000000    
   77.5546875       0.00000000    
   77.6250000       0.00000000    
   77.6953125       0.00000000    
   77.7656250       0.00000000    
   77.8359375       0.00000000    
   77.9062500       0.00000000    
   77.9765625       0.00000000    
   78.0468750       0.00000000    
   78.1171875       0.00000000    
   78.1875000       0.00000000    
   78.2578125       0.00000000    
   78.3281250       0.00000000    
   78.3984375       0.00000000    
   78.4687500       0.00000000    
   78.5390625       0.00000000    
   78.6093750       0.00000000    
   78.6796875       0.00000000    
   78.7500000       0.00000000    
   78.8203125       0.00000000    
   78.8906250       0.00000000    
   78.9609375       0.00000000    
   79.0312500       0.00000000    
   79.1015625       0.00000000    
   79.1718750       0.00000000    
   79.2421875       0.00000000    
   79.3125000       0.00000000    
   79.3828125       0.00000000    
   79.4531250       0.00000000    
   79.5234375       0.00000000    
   79.5937500       0.00000000    
   79.6640625       0.00000000    
   79.7343750       0.00000000    
   79.8046875       0.00000000    
   79.8750000       0.00000000    
   79.9453125       0.00000000    
   80.0156250       0.00000000    
   80.0859375       0.00000000    
   80.1562500       0.00000000    
   80.2265625       0.00000000    
   80.2968750       0.00000000    
   80.3671875       0.00000000    
   80.4375000       0.00000000    
   80.5078125       0.00000000    
   80.5781250       0.00000000    
   80.6484375       0.00000000    
   80.7187500       0.00000000    
   80.7890625       0.00000000    
   80.8593750       0.00000000    
   80.9296875       0.00000000    
   81.0000000       0.00000000    
   81.0703125       0.00000000    
   81.1406250       0.00000000    
   81.2109375       0.00000000    
   81.2812500       0.00000000    
   81.3515625       0.00000000    
   81.4218750       0.00000000    
   81.4921875       0.00000000    
   81.5625000       0.00000000    
   81.6328125       0.00000000    
   81.7031250       0.00000000    
   81.7734375       0.00000000    
   81.8437500       0.00000000    
   81.9140625       0.00000000    
   81.9843750       0.00000000    
   82.0546875       0.00000000    
   82.1250000       0.00000000    
   82.1953125       0.00000000    
   82.2656250       0.00000000    
   82.3359375       0.00000000    
   82.4062500       0.00000000    
   82.4765625       0.00000000    
   82.5468750       0.00000000    
   82.6171875       0.00000000    
   82.6875000       0.00000000    
   82.7578125       0.00000000    
   82.8281250       0.00000000    
   82.8984375       0.00000000    
   82.9687500       0.00000000    
   83.0390625       0.00000000    
   83.1093750       0.00000000    
   83.1796875       0.00000000    
   83.2500000       0.00000000    
   83.3203125       0.00000000    
   83.3906250       0.00000000    
   83.4609375       0.00000000    
   83.5312500       0.00000000    
   83.6015625       0.00000000    
   83.6718750       0.00000000    
   83.7421875       0.00000000    
   83.8125000       0.00000000    
   83.8828125       0.00000000    
   83.9531250       0.00000000    
   84.0234375       0.00000000    
   84.0937500       0.00000000    
   84.1640625       0.00000000    
   84.2343750       0.00000000    
   84.3046875       0.00000000    
   84.3750000       0.00000000    
   84.4453125       0.00000000    
   84.5156250       0.00000000    
   84.5859375       0.00000000    
   84.6562500       0.00000000    
   84.7265625       0.00000000    
   84.7968750       0.00000000    
   84.8671875       0.00000000    
   84.9375000       0.00000000    
   85.0078125       0.00000000    
   85.0781250       0.00000000    
   85.1484375       0.00000000    
   85.2187500       0.00000000    
   85.2890625       0.00000000    
   85.3593750       0.00000000    
   85.4296875       0.00000000    
   85.5000000       0.00000000    
   85.5703125       0.00000000    
   85.6406250       0.00000000    
   85.7109375       0.00000000    
   85.7812500       0.00000000    
   85.8515625       0.00000000    
   85.9218750       0.00000000    
