2001 01 26 03 16 40.0 23.420 70.230
15. 3.813E+20 7.654 285 43 113 75 51 70
  -1.12500000       0.00000000    
  -1.05468750       3.41259616E+17
 -0.984375000       3.33270152E+17
 -0.914062500       3.22647358E+17
 -0.843750000       3.10268128E+17
 -0.773437500       2.97325124E+17
 -0.703125000       2.85308063E+17
 -0.632812500       2.75352346E+17
 -0.562500000       2.68980264E+17
 -0.492187500       2.69823349E+17
 -0.421875000       2.82112986E+17
 -0.351562500       3.08330205E+17
 -0.281250000       3.47232472E+17
 -0.210937500       4.00749895E+17
 -0.140625000       4.77199110E+17
  -7.03125000E-02   5.94692029E+17
   0.00000000       7.63569319E+17
   7.03125000E-02   9.84358744E+17
  0.140625000       1.24378322E+18
  0.210937500       1.52875245E+18
  0.281250000       1.82922382E+18
  0.351562500       2.14541602E+18
  0.421875000       2.47730223E+18
  0.492187500       2.82284932E+18
  0.562500000       3.17226339E+18
  0.632812500       3.51792099E+18
  0.703125000       3.85418683E+18
  0.773437500       4.17718981E+18
  0.843750000       4.48456378E+18
  0.914062500       4.77518944E+18
  0.984375000       5.04898983E+18
   1.05468750       5.30680112E+18
   1.12500000       5.55034679E+18
   1.19531250       5.78225578E+18
   1.26562500       6.00610481E+18
   1.33593750       6.22642220E+18
   1.40625000       6.44858072E+18
   1.47656250       6.67853313E+18
   1.54687500       6.92242350E+18
   1.61718750       7.18615841E+18
   1.68750000       7.47499297E+18
   1.75781250       7.79316744E+18
   1.82812500       8.14363952E+18
   1.89843750       8.52791444E+18
   1.96875000       8.94603287E+18
   2.03906250       9.39668256E+18
   2.10937500       9.87745281E+18
   2.17968750       1.03851611E+19
   2.25000000       1.09162395E+19
   2.32031250       1.14670377E+19
   2.39062500       1.20340646E+19
   2.46093750       1.26141142E+19
   2.53125000       1.32043166E+19
   2.60156250       1.38020782E+19
   2.67187500       1.44049646E+19
   2.74218750       1.50105987E+19
   2.81250000       1.56165847E+19
   2.88281250       1.62205035E+19
   2.95312500       1.68199496E+19
   3.02343750       1.74126050E+19
   3.09375000       1.79963566E+19
   3.16406250       1.85693990E+19
   3.23437500       1.91303918E+19
   3.30468750       1.96785819E+19
   3.37500000       2.02140177E+19
   3.44531250       2.07375853E+19
   3.51562500       2.12510441E+19
   3.58593750       2.17568942E+19
   3.65625000       2.22582187E+19
   3.72656250       2.27584020E+19
   3.79687500       2.32607842E+19
   3.86718750       2.37684243E+19
   3.93750000       2.42839611E+19
   4.00781250       2.48095761E+19
   4.07812500       2.53470943E+19
   4.14843750       2.58981410E+19
   4.21875000       2.64642091E+19
   4.28906250       2.70465501E+19
   4.35937500       2.76459269E+19
   4.42968750       2.82622207E+19
   4.50000000       2.88941144E+19
   4.57031250       2.95388835E+19
   4.64062500       3.01923232E+19
   4.71093750       3.08488988E+19
   4.78125000       3.15019471E+19
   4.85156250       3.21440509E+19
   4.92187500       3.27673838E+19
   4.99218750       3.33641988E+19
   5.06250000       3.39272477E+19
   5.13281250       3.44501336E+19
   5.20312500       3.49274800E+19
   5.27343750       3.53549899E+19
   5.34375000       3.57294330E+19
   5.41406250       3.60485706E+19
   5.48437500       3.63111274E+19
   5.55468750       3.65167097E+19
   5.62500000       3.66657881E+19
   5.69531250       3.67596732E+19
   5.76562500       3.68004915E+19
   5.83593750       3.67912138E+19
   5.90625000       3.67357390E+19
   5.97656250       3.66389050E+19
   6.04687500       3.65063985E+19
   6.11718750       3.63445416E+19
   6.18750000       3.61600523E+19
   6.25781250       3.59595718E+19
   6.32812500       3.57493715E+19
   6.39843750       3.55348722E+19
   6.46875000       3.53204432E+19
   6.53906250       3.51092051E+19
   6.60937500       3.49029653E+19
   6.67968750       3.47022956E+19
   6.75000000       3.45066881E+19
   6.82031250       3.43147420E+19
   6.89062500       3.41243901E+19
   6.96093750       3.39330817E+19
   7.03125000       3.37379645E+19
   7.10156250       3.35360260E+19
   7.17187500       3.33242029E+19
   7.24218750       3.30993946E+19
   7.31250000       3.28585883E+19
   7.38281250       3.25988925E+19
   7.45312500       3.23176924E+19
   7.52343750       3.20127670E+19
   7.59375000       3.16825045E+19
   7.66406250       3.13261242E+19
   7.73437500       3.09436679E+19
   7.80468750       3.05360679E+19
   7.87500000       3.01049340E+19
   7.94531250       2.96524916E+19
   8.01562500       2.91814630E+19
   8.08593750       2.86951204E+19
   8.15625000       2.81973231E+19
   8.22656250       2.76925703E+19
   8.29687500       2.71858516E+19
   8.36718750       2.66824798E+19
   8.43750000       2.61876930E+19
   8.50781250       2.57064257E+19
   8.57812500       2.52430366E+19
   8.64843750       2.48012704E+19
   8.71875000       2.43843202E+19
   8.78906250       2.39951304E+19
   8.85937500       2.36365555E+19
   8.92968750       2.33115333E+19
   9.00000000       2.30229071E+19
   9.07031250       2.27731882E+19
   9.14062500       2.25641358E+19
   9.21093750       2.23965351E+19
   9.28125000       2.22700891E+19
   9.35156250       2.21836542E+19
   9.42187500       2.21355594E+19
   9.49218750       2.21240101E+19
   9.56250000       2.21473923E+19
   9.63281250       2.22044218E+19
   9.70312500       2.22941112E+19
   9.77343750       2.24154819E+19
   9.84375000       2.25673134E+19
   9.91406250       2.27478422E+19
   9.98437500       2.29546604E+19
   10.0546875       2.31847750E+19
   10.1250000       2.34348281E+19
   10.1953125       2.37014707E+19
   10.2656250       2.39815273E+19
   10.3359375       2.42722272E+19
   10.4062500       2.45710634E+19
   10.4765625       2.48757051E+19
   10.5468750       2.51836541E+19
   10.6171875       2.54920473E+19
   10.6875000       2.57974895E+19
   10.7578125       2.60960751E+19
   10.8281250       2.63834830E+19
   10.8984375       2.66552141E+19
   10.9687500       2.69067736E+19
   11.0390625       2.71338997E+19
   11.1093750       2.73326364E+19
   11.1796875       2.74993927E+19
   11.2500000       2.76309801E+19
   11.3203125       2.77247486E+19
   11.3906250       2.77786819E+19
   11.4609375       2.77915792E+19
   11.5312500       2.77630556E+19
   11.6015625       2.76934412E+19
   11.6718750       2.75835604E+19
   11.7421875       2.74345084E+19
   11.8125000       2.72474484E+19
   11.8828125       2.70236165E+19
   11.9531250       2.67643054E+19
   12.0234375       2.64709711E+19
   12.0937500       2.61452452E+19
   12.1640625       2.57890716E+19
   12.2343750       2.54046296E+19
   12.3046875       2.49944480E+19
   12.3750000       2.45612558E+19
   12.4453125       2.41079865E+19
   12.5156250       2.36376022E+19
   12.5859375       2.31530695E+19
   12.6562500       2.26573722E+19
   12.7265625       2.21536904E+19
   12.7968750       2.16455840E+19
   12.8671875       2.11371479E+19
   12.9375000       2.06329558E+19
   13.0078125       2.01379205E+19
   13.0781250       1.96568754E+19
   13.1484375       1.91941833E+19
   13.2187500       1.87531780E+19
   13.2890625       1.83358572E+19
   13.3593750       1.79426653E+19
   13.4296875       1.75726257E+19
   13.5000000       1.72237012E+19
   13.5703125       1.68934145E+19
   13.6406250       1.65793709E+19
   13.7109375       1.62797056E+19
   13.7812500       1.59931938E+19
   13.8515625       1.57192054E+19
   13.9218750       1.54574095E+19
   13.9921875       1.52075059E+19
   14.0625000       1.49689393E+19
   14.1328125       1.47408016E+19
   14.2031250       1.45217503E+19
   14.2734375       1.43101790E+19
   14.3437500       1.41043614E+19
   14.4140625       1.39028473E+19
   14.4843750       1.37047329E+19
   14.5546875       1.35099962E+19
   14.6250000       1.33196103E+19
   14.6953125       1.31356081E+19
   14.7656250       1.29608649E+19
   14.8359375       1.27988343E+19
   14.9062500       1.26531050E+19
   14.9765625       1.25270328E+19
   15.0468750       1.24233533E+19
   15.1171875       1.23440202E+19
   15.1875000       1.22900936E+19
   15.2578125       1.22619208E+19
   15.3281250       1.22592688E+19
   15.3984375       1.22815878E+19
   15.4687500       1.23280861E+19
   15.5390625       1.23978017E+19
   15.6093750       1.24894416E+19
   15.6796875       1.26011729E+19
   15.7500000       1.27303172E+19
   15.8203125       1.28732174E+19
   15.8906250       1.30251842E+19
   15.9609375       1.31807871E+19
   16.0312500       1.33342921E+19
   16.1015625       1.34802819E+19
   16.1718750       1.36141420E+19
   16.2421875       1.37324175E+19
   16.3125000       1.38327601E+19
   16.3828125       1.39137633E+19
   16.4531250       1.39744607E+19
   16.5234375       1.40139475E+19
   16.5937500       1.40309855E+19
   16.6640625       1.40239366E+19
   16.7343750       1.39907885E+19
   16.8046875       1.39294269E+19
   16.8750000       1.38378750E+19
   16.9453125       1.37146263E+19
   17.0156250       1.35588343E+19
   17.0859375       1.33705441E+19
   17.1562500       1.31507770E+19
   17.2265625       1.29016079E+19
   17.2968750       1.26260966E+19
   17.3671875       1.23281741E+19
   17.4375000       1.20123262E+19
   17.5078125       1.16833941E+19
   17.5781250       1.13462244E+19
   17.6484375       1.10054759E+19
   17.7187500       1.06653793E+19
   17.7890625       1.03296380E+19
   17.8593750       1.00012721E+19
   17.9296875       9.68260506E+18
   18.0000000       9.37521899E+18
   18.0703125       9.08002376E+18
   18.1406250       8.79726290E+18
   18.2109375       8.52657413E+18
   18.2812500       8.26700638E+18
   18.3515625       8.01721548E+18
   18.4218750       7.77565167E+18
   18.4921875       7.54092188E+18
   18.5625000       7.31204040E+18
   18.6328125       7.08866966E+18
   18.7031250       6.87112579E+18
   18.7734375       6.66028784E+18
   18.8437500       6.45728061E+18
   18.9140625       5.93648538E+18
   18.9843750       5.79771712E+18
   19.0546875       5.66031555E+18
   19.1250000       5.52422349E+18
   19.1953125       5.38946790E+18
   19.2656250       5.10648989E+18
   19.3359375       5.00201649E+18
   19.4062500       4.90058820E+18
   19.4765625       4.48171330E+18
   19.5468750       4.42240921E+18
   19.6171875       4.36549025E+18
   19.6875000       4.31192506E+18
   19.7578125       4.26276343E+18
   19.8281250       4.21894816E+18
   19.8984375       4.18119203E+18
   19.9687500       3.83183376E+18
   20.0390625       3.82450799E+18
   20.1093750       3.81880922E+18
   20.1796875       3.66249577E+18
   20.2500000       3.66219945E+18
   20.3203125       3.65811202E+18
   20.3906250       3.64943880E+18
   20.4609375       3.63594806E+18
   20.5312500       3.61804829E+18
   20.6015625       3.59670182E+18
   20.6718750       3.41870793E+18
   20.7421875       3.39859209E+18
   20.8125000       3.37818873E+18
   20.8828125       3.35794589E+18
   20.9531250       3.33770966E+18
   21.0234375       3.31679695E+18
   21.0937500       3.29421215E+18
   21.1640625       3.26893108E+18
   21.2343750       3.24019452E+18
   21.3046875       3.20770753E+18
   21.3750000       3.17174745E+18
   21.4453125       3.13313425E+18
   21.5156250       3.09311478E+18
   21.5859375       3.05316759E+18
   21.6562500       3.01479931E+18
   21.7265625       2.97933566E+18
   21.7968750       2.94774642E+18
   21.8671875       2.92051481E+18
   21.9375000       2.89757790E+18
   22.0078125       2.87836696E+18
   22.0781250       2.86194163E+18
   22.1484375       2.84719526E+18
   22.2187500       2.83308082E+18
   22.2890625       2.81879047E+18
   22.3593750       2.80386708E+18
   22.4296875       2.78821250E+18
   22.5000000       2.77203457E+18
   22.5703125       2.75575437E+18
   22.6406250       2.73992003E+18
   22.7109375       2.72511923E+18
   22.7812500       2.71193086E+18
   22.8515625       2.70087252E+18
   22.9218750       2.69235653E+18
   22.9921875       2.68663247E+18
   23.0625000       2.68374873E+18
   23.1328125       2.68353295E+18
   23.2031250       2.68562065E+18
   23.2734375       2.68952336E+18
   23.3437500       2.69473065E+18
   23.4140625       2.70082387E+18
   23.4843750       2.70754793E+18
   23.5546875       2.71481323E+18
   23.6250000       2.72264258E+18
   23.6953125       2.73108793E+18
   23.7656250       2.74016522E+18
   23.8359375       2.74982580E+18
   23.9062500       2.75996083E+18
   23.9765625       2.77040344E+18
   24.0468750       2.78090625E+18
   24.1171875       2.79108525E+18
   24.1875000       2.80037475E+18
   24.2578125       2.80800564E+18
   24.3281250       2.81305212E+18
   24.3984375       2.81452932E+18
   24.4687500       2.81156036E+18
   24.5390625       2.80356306E+18
   24.6093750       2.79041977E+18
   24.6796875       2.77256178E+18
   24.7500000       2.75093631E+18
   24.8203125       2.72682430E+18
   24.8906250       2.70157071E+18
   24.9609375       2.67627865E+18
   25.0312500       2.65157235E+18
   25.1015625       2.62747930E+18
   25.1718750       2.60346184E+18
   25.2421875       2.57858429E+18
   25.3125000       2.55178150E+18
   25.3828125       2.52214966E+18
   25.4531250       2.48919262E+18
   25.5234375       2.45294722E+18
   25.5937500       2.41398987E+18
   25.6640625       2.37331317E+18
   25.7343750       2.33212958E+18
   25.8046875       2.29163402E+18
   25.8750000       2.25280532E+18
   25.9453125       2.21626525E+18
   26.0156250       2.18223852E+18
   26.0859375       2.15059911E+18
   26.1562500       1.94883516E+18
   26.2265625       1.93508989E+18
   26.2968750       1.92292764E+18
   26.3671875       1.91201980E+18
   26.4375000       1.90224734E+18
   26.5078125       1.89367678E+18
   26.5781250       1.88648584E+18
   26.6484375       1.88085785E+18
   26.7187500       1.72558331E+18
   26.7890625       1.73424086E+18
   26.8593750       1.74280674E+18
   26.9296875       1.75123560E+18
   27.0000000       1.75946325E+18
   27.0703125       1.76739553E+18
   27.1406250       1.77488115E+18
   27.2109375       1.78163380E+18
   27.2812500       1.78718083E+18
   27.3515625       1.79083987E+18
   27.4218750       1.79178614E+18
   27.4921875       1.78917686E+18
   27.5625000       1.78233254E+18
   27.6328125       1.77089404E+18
   27.7031250       1.75493683E+18
   27.7734375       1.73498207E+18
   27.8437500       1.71194950E+18
   27.9140625       1.68703209E+18
   27.9843750       1.66155531E+18
   28.0546875       1.63680709E+18
   28.1250000       1.61390330E+18
   28.1953125       1.59366954E+18
   28.2656250       1.57659027E+18
   28.3359375       1.56279855E+18
   28.4062500       1.55214538E+18
   28.4765625       1.54428277E+18
   28.5468750       1.53876913E+18
   28.6171875       1.53513277E+18
   28.6875000       1.53292743E+18
   28.7578125       1.53175136E+18
   28.8281250       1.53126662E+18
   28.8984375       1.53118951E+18
   28.9687500       1.53129314E+18
   29.0390625       1.53137863E+18
   29.1093750       1.53125438E+18
   29.1796875       1.53068333E+18
   29.2500000       1.52935539E+18
   29.3203125       1.52686458E+18
   29.3906250       1.52274252E+18
   29.4609375       1.51651378E+18
   29.5312500       1.50779218E+18
   29.6015625       1.49634998E+18
   29.6718750       1.48215858E+18
   29.7421875       1.46535790E+18
   29.8125000       1.44620991E+18
   29.8828125       1.42502850E+18
   29.9531250       1.40214107E+18
   30.0234375       1.37785245E+18
   30.0937500       1.35245593E+18
   30.1640625       1.32624714E+18
   30.2343750       1.29956818E+18
   30.3046875       1.11159567E+18
   30.3750000       1.09400369E+18
   30.4453125       1.07549843E+18
   30.5156250       1.05684501E+18
   30.5859375       1.03887356E+18
   30.6562500       1.02231883E+18
   30.7265625       1.00766172E+18
   30.7968750       9.95069018E+17
   30.8671875       9.84399632E+17
   30.9375000       9.75314643E+17
   31.0078125       9.67400976E+17
   31.0781250       9.60311463E+17
   31.1484375       9.53833484E+17
   31.2187500       9.47921341E+17
   31.2890625       9.42638119E+17
   31.3593750       9.38076108E+17
   31.4296875       9.34235101E+17
   31.5000000       9.30959931E+17
   31.5703125       9.27911123E+17
   31.6406250       9.24633066E+17
   31.7109375       9.20648574E+17
   31.7812500       9.15593844E+17
   31.8515625       9.09297628E+17
   31.9218750       7.05573517E+17
   31.9921875       7.05216588E+17
   32.0625000       7.04536471E+17
   32.1328125       7.03501349E+17
   32.2031250       7.02074871E+17
   32.2734375       7.00190720E+17
   32.3437500       6.97785401E+17
   32.4140625       6.94802838E+17
   32.4843750       6.91238153E+17
   32.5546875       6.87132989E+17
   32.6250000       6.82600802E+17
   32.6953125       6.77803907E+17
   32.7656250       6.72964476E+17
   32.8359375       6.68333539E+17
   32.9062500       6.64195114E+17
   32.9765625       6.60819133E+17
   33.0468750       6.58437865E+17
   33.1171875       6.57178993E+17
   33.1875000       6.57049388E+17
   33.2578125       6.57906526E+17
   33.3281250       6.59496558E+17
   33.3984375       6.61477603E+17
   33.4687500       6.63491908E+17
   33.5390625       6.65190997E+17
   33.6093750       6.66279514E+17
   33.6796875       6.66500653E+17
   33.7500000       6.65648256E+17
   33.8203125       6.63533689E+17
   33.8906250       6.59994362E+17
   33.9609375       6.54872630E+17
   34.0312500       6.48050779E+17
   34.1015625       6.39461532E+17
   34.1718750       6.29145982E+17
   34.2421875       6.17267340E+17
   34.3125000       6.04149410E+17
   34.3828125       5.90242787E+17
   34.4531250       5.76096848E+17
   34.5234375       3.90054086E+17
   34.5937500       3.83435748E+17
   34.6640625       3.76944060E+17
   34.7343750       3.70681413E+17
   34.8046875       3.64722885E+17
   34.8750000       3.59117609E+17
   34.9453125       3.53877508E+17
   35.0156250       3.48988083E+17
   35.0859375       3.44406040E+17
   35.1562500       3.40078053E+17
   35.2265625       3.35942068E+17
   35.2968750       3.31944622E+17
   35.3671875       3.28038744E+17
   35.4375000       3.24198322E+17
   35.5078125       3.20415624E+17
   35.5781250       3.16713259E+17
   35.6484375       3.13138300E+17
   35.7187500       3.09769019E+17
   35.7890625       3.06699423E+17
   35.8593750       3.04033073E+17
   35.9296875       3.01854906E+17
   36.0000000       3.00222131E+17
   36.0703125       2.99143441E+17
   36.1406250       2.98583481E+17
   36.2109375       2.98459373E+17
   36.2812500       2.98660756E+17
   36.3515625       2.99054862E+17
   36.4218750       2.99506143E+17
   36.4921875       2.99876472E+17
   36.5625000       3.00041399E+17
   36.6328125       2.99889907E+17
   36.7031250       2.99342865E+17
   36.7734375       2.98354507E+17
   36.8437500       2.96932873E+17
   36.9140625       2.95138298E+17
   36.9843750       2.93091764E+17
   37.0546875       2.90955378E+17
   37.1250000       2.88923275E+17
   37.1953125       2.87186785E+17
   37.2656250       2.85913722E+17
   37.3359375       2.85213041E+17
   37.4062500       2.85125836E+17
   37.4765625       2.85612473E+17
   37.5468750       2.86566059E+17
   37.6171875       2.87818403E+17
   37.6875000       2.89166610E+17
   37.7578125       2.90381639E+17
   37.8281250       2.91231562E+17
   37.8984375       2.91484415E+17
   37.9687500       2.90931223E+17
   38.0390625       2.89392766E+17
   38.1093750       2.86745469E+17
   38.1796875       2.82927655E+17
   38.2500000       2.77958412E+17
   38.3203125       2.71930030E+17
   38.3906250       2.65005564E+17
   38.4609375       2.57387374E+17
   38.5312500       2.49297443E+17
   38.6015625       2.40938818E+17
   38.6718750       2.32481185E+17
   38.7421875       2.24041111E+17
   38.8125000       2.15696539E+17
   38.8828125       2.07495024E+17
   38.9531250       1.99484395E+17
   39.0234375       1.91720898E+17
   39.0937500       1.84287409E+17
   39.1640625       1.77281475E+17
   39.2343750       1.70811313E+17
   39.3046875       1.64968938E+17
   39.3750000       1.59822725E+17
   39.4453125       1.55399115E+17
   39.5156250       1.51688401E+17
   39.5859375       0.00000000    
   39.6562500       0.00000000    
   39.7265625       0.00000000    
   39.7968750       0.00000000    
   39.8671875       0.00000000    
   39.9375000       0.00000000    
