2001 01 26 03 16 40.0 23.420 70.230
15. 3.813E+20 7.654 285 43 113 75 51 70
  -1.12500000       0.00000000    
  -1.05468750       0.00000000    
 -0.984375000       0.00000000    
 -0.914062500       0.00000000    
 -0.843750000       0.00000000    
 -0.773437500       0.00000000    
 -0.703125000       0.00000000    
 -0.632812500       0.00000000    
 -0.562500000       0.00000000    
 -0.492187500       0.00000000    
 -0.421875000       0.00000000    
 -0.351562500       0.00000000    
 -0.281250000       0.00000000    
 -0.210937500       0.00000000    
 -0.140625000       0.00000000    
  -7.03125000E-02   0.00000000    
   0.00000000       0.00000000    
   7.03125000E-02   8.03629475E+17
  0.140625000       1.10655263E+18
  0.210937500       1.43227044E+18
  0.281250000       1.77485737E+18
  0.351562500       2.12978783E+18
  0.421875000       2.49291392E+18
  0.492187500       2.86003590E+18
  0.562500000       3.22640747E+18
  0.632812500       3.58682216E+18
  0.703125000       3.93563700E+18
  0.773437500       4.26736433E+18
  0.843750000       4.57720039E+18
  0.914062500       4.86210419E+18
  0.984375000       5.12160982E+18
   1.05468750       5.35866013E+18
   1.12500000       5.57960809E+18
   1.19531250       5.79388312E+18
   1.26562500       6.01277334E+18
   1.33593750       6.24810237E+18
   1.40625000       6.51054205E+18
   1.47656250       6.80855808E+18
   1.54687500       7.14759579E+18
   1.61718750       7.53009059E+18
   1.68750000       7.95558235E+18
   1.75781250       8.42142124E+18
   1.82812500       8.92328013E+18
   1.89843750       9.45590995E+18
   1.96875000       1.00135174E+19
   2.03906250       1.05904674E+19
   2.10937500       1.11817034E+19
   2.17968750       1.17833529E+19
   2.25000000       1.23927979E+19
   2.32031250       1.30086695E+19
   2.39062500       1.36302762E+19
   2.46093750       1.42569330E+19
   2.53125000       1.48869751E+19
   2.60156250       1.55172482E+19
   2.67187500       1.61429484E+19
   2.74218750       1.67582702E+19
   2.81250000       1.73572633E+19
   2.88281250       1.79352315E+19
   2.95312500       1.84897042E+19
   3.02343750       1.90211443E+19
   3.09375000       1.95326503E+19
   3.16406250       2.00292668E+19
   3.23437500       2.05167792E+19
   3.30468750       2.10006765E+19
   3.37500000       2.14851235E+19
   3.44531250       2.19725678E+19
   3.51562500       2.24636823E+19
   3.58593750       2.29579017E+19
   3.65625000       2.34539266E+19
   3.72656250       2.39505452E+19
   3.79687500       2.44471507E+19
   3.86718750       2.49441431E+19
   3.93750000       2.54426793E+19
   4.00781250       2.59442963E+19
   4.07812500       2.64500980E+19
   4.14843750       2.69600933E+19
   4.21875000       2.74723733E+19
   4.28906250       2.79828810E+19
   4.35937500       2.84855073E+19
   4.42968750       2.89730506E+19
   4.50000000       2.94383815E+19
   4.57031250       2.98759761E+19
   4.64062500       3.02830703E+19
   4.71093750       3.06603963E+19
   4.78125000       3.10118464E+19
   4.85156250       3.13436526E+19
   4.92187500       3.16630278E+19
   4.99218750       3.19769383E+19
   5.06250000       3.22907500E+19
   5.13281250       3.26073719E+19
   5.20312500       3.29265140E+19
   5.27343750       3.32446093E+19
   5.34375000       3.35549376E+19
   5.41406250       3.38485820E+19
   5.48437500       3.41158579E+19
   5.55468750       3.43482441E+19
   5.62500000       3.45400671E+19
   5.69531250       3.46896864E+19
   5.76562500       3.47996420E+19
   5.83593750       3.48759547E+19
   5.90625000       3.49263629E+19
   5.97656250       3.49585808E+19
   6.04687500       3.49787326E+19
   6.11718750       3.49908470E+19
   6.18750000       3.49968592E+19
   6.25781250       3.49972990E+19
   6.32812500       3.49918608E+19
   6.39843750       3.49799839E+19
   6.46875000       3.49607974E+19
   6.53906250       3.49331337E+19
   6.60937500       3.48952929E+19
   6.67968750       3.48452387E+19
   6.75000000       3.47806622E+19
   6.82031250       3.46993313E+19
   6.89062500       3.45991526E+19
   6.96093750       3.44784350E+19
   7.03125000       3.43355931E+19
   7.10156250       3.41691050E+19
   7.17187500       3.39772139E+19
   7.24218750       3.37582857E+19
   7.31250000       3.35107615E+19
   7.38281250       3.32334031E+19
   7.45312500       3.29251836E+19
   7.52343750       3.25855444E+19
   7.59375000       3.22143581E+19
   7.66406250       3.18123129E+19
   7.73437500       3.13809876E+19
   7.80468750       3.09231598E+19
   7.87500000       3.04424423E+19
   7.94531250       2.99430419E+19
   8.01562500       2.94290774E+19
   8.08593750       2.89044762E+19
   8.15625000       2.83726777E+19
   8.22656250       2.78368395E+19
   8.29687500       2.72998138E+19
   8.36718750       2.67645957E+19
   8.43750000       2.62342837E+19
   8.50781250       2.57124049E+19
   8.57812500       2.52029594E+19
   8.64843750       2.47109213E+19
   8.71875000       2.42423050E+19
   8.78906250       2.38043872E+19
   8.85937500       2.34051919E+19
   8.92968750       2.30529611E+19
   9.00000000       2.27549693E+19
   9.07031250       2.25166215E+19
   9.14062500       2.23405370E+19
   9.21093750       2.22265594E+19
   9.28125000       2.21718961E+19
   9.35156250       2.21720324E+19
   9.42187500       2.22214269E+19
   9.49218750       2.23146523E+19
   9.56250000       2.24468048E+19
   9.63281250       2.26139679E+19
   9.70312500       2.28129465E+19
   9.77343750       2.30410710E+19
   9.84375000       2.32954496E+19
   9.91406250       2.35725837E+19
   9.98437500       2.38679983E+19
   10.0546875       2.41766114E+19
   10.1250000       2.44931674E+19
   10.1953125       2.48131605E+19
   10.2656250       2.51333229E+19
   10.3359375       2.54521461E+19
   10.4062500       2.57693288E+19
   10.4765625       2.60850953E+19
   10.5468750       2.63987992E+19
   10.6171875       2.67081226E+19
   10.6875000       2.70085026E+19
   10.7578125       2.72937225E+19
   10.8281250       2.75570665E+19
   10.8984375       2.77931691E+19
   10.9687500       2.79991670E+19
   11.0390625       2.81754099E+19
   11.1093750       2.83247587E+19
   11.1796875       2.84515522E+19
   11.2500000       2.85598321E+19
   11.3203125       2.86522747E+19
   11.3906250       2.87294186E+19
   11.4609375       2.87901072E+19
   11.5312500       2.88320206E+19
   11.6015625       2.88526431E+19
   11.6718750       2.88496106E+19
   11.7421875       2.88211421E+19
   11.8125000       2.87656365E+19
   11.8828125       2.86815349E+19
   11.9531250       2.85668162E+19
   12.0234375       2.84192464E+19
   12.0937500       2.82363646E+19
   12.1640625       2.80159851E+19
   12.2343750       2.77563706E+19
   12.3046875       2.74568109E+19
   12.3750000       2.71177347E+19
   12.4453125       2.67410904E+19
   12.5156250       2.63301457E+19
   12.5859375       2.58895208E+19
   12.6562500       2.54244428E+19
   12.7265625       2.49402288E+19
   12.7968750       2.44413496E+19
   12.8671875       2.39312444E+19
   12.9375000       2.34120902E+19
   13.0078125       2.28854021E+19
   13.0781250       2.23524799E+19
   13.1484375       2.18153310E+19
   13.2187500       2.12768496E+19
   13.2890625       2.07410114E+19
   13.3593750       2.02122761E+19
   13.4296875       1.96954198E+19
   13.5000000       1.91949485E+19
   13.5703125       1.87149985E+19
   13.6406250       1.82587562E+19
   13.7109375       1.78283260E+19
   13.7812500       1.74239597E+19
   13.8515625       1.70438893E+19
   13.9218750       1.66839718E+19
   13.9921875       1.63384360E+19
   14.0625000       1.60005088E+19
   14.1328125       1.56637097E+19
   14.2031250       1.53224895E+19
   14.2734375       1.49730999E+19
   14.3437500       1.46135739E+19
   14.4140625       1.42439356E+19
   14.4843750       1.38658191E+19
   14.5546875       1.34825931E+19
   14.6250000       1.30990351E+19
   14.6953125       1.27213704E+19
   14.7656250       1.23566932E+19
   14.8359375       1.20127979E+19
   14.9062500       1.16973766E+19
   14.9765625       1.14176531E+19
   15.0468750       1.11795583E+19
   15.1171875       1.09875395E+19
   15.1875000       1.08439851E+19
   15.2578125       1.07492358E+19
   15.3281250       1.07012718E+19
   15.3984375       1.06960711E+19
   15.4687500       1.07277777E+19
   15.5390625       1.07895934E+19
   15.6093750       1.08744108E+19
   15.6796875       1.09759639E+19
   15.7500000       1.10892213E+19
   15.8203125       1.12107734E+19
   15.8906250       1.13382969E+19
   15.9609375       1.14703450E+19
   16.0312500       1.16057180E+19
   16.1015625       1.17435835E+19
   16.1718750       1.18833271E+19
   16.2421875       1.20248947E+19
   16.3125000       1.21683381E+19
   16.3828125       1.23134032E+19
   16.4531250       1.24583892E+19
   16.5234375       1.25996974E+19
   16.5937500       1.27313980E+19
   16.6640625       1.28459484E+19
   16.7343750       1.29350099E+19
   16.8046875       1.29909036E+19
   16.8750000       1.30073985E+19
   16.9453125       1.29805143E+19
   17.0156250       1.29084061E+19
   17.0859375       1.27915512E+19
   17.1562500       1.26323573E+19
   17.2265625       1.24352819E+19
   17.2968750       1.22064131E+19
   17.3671875       1.19534132E+19
   17.4375000       1.16846508E+19
   17.5078125       1.14084700E+19
   17.5781250       1.11318329E+19
   17.6484375       1.08595762E+19
   17.7187500       1.05936164E+19
   17.7890625       1.03332125E+19
   17.8593750       1.00753594E+19
   17.9296875       9.81612975E+18
   18.0000000       9.55158395E+18
   18.0703125       9.27895895E+18
   18.1406250       8.99691882E+18
   18.2109375       8.70596221E+18
   18.2812500       8.40795992E+18
   18.3515625       8.10594497E+18
   18.4218750       7.80318839E+18
   18.4921875       7.50276553E+18
   18.5625000       7.20661592E+18
   18.6328125       6.91529867E+18
   18.7031250       6.62760760E+18
   18.7734375       6.34118153E+18
   18.8437500       6.05300777E+18
   18.9140625       5.76056132E+18
   18.9843750       5.46230505E+18
   19.0546875       5.15843082E+18
   19.1250000       4.85066047E+18
   19.1953125       4.54227165E+18
   19.2656250       4.23740731E+18
   19.3359375       3.94094214E+18
   19.4062500       3.65785996E+18
   19.4765625       3.39314868E+18
   19.5468750       3.15110659E+18
   19.6171875       2.93512760E+18
   19.6875000       2.74696515E+18
   19.7578125       2.58662035E+18
   19.8281250       2.45194172E+18
   19.8984375       2.33909169E+18
   19.9687500       0.00000000    
   20.0390625       0.00000000    
   20.1093750       0.00000000    
   20.1796875       0.00000000    
   20.2500000       0.00000000    
   20.3203125       0.00000000    
   20.3906250       0.00000000    
   20.4609375       0.00000000    
   20.5312500       0.00000000    
   20.6015625       0.00000000    
   20.6718750       0.00000000    
   20.7421875       0.00000000    
   20.8125000       0.00000000    
   20.8828125       0.00000000    
   20.9531250       0.00000000    
   21.0234375       0.00000000    
   21.0937500       0.00000000    
   21.1640625       0.00000000    
   21.2343750       0.00000000    
   21.3046875       0.00000000    
   21.3750000       0.00000000    
   21.4453125       0.00000000    
   21.5156250       0.00000000    
   21.5859375       0.00000000    
   21.6562500       0.00000000    
   21.7265625       0.00000000    
   21.7968750       0.00000000    
   21.8671875       0.00000000    
   21.9375000       0.00000000    
   22.0078125       0.00000000    
   22.0781250       0.00000000    
   22.1484375       0.00000000    
   22.2187500       0.00000000    
   22.2890625       0.00000000    
   22.3593750       0.00000000    
   22.4296875       0.00000000    
   22.5000000       0.00000000    
   22.5703125       0.00000000    
   22.6406250       0.00000000    
   22.7109375       0.00000000    
   22.7812500       0.00000000    
   22.8515625       0.00000000    
   22.9218750       0.00000000    
   22.9921875       0.00000000    
   23.0625000       0.00000000    
   23.1328125       0.00000000    
   23.2031250       0.00000000    
   23.2734375       0.00000000    
   23.3437500       0.00000000    
   23.4140625       0.00000000    
   23.4843750       0.00000000    
   23.5546875       0.00000000    
   23.6250000       0.00000000    
   23.6953125       0.00000000    
   23.7656250       0.00000000    
   23.8359375       0.00000000    
   23.9062500       0.00000000    
   23.9765625       0.00000000    
   24.0468750       0.00000000    
   24.1171875       0.00000000    
   24.1875000       0.00000000    
   24.2578125       0.00000000    
   24.3281250       0.00000000    
   24.3984375       0.00000000    
   24.4687500       0.00000000    
   24.5390625       0.00000000    
   24.6093750       0.00000000    
   24.6796875       0.00000000    
   24.7500000       0.00000000    
   24.8203125       0.00000000    
   24.8906250       0.00000000    
   24.9609375       0.00000000    
   25.0312500       0.00000000    
   25.1015625       0.00000000    
   25.1718750       0.00000000    
   25.2421875       0.00000000    
   25.3125000       0.00000000    
   25.3828125       0.00000000    
   25.4531250       0.00000000    
   25.5234375       0.00000000    
   25.5937500       0.00000000    
   25.6640625       0.00000000    
   25.7343750       0.00000000    
   25.8046875       0.00000000    
   25.8750000       0.00000000    
   25.9453125       0.00000000    
   26.0156250       0.00000000    
   26.0859375       0.00000000    
   26.1562500       0.00000000    
   26.2265625       0.00000000    
   26.2968750       0.00000000    
   26.3671875       0.00000000    
   26.4375000       0.00000000    
   26.5078125       0.00000000    
   26.5781250       0.00000000    
   26.6484375       0.00000000    
   26.7187500       0.00000000    
   26.7890625       0.00000000    
   26.8593750       0.00000000    
   26.9296875       0.00000000    
   27.0000000       0.00000000    
   27.0703125       0.00000000    
   27.1406250       0.00000000    
   27.2109375       0.00000000    
   27.2812500       0.00000000    
   27.3515625       0.00000000    
   27.4218750       0.00000000    
   27.4921875       0.00000000    
   27.5625000       0.00000000    
   27.6328125       0.00000000    
   27.7031250       0.00000000    
   27.7734375       0.00000000    
   27.8437500       0.00000000    
   27.9140625       0.00000000    
   27.9843750       0.00000000    
   28.0546875       0.00000000    
   28.1250000       0.00000000    
   28.1953125       0.00000000    
   28.2656250       0.00000000    
   28.3359375       0.00000000    
   28.4062500       0.00000000    
   28.4765625       0.00000000    
   28.5468750       0.00000000    
   28.6171875       0.00000000    
   28.6875000       0.00000000    
   28.7578125       0.00000000    
   28.8281250       0.00000000    
   28.8984375       0.00000000    
   28.9687500       0.00000000    
   29.0390625       0.00000000    
   29.1093750       0.00000000    
   29.1796875       0.00000000    
   29.2500000       0.00000000    
   29.3203125       0.00000000    
   29.3906250       0.00000000    
   29.4609375       0.00000000    
   29.5312500       0.00000000    
   29.6015625       0.00000000    
   29.6718750       0.00000000    
   29.7421875       0.00000000    
   29.8125000       0.00000000    
   29.8828125       0.00000000    
   29.9531250       0.00000000    
   30.0234375       0.00000000    
   30.0937500       0.00000000    
   30.1640625       0.00000000    
   30.2343750       0.00000000    
   30.3046875       0.00000000    
   30.3750000       0.00000000    
   30.4453125       0.00000000    
   30.5156250       0.00000000    
   30.5859375       0.00000000    
   30.6562500       0.00000000    
   30.7265625       0.00000000    
   30.7968750       0.00000000    
   30.8671875       0.00000000    
   30.9375000       0.00000000    
   31.0078125       0.00000000    
   31.0781250       0.00000000    
   31.1484375       0.00000000    
   31.2187500       0.00000000    
   31.2890625       0.00000000    
   31.3593750       0.00000000    
   31.4296875       0.00000000    
   31.5000000       0.00000000    
   31.5703125       0.00000000    
   31.6406250       0.00000000    
   31.7109375       0.00000000    
   31.7812500       0.00000000    
   31.8515625       0.00000000    
   31.9218750       0.00000000    
   31.9921875       0.00000000    
   32.0625000       0.00000000    
   32.1328125       0.00000000    
   32.2031250       0.00000000    
   32.2734375       0.00000000    
   32.3437500       0.00000000    
   32.4140625       0.00000000    
   32.4843750       0.00000000    
   32.5546875       0.00000000    
   32.6250000       0.00000000    
   32.6953125       0.00000000    
   32.7656250       0.00000000    
   32.8359375       0.00000000    
   32.9062500       0.00000000    
   32.9765625       0.00000000    
   33.0468750       0.00000000    
   33.1171875       0.00000000    
   33.1875000       0.00000000    
   33.2578125       0.00000000    
   33.3281250       0.00000000    
   33.3984375       0.00000000    
   33.4687500       0.00000000    
   33.5390625       0.00000000    
   33.6093750       0.00000000    
   33.6796875       0.00000000    
   33.7500000       0.00000000    
   33.8203125       0.00000000    
   33.8906250       0.00000000    
   33.9609375       0.00000000    
   34.0312500       0.00000000    
   34.1015625       0.00000000    
   34.1718750       0.00000000    
   34.2421875       0.00000000    
   34.3125000       0.00000000    
   34.3828125       0.00000000    
   34.4531250       0.00000000    
   34.5234375       0.00000000    
   34.5937500       0.00000000    
   34.6640625       0.00000000    
   34.7343750       0.00000000    
   34.8046875       0.00000000    
   34.8750000       0.00000000    
   34.9453125       0.00000000    
   35.0156250       0.00000000    
   35.0859375       0.00000000    
   35.1562500       0.00000000    
   35.2265625       0.00000000    
   35.2968750       0.00000000    
   35.3671875       0.00000000    
   35.4375000       0.00000000    
   35.5078125       0.00000000    
   35.5781250       0.00000000    
   35.6484375       0.00000000    
   35.7187500       0.00000000    
   35.7890625       0.00000000    
   35.8593750       0.00000000    
   35.9296875       0.00000000    
   36.0000000       0.00000000    
   36.0703125       0.00000000    
   36.1406250       0.00000000    
   36.2109375       0.00000000    
   36.2812500       0.00000000    
   36.3515625       0.00000000    
   36.4218750       0.00000000    
   36.4921875       0.00000000    
   36.5625000       0.00000000    
   36.6328125       0.00000000    
   36.7031250       0.00000000    
   36.7734375       0.00000000    
   36.8437500       0.00000000    
   36.9140625       0.00000000    
   36.9843750       0.00000000    
   37.0546875       0.00000000    
   37.1250000       0.00000000    
   37.1953125       0.00000000    
   37.2656250       0.00000000    
   37.3359375       0.00000000    
   37.4062500       0.00000000    
   37.4765625       0.00000000    
   37.5468750       0.00000000    
   37.6171875       0.00000000    
   37.6875000       0.00000000    
   37.7578125       0.00000000    
   37.8281250       0.00000000    
   37.8984375       0.00000000    
   37.9687500       0.00000000    
   38.0390625       0.00000000    
   38.1093750       0.00000000    
   38.1796875       0.00000000    
   38.2500000       0.00000000    
   38.3203125       0.00000000    
   38.3906250       0.00000000    
   38.4609375       0.00000000    
   38.5312500       0.00000000    
   38.6015625       0.00000000    
   38.6718750       0.00000000    
   38.7421875       0.00000000    
   38.8125000       0.00000000    
   38.8828125       0.00000000    
   38.9531250       0.00000000    
   39.0234375       0.00000000    
   39.0937500       0.00000000    
   39.1640625       0.00000000    
   39.2343750       0.00000000    
   39.3046875       0.00000000    
   39.3750000       0.00000000    
   39.4453125       0.00000000    
   39.5156250       0.00000000    
   39.5859375       0.00000000    
   39.6562500       0.00000000    
   39.7265625       0.00000000    
   39.7968750       0.00000000    
   39.8671875       0.00000000    
   39.9375000       0.00000000    
