2009 10 07 22 03 14.0 -13.010 166.510
41. 3.017E+20 7.586 345 42 93 160 48 87
  -1.12500000       0.00000000    
  -1.05468750       7.66116338E+17
 -0.984375000       7.68329655E+17
 -0.914062500       7.71055756E+17
 -0.843750000       7.73653559E+17
 -0.773437500       7.99776718E+17
 -0.703125000       7.99924877E+17
 -0.632812500       7.97679331E+17
 -0.562500000       7.92981530E+17
 -0.492187500       7.85566423E+17
 -0.421875000       7.75121750E+17
 -0.351562500       7.60816485E+17
 -0.281250000       7.42654684E+17
 -0.210937500       7.48276761E+17
 -0.140625000       7.26995508E+17
  -7.03125000E-02   7.08144793E+17
   0.00000000       6.95523637E+17
   7.03125000E-02   6.93417728E+17
  0.140625000       7.01877783E+17
  0.210937500       7.18803596E+17
  0.281250000       7.40276990E+17
  0.351562500       7.64871690E+17
  0.421875000       7.91351985E+17
  0.492187500       8.19455021E+17
  0.562500000       8.48633723E+17
  0.632812500       8.78359364E+17
  0.703125000       9.07313010E+17
  0.773437500       9.37483334E+17
  0.843750000       9.71529780E+17
  0.914062500       1.01168071E+18
  0.984375000       1.05719878E+18
   1.05468750       1.10682592E+18
   1.12500000       1.15962894E+18
   1.19531250       1.21482456E+18
   1.26562500       1.27171906E+18
   1.33593750       1.32965687E+18
   1.40625000       1.38809041E+18
   1.47656250       1.44662497E+18
   1.54687500       1.50513164E+18
   1.61718750       1.56377258E+18
   1.68750000       1.62394376E+18
   1.75781250       1.68740730E+18
   1.82812500       1.75566759E+18
   1.89843750       1.82907992E+18
   1.96875000       1.90765982E+18
   2.03906250       1.99158142E+18
   2.10937500       2.08099192E+18
   2.17968750       2.17583607E+18
   2.25000000       2.27581164E+18
   2.32031250       2.38036901E+18
   2.39062500       2.48881769E+18
   2.46093750       2.60039283E+18
   2.53125000       2.71433632E+18
   2.60156250       2.82988427E+18
   2.67187500       2.94627940E+18
   2.74218750       3.06276935E+18
   2.81250000       3.17870791E+18
   2.88281250       3.29366157E+18
   2.95312500       3.40755091E+18
   3.02343750       3.52068544E+18
   3.09375000       3.63375124E+18
   3.16406250       3.74766422E+18
   3.23437500       3.86343152E+18
   3.30468750       3.98195585E+18
   3.37500000       4.10390599E+18
   3.44531250       4.22956889E+18
   3.51562500       4.35883325E+18
   3.58593750       4.49118532E+18
   3.65625000       4.62583948E+18
   3.72656250       4.76185127E+18
   3.79687500       4.89828197E+18
   3.86718750       5.03430640E+18
   3.93750000       5.16932423E+18
   4.00781250       5.30302485E+18
   4.07812500       5.43542584E+18
   4.14843750       5.56684386E+18
   4.21875000       5.69785947E+18
   4.28906250       5.82922967E+18
   4.35937500       5.96187310E+18
   4.42968750       6.09680407E+18
   4.50000000       6.23512318E+18
   4.57031250       6.37789477E+18
   4.64062500       6.52606550E+18
   4.71093750       6.68028795E+18
   4.78125000       6.84084029E+18
   4.85156250       7.00754055E+18
   4.92187500       7.17980158E+18
   4.99218750       7.35670091E+18
   5.06250000       7.53716045E+18
   5.13281250       7.72006641E+18
   5.20312500       7.90441163E+18
   5.27343750       8.08928682E+18
   5.34375000       8.27387393E+18
   5.41406250       8.45734394E+18
   5.48437500       8.63886781E+18
   5.55468750       8.81761376E+18
   5.62500000       8.99285668E+18
   5.69531250       9.16398357E+18
   5.76562500       9.33052824E+18
   5.83593750       9.49211027E+18
   5.90625000       9.64844543E+18
   5.97656250       9.79931052E+18
   6.04687500       9.94459559E+18
   6.11718750       1.00842918E+19
   6.18750000       1.02185213E+19
   6.25781250       1.03474896E+19
   6.32812500       1.04714673E+19
   6.39843750       1.05907412E+19
   6.46875000       1.07056127E+19
   6.53906250       1.08163687E+19
   6.60937500       1.09232951E+19
   6.67968750       1.10267030E+19
   6.75000000       1.11269895E+19
   6.82031250       1.12246525E+19
   6.89062500       1.13203298E+19
   6.96093750       1.14147493E+19
   7.03125000       1.15087619E+19
   7.10156250       1.16033100E+19
   7.17187500       1.16994975E+19
   7.24218750       1.17985866E+19
   7.31250000       1.19019913E+19
   7.38281250       1.20110716E+19
   7.45312500       1.21269074E+19
   7.52343750       1.22499625E+19
   7.59375000       1.23799160E+19
   7.66406250       1.25155935E+19
   7.73437500       1.26552139E+19
   7.80468750       1.27967189E+19
   7.87500000       1.29382040E+19
   7.94531250       1.30781477E+19
   8.01562500       1.32155283E+19
   8.08593750       1.33496918E+19
   8.15625000       1.34801896E+19
   8.22656250       1.36066092E+19
   8.29687500       1.37285297E+19
   8.36718750       1.38455221E+19
   8.43750000       1.39572446E+19
   8.50781250       1.40634937E+19
   8.57812500       1.41642573E+19
   8.64843750       1.42596609E+19
   8.71875000       1.43499418E+19
   8.78906250       1.44353177E+19
   8.85937500       1.45159163E+19
   8.92968750       1.45916892E+19
   9.00000000       1.46624197E+19
   9.07031250       1.47277076E+19
   9.14062500       1.47870559E+19
   9.21093750       1.48399369E+19
   9.28125000       1.48859262E+19
   9.35156250       1.49248841E+19
   9.42187500       1.49571833E+19
   9.49218750       1.49838960E+19
   9.56250000       1.50068571E+19
   9.63281250       1.50284625E+19
   9.70312500       1.50513158E+19
   9.77343750       1.50777085E+19
   9.84375000       1.51092304E+19
   9.91406250       1.51464544E+19
   9.98437500       1.51889725E+19
   10.0546875       1.52354928E+19
   10.1250000       1.52841682E+19
   10.1953125       1.53328832E+19
   10.2656250       1.53795497E+19
   10.3359375       1.54223537E+19
   10.4062500       1.54599625E+19
   10.4765625       1.54916504E+19
   10.5468750       1.55174318E+19
   10.6171875       1.55380509E+19
   10.6875000       1.55548966E+19
   10.7578125       1.55697213E+19
   10.8281250       1.55843382E+19
   10.8984375       1.56002426E+19
   10.9687500       1.56183791E+19
   11.0390625       1.56389784E+19
   11.1093750       1.56615415E+19
   11.1796875       1.56849413E+19
   11.2500000       1.57076957E+19
   11.3203125       1.57282555E+19
   11.3906250       1.57454001E+19
   11.4609375       1.57585811E+19
   11.5312500       1.57681974E+19
   11.6015625       1.57756664E+19
   11.6718750       1.57833465E+19
   11.7421875       1.57942086E+19
   11.8125000       1.58113675E+19
   11.8828125       1.58375183E+19
   11.9531250       1.58744322E+19
   12.0234375       1.59226249E+19
   12.0937500       1.59813399E+19
   12.1640625       1.60487411E+19
   12.2343750       1.61223182E+19
   12.3046875       1.61992895E+19
   12.3750000       1.62769733E+19
   12.4453125       1.63530123E+19
   12.5156250       1.64255459E+19
   12.5859375       1.64932868E+19
   12.6562500       1.65556138E+19
   12.7265625       1.66125410E+19
   12.7968750       1.66646908E+19
   12.8671875       1.67131496E+19
   12.9375000       1.67592818E+19
   13.0078125       1.68045344E+19
   13.0781250       1.68502202E+19
   13.1484375       1.68973991E+19
   13.2187500       1.69468255E+19
   13.2890625       1.69989379E+19
   13.3593750       1.70539553E+19
   13.4296875       1.71118941E+19
   13.5000000       1.71726432E+19
   13.5703125       1.72359828E+19
   13.6406250       1.73016445E+19
   13.7109375       1.73693337E+19
   13.7812500       1.74387767E+19
   13.8515625       1.75096908E+19
   13.9218750       1.75818374E+19
   13.9921875       1.76550495E+19
   14.0625000       1.77293523E+19
   14.1328125       1.78049657E+19
   14.2031250       1.78823076E+19
   14.2734375       1.79618408E+19
   14.3437500       1.80439611E+19
   14.4140625       1.81288203E+19
   14.4843750       1.82162941E+19
   14.5546875       1.83059538E+19
   14.6250000       1.83971913E+19
   14.6953125       1.84893787E+19
   14.7656250       1.85821401E+19
   14.8359375       1.86754821E+19
   14.9062500       1.87698861E+19
   14.9765625       1.88661000E+19
   15.0468750       1.89648779E+19
   15.1171875       1.90666069E+19
   15.1875000       1.91711221E+19
   15.2578125       1.92776230E+19
   15.3281250       1.93848760E+19
   15.3984375       1.94913857E+19
   15.4687500       1.95956941E+19
   15.5390625       1.96965260E+19
   15.6093750       1.97929421E+19
   15.6796875       1.98843423E+19
   15.7500000       1.99704825E+19
   15.8203125       2.00514329E+19
   15.8906250       2.01275301E+19
   15.9609375       2.01993414E+19
   16.0312500       2.02677069E+19
   16.1015625       2.03336995E+19
   16.1718750       2.03986565E+19
   16.2421875       2.04640466E+19
   16.3125000       2.05313368E+19
   16.3828125       2.06017583E+19
   16.4531250       2.06760853E+19
   16.5234375       2.07544277E+19
   16.5937500       2.08361544E+19
   16.6640625       2.09198668E+19
   16.7343750       2.10034912E+19
   16.8046875       2.10844659E+19
   16.8750000       2.11599407E+19
   16.9453125       2.12269362E+19
   17.0156250       2.12825583E+19
   17.0859375       2.13240824E+19
   17.1562500       2.13491733E+19
   17.2265625       2.13560364E+19
   17.2968750       2.13436735E+19
   17.3671875       2.13121066E+19
   17.4375000       2.12625824E+19
   17.5078125       2.11976188E+19
   17.5781250       2.11209323E+19
   17.6484375       2.10370857E+19
   17.7187500       2.09509962E+19
   17.7890625       2.08673233E+19
   17.8593750       2.07898627E+19
   17.9296875       2.07210861E+19
   18.0000000       2.06618906E+19
   18.0703125       2.06115791E+19
   18.1406250       2.05680736E+19
   18.2109375       2.05282405E+19
   18.2812500       2.04882997E+19
   18.3515625       2.04442224E+19
   18.4218750       2.03921298E+19
   18.4921875       2.03285956E+19
   18.5625000       2.02509723E+19
   18.6328125       2.01575622E+19
   18.7031250       2.00477474E+19
   18.7734375       1.99218951E+19
   18.8437500       1.97811884E+19
   18.9140625       1.96273359E+19
   18.9843750       1.94622244E+19
   19.0546875       1.92875912E+19
   19.1250000       1.91047732E+19
   19.1953125       1.89145335E+19
   19.2656250       1.87171316E+19
   19.3359375       1.85124575E+19
   19.4062500       1.83003034E+19
   19.4765625       1.80806188E+19
   19.5468750       1.78537423E+19
   19.6171875       1.76204479E+19
   19.6875000       1.73820056E+19
   19.7578125       1.71400284E+19
   19.8281250       1.68963722E+19
   19.8984375       1.66529161E+19
   19.9687500       1.64113908E+19
   20.0390625       1.61731871E+19
   20.1093750       1.59392946E+19
   20.1796875       1.57102246E+19
   20.2500000       1.54860990E+19
   20.3203125       1.52667431E+19
   20.3906250       1.50517930E+19
   20.4609375       1.48407725E+19
   20.5312500       1.46331573E+19
   20.6015625       1.44283578E+19
   20.6718750       1.42257178E+19
   20.7421875       1.40244841E+19
   20.8125000       1.38238463E+19
   20.8828125       1.36229788E+19
   20.9531250       1.34211414E+19
   21.0234375       1.32177406E+19
   21.0937500       1.30123639E+19
   21.1640625       1.28047486E+19
   21.2343750       1.25946935E+19
   21.3046875       1.23819435E+19
   21.3750000       1.21661313E+19
   21.4453125       1.19467304E+19
   21.5156250       1.17231293E+19
   21.5859375       1.14947432E+19
   21.6562500       1.12611761E+19
   21.7265625       1.10223886E+19
   21.7968750       1.07788171E+19
   21.8671875       1.05314269E+19
   21.9375000       1.02816619E+19
   22.0078125       1.00312910E+19
   22.0781250       9.78218563E+18
   22.1484375       9.53607534E+18
   22.2187500       9.29436420E+18
   22.2890625       9.05802693E+18
   22.3593750       8.82758523E+18
   22.4296875       8.60315787E+18
   22.5000000       8.38455682E+18
   22.5703125       8.17139120E+18
   22.6406250       7.96318108E+18
   22.7109375       7.75939979E+18
   22.7812500       7.55949538E+18
   22.8515625       7.36283563E+18
   22.9218750       7.16862175E+18
   22.9921875       6.97581909E+18
   23.0625000       6.78312528E+18
   23.1328125       6.58900100E+18
   23.2031250       6.39177830E+18
   23.2734375       6.18979911E+18
   23.3437500       5.98156865E+18
   23.4140625       5.76592529E+18
   23.4843750       5.54215268E+18
   23.5546875       5.31004468E+18
   23.6250000       5.06992123E+18
   23.6953125       4.82258389E+18
   23.7656250       4.56924350E+18
   23.8359375       4.31144293E+18
   23.9062500       3.93882696E+18
   23.9765625       3.69931512E+18
   24.0468750       3.35423064E+18
   24.1171875       3.15249692E+18
   24.1875000       2.95966045E+18
   24.2578125       2.66757052E+18
   24.3281250       2.53455710E+18
   24.3984375       2.31404949E+18
   24.4687500       2.10981026E+18
   24.5390625       2.04189260E+18
   24.6093750       1.98281804E+18
   24.6796875       1.93161007E+18
   24.7500000       1.88692633E+18
   24.8203125       1.84715177E+18
   24.8906250       1.81038108E+18
   24.9609375       1.77463706E+18
   25.0312500       1.73794704E+18
   25.1015625       1.48520739E+18
   25.1718750       1.45390594E+18
   25.2421875       1.41865656E+18
   25.3125000       1.37934366E+18
   25.3828125       1.33624033E+18
   25.4531250       1.28992876E+18
   25.5234375       1.24127414E+18
   25.5937500       1.08393629E+18
   25.6640625       1.04552966E+18
   25.7343750       1.00811617E+18
   25.8046875       9.72201032E+17
   25.8750000       9.37987941E+17
   25.9453125       9.05393125E+17
   26.0156250       8.74061716E+17
   26.0859375       8.43518589E+17
   26.1562500       8.13260716E+17
   26.2265625       7.82917356E+17
   26.2968750       6.59038061E+17
   26.3671875       6.39726858E+17
   26.4375000       6.20183176E+17
   26.5078125       4.83927606E+17
   26.5781250       4.71287174E+17
   26.6484375       4.59088367E+17
   26.7187500       4.47742610E+17
   26.7890625       4.37599924E+17
   26.8593750       3.23607403E+17
   26.9296875       3.18279617E+17
   27.0000000       3.14647998E+17
   27.0703125       3.12632353E+17
   27.1406250       3.12043221E+17
   27.2109375       3.12578408E+17
   27.2812500       3.13822987E+17
   27.3515625       3.15264137E+17
   27.4218750       3.16318672E+17
   27.4921875       3.16379764E+17
   27.5625000       3.14869722E+17
   27.6328125       3.11300192E+17
   27.7031250       3.05323865E+17
   27.7734375       2.96778770E+17
   27.8437500       2.85707237E+17
   27.9140625       2.72354906E+17
   27.9843750       2.57142527E+17
   28.0546875       2.40623241E+17
   28.1250000       2.23420557E+17
   28.1953125       1.15396142E+17
   28.2656250       1.11524787E+17
   28.3359375       1.07244406E+17
   28.4062500       1.02689361E+17
   28.4765625       9.80327488E+16
   28.5468750       0.00000000    
   28.6171875       0.00000000    
   28.6875000       0.00000000    
   28.7578125       0.00000000    
   28.8281250       0.00000000    
   28.8984375       0.00000000    
   28.9687500       0.00000000    
   29.0390625       0.00000000    
   29.1093750       0.00000000    
   29.1796875       0.00000000    
   29.2500000       0.00000000    
   29.3203125       0.00000000    
   29.3906250       0.00000000    
   29.4609375       0.00000000    
   29.5312500       0.00000000    
   29.6015625       0.00000000    
   29.6718750       0.00000000    
   29.7421875       0.00000000    
   29.8125000       0.00000000    
   29.8828125       0.00000000    
   29.9531250       0.00000000    
   30.0234375       0.00000000    
   30.0937500       0.00000000    
   30.1640625       0.00000000    
