1998 03 25 03 12 25.0 -62.880 149.530
12. 3.676E+21 8.310 90 70 -27 190 65 -157
  -1.12500000       0.00000000    
  -1.05468750       0.00000000    
 -0.984375000       0.00000000    
 -0.914062500       0.00000000    
 -0.843750000       0.00000000    
 -0.773437500       0.00000000    
 -0.703125000       0.00000000    
 -0.632812500       0.00000000    
 -0.562500000       0.00000000    
 -0.492187500       0.00000000    
 -0.421875000       0.00000000    
 -0.351562500       0.00000000    
 -0.281250000       0.00000000    
 -0.210937500       0.00000000    
 -0.140625000       0.00000000    
  -7.03125000E-02   0.00000000    
   0.00000000       0.00000000    
   7.03125000E-02   0.00000000    
  0.140625000       0.00000000    
  0.210937500       0.00000000    
  0.281250000       0.00000000    
  0.351562500       0.00000000    
  0.421875000       0.00000000    
  0.492187500       0.00000000    
  0.562500000       0.00000000    
  0.632812500       0.00000000    
  0.703125000       0.00000000    
  0.773437500       0.00000000    
  0.843750000       0.00000000    
  0.914062500       0.00000000    
  0.984375000       0.00000000    
   1.05468750       0.00000000    
   1.12500000       0.00000000    
   1.19531250       0.00000000    
   1.26562500       0.00000000    
   1.33593750       0.00000000    
   1.40625000       0.00000000    
   1.47656250       0.00000000    
   1.54687500       0.00000000    
   1.61718750       0.00000000    
   1.68750000       0.00000000    
   1.75781250       0.00000000    
   1.82812500       0.00000000    
   1.89843750       0.00000000    
   1.96875000       0.00000000    
   2.03906250       0.00000000    
   2.10937500       0.00000000    
   2.17968750       0.00000000    
   2.25000000       0.00000000    
   2.32031250       0.00000000    
   2.39062500       0.00000000    
   2.46093750       0.00000000    
   2.53125000       0.00000000    
   2.60156250       0.00000000    
   2.67187500       0.00000000    
   2.74218750       0.00000000    
   2.81250000       0.00000000    
   2.88281250       0.00000000    
   2.95312500       0.00000000    
   3.02343750       0.00000000    
   3.09375000       0.00000000    
   3.16406250       0.00000000    
   3.23437500       0.00000000    
   3.30468750       0.00000000    
   3.37500000       0.00000000    
   3.44531250       0.00000000    
   3.51562500       0.00000000    
   3.58593750       0.00000000    
   3.65625000       0.00000000    
   3.72656250       0.00000000    
   3.79687500       0.00000000    
   3.86718750       0.00000000    
   3.93750000       0.00000000    
   4.00781250       0.00000000    
   4.07812500       0.00000000    
   4.14843750       0.00000000    
   4.21875000       0.00000000    
   4.28906250       0.00000000    
   4.35937500       0.00000000    
   4.42968750       0.00000000    
   4.50000000       0.00000000    
   4.57031250       0.00000000    
   4.64062500       0.00000000    
   4.71093750       0.00000000    
   4.78125000       0.00000000    
   4.85156250       0.00000000    
   4.92187500       0.00000000    
   4.99218750       0.00000000    
   5.06250000       0.00000000    
   5.13281250       0.00000000    
   5.20312500       0.00000000    
   5.27343750       0.00000000    
   5.34375000       0.00000000    
   5.41406250       0.00000000    
   5.48437500       0.00000000    
   5.55468750       0.00000000    
   5.62500000       0.00000000    
   5.69531250       0.00000000    
   5.76562500       0.00000000    
   5.83593750       0.00000000    
   5.90625000       0.00000000    
   5.97656250       0.00000000    
   6.04687500       0.00000000    
   6.11718750       0.00000000    
   6.18750000       0.00000000    
   6.25781250       0.00000000    
   6.32812500       6.29351866E+16
   6.39843750       2.83391872E+17
   6.46875000       7.31252817E+17
   6.53906250       1.39437371E+18
   6.60937500       2.21538852E+18
   6.67968750       3.15246806E+18
   6.75000000       4.17712824E+18
   6.82031250       5.27070030E+18
   6.89062500       6.42090656E+18
   6.96093750       7.61839952E+18
   7.03125000       8.85469754E+18
   7.10156250       1.01210584E+19
   7.17187500       1.14086536E+19
   7.24218750       1.27086535E+19
   7.31250000       1.40126182E+19
   7.38281250       1.53124839E+19
   7.45312500       1.66007355E+19
   7.52343750       1.78698347E+19
   7.59375000       1.91119772E+19
   7.66406250       2.03187858E+19
   7.73437500       2.14821614E+19
   7.80468750       2.25948320E+19
   7.87500000       2.36510669E+19
   7.94531250       2.46463118E+19
   8.01562500       2.55768967E+19
   8.08593750       2.64390721E+19
   8.15625000       2.72285412E+19
   8.22656250       2.79401254E+19
   8.29687500       2.85683511E+19
   8.36718750       2.91081674E+19
   8.43750000       2.95562535E+19
   8.50781250       2.99117103E+19
   8.57812500       3.01766464E+19
   8.64843750       3.03554182E+19
   8.71875000       3.04537365E+19
   8.78906250       3.04771187E+19
   8.85937500       3.04300904E+19
   8.92968750       3.03154135E+19
   9.00000000       3.01344339E+19
   9.07031250       2.98878706E+19
   9.14062500       2.95774587E+19
   9.21093750       2.92070311E+19
   9.28125000       2.87834288E+19
   9.35156250       2.83164662E+19
   9.42187500       2.78189900E+19
   9.49218750       2.73061624E+19
   9.56250000       2.67947729E+19
   9.63281250       2.63018267E+19
   9.70312500       2.58434667E+19
   9.77343750       2.54336919E+19
   9.84375000       2.50838581E+19
   9.91406250       2.48022335E+19
   9.98437500       2.45943181E+19
   10.0546875       2.44627131E+19
   10.1250000       2.44072978E+19
   10.1953125       2.44251582E+19
   10.2656250       2.45113094E+19
   10.3359375       2.46596225E+19
   10.4062500       2.48645231E+19
   10.4765625       2.51221980E+19
   10.5468750       2.54313851E+19
   10.6171875       2.57925285E+19
   10.6875000       2.62063275E+19
   10.7578125       2.66720366E+19
   10.8281250       2.71870699E+19
   10.8984375       2.77472732E+19
   10.9687500       2.83484906E+19
   11.0390625       2.89879160E+19
   11.1093750       2.96656989E+19
   11.1796875       3.03852853E+19
   11.2500000       3.11530633E+19
   11.3203125       3.19767536E+19
   11.3906250       3.28637121E+19
   11.4609375       3.38188248E+19
   11.5312500       3.48431167E+19
   11.6015625       3.59325458E+19
   11.6718750       3.70780346E+19
   11.7421875       3.82658722E+19
   11.8125000       3.94793460E+19
   11.8828125       4.07003932E+19
   11.9531250       4.19118967E+19
   12.0234375       4.30990438E+19
   12.0937500       4.42506195E+19
   12.1640625       4.53591164E+19
   12.2343750       4.64205629E+19
   12.3046875       4.74331295E+19
   12.3750000       4.83957388E+19
   12.4453125       4.93067017E+19
   12.5156250       5.01635072E+19
   12.5859375       5.09625003E+19
   12.6562500       5.16988564E+19
   12.7265625       5.23660972E+19
   12.7968750       5.29567197E+19
   12.8671875       5.34629657E+19
   12.9375000       5.38785239E+19
   13.0078125       5.41994185E+19
   13.0781250       5.44248888E+19
   13.1484375       5.45567818E+19
   13.2187500       5.45987744E+19
   13.2890625       5.45548643E+19
   13.3593750       5.44284468E+19
   13.4296875       5.42213428E+19
   13.5000000       5.39335786E+19
   13.5703125       5.35633775E+19
   13.6406250       5.31082104E+19
   13.7109375       5.25661864E+19
   13.7812500       5.19375956E+19
   13.8515625       5.12257630E+19
   13.9218750       5.04373779E+19
   13.9921875       4.95818919E+19
   14.0625000       4.86707134E+19
   14.1328125       4.77160339E+19
   14.2031250       4.67302777E+19
   14.2734375       4.57254868E+19
   14.3437500       4.47132104E+19
   14.4140625       4.37045053E+19
   14.4843750       4.27106303E+19
   14.5546875       4.17435483E+19
   14.6250000       4.08164357E+19
   14.6953125       3.99436170E+19
   14.7656250       3.91403138E+19
   14.8359375       3.84217609E+19
   14.9062500       3.78022917E+19
   14.9765625       3.72942337E+19
   15.0468750       3.69073288E+19
   15.1171875       3.66482091E+19
   15.1875000       3.65203271E+19
   15.2578125       3.65235047E+19
   15.3281250       3.66538188E+19
   15.3984375       3.69033354E+19
   15.4687500       3.72609097E+19
   15.5390625       3.77136271E+19
   15.6093750       3.82492695E+19
   15.6796875       3.88580823E+19
   15.7500000       3.95336663E+19
   15.8203125       4.02721730E+19
   15.8906250       4.10710210E+19
   15.9609375       4.19274086E+19
   16.0312500       4.28376899E+19
   16.1015625       4.37971193E+19
   16.1718750       4.48003050E+19
   16.2421875       4.58413666E+19
   16.3125000       4.69140721E+19
   16.3828125       4.80114990E+19
   16.4531250       4.91258365E+19
   16.5234375       5.02479717E+19
   16.5937500       5.13675252E+19
   16.6640625       5.24728818E+19
   16.7343750       5.35518326E+19
   16.8046875       5.45917815E+19
   16.8750000       5.55802424E+19
   16.9453125       5.65050636E+19
   17.0156250       5.73553512E+19
   17.0859375       5.81223045E+19
   17.1562500       5.88000127E+19
   17.2265625       5.93854542E+19
   17.2968750       5.98781454E+19
   17.3671875       6.02787986E+19
   17.4375000       6.05881309E+19
   17.5078125       6.08057286E+19
   17.5781250       6.09304352E+19
   17.6484375       6.09611864E+19
   17.7187500       6.08989100E+19
   17.7890625       6.07475820E+19
   17.8593750       6.05151101E+19
   17.9296875       6.02126916E+19
   18.0000000       5.98536351E+19
   18.0703125       5.94512446E+19
   18.1406250       5.90174653E+19
   18.2109375       5.85616869E+19
   18.2812500       5.80904802E+19
   18.3515625       5.76078386E+19
   18.4218750       5.71162074E+19
   18.4921875       5.66175789E+19
   18.5625000       5.61144599E+19
   18.6328125       5.56099600E+19
   18.7031250       5.51078131E+19
   18.7734375       5.46118981E+19
   18.8437500       5.41259008E+19
   18.9140625       5.36527238E+19
   18.9843750       5.31942362E+19
   19.0546875       5.27510978E+19
   19.1250000       5.23230931E+19
   19.1953125       5.19095009E+19
   19.2656250       5.15097052E+19
   19.3359375       5.11233017E+19
   19.4062500       5.07498679E+19
   19.4765625       5.03883969E+19
   19.5468750       5.00373096E+19
   19.6171875       4.96949657E+19
   19.6875000       4.93609516E+19
   19.7578125       4.90370311E+19
   19.8281250       4.87278397E+19
   19.8984375       4.84400755E+19
   19.9687500       4.81810789E+19
   20.0390625       4.79566070E+19
   20.1093750       4.77692898E+19
   20.1796875       4.76179091E+19
   20.2500000       4.74980843E+19
   20.3203125       4.74036890E+19
   20.3906250       4.73286407E+19
   20.4609375       4.72679961E+19
   20.5312500       4.72182982E+19
   20.6015625       4.71771368E+19
   20.6718750       4.71431751E+19
   20.7421875       4.71163998E+19
   20.8125000       4.70988252E+19
   20.8828125       4.70946251E+19
   20.9531250       4.71096664E+19
   21.0234375       4.71502296E+19
   21.0937500       4.72218034E+19
   21.1640625       4.73281614E+19
   21.2343750       4.74714849E+19
   21.3046875       4.76526844E+19
   21.3750000       4.78716675E+19
   21.4453125       4.81269566E+19
   21.5156250       4.84151649E+19
   21.5859375       4.87304257E+19
   21.6562500       4.90644354E+19
   21.7265625       4.94071311E+19
   21.7968750       4.97481601E+19
   21.8671875       5.00782994E+19
   21.9375000       5.03903188E+19
   22.0078125       5.06786328E+19
   22.0781250       5.09387069E+19
   22.1484375       5.11659451E+19
   22.2187500       5.13552063E+19
   22.2890625       5.15003594E+19
   22.3593750       5.15944556E+19
   22.4296875       5.16300402E+19
   22.5000000       5.15999356E+19
   22.5703125       5.14979668E+19
   22.6406250       5.13200087E+19
   22.7109375       5.10644822E+19
   22.7812500       5.07327727E+19
   22.8515625       5.03290980E+19
   22.9218750       4.98601959E+19
   22.9921875       4.93342863E+19
   23.0625000       4.87596419E+19
   23.1328125       4.81429435E+19
   23.2031250       4.74883338E+19
   23.2734375       4.67973479E+19
   23.3437500       4.60700562E+19
   23.4140625       4.53065421E+19
   23.4843750       4.45086925E+19
   23.5546875       4.36811649E+19
   23.6250000       4.28314315E+19
   23.6953125       4.19688162E+19
   23.7656250       4.11033422E+19
   23.8359375       4.02447952E+19
   23.9062500       3.94022086E+19
   23.9765625       3.85834463E+19
   24.0468750       3.77948150E+19
   24.1171875       3.70405984E+19
   24.1875000       3.63230329E+19
   24.2578125       3.56428816E+19
   24.3281250       3.50007800E+19
   24.3984375       3.43985665E+19
   24.4687500       3.38400740E+19
   24.5390625       3.33306768E+19
   24.6093750       3.28760288E+19
   24.6796875       3.24801672E+19
   24.7500000       3.21439827E+19
   24.8203125       3.18645331E+19
   24.8906250       3.16359710E+19
   24.9609375       3.14512640E+19
   25.0312500       3.13041912E+19
   25.1015625       3.11904951E+19
   25.1718750       3.11083527E+19
   25.2421875       3.10580215E+19
   25.3125000       3.10411792E+19
   25.3828125       3.10599874E+19
   25.4531250       3.11162890E+19
   25.5234375       3.12107107E+19
   25.5937500       3.13421419E+19
   25.6640625       3.15073765E+19
   25.7343750       3.17017284E+19
   25.8046875       3.19201816E+19
   25.8750000       3.21591868E+19
   25.9453125       3.24179063E+19
   26.0156250       3.26985742E+19
   26.0859375       3.30052830E+19
   26.1562500       3.33419666E+19
   26.2265625       3.37101975E+19
   26.2968750       3.41081393E+19
   26.3671875       3.45305761E+19
   26.4375000       3.49703961E+19
   26.5078125       3.54206593E+19
   26.5781250       3.58767456E+19
   26.6484375       3.63371748E+19
   26.7187500       3.68028268E+19
   26.7890625       3.72744645E+19
   26.8593750       3.77502804E+19
   26.9296875       3.82240248E+19
   27.0000000       3.86849312E+19
   27.0703125       3.91188645E+19
   27.1406250       3.95107216E+19
   27.2109375       3.98471238E+19
   27.2812500       4.01189803E+19
   27.3515625       4.03231640E+19
   27.4218750       4.04628679E+19
   27.4921875       4.05463297E+19
   27.5625000       4.05843728E+19
   27.6328125       4.05870292E+19
   27.7031250       4.05605178E+19
   27.7734375       4.05050144E+19
   27.8437500       4.04144982E+19
   27.9140625       4.02785766E+19
   27.9843750       4.00863248E+19
   28.0546875       3.98303893E+19
   28.1250000       3.95099872E+19
   28.1953125       3.91316320E+19
   28.2656250       3.87079198E+19
   28.3359375       3.82547847E+19
   28.4062500       3.77884510E+19
   28.4765625       3.73226583E+19
   28.5468750       3.68672208E+19
   28.6171875       3.64276449E+19
   28.6875000       3.60060041E+19
   28.7578125       3.56021931E+19
   28.8281250       3.52158753E+19
   28.8984375       3.48483789E+19
   28.9687500       3.45046848E+19
   29.0390625       3.41943718E+19
   29.1093750       3.39314082E+19
   29.1796875       3.37321811E+19
   29.2500000       3.36124883E+19
   29.3203125       3.35841605E+19
   29.3906250       3.36527062E+19
   29.4609375       3.38162278E+19
   29.5312500       3.40660742E+19
   29.6015625       3.43886247E+19
   29.6718750       3.47679497E+19
   29.7421875       3.51881060E+19
   29.8125000       3.56347496E+19
   29.8828125       3.60956781E+19
   29.9531250       3.65611014E+19
   30.0234375       3.70234416E+19
   30.0937500       3.74769814E+19
   30.1640625       3.79170059E+19
   30.2343750       3.83390337E+19
   30.3046875       3.87381652E+19
   30.3750000       3.91091624E+19
   30.4453125       3.94469104E+19
   30.5156250       3.97475565E+19
   30.5859375       4.00093194E+19
   30.6562500       4.02328281E+19
   30.7265625       4.04203652E+19
   30.7968750       4.05746267E+19
   30.8671875       4.06973850E+19
   30.9375000       4.07893657E+19
   31.0078125       4.08511846E+19
   31.0781250       4.08855114E+19
   31.1484375       4.08988243E+19
   31.2187500       4.09023251E+19
   31.2890625       4.09107078E+19
   31.3593750       4.09395326E+19
   31.4296875       4.10015363E+19
   31.5000000       4.11033642E+19
   31.5703125       4.12437323E+19
   31.6406250       4.14139191E+19
   31.7109375       4.16001632E+19
   31.7812500       4.17872121E+19
   31.8515625       4.19615067E+19
   31.9218750       4.21136263E+19
   31.9921875       4.22391641E+19
   32.0625000       4.23384061E+19
   32.1328125       4.24147078E+19
   32.2031250       4.24725729E+19
   32.2734375       4.25154011E+19
   32.3437500       4.25440147E+19
   32.4140625       4.25558719E+19
   32.4843750       4.25457828E+19
   32.5546875       4.25076121E+19
   32.6250000       4.24366408E+19
   32.6953125       4.23312636E+19
   32.7656250       4.21935696E+19
   32.8359375       4.20282074E+19
   32.9062500       4.18402833E+19
   32.9765625       4.16331969E+19
   33.0468750       4.14078630E+19
   33.1171875       4.11632700E+19
   33.1875000       4.08980898E+19
   33.2578125       4.06121904E+19
   33.3281250       4.03076389E+19
   33.3984375       3.99886881E+19
   33.4687500       3.96609457E+19
   33.5390625       3.93302830E+19
   33.6093750       3.90022503E+19
   33.6796875       3.86821605E+19
   33.7500000       3.83755331E+19
   33.8203125       3.80882351E+19
   33.8906250       3.78261863E+19
   33.9609375       3.75947083E+19
   34.0312500       3.73980408E+19
   34.1015625       3.72392362E+19
   34.1718750       3.71208847E+19
   34.2421875       3.70461267E+19
   34.3125000       3.70196065E+19
   34.3828125       3.70475561E+19
   34.4531250       3.71369728E+19
   34.5234375       3.72937236E+19
   34.5937500       3.75204517E+19
   34.6640625       3.78148921E+19
   34.7343750       3.81695418E+19
   34.8046875       3.85723544E+19
   34.8750000       3.90082404E+19
   34.9453125       3.94606807E+19
   35.0156250       3.99136047E+19
   35.0859375       4.03529432E+19
   35.1562500       4.07678637E+19
   35.2265625       4.11509423E+19
   35.2968750       4.14975392E+19
   35.3671875       4.18043073E+19
   35.4375000       4.20674116E+19
   35.5078125       4.22811127E+19
   35.5781250       4.24375776E+19
   35.6484375       4.25279971E+19
   35.7187500       4.25447272E+19
   35.7890625       4.24835328E+19
   35.8593750       4.23450383E+19
   35.9296875       4.21347897E+19
   36.0000000       4.18620493E+19
   36.0703125       4.15379528E+19
   36.1406250       4.11740584E+19
   36.2109375       4.07817659E+19
   36.2812500       4.03725936E+19
   36.3515625       3.99588430E+19
   36.4218750       3.95540732E+19
   36.4921875       3.91728329E+19
   36.5625000       3.88295390E+19
   36.6328125       3.85367830E+19
   36.7031250       3.83038713E+19
   36.7734375       3.81359935E+19
   36.8437500       3.80342139E+19
   36.9140625       3.79959113E+19
   36.9843750       3.80156453E+19
   37.0546875       3.80859833E+19
   37.1250000       3.81982610E+19
   37.1953125       3.83432162E+19
   37.2656250       3.85116658E+19
   37.3359375       3.86950028E+19
   37.4062500       3.88853898E+19
   37.4765625       3.90754514E+19
   37.5468750       3.92580011E+19
   37.6171875       3.94258525E+19
   37.6875000       3.95724306E+19
   37.7578125       3.96924137E+19
   37.8281250       3.97826573E+19
   37.8984375       3.98420309E+19
   37.9687500       3.98705962E+19
   38.0390625       3.98680409E+19
   38.1093750       3.98326279E+19
   38.1796875       3.97610013E+19
   38.2500000       3.96490270E+19
   38.3203125       3.94932438E+19
   38.3906250       3.92924202E+19
   38.4609375       3.90483638E+19
   38.5312500       3.87656134E+19
   38.6015625       3.84500712E+19
   38.6718750       3.81075117E+19
   38.7421875       3.77425002E+19
   38.8125000       3.73583045E+19
   38.8828125       3.69574709E+19
   38.9531250       3.65429397E+19
   39.0234375       3.61188448E+19
   39.0937500       3.56906862E+19
   39.1640625       3.52645287E+19
   39.2343750       3.48459468E+19
   39.3046875       3.44393738E+19
   39.3750000       3.40484622E+19
   39.4453125       3.36771088E+19
   39.5156250       3.33305405E+19
   39.5859375       3.30155238E+19
   39.6562500       3.27394079E+19
   39.7265625       3.25084928E+19
   39.7968750       3.23266622E+19
   39.8671875       3.21947098E+19
   39.9375000       3.21102783E+19
   40.0078125       3.20679273E+19
   40.0781250       3.20592918E+19
   40.1484375       3.20732688E+19
   40.2187500       3.20965432E+19
   40.2890625       3.21145356E+19
   40.3593750       3.21130095E+19
   40.4296875       3.20798306E+19
   40.5000000       3.20064888E+19
   40.5703125       3.18887993E+19
   40.6406250       3.17269666E+19
   40.7109375       3.15249973E+19
   40.7812500       3.12898513E+19
   40.8515625       3.10304040E+19
   40.9218750       3.07563463E+19
   40.9921875       3.04769560E+19
   41.0625000       3.01997273E+19
   41.1328125       2.99291111E+19
   41.2031250       2.96658946E+19
   41.2734375       2.94076370E+19
   41.3437500       2.91503270E+19
   41.4140625       2.88906642E+19
   41.4843750       2.86281272E+19
   41.5546875       2.83657485E+19
   41.6250000       2.81090412E+19
   41.6953125       2.78634586E+19
   41.7656250       2.76316266E+19
   41.8359375       2.74115242E+19
   41.9062500       2.71962794E+19
   41.9765625       2.69756426E+19
   42.0468750       2.67385593E+19
   42.1171875       2.64759343E+19
   42.1875000       2.61827210E+19
   42.2578125       2.58587938E+19
   42.3281250       2.55086082E+19
   42.3984375       2.51399969E+19
   42.4687500       2.47625390E+19
   42.5390625       2.43857539E+19
   42.6093750       2.40175121E+19
   42.6796875       2.36629680E+19
   42.7500000       2.33243822E+19
   42.8203125       2.30018118E+19
   42.8906250       2.26944785E+19
   42.9609375       2.24021118E+19
   43.0312500       2.21257100E+19
   43.1015625       2.18673225E+19
   43.1718750       2.16290320E+19
   43.2421875       2.14115442E+19
   43.3125000       2.12130340E+19
   43.3828125       2.10288438E+19
   43.4531250       2.08523370E+19
   43.5234375       2.06765273E+19
   43.5937500       2.04957698E+19
   43.6640625       2.03067527E+19
   43.7343750       2.01085987E+19
   43.8046875       1.99022556E+19
   43.8750000       1.96896628E+19
   43.9453125       1.94730986E+19
   44.0156250       1.92551798E+19
   44.0859375       1.90393325E+19
   44.1562500       1.88303901E+19
   44.2265625       1.86346484E+19
   44.2968750       1.84591686E+19
   44.3671875       1.83105707E+19
   44.4375000       1.81940059E+19
   44.5078125       1.81128994E+19
   44.5781250       1.80696578E+19
   44.6484375       1.80663911E+19
   44.7187500       1.81051830E+19
   44.7890625       1.81874473E+19
   44.8593750       1.83131127E+19
   44.9296875       1.84802198E+19
   45.0000000       1.86853667E+19
   45.0703125       1.89246116E+19
   45.1406250       1.91944406E+19
   45.2109375       1.94921355E+19
   45.2812500       1.98156514E+19
   45.3515625       2.01631389E+19
   45.4218750       2.05326232E+19
   45.4921875       2.09217689E+19
   45.5625000       2.13277988E+19
   45.6328125       2.17472625E+19
   45.7031250       2.21757576E+19
   45.7734375       2.26072873E+19
   45.8437500       2.30336647E+19
   45.9140625       2.34441784E+19
   45.9843750       2.38261883E+19
   46.0546875       2.41665047E+19
   46.1250000       2.44531716E+19
   46.1953125       2.46768035E+19
   46.2656250       2.48311947E+19
   46.3359375       2.49130071E+19
   46.4062500       2.49212447E+19
   46.4765625       2.48566990E+19
   46.5468750       2.47223122E+19
   46.6171875       2.45240021E+19
   46.6875000       2.42715653E+19
   46.7578125       2.39788049E+19
   46.8281250       2.36626799E+19
   46.8984375       2.33414620E+19
   46.9687500       2.30326839E+19
   47.0390625       2.27512903E+19
   47.1093750       2.25086193E+19
   47.1796875       2.23120090E+19
   47.2500000       2.21650769E+19
   47.3203125       2.20682539E+19
   47.3906250       2.20198710E+19
   47.4609375       2.20172959E+19
   47.5312500       2.20581450E+19
   47.6015625       2.21408920E+19
   47.6718750       2.22649169E+19
   47.7421875       2.24299426E+19
   47.8125000       2.26352061E+19
   47.8828125       2.28784840E+19
   47.9531250       2.31555038E+19
   48.0234375       2.34598200E+19
   48.0937500       2.37834459E+19
   48.1640625       2.41178733E+19
   48.2343750       2.44553200E+19
   48.3046875       2.47893781E+19
   48.3750000       2.51149632E+19
   48.4453125       2.54273697E+19
   48.5156250       2.57213285E+19
   48.5859375       2.59905461E+19
   48.6562500       2.62282825E+19
   48.7265625       2.64286136E+19
   48.7968750       2.65877437E+19
   48.8671875       2.67046020E+19
   48.9375000       2.67804573E+19
   49.0078125       2.68178319E+19
   49.0781250       2.68195427E+19
   49.1484375       2.67881978E+19
   49.2187500       2.67264800E+19
   49.2890625       2.66376747E+19
   49.3593750       2.65262832E+19
   49.4296875       2.63980537E+19
   49.5000000       2.62595482E+19
   49.5703125       2.61172736E+19
   49.6406250       2.59771651E+19
   49.7109375       2.58443529E+19
   49.7812500       2.57232241E+19
   49.8515625       2.56171124E+19
   49.9218750       2.55278848E+19
   49.9921875       2.54555568E+19
   50.0625000       2.53988593E+19
   50.1328125       2.53566513E+19
   50.2031250       2.53299266E+19
   50.2734375       2.53230084E+19
   50.3437500       2.53434000E+19
   50.4140625       2.53997741E+19
   50.4843750       2.54991480E+19
   50.5546875       2.56439405E+19
   50.6250000       2.58302593E+19
   50.6953125       2.60479692E+19
   50.7656250       2.62825610E+19
   50.8359375       2.65177290E+19
   50.9062500       2.67377588E+19
   50.9765625       2.69289463E+19
   51.0468750       2.70805140E+19
   51.1171875       2.71850600E+19
   51.1875000       2.72388371E+19
   51.2578125       2.72415771E+19
   51.3281250       2.71959341E+19
   51.3984375       2.71064977E+19
   51.4687500       2.69786706E+19
   51.5390625       2.68173415E+19
   51.6093750       2.66260617E+19
   51.6796875       2.64067773E+19
   51.7500000       2.61605702E+19
   51.8203125       2.58887467E+19
   51.8906250       2.55939237E+19
   51.9609375       2.52802638E+19
   52.0312500       2.49529392E+19
   52.1015625       2.46172121E+19
   52.1718750       2.42780304E+19
   52.2421875       2.39401505E+19
   52.3125000       2.36086455E+19
   52.3828125       2.32890043E+19
   52.4531250       2.29868541E+19
   52.5234375       2.27072857E+19
   52.5937500       2.24545365E+19
   52.6640625       2.22319888E+19
   52.7343750       2.20427562E+19
   52.8046875       2.18900495E+19
   52.8750000       2.17769779E+19
   52.9453125       2.17054195E+19
   53.0156250       2.16747717E+19
   53.0859375       2.16812412E+19
   53.1562500       2.17183937E+19
   53.2265625       2.17787569E+19
   53.2968750       2.18561713E+19
   53.3671875       2.19477276E+19
   53.4375000       2.20547145E+19
   53.5078125       2.21819764E+19
   53.5781250       2.23360971E+19
   53.6484375       2.25228866E+19
   53.7187500       2.27452716E+19
   53.7890625       2.30022385E+19
   53.8593750       2.32892726E+19
   53.9296875       2.35996867E+19
   54.0000000       2.39263362E+19
   54.0703125       2.42627230E+19
   54.1406250       2.46035650E+19
   54.2109375       2.49447237E+19
   54.2812500       2.52830192E+19
   54.3515625       2.56159645E+19
   54.4218750       2.59416486E+19
   54.4921875       2.62583608E+19
   54.5625000       2.65643109E+19
   54.6328125       2.68572714E+19
   54.7031250       2.71347969E+19
   54.7734375       2.73945917E+19
   54.8437500       2.76352836E+19
   54.9140625       2.78567956E+19
   54.9843750       2.80605131E+19
   55.0546875       2.82485274E+19
   55.1250000       2.84224393E+19
   55.1953125       2.85820752E+19
   55.2656250       2.87253416E+19
   55.3359375       2.88492676E+19
   55.4062500       2.89519114E+19
   55.4765625       2.90340031E+19
   55.5468750       2.90996923E+19
   55.6171875       2.91557388E+19
   55.6875000       2.92100129E+19
   55.7578125       2.92696724E+19
   55.8281250       2.93401885E+19
   55.8984375       2.94249850E+19
   55.9687500       2.95257047E+19
   56.0390625       2.96423409E+19
   56.1093750       2.97734335E+19
   56.1796875       2.99158620E+19
   56.2500000       3.00648876E+19
   56.3203125       3.02141815E+19
   56.3906250       3.03563879E+19
   56.4609375       3.04838037E+19
   56.5312500       3.05893041E+19
   56.6015625       3.06669824E+19
   56.6718750       3.07124934E+19
   56.7421875       3.07227672E+19
   56.8125000       3.06955169E+19
   56.8828125       3.06286138E+19
   56.9531250       3.05200546E+19
   57.0234375       3.03680120E+19
   57.0937500       3.01710433E+19
   57.1640625       2.99279654E+19
   57.2343750       2.96378593E+19
   57.3046875       2.93002411E+19
   57.3750000       2.89157462E+19
   57.4453125       2.84868575E+19
   57.5156250       2.80183908E+19
   57.5859375       2.75172246E+19
   57.6562500       2.69915547E+19
   57.7265625       2.64501442E+19
   57.7968750       2.59024796E+19
   57.8671875       2.53595298E+19
   57.9375000       2.48348143E+19
   58.0078125       2.43446344E+19
   58.0781250       2.39071101E+19
   58.1484375       2.35398271E+19
   58.2187500       2.32568590E+19
   58.2890625       2.30661377E+19
   58.3593750       2.29683075E+19
   58.4296875       2.29573520E+19
   58.5000000       2.30229796E+19
   58.5703125       2.31537226E+19
   58.6406250       2.33400458E+19
   58.7109375       2.35762077E+19
   58.7812500       2.38606734E+19
   58.8515625       2.41951184E+19
   58.9218750       2.45827930E+19
   58.9921875       2.50266197E+19
   59.0625000       2.55275286E+19
   59.1328125       2.60831426E+19
   59.2031250       2.66874100E+19
   59.2734375       2.73308772E+19
   59.3437500       2.80018959E+19
   59.4140625       2.86881033E+19
   59.4843750       2.93783218E+19
   59.5546875       3.00639003E+19
   59.6250000       3.07394600E+19
   59.6953125       3.14025117E+19
   59.7656250       3.20523868E+19
   59.8359375       3.26885533E+19
   59.9062500       3.33093397E+19
   59.9765625       3.39114103E+19
   60.0468750       3.44905934E+19
   60.1171875       3.50429023E+19
   60.1875000       3.55651088E+19
   60.2578125       3.60539736E+19
   60.3281250       3.65051428E+19
   60.3984375       3.69121007E+19
   60.4687500       3.72665041E+19
   60.5390625       3.75594404E+19
   60.6093750       3.77837099E+19
   60.6796875       3.79356009E+19
   60.7500000       3.80161335E+19
   60.8203125       3.80310473E+19
   60.8906250       3.79902422E+19
   60.9609375       3.79065562E+19
   61.0312500       3.77943224E+19
   61.1015625       3.76677554E+19
   61.1718750       3.75397987E+19
   61.2421875       3.74213593E+19
   61.3125000       3.73209739E+19
   61.3828125       3.72445842E+19
   61.4531250       3.71955328E+19
   61.5234375       3.71747124E+19
   61.5937500       3.71812303E+19
   61.6640625       3.72128259E+19
   61.7343750       3.72662226E+19
   61.8046875       3.73366441E+19
   61.8750000       3.74172691E+19
   61.9453125       3.74989100E+19
   62.0156250       3.75709017E+19
   62.0859375       3.76224556E+19
   62.1562500       3.76440939E+19
   62.2265625       3.76283753E+19
   62.2968750       3.75704399E+19
   62.3671875       3.74683744E+19
   62.4375000       3.73239426E+19
   62.5078125       3.71431960E+19
   62.5781250       3.69368045E+19
   62.6484375       3.67193409E+19
   62.7187500       3.65075178E+19
   62.7890625       3.63176343E+19
   62.8593750       3.61631661E+19
   62.9296875       3.60531072E+19
   63.0000000       3.59915676E+19
   63.0703125       3.59785471E+19
   63.1406250       3.60116644E+19
   63.2109375       3.60878430E+19
   63.2812500       3.62043494E+19
   63.3515625       3.63586769E+19
   63.4218750       3.65478875E+19
   63.4921875       3.67677458E+19
   63.5625000       3.70124421E+19
   63.6328125       3.72750319E+19
   63.7031250       3.75488059E+19
   63.7734375       3.78288647E+19
   63.8437500       3.81135150E+19
   63.9140625       3.84047185E+19
   63.9843750       3.87077967E+19
   64.0546875       3.90301295E+19
   64.1250000       3.93792904E+19
   64.1953125       3.97608298E+19
   64.2656250       4.01764935E+19
   64.3359375       4.06230008E+19
   64.4062500       4.10917534E+19
   64.4765625       4.15694120E+19
   64.5468750       4.20398711E+19
   64.6171875       4.24869237E+19
   64.6875000       4.28973362E+19
   64.7578125       4.32627479E+19
   64.8281250       4.35801857E+19
   64.8984375       4.38504633E+19
   64.9687500       4.40756081E+19
   65.0390625       4.42561523E+19
   65.1093750       4.43902311E+19
   65.1796875       4.44742822E+19
   65.2500000       4.45051609E+19
   65.3203125       4.44817237E+19
   65.3906250       4.44055803E+19
   65.4609375       4.42804339E+19
   65.5312500       4.41109376E+19
   65.6015625       4.39015246E+19
   65.6718750       4.36557441E+19
   65.7421875       4.33758393E+19
   65.8125000       4.30627247E+19
   65.8828125       4.27163170E+19
   65.9531250       4.23367788E+19
   66.0234375       4.19259837E+19
   66.0937500       4.14887958E+19
   66.1640625       4.10333429E+19
   66.2343750       4.05704661E+19
   66.3046875       4.01123964E+19
   66.3750000       3.96710216E+19
   66.4453125       3.92556877E+19
   66.5156250       3.88712677E+19
   66.5859375       3.85171985E+19
   66.6562500       3.81880663E+19
   66.7265625       3.78754796E+19
   66.7968750       3.75705190E+19
   66.8671875       3.72655981E+19
   66.9375000       3.69552631E+19
   67.0078125       3.66360617E+19
   67.0781250       3.63063467E+19
   67.1484375       3.59661820E+19
   67.2187500       3.56175929E+19
   67.2890625       3.52645463E+19
   67.3593750       3.49128323E+19
   67.4296875       3.45693031E+19
   67.5000000       3.42407998E+19
   67.5703125       3.39329124E+19
   67.6406250       3.36493945E+19
   67.7109375       3.33921571E+19
   67.7812500       3.31618380E+19
   67.8515625       3.29584174E+19
   67.9218750       3.27820491E+19
   67.9921875       3.26335953E+19
   68.0625000       3.25148150E+19
   68.1328125       3.24278173E+19
   68.2031250       3.23743634E+19
   68.2734375       3.23551703E+19
   68.3437500       3.23697565E+19
   68.4140625       3.24166132E+19
   68.4843750       3.24939419E+19
   68.5546875       3.26003262E+19
   68.6250000       3.27354166E+19
   68.6953125       3.29002730E+19
   68.7656250       3.30978091E+19
   68.8359375       3.33329990E+19
   68.9062500       3.36126950E+19
   68.9765625       3.39445320E+19
   69.0468750       3.43351951E+19
   69.1171875       3.47883764E+19
   69.1875000       3.53033590E+19
   69.2578125       3.58745949E+19
   69.3281250       3.64926920E+19
   69.3984375       3.71459316E+19
   69.4687500       3.78218938E+19
   69.5390625       3.85082969E+19
   69.6093750       3.91933894E+19
   69.6796875       3.98658639E+19
   69.7500000       4.05148177E+19
   69.8203125       4.11296997E+19
   69.8906250       4.17005838E+19
   69.9609375       4.22181239E+19
   70.0312500       4.26731194E+19
   70.1015625       4.30554988E+19
   70.1718750       4.33535852E+19
   70.2421875       4.35539865E+19
   70.3125000       4.36426863E+19
   70.3828125       4.36066663E+19
   70.4531250       4.34357671E+19
   70.5234375       4.31240379E+19
   70.5937500       4.26705597E+19
   70.6640625       4.20795810E+19
   70.7343750       4.13605048E+19
   70.8046875       4.05274752E+19
   70.8750000       3.95986034E+19
   70.9453125       3.85947625E+19
   71.0156250       3.75381626E+19
   71.0859375       3.64510601E+19
   71.1562500       3.53548184E+19
   71.2265625       3.42695498E+19
   71.2968750       3.32145574E+19
   71.3671875       3.22091398E+19
   71.4375000       3.12733213E+19
   71.5078125       3.04274736E+19
   71.5781250       2.96909063E+19
   71.6484375       2.90797296E+19
   71.7187500       2.86051760E+19
   71.7890625       2.82728376E+19
   71.8593750       2.80832532E+19
   71.9296875       2.80330627E+19
   72.0000000       2.81164189E+19
   72.0703125       2.83259506E+19
   72.1406250       2.86532510E+19
   72.2109375       2.90887962E+19
   72.2812500       2.96216569E+19
   72.3515625       3.02394549E+19
   72.4218750       3.09288619E+19
   72.4921875       3.16763011E+19
   72.5625000       3.24685828E+19
   72.6328125       3.32928756E+19
   72.7031250       3.41364012E+19
   72.7734375       3.49856310E+19
   72.8437500       3.58255919E+19
   72.9140625       3.66393470E+19
   72.9843750       3.74084114E+19
   73.0546875       3.81139329E+19
   73.1250000       3.87386446E+19
   73.1953125       3.92688335E+19
   73.2656250       3.96962532E+19
   73.3359375       4.00192766E+19
   73.4062500       4.02432515E+19
   73.4765625       4.03798416E+19
   73.5468750       4.04456276E+19
   73.6171875       4.04598597E+19
   73.6875000       4.04420784E+19
   73.7578125       4.04097307E+19
   73.8281250       4.03770049E+19
   73.8984375       4.03548695E+19
   73.9687500       4.03524154E+19
   74.0390625       4.03782011E+19
   74.1093750       4.04412867E+19
   74.1796875       4.05507453E+19
   74.2500000       4.07140887E+19
   74.3203125       4.09350510E+19
   74.3906250       4.12117541E+19
   74.4609375       4.15359209E+19
   74.5312500       4.18933897E+19
   74.6015625       4.22657591E+19
   74.6718750       4.26328861E+19
   74.7421875       4.29754191E+19
   74.8125000       4.32770020E+19
   74.8828125       4.35256103E+19
   74.9531250       4.37147747E+19
   75.0234375       4.38441081E+19
   75.0937500       4.39195346E+19
   75.1640625       4.39522736E+19
   75.2343750       4.39571423E+19
   75.3046875       4.39499603E+19
   75.3750000       4.39450916E+19
   75.4453125       4.39534743E+19
   75.5156250       4.39817669E+19
   75.5859375       4.40322037E+19
   75.6562500       4.41029947E+19
   75.7265625       4.41886203E+19
   75.7968750       4.42805130E+19
   75.8671875       4.43679902E+19
   75.9375000       4.44399334E+19
   76.0078125       4.44866319E+19
   76.0781250       4.45016336E+19
   76.1484375       4.44826429E+19
   76.2187500       4.44315947E+19
   76.2890625       4.43538813E+19
   76.3593750       4.42576124E+19
   76.4296875       4.41527938E+19
   76.5000000       4.40505172E+19
   76.5703125       4.39615491E+19
   76.6406250       4.38947120E+19
   76.7109375       4.38551340E+19
   76.7812500       4.38430833E+19
   76.8515625       4.38539113E+19
   76.9218750       4.38795080E+19
   76.9921875       4.39108132E+19
   77.0625000       4.39408959E+19
   77.1328125       4.39675217E+19
   77.2031250       4.39947236E+19
   77.2734375       4.40326259E+19
   77.3437500       4.40957995E+19
   77.4140625       4.42006269E+19
   77.4843750       4.43630468E+19
   77.5546875       4.45966270E+19
   77.6250000       4.49113996E+19
   77.6953125       4.53130380E+19
   77.7656250       4.58026418E+19
   77.8359375       4.63767539E+19
   77.9062500       4.70275725E+19
   77.9765625       4.77432710E+19
   78.0468750       4.85086454E+19
   78.1171875       4.93060772E+19
   78.1875000       5.01170198E+19
   78.2578125       5.09235292E+19
   78.3281250       5.17101022E+19
   78.3984375       5.24649609E+19
   78.4687500       5.31808178E+19
   78.5390625       5.38547260E+19
   78.6093750       5.44876225E+19
   78.6796875       5.50832412E+19
   78.7500000       5.56468948E+19
   78.8203125       5.61836544E+19
   78.8906250       5.66965854E+19
   78.9609375       5.71847553E+19
   79.0312500       5.76420598E+19
   79.1015625       5.80570727E+19
   79.1718750       5.84149065E+19
   79.2421875       5.87000759E+19
   79.3125000       5.88997648E+19
   79.3828125       5.90060260E+19
   79.4531250       5.90170959E+19
   79.5234375       5.89373197E+19
   79.5937500       5.87764040E+19
   79.6640625       5.85478023E+19
   79.7343750       5.82671806E+19
   79.8046875       5.79509522E+19
   79.8750000       5.76150294E+19
   79.9453125       5.72736311E+19
   80.0156250       5.69388737E+19
   80.0859375       5.66209961E+19
   80.1562500       5.63293353E+19
   80.2265625       5.60728016E+19
   80.2968750       5.58597866E+19
   80.3671875       5.56965971E+19
   80.4375000       5.55852606E+19
   80.5078125       5.55212778E+19
   80.5781250       5.54927301E+19
   80.6484375       5.54812336E+19
   80.7187500       5.54646837E+19
   80.7890625       5.54208352E+19
   80.8593750       5.53311678E+19
   80.9296875       5.51839872E+19
   81.0000000       5.49765402E+19
   81.0703125       5.47152830E+19
   81.1406250       5.44144434E+19
   81.2109375       5.40925944E+19
   81.2812500       5.37680230E+19
   81.3515625       5.34538705E+19
   81.4218750       5.31547462E+19
   81.4921875       5.28654910E+19
   81.5625000       5.25725416E+19
   81.6328125       5.22572720E+19
   81.7031250       5.19006168E+19
   81.7734375       5.14876886E+19
   81.8437500       5.10111911E+19
   81.9140625       5.04726591E+19
   81.9843750       4.98821422E+19
   82.0546875       4.92563133E+19
   82.1250000       4.86158962E+19
   82.1953125       4.79825951E+19
   82.2656250       4.73766322E+19
   82.3359375       4.68150940E+19
   82.4062500       4.63109064E+19
   82.4765625       4.58724431E+19
   82.5468750       4.55035570E+19
   82.6171875       4.52040764E+19
   82.6875000       4.49704390E+19
   82.7578125       4.47963159E+19
   82.8281250       4.46732190E+19
   82.8984375       4.45910987E+19
   82.9687500       4.45389466E+19
   83.0390625       4.45053896E+19
   83.1093750       4.44794367E+19
   83.1796875       4.44514607E+19
   83.2500000       4.44139806E+19
   83.3203125       4.43620968E+19
   83.3906250       4.42934213E+19
   83.4609375       4.42077386E+19
   83.5312500       4.41061525E+19
   83.6015625       4.39895955E+19
   83.6718750       4.38569768E+19
   83.7421875       4.37038852E+19
   83.8125000       4.35226461E+19
   83.8828125       4.33038608E+19
   83.9531250       4.30390764E+19
   84.0234375       4.27229844E+19
   84.0937500       4.23543182E+19
   84.1640625       4.19354658E+19
   84.2343750       4.14718282E+19
   84.3046875       4.09716339E+19
   84.3750000       4.04458167E+19
   84.4453125       3.99073507E+19
   84.5156250       3.93696411E+19
   84.5859375       3.88448354E+19
   84.6562500       3.83423234E+19
   84.7265625       3.78682184E+19
   84.7968750       3.74257969E+19
   84.8671875       3.70165103E+19
   84.9375000       3.66409853E+19
   85.0078125       3.62994660E+19
   85.0781250       3.59919898E+19
   85.1484375       3.57183455E+19
   85.2187500       3.54780758E+19
   85.2890625       3.52704902E+19
   85.3593750       3.50948543E+19
   85.4296875       3.49507479E+19
   85.5000000       3.48382788E+19
   85.5703125       3.47578891E+19
   85.6406250       3.47098515E+19
   85.7109375       3.46939129E+19
   85.7812500       3.47090796E+19
   85.8515625       3.47534559E+19
   85.9218750       3.48238246E+19
   85.9921875       3.49148510E+19
   86.0625000       3.50180885E+19
   86.1328125       3.51213459E+19
   86.2031250       3.52090583E+19
   86.2734375       3.52637260E+19
   86.3437500       3.52681153E+19
   86.4140625       3.52076158E+19
   86.4843750       3.50725276E+19
   86.5546875       3.48598073E+19
   86.6250000       3.45738683E+19
   86.6953125       3.42259762E+19
   86.7656250       3.38326853E+19
   86.8359375       3.34137252E+19
   86.9062500       3.29895754E+19
   86.9765625       3.25790705E+19
   87.0468750       3.21970848E+19
   87.1171875       3.18529244E+19
   87.1875000       3.15497715E+19
   87.2578125       3.12856072E+19
   87.3281250       3.10556861E+19
   87.3984375       3.08558169E+19
   87.4687500       3.06853398E+19
   87.5390625       3.05486991E+19
   87.6093750       3.04551901E+19
   87.6796875       3.04171250E+19
   87.7500000       3.04470867E+19
   87.8203125       3.05553842E+19
   87.8906250       3.07486981E+19
   87.9609375       3.10301929E+19
   88.0312500       3.14004380E+19
   88.1015625       3.18581075E+19
   88.1718750       3.23999007E+19
   88.2421875       3.30197064E+19
   88.3125000       3.37075169E+19
   88.3828125       3.44487966E+19
   88.4531250       3.52249111E+19
   88.5234375       3.60145034E+19
   88.5937500       3.67953106E+19
   88.6640625       3.75457272E+19
   88.7343750       3.82462305E+19
   88.8046875       3.88807279E+19
   88.8750000       3.94382418E+19
   88.9453125       3.99142556E+19
   89.0156250       4.03114036E+19
   89.0859375       4.06385039E+19
   89.1562500       4.09076468E+19
   89.2265625       4.11300428E+19
   89.2968750       4.13123066E+19
   89.3671875       4.14547330E+19
   89.4375000       4.15522113E+19
   89.5078125       4.15972561E+19
   89.5781250       4.15836837E+19
   89.6484375       4.15094491E+19
   89.7187500       4.13776528E+19
   89.7890625       4.11956748E+19
   89.8593750       4.09729929E+19
   89.9296875       4.07185748E+19
   90.0000000       4.04385335E+19
   90.0703125       4.01346461E+19
   90.1406250       3.98045859E+19
   90.2109375       3.94438186E+19
   90.2812500       3.90488564E+19
   90.3515625       3.86205922E+19
   90.4218750       3.81669777E+19
   90.4921875       3.77041493E+19
   90.5625000       3.72555529E+19
   90.6328125       3.68488700E+19
   90.7031250       3.65111396E+19
   90.7734375       3.62632855E+19
   90.8437500       3.61153396E+19
   90.9140625       3.60642211E+19
   90.9843750       3.60947809E+19
   91.0546875       3.61838501E+19
   91.1250000       3.63057552E+19
   91.1953125       3.64375998E+19
   91.2656250       3.65630695E+19
   91.3359375       3.66740938E+19
   91.4062500       3.67702967E+19
   91.4765625       3.68567205E+19
   91.5468750       3.69406396E+19
   91.6171875       3.70282619E+19
   91.6875000       3.71217688E+19
   91.7578125       3.72172987E+19
   91.8281250       3.73045824E+19
   91.8984375       3.73684552E+19
   91.9687500       3.73920287E+19
   92.0390625       3.73606486E+19
   92.1093750       3.72656420E+19
   92.1796875       3.71065691E+19
   92.2500000       3.68914848E+19
   92.3203125       3.66351007E+19
   92.3906250       3.63558446E+19
   92.4609375       3.60730436E+19
   92.5312500       3.58050002E+19
   92.6015625       3.55679257E+19
   92.6718750       3.53754122E+19
   92.7421875       3.52380590E+19
   92.8125000       3.51627975E+19
   92.8828125       3.51523301E+19
   92.9531250       3.52051155E+19
   93.0234375       3.53163091E+19
   93.0937500       3.54793667E+19
   93.1640625       3.56877725E+19
   93.2343750       3.59361170E+19
   93.3046875       3.62202242E+19
   93.3750000       3.65361579E+19
   93.4453125       3.68791571E+19
   93.5156250       3.72433879E+19
   93.5859375       3.76231900E+19
   93.6562500       3.80148229E+19
   93.7265625       3.84173497E+19
   93.7968750       3.88318832E+19
   93.8671875       3.92592501E+19
   93.9375000       3.96972384E+19
   94.0078125       4.01384592E+19
   94.0781250       4.05697712E+19
   94.1484375       4.09734371E+19
   94.2187500       4.13294062E+19
   94.2890625       4.16179577E+19
   94.3593750       4.18220314E+19
   94.4296875       4.19289128E+19
   94.5000000       4.19311558E+19
   94.5703125       4.18270628E+19
   94.6406250       4.16206185E+19
   94.7109375       4.13208081E+19
   94.7812500       4.09401703E+19
   94.8515625       4.04928890E+19
   94.9218750       3.99930686E+19
   94.9921875       3.94538197E+19
   95.0625000       3.88868851E+19
   95.1328125       3.83029477E+19
   95.2031250       3.77119998E+19
   95.2734375       3.71236203E+19
   95.3437500       3.65466362E+19
   95.4140625       3.59881965E+19
   95.4843750       3.54525034E+19
   95.5546875       3.49401222E+19
   95.6250000       3.44480072E+19
   95.6953125       3.39705178E+19
   95.7656250       3.35010682E+19
   95.8359375       3.30340022E+19
   95.9062500       3.25657774E+19
   95.9765625       3.20953623E+19
   96.0468750       3.16240193E+19
   96.1171875       3.11552513E+19
   96.1875000       3.06951475E+19
   96.2578125       3.02528469E+19
   96.3281250       2.98404025E+19
   96.3984375       2.94713844E+19
   96.4687500       2.91581336E+19
   96.5390625       2.89087973E+19
   96.6093750       2.87252031E+19
   96.6796875       2.86027131E+19
   96.7500000       2.85316384E+19
   96.8203125       2.84998230E+19
   96.8906250       2.84953590E+19
   96.9609375       2.85090985E+19
   97.0312500       2.85360893E+19
   97.1015625       2.85758256E+19
   97.1718750       2.86313004E+19
   97.2421875       2.87073382E+19
   97.3125000       2.88085175E+19
   97.3828125       2.89369866E+19
   97.4531250       2.90907137E+19
   97.5234375       2.92627939E+19
   97.5937500       2.94423002E+19
   97.6640625       2.96166057E+19
   97.7343750       2.97744978E+19
   97.8046875       2.99090428E+19
   97.8750000       3.00186158E+19
   97.9453125       3.01059522E+19
   98.0156250       3.01754259E+19
   98.0859375       3.02304169E+19
   98.1562500       3.02718113E+19
   98.2265625       3.02984745E+19
   98.2968750       3.03090034E+19
   98.3671875       3.03037983E+19
   98.4375000       3.02862237E+19
   98.5078125       3.02623709E+19
   98.5781250       3.02397452E+19
   98.6484375       3.02254669E+19
   98.7187500       3.02244993E+19
   98.7890625       3.02384169E+19
   98.8593750       3.02649482E+19
   98.9296875       3.02984349E+19
   99.0000000       3.03308353E+19
   99.0703125       3.03531180E+19
   99.1406250       3.03567376E+19
   99.2109375       3.03353609E+19
   99.2812500       3.02861401E+19
   99.3515625       3.02102035E+19
   99.4218750       3.01118390E+19
   99.4921875       2.99967399E+19
   99.5625000       2.98699398E+19
   99.6328125       2.97344118E+19
   99.7031250       2.95908354E+19
   99.7734375       2.94383067E+19
   99.8437500       2.92752997E+19
   99.9140625       2.91003454E+19
   99.9843750       2.89122806E+19
   100.054688       2.87101112E+19
   100.125000       2.84922979E+19
   100.195312       2.82559777E+19
   100.265625       2.79964028E+19
   100.335938       2.77076820E+19
   100.406250       2.73843025E+19
   100.476562       2.70230887E+19
   100.546875       2.66246565E+19
   100.617188       2.61942285E+19
   100.687500       2.57413440E+19
   100.757812       2.52790675E+19
   100.828125       2.48230121E+19
   100.898438       2.43906270E+19
   100.968750       2.40003861E+19
   101.039062       2.36703501E+19
   101.109375       2.34156196E+19
   101.179688       2.32454922E+19
   101.250000       2.31610475E+19
   101.320312       2.31546198E+19
   101.390625       2.32114425E+19
   101.460938       2.33132793E+19
   101.531250       2.34426984E+19
   101.601562       2.35867388E+19
   101.671875       2.37390498E+19
   101.742188       2.39002866E+19
   101.812500       2.40768725E+19
   101.882812       2.42785779E+19
   101.953125       2.45155403E+19
   102.023438       2.47954474E+19
   102.093750       2.51212634E+19
   102.164062       2.54899429E+19
   102.234375       2.58923707E+19
   102.304688       2.63150318E+19
   102.375000       2.67428606E+19
   102.445312       2.71626057E+19
   102.515625       2.75653634E+19
   102.585938       2.79474899E+19
   102.656250       2.83093898E+19
   102.726562       2.86530795E+19
   102.796875       2.89796037E+19
   102.867188       2.92875637E+19
   102.937500       2.95730057E+19
   103.007812       2.98305443E+19
   103.078125       3.00549854E+19
   103.148438       3.02427270E+19
   103.218750       3.03922276E+19
   103.289062       3.05035774E+19
   103.359375       3.05773568E+19
   103.429688       3.06136231E+19
   103.500000       3.06110964E+19
   103.570312       3.05670126E+19
   103.640625       3.04774794E+19
   103.710938       3.03384461E+19
   103.781250       3.01466319E+19
   103.851562       2.99005216E+19
   103.921875       2.96013621E+19
   103.992188       2.92542969E+19
   104.062500       2.88690522E+19
   104.132812       2.84597942E+19
   104.203125       2.80439809E+19
   104.273438       2.76405964E+19
   104.343750       2.72680379E+19
   104.414062       2.69418634E+19
   104.484375       2.66725512E+19
   104.554688       2.64637034E+19
   104.625000       2.63108383E+19
   104.695312       2.62013687E+19
   104.765625       2.61157607E+19
   104.835938       2.60302077E+19
   104.906250       2.59199971E+19
   104.976562       2.57633386E+19
   105.046875       2.55446414E+19
   105.117188       2.52568772E+19
   105.187500       2.49017943E+19
   105.257812       2.44880811E+19
   105.328125       2.40280564E+19
   105.398438       2.35345604E+19
   105.468750       2.30188323E+19
   105.539062       2.24899958E+19
   105.609375       2.19555144E+19
   105.679688       2.14223524E+19
   105.750000       2.08976742E+19
   105.820312       2.03889390E+19
   105.890625       1.99030340E+19
   105.960938       1.94453381E+19
   106.031250       1.90190509E+19
   106.101562       1.86253971E+19
   106.171875       1.82643483E+19
   106.242188       1.79355294E+19
   106.312500       1.76385415E+19
   106.382812       1.73728247E+19
   106.453125       1.71372664E+19
   106.523438       1.69301976E+19
   106.593750       1.67495764E+19
   106.664062       1.65931742E+19
   106.734375       1.64582564E+19
   106.804688       1.63412508E+19
   106.875000       1.62373898E+19
   106.945312       1.61410374E+19
   107.015625       1.60464079E+19
   107.085938       1.59487273E+19
   107.156250       1.58449994E+19
   107.226562       1.57342159E+19
   107.296875       1.56167529E+19
   107.367188       1.54935537E+19
   107.437500       1.53651967E+19
   107.507812       1.52315907E+19
   107.578125       1.50921748E+19
   107.648438       1.49468545E+19
   107.718750       1.47968482E+19
   107.789062       1.46453058E+19
   107.859375       1.44970817E+19
   107.929688       1.43578901E+19
   108.000000       1.42326448E+19
   108.070312       1.41237381E+19
   108.140625       1.40297728E+19
   108.210938       1.39456678E+19
   108.281250       1.38638477E+19
   108.351562       1.37761704E+19
   108.421875       1.36757894E+19
   108.492188       1.35588453E+19
   108.562500       1.34255735E+19
   108.632812       1.32809735E+19
   108.703125       1.31346713E+19
   108.773438       1.30002220E+19
   108.843750       1.28934176E+19
   108.914062       1.28301044E+19
   108.984375       1.28237394E+19
   109.054688       1.28836561E+19
   109.125000       1.30138581E+19
   109.195312       1.32124574E+19
   109.265625       1.34713000E+19
   109.335938       1.37761880E+19
   109.406250       1.41077930E+19
   109.476562       1.44434816E+19
   109.546875       1.47597407E+19
   109.617188       1.50349067E+19
   109.687500       1.52514632E+19
   109.757812       1.53975773E+19
   109.828125       1.54675755E+19
   109.898438       1.54616591E+19
   109.968750       1.53847999E+19
   110.039062       1.52452862E+19
   110.109375       1.50531377E+19
   110.179688       1.48189231E+19
   110.250000       1.45529512E+19
   110.320312       1.42649979E+19
   110.390625       1.39642045E+19
   110.460938       1.36592527E+19
   110.531250       1.33583681E+19
   110.601562       1.30691899E+19
   110.671875       1.27984385E+19
   110.742188       1.25518103E+19
   110.812500       1.23339069E+19
   110.882812       1.21481862E+19
   110.953125       1.19965943E+19
   111.023438       1.18792457E+19
   111.093750       1.17942765E+19
   111.164062       1.17382828E+19
   111.234375       1.17071116E+19
   111.304688       1.16969137E+19
   111.375000       1.17044882E+19
   111.445312       1.17268995E+19
   111.515625       1.17603225E+19
   111.585938       1.17993936E+19
   111.656250       1.18375093E+19
   111.726562       1.18682264E+19
   111.796875       1.18867103E+19
   111.867188       1.18905245E+19
   111.937500       1.18793622E+19
   112.007812       1.18543978E+19
   112.078125       1.18178346E+19
   112.148438       1.17729779E+19
   112.218750       1.17243784E+19
   112.289062       1.16777701E+19
   112.359375       1.16395290E+19
   112.429688       1.16160655E+19
   112.500000       1.16131946E+19
   112.570312       1.16357390E+19
   112.640625       1.16873050E+19
   112.710938       1.17705271E+19
   112.781250       1.18875294E+19
   112.851562       1.20405616E+19
   112.921875       1.22323593E+19
   112.992188       1.24660034E+19
   113.062500       1.27440358E+19
   113.132812       1.30671822E+19
   113.203125       1.34331437E+19
   113.273438       1.38362092E+19
   113.343750       1.42675718E+19
   113.414062       1.47161627E+19
   113.484375       1.51693979E+19
   113.554688       1.56139502E+19
   113.625000       1.60363540E+19
   113.695312       1.64237768E+19
   113.765625       1.67647156E+19
   113.835938       1.70496694E+19
   113.906250       1.72712034E+19
   113.976562       1.74235188E+19
   114.046875       1.75016138E+19
   114.117188       1.75009673E+19
   114.187500       1.74179080E+19
   114.257812       1.72507910E+19
   114.328125       1.70012392E+19
   114.398438       1.66749679E+19
   114.468750       1.62815891E+19
   114.539062       1.58336151E+19
   114.609375       1.53449074E+19
   114.679688       1.48294124E+19
   114.750000       1.43000140E+19
   114.820312       1.37677789E+19
   114.890625       1.32413031E+19
   114.960938       1.27266536E+19
   115.031250       1.22277436E+19
   115.101562       1.17473076E+19
   115.171875       1.12880559E+19
   115.242188       1.08537081E+19
   115.312500       1.04491307E+19
   115.382812       1.00794815E+19
   115.453125       9.74856696E+18
   115.523438       9.45734921E+18
   115.593750       9.20295521E+18
   115.664062       8.97863669E+18
   115.734375       8.77452665E+18
   115.804688       8.57947659E+18
   115.875000       8.38305378E+18
   115.945312       8.17730327E+18
   116.015625       7.95747626E+18
   116.085938       7.72218242E+18
   116.156250       7.47293303E+18
   116.226562       7.21359892E+18
   116.296875       6.94974252E+18
   116.367188       6.68823192E+18
   116.437500       6.43676152E+18
   116.507812       6.20322855E+18
   116.578125       5.99450221E+18
   116.648438       5.81513338E+18
   116.718750       5.66625291E+18
   116.789062       5.54551664E+18
   116.859375       5.44795642E+18
   116.929688       5.36773550E+18
   117.000000       5.29971312E+18
   117.070312       5.24045384E+18
   117.140625       5.18826332E+18
   117.210938       5.14304535E+18
   117.281250       5.10612430E+18
   117.351562       5.08035395E+18
   117.421875       5.06998281E+18
   117.492188       5.08023135E+18
   117.562500       5.11621507E+18
   117.632812       5.18172013E+18
   117.703125       5.27799996E+18
   117.773438       5.40332724E+18
   117.843750       5.55319728E+18
   117.914062       5.72145884E+18
   117.984375       5.90190354E+18
   118.054688       6.08999480E+18
   118.125000       6.28380131E+18
   118.195312       6.48369527E+18
   118.265625       6.69073002E+18
   118.335938       6.90467244E+18
   118.406250       7.12251098E+18
   118.476562       7.33813785E+18
   118.546875       7.54290650E+18
   118.617188       7.72673605E+18
   118.687500       7.87908053E+18
   118.757812       7.98981785E+18
   118.828125       8.04997873E+18
   118.898438       8.05266208E+18
   118.968750       7.99375245E+18
   119.039062       7.87229600E+18
   119.109375       7.69004370E+18
   119.179688       7.45046396E+18
   119.250000       7.15744192E+18
   119.320312       6.81459220E+18
   119.390625       6.42543160E+18
   119.460938       5.99448022E+18
   119.531250       5.52825320E+18
   119.601562       5.03548838E+18
   119.671875       4.52618580E+18
   119.742188       0.00000000    
   119.812500       0.00000000    
   119.882812       0.00000000    
   119.953125       0.00000000    
   120.023438       0.00000000    
   120.093750       0.00000000    
   120.164062       0.00000000    
   120.234375       0.00000000    
   120.304688       0.00000000    
   120.375000       0.00000000    
   120.445312       0.00000000    
   120.515625       0.00000000    
   120.585938       0.00000000    
   120.656250       0.00000000    
   120.726562       0.00000000    
   120.796875       0.00000000    
   120.867188       0.00000000    
   120.937500       0.00000000    
   121.007812       0.00000000    
   121.078125       0.00000000    
   121.148438       0.00000000    
   121.218750       0.00000000    
   121.289062       0.00000000    
   121.359375       0.00000000    
   121.429688       0.00000000    
   121.500000       0.00000000    
   121.570312       0.00000000    
   121.640625       0.00000000    
   121.710938       0.00000000    
   121.781250       0.00000000    
   121.851562       0.00000000    
   121.921875       0.00000000    
   121.992188       0.00000000    
   122.062500       0.00000000    
   122.132812       0.00000000    
   122.203125       0.00000000    
   122.273438       0.00000000    
   122.343750       0.00000000    
   122.414062       0.00000000    
   122.484375       0.00000000    
   122.554688       0.00000000    
   122.625000       0.00000000    
   122.695312       0.00000000    
   122.765625       0.00000000    
   122.835938       0.00000000    
   122.906250       0.00000000    
   122.976562       0.00000000    
   123.046875       0.00000000    
   123.117188       0.00000000    
   123.187500       0.00000000    
   123.257812       0.00000000    
   123.328125       0.00000000    
   123.398438       0.00000000    
   123.468750       0.00000000    
   123.539062       0.00000000    
   123.609375       0.00000000    
   123.679688       0.00000000    
   123.750000       0.00000000    
   123.820312       0.00000000    
   123.890625       0.00000000    
   123.960938       0.00000000    
   124.031250       0.00000000    
   124.101562       0.00000000    
   124.171875       0.00000000    
   124.242188       0.00000000    
   124.312500       0.00000000    
   124.382812       0.00000000    
   124.453125       0.00000000    
   124.523438       0.00000000    
   124.593750       0.00000000    
   124.664062       0.00000000    
   124.734375       0.00000000    
   124.804688       0.00000000    
   124.875000       0.00000000    
   124.945312       0.00000000    
   125.015625       0.00000000    
   125.085938       0.00000000    
   125.156250       0.00000000    
   125.226562       0.00000000    
   125.296875       0.00000000    
   125.367188       0.00000000    
   125.437500       0.00000000    
   125.507812       0.00000000    
   125.578125       0.00000000    
   125.648438       0.00000000    
   125.718750       0.00000000    
   125.789062       0.00000000    
   125.859375       0.00000000    
   125.929688       0.00000000    
   126.000000       0.00000000    
   126.070312       0.00000000    
   126.140625       0.00000000    
   126.210938       0.00000000    
   126.281250       0.00000000    
   126.351562       0.00000000    
   126.421875       0.00000000    
   126.492188       0.00000000    
   126.562500       0.00000000    
   126.632812       0.00000000    
   126.703125       0.00000000    
   126.773438       0.00000000    
   126.843750       0.00000000    
   126.914062       0.00000000    
   126.984375       0.00000000    
   127.054688       0.00000000    
   127.125000       0.00000000    
   127.195312       0.00000000    
   127.265625       0.00000000    
   127.335938       0.00000000    
   127.406250       0.00000000    
   127.476562       0.00000000    
   127.546875       0.00000000    
   127.617188       0.00000000    
   127.687500       0.00000000    
   127.757812       0.00000000    
   127.828125       0.00000000    
   127.898438       0.00000000    
   127.968750       0.00000000    
   128.039062       0.00000000    
   128.109375       0.00000000    
   128.179688       0.00000000    
   128.250000       0.00000000    
   128.320312       0.00000000    
   128.390625       0.00000000    
   128.460938       0.00000000    
   128.531250       0.00000000    
   128.601562       0.00000000    
   128.671875       0.00000000    
   128.742188       0.00000000    
   128.812500       0.00000000    
   128.882812       0.00000000    
   128.953125       0.00000000    
   129.023438       0.00000000    
   129.093750       0.00000000    
   129.164062       0.00000000    
   129.234375       0.00000000    
   129.304688       0.00000000    
   129.375000       0.00000000    
   129.445312       0.00000000    
   129.515625       0.00000000    
   129.585938       0.00000000    
   129.656250       0.00000000    
   129.726562       0.00000000    
   129.796875       0.00000000    
   129.867188       0.00000000    
   129.937500       0.00000000    
   130.007812       0.00000000    
   130.078125       0.00000000    
   130.148438       0.00000000    
   130.218750       0.00000000    
   130.289062       0.00000000    
   130.359375       0.00000000    
   130.429688       0.00000000    
   130.500000       0.00000000    
   130.570312       0.00000000    
   130.640625       0.00000000    
   130.710938       0.00000000    
   130.781250       0.00000000    
   130.851562       0.00000000    
   130.921875       0.00000000    
   130.992188       0.00000000    
   131.062500       0.00000000    
   131.132812       0.00000000    
   131.203125       0.00000000    
   131.273438       0.00000000    
   131.343750       0.00000000    
   131.414062       0.00000000    
   131.484375       0.00000000    
   131.554688       0.00000000    
   131.625000       0.00000000    
   131.695312       0.00000000    
   131.765625       0.00000000    
   131.835938       0.00000000    
   131.906250       0.00000000    
   131.976562       0.00000000    
   132.046875       0.00000000    
   132.117188       0.00000000    
   132.187500       0.00000000    
   132.257812       0.00000000    
   132.328125       0.00000000    
   132.398438       0.00000000    
   132.468750       0.00000000    
   132.539062       0.00000000    
   132.609375       0.00000000    
   132.679688       0.00000000    
   132.750000       0.00000000    
   132.820312       0.00000000    
   132.890625       0.00000000    
   132.960938       0.00000000    
   133.031250       0.00000000    
   133.101562       0.00000000    
   133.171875       0.00000000    
   133.242188       0.00000000    
   133.312500       0.00000000    
   133.382812       0.00000000    
   133.453125       0.00000000    
   133.523438       0.00000000    
   133.593750       0.00000000    
   133.664062       0.00000000    
   133.734375       0.00000000    
   133.804688       0.00000000    
   133.875000       0.00000000    
   133.945312       0.00000000    
   134.015625       0.00000000    
   134.085938       0.00000000    
   134.156250       0.00000000    
   134.226562       0.00000000    
   134.296875       0.00000000    
   134.367188       0.00000000    
   134.437500       0.00000000    
   134.507812       0.00000000    
   134.578125       0.00000000    
   134.648438       0.00000000    
   134.718750       0.00000000    
   134.789062       0.00000000    
   134.859375       0.00000000    
   134.929688       0.00000000    
   135.000000       0.00000000    
   135.070312       0.00000000    
   135.140625       0.00000000    
   135.210938       0.00000000    
   135.281250       0.00000000    
   135.351562       0.00000000    
   135.421875       0.00000000    
   135.492188       0.00000000    
   135.562500       0.00000000    
   135.632812       0.00000000    
   135.703125       0.00000000    
   135.773438       0.00000000    
   135.843750       0.00000000    
   135.914062       0.00000000    
   135.984375       0.00000000    
   136.054688       0.00000000    
   136.125000       0.00000000    
   136.195312       0.00000000    
   136.265625       0.00000000    
   136.335938       0.00000000    
   136.406250       0.00000000    
   136.476562       0.00000000    
   136.546875       0.00000000    
   136.617188       0.00000000    
   136.687500       0.00000000    
   136.757812       0.00000000    
   136.828125       0.00000000    
   136.898438       0.00000000    
   136.968750       0.00000000    
   137.039062       0.00000000    
   137.109375       0.00000000    
   137.179688       0.00000000    
   137.250000       0.00000000    
   137.320312       0.00000000    
   137.390625       0.00000000    
   137.460938       0.00000000    
   137.531250       0.00000000    
   137.601562       0.00000000    
   137.671875       0.00000000    
   137.742188       0.00000000    
   137.812500       0.00000000    
   137.882812       0.00000000    
   137.953125       0.00000000    
   138.023438       0.00000000    
   138.093750       0.00000000    
   138.164062       0.00000000    
   138.234375       0.00000000    
   138.304688       0.00000000    
   138.375000       0.00000000    
   138.445312       0.00000000    
   138.515625       0.00000000    
   138.585938       0.00000000    
   138.656250       0.00000000    
   138.726562       0.00000000    
   138.796875       0.00000000    
   138.867188       0.00000000    
   138.937500       0.00000000    
   139.007812       0.00000000    
   139.078125       0.00000000    
   139.148438       0.00000000    
   139.218750       0.00000000    
   139.289062       0.00000000    
   139.359375       0.00000000    
   139.429688       0.00000000    
   139.500000       0.00000000    
   139.570312       0.00000000    
   139.640625       0.00000000    
   139.710938       0.00000000    
   139.781250       0.00000000    
   139.851562       0.00000000    
   139.921875       0.00000000    
   139.992188       0.00000000    
   140.062500       0.00000000    
   140.132812       0.00000000    
   140.203125       0.00000000    
   140.273438       0.00000000    
   140.343750       0.00000000    
   140.414062       0.00000000    
   140.484375       0.00000000    
   140.554688       0.00000000    
   140.625000       0.00000000    
   140.695312       0.00000000    
   140.765625       0.00000000    
   140.835938       0.00000000    
   140.906250       0.00000000    
   140.976562       0.00000000    
   141.046875       0.00000000    
   141.117188       0.00000000    
   141.187500       0.00000000    
   141.257812       0.00000000    
   141.328125       0.00000000    
   141.398438       0.00000000    
   141.468750       0.00000000    
   141.539062       0.00000000    
   141.609375       0.00000000    
   141.679688       0.00000000    
   141.750000       0.00000000    
   141.820312       0.00000000    
   141.890625       0.00000000    
   141.960938       0.00000000    
   142.031250       0.00000000    
   142.101562       0.00000000    
   142.171875       0.00000000    
   142.242188       0.00000000    
   142.312500       0.00000000    
   142.382812       0.00000000    
   142.453125       0.00000000    
   142.523438       0.00000000    
   142.593750       0.00000000    
   142.664062       0.00000000    
   142.734375       0.00000000    
   142.804688       0.00000000    
   142.875000       0.00000000    
   142.945312       0.00000000    
   143.015625       0.00000000    
   143.085938       0.00000000    
   143.156250       0.00000000    
   143.226562       0.00000000    
   143.296875       0.00000000    
   143.367188       0.00000000    
   143.437500       0.00000000    
   143.507812       0.00000000    
   143.578125       0.00000000    
   143.648438       0.00000000    
   143.718750       0.00000000    
