2009 09 29 17 48 10.0 -15.490 -172.100
12. 1.539E+21 8.058 328 30 -65 120 63 -104
  -1.12500000       0.00000000    
  -1.05468750       1.46746182E+18
 -0.984375000       1.45544952E+18
 -0.914062500       1.43790612E+18
 -0.843750000       1.42060434E+18
 -0.773437500       1.40670707E+18
 -0.703125000       1.39776364E+18
 -0.632812500       1.39404867E+18
 -0.562500000       1.39542031E+18
 -0.492187500       1.40140041E+18
 -0.421875000       1.41170490E+18
 -0.351562500       1.42596529E+18
 -0.281250000       1.44393323E+18
 -0.210937500       1.46501513E+18
 -0.140625000       1.48848531E+18
  -7.03125000E-02   1.51322679E+18
   0.00000000       1.53824013E+18
   7.03125000E-02   1.56264668E+18
  0.140625000       1.58628343E+18
  0.210937500       1.60952889E+18
  0.281250000       1.63352944E+18
  0.351562500       1.65960821E+18
  0.421875000       1.68917710E+18
  0.492187500       1.72301279E+18
  0.562500000       1.76127620E+18
  0.632812500       1.80313530E+18
  0.703125000       1.84727698E+18
  0.773437500       1.89197295E+18
  0.843750000       1.93681021E+18
  0.914062500       1.98341301E+18
  0.984375000       2.03305321E+18
   1.05468750       2.08551174E+18
   1.12500000       2.34425967E+18
   1.19531250       2.39996973E+18
   1.26562500       2.45718364E+18
   1.33593750       2.51511306E+18
   1.40625000       2.57697680E+18
   1.47656250       2.64649178E+18
   1.54687500       2.72666239E+18
   1.61718750       2.81582372E+18
   1.68750000       2.91190206E+18
   1.75781250       3.01345488E+18
   1.82812500       3.11960668E+18
   1.89843750       3.22984289E+18
   1.96875000       3.34393619E+18
   2.03906250       3.46169774E+18
   2.10937500       3.58284413E+18
   2.17968750       3.70671098E+18
   2.25000000       3.83215262E+18
   2.32031250       3.95738204E+18
   2.39062500       4.08007544E+18
   2.46093750       4.19745353E+18
   2.53125000       4.30665675E+18
   2.60156250       4.40507184E+18
   2.67187500       4.49078702E+18
   2.74218750       4.56275363E+18
   2.81250000       4.62091037E+18
   2.88281250       4.66597825E+18
   2.95312500       4.69938746E+18
   3.02343750       4.72311438E+18
   3.09375000       4.73984454E+18
   3.16406250       4.75321296E+18
   3.23437500       4.76835103E+18
   3.30468750       4.79232478E+18
   3.37500000       4.83206113E+18
   3.44531250       4.88391850E+18
   3.51562500       4.94046418E+18
   3.58593750       4.99204722E+18
   3.65625000       5.03662637E+18
   3.72656250       5.07232806E+18
   3.79687500       5.09782354E+18
   3.86718750       5.11254105E+18
   3.93750000       5.11697208E+18
   4.00781250       5.11263396E+18
   4.07812500       5.10198794E+18
   4.14843750       5.08801480E+18
   4.21875000       5.07386078E+18
   4.28906250       5.06235384E+18
   4.35937500       5.05577492E+18
   4.42968750       5.05559570E+18
   4.50000000       5.06250008E+18
   4.57031250       5.07636602E+18
   4.64062500       5.09649863E+18
   4.71093750       5.12175276E+18
   4.78125000       5.15085024E+18
   4.85156250       5.18251452E+18
   4.92187500       5.21574946E+18
   4.99218750       5.25238409E+18
   5.06250000       5.29494398E+18
   5.13281250       5.34453306E+18
   5.20312500       5.39885553E+18
   5.27343750       5.45459637E+18
   5.34375000       5.50974842E+18
   5.41406250       5.56301866E+18
   5.48437500       5.61370615E+18
   5.55468750       5.66117536E+18
   5.62500000       5.70490899E+18
   5.69531250       5.74420554E+18
   5.76562500       5.77848336E+18
   5.83593750       5.80713059E+18
   5.90625000       5.82989927E+18
   5.97656250       5.84676358E+18
   6.04687500       5.85821884E+18
   6.11718750       5.86500943E+18
   6.18750000       5.86827883E+18
   6.25781250       5.86920461E+18
   6.32812500       5.86912160E+18
   6.39843750       5.86920461E+18
   6.46875000       5.87066586E+18
   6.53906250       5.87453450E+18
   6.60937500       5.88191827E+18
   6.67968750       5.89376935E+18
   6.75000000       5.91108061E+18
   6.82031250       5.93458267E+18
   6.89062500       5.96490226E+18
   6.96093750       6.00224332E+18
   7.03125000       6.04657838E+18
   7.10156250       6.09742200E+18
   7.17187500       6.15410347E+18
   7.24218750       6.21561290E+18
   7.31250000       6.28096347E+18
   7.38281250       6.34915188E+18
   7.45312500       6.41966137E+18
   7.52343750       6.49251336E+18
   7.59375000       6.56877438E+18
   7.66406250       6.65049779E+18
   7.73437500       6.73767861E+18
   7.80468750       6.82954336E+18
   7.87500000       6.93170668E+18
   7.94531250       7.04946218E+18
   8.01562500       7.18680657E+18
   8.08593750       7.33956172E+18
   8.15625000       7.50533564E+18
   8.22656250       7.68273195E+18
   8.29687500       7.87066817E+18
   8.36718750       8.06764458E+18
   8.43750000       8.27136759E+18
   8.50781250       8.47854197E+18
   8.57812500       8.68511492E+18
   8.64843750       8.88660207E+18
   8.71875000       9.07864057E+18
   8.78906250       9.25739532E+18
   8.85937500       9.41996032E+18
   8.92968750       9.56441965E+18
   9.00000000       9.68986843E+18
   9.07031250       9.79616482E+18
   9.14062500       9.88376841E+18
   9.21093750       9.95346315E+18
   9.28125000       1.00062738E+19
   9.35156250       1.00433592E+19
   9.42187500       1.00661136E+19
   9.49218750       1.00761489E+19
   9.56250000       1.00754067E+19
   9.63281250       1.00661092E+19
   9.70312500       1.00525445E+19
   9.77343750       1.00408776E+19
   9.84375000       1.00361057E+19
   9.91406250       1.00402256E+19
   9.98437500       1.00524478E+19
   10.0546875       1.00720246E+19
   10.1250000       1.00982238E+19
   10.1953125       1.01298765E+19
   10.2656250       1.01654644E+19
   10.3359375       1.02028610E+19
   10.4062500       1.02397452E+19
   10.4765625       1.02736200E+19
   10.5468750       1.03023998E+19
   10.6171875       1.03244571E+19
   10.6875000       1.03390355E+19
   10.7578125       1.03460460E+19
   10.8281250       1.03461977E+19
   10.8984375       1.03405649E+19
   10.9687500       1.03305879E+19
   11.0390625       1.03176566E+19
   11.1093750       1.03032497E+19
   11.1796875       1.02886570E+19
   11.2500000       1.02752583E+19
   11.3203125       1.02643336E+19
   11.3906250       1.02573330E+19
   11.4609375       1.02555727E+19
   11.5312500       1.02603522E+19
   11.6015625       1.02726052E+19
   11.6718750       1.02929846E+19
   11.7421875       1.03215478E+19
   11.8125000       1.03579559E+19
   11.8828125       1.04012854E+19
   11.9531250       1.04503775E+19
   12.0234375       1.05037390E+19
   12.0937500       1.05599142E+19
   12.1640625       1.06173791E+19
   12.2343750       1.06748648E+19
   12.3046875       1.07312049E+19
   12.3750000       1.07856395E+19
   12.4453125       1.08377179E+19
   12.5156250       1.08888595E+19
   12.5859375       1.09408026E+19
   12.6562500       1.09952966E+19
   12.7265625       1.10525570E+19
   12.7968750       1.11125210E+19
   12.8671875       1.11747721E+19
   12.9375000       1.12382832E+19
   13.0078125       1.13012170E+19
   13.0781250       1.13611778E+19
   13.1484375       1.14154992E+19
   13.2187500       1.14617930E+19
   13.2890625       1.14983232E+19
   13.3593750       1.15243387E+19
   13.4296875       1.15401255E+19
   13.5000000       1.15469865E+19
   13.5703125       1.15469887E+19
   13.6406250       1.15427962E+19
   13.7109375       1.15373042E+19
   13.7812500       1.15318220E+19
   13.8515625       1.15243607E+19
   13.9218750       1.15121088E+19
   13.9921875       1.14931093E+19
   14.0625000       1.14679591E+19
   14.1328125       1.14373783E+19
   14.2031250       1.14022533E+19
   14.2734375       1.13635439E+19
   14.3437500       1.13223760E+19
   14.4140625       1.12800173E+19
   14.4843750       1.12381204E+19
   14.5546875       1.11987458E+19
   14.6250000       1.11645477E+19
   14.6953125       1.11386938E+19
   14.7656250       1.11229961E+19
   14.8359375       1.11171610E+19
   14.9062500       1.11196942E+19
   14.9765625       1.11294953E+19
   15.0468750       1.11462167E+19
   15.1171875       1.11692031E+19
   15.1875000       1.11975441E+19
   15.2578125       1.12302622E+19
   15.3281250       1.12663713E+19
   15.3984375       1.13050312E+19
   15.4687500       1.13455482E+19
   15.5390625       1.13874561E+19
   15.6093750       1.14304690E+19
   15.6796875       1.14744704E+19
   15.7500000       1.15193865E+19
   15.8203125       1.15651537E+19
   15.8906250       1.16115839E+19
   15.9609375       1.16584066E+19
   16.0312500       1.17052403E+19
   16.1015625       1.17517760E+19
   16.1718750       1.18004547E+19
   16.2421875       1.18547046E+19
   16.3125000       1.19168732E+19
   16.3828125       1.19857620E+19
   16.4531250       1.20587629E+19
   16.5234375       1.21339453E+19
   16.5937500       1.22099392E+19
   16.6640625       1.22882794E+19
   16.7343750       1.23731551E+19
   16.8046875       1.24663563E+19
   16.8750000       1.25654597E+19
   16.9453125       1.26645763E+19
   17.0156250       1.27599952E+19
   17.0859375       1.28497967E+19
   17.1562500       1.29336322E+19
   17.2265625       1.30120769E+19
   17.2968750       1.30863368E+19
   17.3671875       1.31576841E+19
   17.4375000       1.32273976E+19
   17.5078125       1.32964953E+19
   17.5781250       1.33659272E+19
   17.6484375       1.34364158E+19
   17.7187500       1.35086207E+19
   17.7890625       1.35828686E+19
   17.8593750       1.36592483E+19
   17.9296875       1.37373994E+19
   18.0000000       1.38167270E+19
   18.0703125       1.38963613E+19
   18.1406250       1.39754954E+19
   18.2109375       1.40533628E+19
   18.2812500       1.41295315E+19
   18.3515625       1.42037716E+19
   18.4218750       1.42761700E+19
   18.4921875       1.43469104E+19
   18.5625000       1.44163149E+19
   18.6328125       1.44844934E+19
   18.7031250       1.45514624E+19
   18.7734375       1.46168614E+19
   18.8437500       1.46801801E+19
   18.9140625       1.47406444E+19
   18.9843750       1.47975441E+19
   19.0546875       1.48502569E+19
   19.1250000       1.48986299E+19
   19.1953125       1.49430403E+19
   19.2656250       1.49847371E+19
   19.3359375       1.50257291E+19
   19.4062500       1.50689113E+19
   19.4765625       1.51176922E+19
   19.5468750       1.51759235E+19
   19.6171875       1.52473807E+19
   19.6875000       1.53356594E+19
   19.7578125       1.54436952E+19
   19.8281250       1.55737466E+19
   19.8984375       1.57271164E+19
   19.9687500       1.59042983E+19
   20.0390625       1.61048844E+19
   20.1093750       1.63279126E+19
   20.1796875       1.65719074E+19
   20.2500000       1.68394769E+19
   20.3203125       1.71472731E+19
   20.3906250       1.75045660E+19
   20.4609375       1.79106838E+19
   20.5312500       1.83470525E+19
   20.6015625       1.88002744E+19
   20.6718750       1.92618252E+19
   20.7421875       1.97270968E+19
   20.8125000       2.01946729E+19
   20.8828125       2.06653562E+19
   20.9531250       2.11415371E+19
   21.0234375       2.16263778E+19
   21.0937500       2.21233834E+19
   21.1640625       2.26357844E+19
   21.2343750       2.31662460E+19
   21.3046875       2.37163405E+19
   21.3750000       2.42863625E+19
   21.4453125       2.48749970E+19
   21.5156250       2.54793964E+19
   21.5859375       2.60952130E+19
   21.6562500       2.67172551E+19
   21.7265625       2.73398756E+19
   21.7968750       2.79579155E+19
   21.8671875       2.85671153E+19
   21.9375000       2.91647218E+19
   22.0078125       2.97495081E+19
   22.0781250       3.03218523E+19
   22.1484375       3.08833597E+19
   22.2187500       3.14366207E+19
   22.2890625       3.19846107E+19
   22.3593750       3.25304193E+19
   22.4296875       3.30767007E+19
   22.5000000       3.36254867E+19
   22.5703125       3.41779077E+19
   22.6406250       3.47343596E+19
   22.7109375       3.52944112E+19
   22.7812500       3.58572336E+19
   22.8515625       3.64217339E+19
   22.9218750       3.69869862E+19
   22.9921875       3.75523639E+19
   23.0625000       3.81177899E+19
   23.1328125       3.86837438E+19
   23.2031250       3.92513688E+19
   23.2734375       3.98223144E+19
   23.3437500       4.03988983E+19
   23.4140625       4.09838957E+19
   23.4843750       4.15807150E+19
   23.5546875       4.21930946E+19
   23.6250000       4.28251467E+19
   23.6953125       4.34809438E+19
   23.7656250       4.41642815E+19
   23.8359375       4.48781196E+19
   23.9062500       4.56242658E+19
   23.9765625       4.64029179E+19
   24.0468750       4.72125543E+19
   24.1171875       4.80497532E+19
   24.1875000       4.89094394E+19
   24.2578125       4.97849981E+19
   24.3281250       5.06687899E+19
   24.3984375       5.15525730E+19
   24.4687500       5.24282944E+19
   24.5390625       5.32886007E+19
   24.6093750       5.41275852E+19
   24.6796875       5.49412502E+19
   24.7500000       5.57278584E+19
   24.8203125       5.64880344E+19
   24.8906250       5.72246632E+19
   24.9609375       5.79423804E+19
   25.0312500       5.86469739E+19
   25.1015625       5.93443457E+19
   25.1718750       6.00398572E+19
   25.2421875       6.07374709E+19
   25.3125000       6.14394299E+19
   25.3828125       6.21462048E+19
   25.4531250       6.28568675E+19
   25.5234375       6.35694039E+19
   25.5937500       6.42813244E+19
   25.6640625       6.49898541E+19
   25.7343750       6.56922573E+19
   25.8046875       6.63857413E+19
   25.8750000       6.70676936E+19
   25.9453125       6.77356337E+19
   26.0156250       6.83876617E+19
   26.0859375       6.90224406E+19
   26.1562500       6.96396096E+19
   26.2265625       7.02396659E+19
   26.2968750       7.08240256E+19
   26.3671875       7.13945533E+19
   26.4375000       7.19533735E+19
   26.5078125       7.25023641E+19
   26.5781250       7.30429896E+19
   26.6484375       7.35761383E+19
   26.7187500       7.41020611E+19
   26.7890625       7.46204677E+19
   26.8593750       7.51307026E+19
   26.9296875       7.56316138E+19
   27.0000000       7.61219168E+19
   27.0703125       7.66000636E+19
   27.1406250       7.70645853E+19
   27.2109375       7.75141008E+19
   27.2812500       7.79474931E+19
   27.3515625       7.83639177E+19
   27.4218750       7.87629965E+19
   27.4921875       7.91447117E+19
   27.5625000       7.95094593E+19
   27.6328125       7.98579957E+19
   27.7031250       8.01913940E+19
   27.7734375       8.05109121E+19
   27.8437500       8.08180893E+19
   27.9140625       8.11145440E+19
   27.9843750       8.14022290E+19
   28.0546875       8.16832202E+19
   28.1250000       8.19597870E+19
   28.1953125       8.22343306E+19
   28.2656250       8.25093405E+19
   28.3359375       8.27870419E+19
   28.4062500       8.30695724E+19
   28.4765625       8.33583570E+19
   28.5468750       8.36542047E+19
   28.6171875       8.39569839E+19
   28.6875000       8.42657443E+19
   28.7578125       8.45786477E+19
   28.8281250       8.48934775E+19
   28.8984375       8.52078147E+19
   28.9687500       8.55194515E+19
   29.0390625       8.58265231E+19
   29.1093750       8.61277893E+19
   29.1796875       8.64222473E+19
   29.2500000       8.67090439E+19
   29.3203125       8.69870444E+19
   29.3906250       8.72548502E+19
   29.4609375       8.75103855E+19
   29.5312500       8.77511698E+19
   29.6015625       8.79741068E+19
   29.6718750       8.81759243E+19
   29.7421875       8.83529721E+19
   29.8125000       8.85014941E+19
   29.8828125       8.86174354E+19
   29.9531250       8.86965827E+19
   30.0234375       8.87345202E+19
   30.0937500       8.87269204E+19
   30.1640625       8.86696490E+19
   30.2343750       8.85595219E+19
   30.3046875       8.83945424E+19
   30.3750000       8.81745697E+19
   30.4453125       8.79013719E+19
   30.5156250       8.75788895E+19
   30.5859375       8.72127785E+19
   30.6562500       8.68102341E+19
   30.7265625       8.63790321E+19
   30.7968750       8.59272999E+19
   30.8671875       8.54625583E+19
   30.9375000       8.49915100E+19
   31.0078125       8.45193357E+19
   31.0781250       8.40495364E+19
   31.1484375       8.35833874E+19
   31.2187500       8.31200796E+19
   31.2890625       8.26564463E+19
   31.3593750       8.21875354E+19
   31.4296875       8.17070224E+19
   31.5000000       8.12081784E+19
   31.5703125       8.06845734E+19
   31.6406250       8.01310792E+19
   31.7109375       7.95441511E+19
   31.7812500       7.89223377E+19
   31.8515625       7.82659469E+19
   31.9218750       7.75771864E+19
   31.9921875       7.68596187E+19
   32.0625000       7.61181784E+19
   32.1328125       7.53587062E+19
   32.2031250       7.45879221E+19
   32.2734375       7.38128192E+19
   32.3437500       7.30404035E+19
   32.4140625       7.22768850E+19
   32.4843750       7.15275591E+19
   32.5546875       7.07960980E+19
   32.6250000       7.00846788E+19
   32.6953125       6.93937237E+19
   32.7656250       6.87222343E+19
   32.8359375       6.80678402E+19
   32.9062500       6.74271811E+19
   32.9765625       6.67960043E+19
   33.0468750       6.61696609E+19
   33.1171875       6.55433747E+19
   33.1875000       6.49130598E+19
   33.2578125       6.42756290E+19
   33.3281250       6.36298110E+19
   33.3984375       6.29762041E+19
   33.4687500       6.23173064E+19
   33.5390625       6.16568737E+19
   33.6093750       6.09992602E+19
   33.6796875       6.03482614E+19
   33.7500000       5.97064941E+19
   33.8203125       5.90745300E+19
   33.8906250       5.84511288E+19
   33.9609375       5.78332957E+19
   34.0312500       5.72173273E+19
   34.1015625       5.65994281E+19
   34.1718750       5.59767879E+19
   34.2421875       5.53479420E+19
   34.3125000       5.47130972E+19
   34.3828125       5.40737312E+19
   34.4531250       5.34323377E+19
   34.5234375       5.27916830E+19
   34.5937500       5.21544457E+19
   34.6640625       5.15227410E+19
   34.7343750       5.08981921E+19
   34.8046875       5.02818366E+19
   34.8750000       4.96745676E+19
   34.9453125       4.90771369E+19
   35.0156250       4.84905563E+19
   35.0859375       4.79159515E+19
   35.1562500       4.73546244E+19
   35.2265625       4.68075118E+19
   35.2968750       4.62749304E+19
   35.3671875       4.57559345E+19
   35.4375000       4.52482416E+19
   35.5078125       4.47480078E+19
   35.5781250       4.42504480E+19
   35.6484375       4.37504517E+19
   35.7187500       4.32435724E+19
   35.7890625       4.27266084E+19
   35.8593750       4.21982403E+19
   35.9296875       4.16587671E+19
   36.0000000       4.11101328E+19
   36.0703125       4.05551389E+19
   36.1406250       3.99972072E+19
   36.2109375       3.94397284E+19
   36.2812500       3.88860539E+19
   36.3515625       3.83390821E+19
   36.4218750       3.78013725E+19
   36.4921875       3.72750759E+19
   36.5625000       3.67622438E+19
   36.6328125       3.62648050E+19
   36.7031250       3.57850639E+19
   36.7734375       3.53256044E+19
   36.8437500       3.48896128E+19
   36.9140625       3.44805945E+19
   36.9843750       3.41024417E+19
   37.0546875       3.37589938E+19
   37.1250000       3.34539255E+19
   37.1953125       3.31901351E+19
   37.2656250       3.29695401E+19
   37.3359375       3.27924087E+19
   37.4062500       3.26572062E+19
   37.4765625       3.25601347E+19
   37.5468750       3.24954614E+19
   37.6171875       3.24556723E+19
   37.6875000       3.24323473E+19
   37.7578125       3.24167276E+19
   37.8281250       3.24006264E+19
   37.8984375       3.23768615E+19
   37.9687500       3.23398322E+19
   38.0390625       3.22854701E+19
   38.1093750       3.22114488E+19
   38.1796875       3.21169084E+19
   38.2500000       3.20024580E+19
   38.3203125       3.18697514E+19
   38.3906250       3.17213591E+19
   38.4609375       3.15602960E+19
   38.5312500       3.13898321E+19
   38.6015625       3.12129163E+19
   38.6718750       3.10320620E+19
   38.7421875       3.08489472E+19
   38.8125000       3.06645085E+19
   38.8828125       3.04787482E+19
   38.9531250       3.02910704E+19
   39.0234375       3.01003139E+19
   39.0937500       2.99051594E+19
   39.1640625       2.97042038E+19
   39.2343750       2.94963477E+19
   39.3046875       2.92807775E+19
   39.3750000       2.90572710E+19
   39.4453125       2.88259315E+19
   39.5156250       2.85872671E+19
   39.5859375       2.83416956E+19
   39.6562500       2.80894237E+19
   39.7265625       2.78299499E+19
   39.7968750       2.75621924E+19
   39.8671875       2.72844668E+19
   39.9375000       2.69953128E+19
   40.0078125       2.66942754E+19
   40.0781250       2.57789693E+19
   40.1484375       2.56453720E+19
   40.2187500       2.48377390E+19
   40.2890625       2.41635206E+19
   40.3593750       2.41182977E+19
   40.4296875       2.40626910E+19
   40.5000000       2.39980771E+19
   40.5703125       2.39256611E+19
   40.6406250       2.38464831E+19
   40.7109375       2.37611060E+19
   40.7812500       2.36699565E+19
   40.8515625       2.31734984E+19
   40.9218750       2.31024303E+19
   40.9921875       2.30190610E+19
   41.0625000       2.29248724E+19
   41.1328125       2.28222066E+19
   41.2031250       2.27141972E+19
   41.2734375       2.26043582E+19
   41.3437500       2.24964345E+19
   41.4140625       2.23939600E+19
   41.4843750       2.23001871E+19
   41.5546875       2.22177501E+19
   41.6250000       2.21486260E+19
   41.6953125       2.20938219E+19
   41.7656250       2.20533005E+19
   41.8359375       2.20257160E+19
   41.9062500       2.20085856E+19
   41.9765625       2.19983975E+19
   42.0468750       2.19912375E+19
   42.1171875       2.19832243E+19
   42.1875000       2.19712132E+19
   42.2578125       2.19530317E+19
   42.3281250       2.19278045E+19
   42.3984375       2.18957251E+19
   42.4687500       2.18579503E+19
   42.5390625       2.18160809E+19
   42.6093750       2.17718805E+19
   42.6796875       2.17267170E+19
   42.7500000       2.16814039E+19
   42.8203125       2.16359413E+19
   42.8906250       2.15897376E+19
   42.9609375       2.15417352E+19
   43.0312500       2.14909575E+19
   43.1015625       2.14367648E+19
   43.1718750       2.13792186E+19
   43.2421875       2.13190269E+19
   43.3125000       2.12575510E+19
   43.3828125       2.11964379E+19
   43.4531250       2.11374030E+19
   43.5234375       2.10817369E+19
   43.5937500       2.10301456E+19
   43.6640625       2.09823960E+19
   43.7343750       2.09374128E+19
   43.8046875       2.08932696E+19
   43.8750000       2.08476860E+19
   43.9453125       2.07983971E+19
   44.0156250       2.07438020E+19
   44.0859375       2.06832123E+19
   44.1562500       2.06170811E+19
   44.2265625       2.05467475E+19
   44.2968750       2.04741644E+19
   44.3671875       2.04013833E+19
   44.4375000       2.03302911E+19
   44.5078125       2.02622863E+19
   44.5781250       2.01982815E+19
   44.6484375       2.01385252E+19
   44.7187500       2.00826920E+19
   44.7890625       2.00297571E+19
   44.8593750       1.99781725E+19
   44.9296875       1.99258599E+19
   45.0000000       1.98705720E+19
   45.0703125       1.98100219E+19
   45.1406250       1.97423602E+19
   45.2109375       1.96663026E+19
   45.2812500       1.95814203E+19
   45.3515625       1.94880058E+19
   45.4218750       1.93871234E+19
   45.4921875       1.92801651E+19
   45.5625000       1.91687120E+19
   45.6328125       1.90540725E+19
   45.7031250       1.89372824E+19
   45.7734375       1.88189244E+19
   45.8437500       1.86994448E+19
   45.9140625       1.85792396E+19
   45.9843750       1.84590982E+19
   46.0546875       1.83402102E+19
   46.1250000       1.82244162E+19
   46.1953125       1.81138581E+19
   46.2656250       1.80108779E+19
   46.3359375       1.79173820E+19
   46.4062500       1.78345481E+19
   46.4765625       1.77623047E+19
   46.5468750       1.76993291E+19
   46.6171875       1.76430198E+19
   46.6875000       1.75900299E+19
   46.7578125       1.75366926E+19
   46.8281250       1.74797599E+19
   46.8984375       1.74167106E+19
   46.9687500       1.73461065E+19
   47.0390625       1.72673804E+19
   47.1093750       1.71807675E+19
   47.1796875       1.70868582E+19
   47.2500000       1.69865289E+19
   47.3203125       1.68806459E+19
   47.3906250       1.67701351E+19
   47.4609375       1.66558397E+19
   47.5312500       1.65386703E+19
   47.6015625       1.64195074E+19
   47.6718750       1.62994298E+19
   47.7421875       1.61796567E+19
   47.8125000       1.60618209E+19
   47.8828125       1.59479181E+19
   47.9531250       1.58405200E+19
   48.0234375       1.57426294E+19
   48.0937500       1.56576910E+19
   48.1640625       1.55892255E+19
   48.2343750       1.55406227E+19
   48.3046875       1.55145709E+19
   48.3750000       1.55127435E+19
   48.4453125       1.55353142E+19
   48.5156250       1.55809121E+19
   48.5859375       1.56465639E+19
   48.6562500       1.57281598E+19
   48.7265625       1.58208112E+19
   48.7968750       1.59195716E+19
   48.8671875       1.60198602E+19
   48.9375000       1.61180279E+19
   49.0078125       1.62114666E+19
   49.0781250       1.62988008E+19
   49.1484375       1.63796402E+19
   49.2187500       1.64545247E+19
   49.2890625       1.65245185E+19
   49.3593750       1.65911126E+19
   49.4296875       1.66558233E+19
   49.5000000       1.67201040E+19
   49.5703125       1.67849950E+19
   49.6406250       1.68511097E+19
   49.7109375       1.69184581E+19
   49.7812500       1.69866421E+19
   49.8515625       1.70548624E+19
   49.9218750       1.71221932E+19
   49.9921875       1.71875306E+19
   50.0625000       1.72496838E+19
   50.1328125       1.73071399E+19
   50.2031250       1.73581077E+19
   50.2734375       1.74004389E+19
   50.3437500       1.74319751E+19
   50.4140625       1.74506822E+19
   50.4843750       1.74550989E+19
   50.5546875       1.74443424E+19
   50.6250000       1.74182840E+19
   50.6953125       1.73773239E+19
   50.7656250       1.73223703E+19
   50.8359375       1.72544919E+19
   50.9062500       1.71748983E+19
   50.9765625       1.70846493E+19
   51.0468750       1.69847433E+19
   51.1171875       1.68760224E+19
   51.1875000       1.67593742E+19
   51.2578125       1.66357209E+19
   51.3281250       1.65062776E+19
   51.3984375       1.63725352E+19
   51.4687500       1.62364530E+19
   51.5390625       1.61002774E+19
   51.6093750       1.59665317E+19
   51.6796875       1.58375854E+19
   51.7500000       1.57155374E+19
   51.8203125       1.56018457E+19
   51.8906250       1.54974031E+19
   51.9609375       1.54024383E+19
   52.0312500       1.53168039E+19
   52.1015625       1.52399689E+19
   52.1718750       1.51712846E+19
   52.2421875       1.51098780E+19
   52.3125000       1.50548002E+19
   52.3828125       1.50049285E+19
   52.4531250       1.49591844E+19
   52.5234375       1.49164981E+19
   52.5937500       1.48760603E+19
   52.6640625       1.48371639E+19
   52.7343750       1.47992880E+19
   52.8046875       1.47617913E+19
   52.8750000       1.47239219E+19
   52.9453125       1.46845715E+19
   53.0156250       1.46423679E+19
   53.0859375       1.45955672E+19
   53.1562500       1.45422848E+19
   53.2265625       1.44804967E+19
   53.2968750       1.44083621E+19
   53.3671875       1.43242330E+19
   53.4375000       1.42270043E+19
   53.5078125       1.41160921E+19
   53.5781250       1.39917550E+19
   53.6484375       1.38549559E+19
   53.7187500       1.37074938E+19
   53.7890625       1.35516501E+19
   53.8593750       1.33900384E+19
   53.9296875       1.32250050E+19
   54.0000000       1.30583652E+19
   54.0703125       1.28909371E+19
   54.1406250       1.27225964E+19
   54.2109375       1.25522666E+19
   54.2812500       1.23783789E+19
   54.3515625       1.21990870E+19
   54.4218750       1.20127297E+19
   54.4921875       1.18178412E+19
   54.5625000       1.16133365E+19
   54.6328125       1.13983380E+19
   54.7031250       1.11722927E+19
   54.7734375       1.09348378E+19
   54.8437500       1.06860260E+19
   54.9140625       1.04262795E+19
   54.9843750       9.87163200E+18
   55.0546875       9.61133581E+18
   55.1250000       9.34011598E+18
   55.1953125       9.06072403E+18
   55.2656250       8.77665421E+18
   55.3359375       8.49181307E+18
   55.4062500       8.21011270E+18
   55.4765625       7.41575623E+18
   55.5468750       6.74436474E+18
   55.6171875       6.54733226E+18
   55.6875000       5.97442568E+18
   55.7578125       5.82212133E+18
   55.8281250       5.40539927E+18
   55.8984375       5.31257575E+18
   55.9687500       5.22696613E+18
   56.0390625       5.14721855E+18
   56.1093750       5.07170464E+18
   56.1796875       4.99886694E+18
   56.2500000       4.92709797E+18
   56.3203125       4.85507776E+18
   56.3906250       4.78154737E+18
   56.4609375       4.70549030E+18
   56.5312500       4.62578835E+18
   56.6015625       4.54140386E+18
   56.6718750       3.93394045E+18
   56.7421875       3.89493061E+18
   56.8125000       3.85651917E+18
   56.8828125       3.81852362E+18
   56.9531250       3.78059624E+18
   57.0234375       3.74253527E+18
   57.0937500       3.70389458E+18
   57.1640625       3.66435010E+18
   57.2343750       3.62335921E+18
   57.3046875       3.58054065E+18
   57.3750000       3.53531031E+18
   57.4453125       3.48724461E+18
   57.5156250       3.43570171E+18
   57.5859375       3.38016428E+18
   57.6562500       3.31987833E+18
   57.7265625       3.25426855E+18
   57.7968750       3.18265845E+18
   57.8671875       3.10472892E+18
   57.9375000       3.02021743E+18
   58.0078125       2.92927847E+18
   58.0781250       2.83201265E+18
   58.1484375       2.72864399E+18
   58.2187500       2.61894791E+18
   58.2890625       2.50248242E+18
   58.3593750       2.37827884E+18
   58.4296875       1.77279386E+18
   58.5000000       1.42896805E+18
   58.5703125       1.42718176E+18
   58.6406250       1.42696997E+18
   58.7109375       1.42808831E+18
   58.7812500       1.43036279E+18
   58.8515625       1.43382831E+18
   58.9218750       1.43869915E+18
   58.9921875       1.44543599E+18
   59.0625000       1.45462873E+18
   59.1328125       1.46697597E+18
   59.2031250       1.48310691E+18
   59.2734375       1.50353900E+18
   59.3437500       1.52852979E+18
   59.4140625       1.55809539E+18
   59.4843750       1.59194550E+18
   59.5546875       1.62958783E+18
   59.6250000       1.67033395E+18
   59.6953125       1.71344003E+18
   59.7656250       1.75811057E+18
   59.8359375       1.80361647E+18
   59.9062500       1.84925967E+18
   59.9765625       1.89445111E+18
   60.0468750       1.93864406E+18
   60.1171875       1.98140187E+18
   60.1875000       2.02233930E+18
   60.2578125       2.06119686E+18
   60.3281250       2.09777706E+18
   60.3984375       2.13199923E+18
   60.4687500       2.16380878E+18
   60.5390625       2.19320450E+18
   60.6093750       2.22013965E+18
   60.6796875       2.24456571E+18
   60.7500000       2.26636587E+18
   60.8203125       2.28542453E+18
   60.8906250       2.30156536E+18
   60.9609375       2.31461519E+18
   61.0312500       2.32432607E+18
   61.1015625       2.33041737E+18
   61.1718750       2.33249215E+18
   61.2421875       2.33009026E+18
   61.3125000       2.32265179E+18
   61.3828125       2.30963413E+18
   61.4531250       2.29054908E+18
   61.5234375       2.26514266E+18
   61.5937500       2.23344773E+18
   61.6640625       2.19590903E+18
   61.7343750       2.15330790E+18
   61.8046875       2.10673396E+18
   61.8750000       2.05736122E+18
   61.9453125       2.00632381E+18
   62.0156250       1.95447428E+18
   62.0859375       1.90233983E+18
   62.1562500       1.85003703E+18
   62.2265625       1.79742017E+18
   62.2968750       1.74417646E+18
   62.3671875       1.69010275E+18
   62.4375000       1.63524345E+18
   62.5078125       1.58009703E+18
   62.5781250       1.52558668E+18
   62.6484375       1.47305201E+18
   62.7187500       1.42401269E+18
   62.7890625       1.38001574E+18
   62.8593750       1.34235623E+18
   62.9296875       1.31198936E+18
   63.0000000       1.28939248E+18
   63.0703125       1.27462947E+18
   63.1406250       1.26733875E+18
   63.2109375       1.26687613E+18
   63.2812500       1.27233864E+18
   63.3515625       1.28271308E+18
   63.4218750       1.29688688E+18
   63.4921875       1.31378761E+18
   63.5625000       1.33238242E+18
   63.6328125       1.35180680E+18
   63.7031250       1.37135007E+18
   63.7734375       1.39056734E+18
   63.8437500       1.40924337E+18
   63.9140625       1.42745471E+18
   63.9843750       1.44545757E+18
   64.0546875       1.46366589E+18
   64.1250000       1.48246631E+18
   64.1953125       1.50216543E+18
   64.2656250       1.52283254E+18
   64.3359375       1.54433129E+18
   64.4062500       1.56627438E+18
   64.4765625       1.58814367E+18
   64.5468750       1.60927917E+18
   64.6171875       1.62898131E+18
   64.6875000       1.64645365E+18
   64.7578125       1.66085382E+18
   64.8281250       1.67122950E+18
   64.8984375       1.67662563E+18
   64.9687500       1.67612398E+18
   65.0390625       1.66906374E+18
   65.1093750       1.65515272E+18
   65.1796875       1.63468022E+18
   65.2500000       1.60852023E+18
   65.3203125       1.57814471E+18
   65.3906250       1.54536291E+18
   65.4609375       1.51209567E+18
   65.5312500       1.47996821E+18
   65.6015625       1.45008706E+18
   65.6718750       1.42280928E+18
   65.7421875       1.39781147E+18
   65.8125000       1.37418764E+18
   65.8828125       1.35075539E+18
   65.9531250       1.32623464E+18
   66.0234375       1.29949644E+18
   66.0937500       1.26959687E+18
   66.1640625       1.23586949E+18
   66.2343750       1.19784631E+18
   66.3046875       1.15531212E+18
   66.3750000       1.10824278E+18
   66.4453125       1.05689284E+18
   66.5156250       1.00174402E+18
   66.5859375       6.10826950E+17
   66.6562500       5.82344720E+17
   66.7265625       5.51779980E+17
   66.7968750       5.19597103E+17
   66.8671875       4.86390924E+17
   66.9375000       4.52716044E+17
   67.0078125       4.19180390E+17
   67.0781250       3.86284308E+17
   67.1484375       3.54524227E+17
   67.2187500       3.24241340E+17
   67.2890625       0.00000000    
   67.3593750       0.00000000    
   67.4296875       0.00000000    
   67.5000000       0.00000000    
   67.5703125       0.00000000    
   67.6406250       0.00000000    
