2009 09 29 17 48 10.0 -15.490 -172.100
12. 1.539E+21 8.058 328 30 -65 120 63 -104
  -1.12500000       0.00000000    
  -1.05468750       0.00000000    
 -0.984375000       0.00000000    
 -0.914062500       0.00000000    
 -0.843750000       0.00000000    
 -0.773437500       0.00000000    
 -0.703125000       0.00000000    
 -0.632812500       0.00000000    
 -0.562500000       0.00000000    
 -0.492187500       0.00000000    
 -0.421875000       0.00000000    
 -0.351562500       0.00000000    
 -0.281250000       0.00000000    
 -0.210937500       0.00000000    
 -0.140625000       0.00000000    
  -7.03125000E-02   0.00000000    
   0.00000000       0.00000000    
   7.03125000E-02   2.67807717E+18
  0.140625000       2.70216967E+18
  0.210937500       2.75773899E+18
  0.281250000       2.85234042E+18
  0.351562500       2.99170407E+18
  0.421875000       3.17664522E+18
  0.492187500       3.40169904E+18
  0.562500000       3.65350836E+18
  0.632812500       3.91289828E+18
  0.703125000       4.15764791E+18
  0.773437500       4.36791687E+18
  0.843750000       4.52968032E+18
  0.914062500       4.63794785E+18
  0.984375000       4.69611312E+18
   1.05468750       4.71489443E+18
   1.12500000       4.70869538E+18
   1.19531250       4.69346824E+18
   1.26562500       4.68360617E+18
   1.33593750       4.69112793E+18
   1.40625000       4.72412648E+18
   1.47656250       4.78740392E+18
   1.54687500       4.88210431E+18
   1.61718750       5.00707700E+18
   1.68750000       5.15884204E+18
   1.75781250       5.33313772E+18
   1.82812500       5.52494532E+18
   1.89843750       5.72988055E+18
   1.96875000       5.94383561E+18
   2.03906250       6.16394795E+18
   2.10937500       6.38781016E+18
   2.17968750       6.61400939E+18
   2.25000000       6.84102996E+18
   2.32031250       7.06782347E+18
   2.39062500       7.29299850E+18
   2.46093750       7.51567655E+18
   2.53125000       7.73487628E+18
   2.60156250       7.95042399E+18
   2.67187500       8.16224931E+18
   2.74218750       8.37091353E+18
   2.81250000       8.57643479E+18
   2.88281250       8.77860309E+18
   2.95312500       8.97595663E+18
   3.02343750       9.16646736E+18
   3.09375000       9.34690327E+18
   3.16406250       9.51395867E+18
   3.23437500       9.66400352E+18
   3.30468750       9.79433083E+18
   3.37500000       9.90276027E+18
   3.44531250       9.98865852E+18
   3.51562500       1.00522631E+19
   3.58593750       1.00953034E+19
   3.65625000       1.01199061E+19
   3.72656250       1.01289265E+19
   3.79687500       1.01247616E+19
   3.86718750       1.01096444E+19
   3.93750000       1.00844458E+19
   4.00781250       1.00491306E+19
   4.07812500       1.00018999E+19
   4.14843750       9.94010408E+18
   4.21875000       9.85985293E+18
   4.28906250       9.75751149E+18
   4.35937500       9.62980981E+18
   4.42968750       9.47551864E+18
   4.50000000       9.29535047E+18
   4.57031250       9.09311784E+18
   4.64062500       8.87503246E+18
   4.71093750       8.65013725E+18
   4.78125000       8.42891991E+18
   4.85156250       8.22326011E+18
   4.92187500       8.04478848E+18
   4.99218750       7.90457711E+18
   5.06250000       7.81131818E+18
   5.13281250       7.77115797E+18
   5.20312500       7.78639775E+18
   5.27343750       7.85611503E+18
   5.34375000       7.97571771E+18
   5.41406250       8.13845917E+18
   5.48437500       8.33561260E+18
   5.55468750       8.55814111E+18
   5.62500000       8.79662738E+18
   5.69531250       9.04258539E+18
   5.76562500       9.28811018E+18
   5.83593750       9.52687353E+18
   5.90625000       9.75347958E+18
   5.97656250       9.96424166E+18
   6.04687500       1.01564000E+19
   6.11718750       1.03287397E+19
   6.18750000       1.04806482E+19
   6.25781250       1.06127545E+19
   6.32812500       1.07261911E+19
   6.39843750       1.08233539E+19
   6.46875000       1.09070905E+19
   6.53906250       1.09813504E+19
   6.60937500       1.10502370E+19
   6.67968750       1.11184210E+19
   6.75000000       1.11899442E+19
   6.82031250       1.12685582E+19
   6.89062500       1.13566522E+19
   6.96093750       1.14558073E+19
   7.03125000       1.15659717E+19
   7.10156250       1.16863210E+19
   7.17187500       1.18148077E+19
   7.24218750       1.19491746E+19
   7.31250000       1.20865047E+19
   7.38281250       1.22242515E+19
   7.45312500       1.23598488E+19
   7.52343750       1.24917781E+19
   7.59375000       1.26190125E+19
   7.66406250       1.27419093E+19
   7.73437500       1.28614812E+19
   7.80468750       1.29799910E+19
   7.87500000       1.30998245E+19
   7.94531250       1.32238329E+19
   8.01562500       1.33541767E+19
   8.08593750       1.34927174E+19
   8.15625000       1.36400322E+19
   8.22656250       1.37960617E+19
   8.29687500       1.39594579E+19
   8.36718750       1.41284188E+19
   8.43750000       1.43000338E+19
   8.50781250       1.44711222E+19
   8.57812500       1.46376785E+19
   8.64843750       1.47958421E+19
   8.71875000       1.49413746E+19
   8.78906250       1.50707651E+19
   8.85937500       1.51808911E+19
   8.92968750       1.52701615E+19
   9.00000000       1.53380267E+19
   9.07031250       1.53858477E+19
   9.14062500       1.54160546E+19
   9.21093750       1.54325286E+19
   9.28125000       1.54392521E+19
   9.35156250       1.54404418E+19
   9.42187500       1.54393148E+19
   9.49218750       1.54384770E+19
   9.56250000       1.54390630E+19
   9.63281250       1.54416040E+19
   9.70312500       1.54457139E+19
   9.77343750       1.54513709E+19
   9.84375000       1.54586673E+19
   9.91406250       1.54690335E+19
   9.98437500       1.54847895E+19
   10.0546875       1.55098287E+19
   10.1250000       1.55483193E+19
   10.1953125       1.56046077E+19
   10.2656250       1.56814965E+19
   10.3359375       1.57802140E+19
   10.4062500       1.58992889E+19
   10.4765625       1.60355008E+19
   10.5468750       1.61838150E+19
   10.6171875       1.63389385E+19
   10.6875000       1.64953066E+19
   10.7578125       1.66483609E+19
   10.8281250       1.67942133E+19
   10.8984375       1.69305934E+19
   10.9687500       1.70561642E+19
   11.0390625       1.71712985E+19
   11.1093750       1.72773167E+19
   11.1796875       1.73771227E+19
   11.2500000       1.74741821E+19
   11.3203125       1.75729083E+19
   11.3906250       1.76775081E+19
   11.4609375       1.77922301E+19
   11.5312500       1.79201154E+19
   11.6015625       1.80632795E+19
   11.6718750       1.82218632E+19
   11.7421875       1.83945953E+19
   11.8125000       1.85779290E+19
   11.8828125       1.87669285E+19
   11.9531250       1.89549340E+19
   12.0234375       1.91349592E+19
   12.0937500       1.92996462E+19
   12.1640625       1.94428005E+19
   12.2343750       1.95593135E+19
   12.3046875       1.96464212E+19
   12.3750000       1.97030746E+19
   12.4453125       1.97306482E+19
   12.5156250       1.97319280E+19
   12.5859375       1.97114683E+19
   12.6562500       1.96743730E+19
   12.7265625       1.96265882E+19
   12.7968750       1.95738446E+19
   12.8671875       1.95220862E+19
   12.9375000       1.94763532E+19
   13.0078125       1.94411644E+19
   13.0781250       1.94194622E+19
   13.1484375       1.94130982E+19
   13.2187500       1.94218196E+19
   13.2890625       1.94439527E+19
   13.3593750       1.94757836E+19
   13.4296875       1.95126238E+19
   13.5000000       1.95486175E+19
   13.5703125       1.95781349E+19
   13.6406250       1.95958899E+19
   13.7109375       1.95983044E+19
   13.7812500       1.95832191E+19
   13.8515625       1.95506450E+19
   13.9218750       1.95018288E+19
   13.9921875       1.94394008E+19
   14.0625000       1.93658610E+19
   14.1328125       1.92836395E+19
   14.2031250       1.91939964E+19
   14.2734375       1.90977275E+19
   14.3437500       1.89946813E+19
   14.4140625       1.88850776E+19
   14.4843750       1.87694441E+19
   14.5546875       1.86500108E+19
   14.6250000       1.85302850E+19
   14.6953125       1.84157499E+19
   14.7656250       1.83127059E+19
   14.8359375       1.82281678E+19
   14.9062500       1.81681883E+19
   14.9765625       1.81376813E+19
   15.0468750       1.81391887E+19
   15.1171875       1.81734088E+19
   15.1875000       1.82384911E+19
   15.2578125       1.83310798E+19
   15.3281250       1.84460690E+19
   15.3984375       1.85779752E+19
   15.4687500       1.87208127E+19
   15.5390625       1.88695151E+19
   15.6093750       1.90198117E+19
   15.6796875       1.91693365E+19
   15.7500000       1.93169987E+19
   15.8203125       1.94635702E+19
   15.8906250       1.96106717E+19
   15.9609375       1.97611091E+19
   16.0312500       1.99177103E+19
   16.1015625       2.00836838E+19
   16.1718750       2.02616353E+19
   16.2421875       2.04539839E+19
   16.3125000       2.06619499E+19
   16.3828125       2.08860392E+19
   16.4531250       2.11252644E+19
   16.5234375       2.13779167E+19
   16.5937500       2.16408363E+19
   16.6640625       2.19103332E+19
   16.7343750       2.21816267E+19
   16.8046875       2.24499318E+19
   16.8750000       2.27100234E+19
   16.9453125       2.29573652E+19
   17.0156250       2.31877942E+19
   17.0859375       2.33985068E+19
   17.1562500       2.35874095E+19
   17.2265625       2.37537590E+19
   17.2968750       2.38973421E+19
   17.3671875       2.40191020E+19
   17.4375000       2.41202922E+19
   17.5078125       2.42031778E+19
   17.5781250       2.42704437E+19
   17.6484375       2.43259625E+19
   17.7187500       2.43739100E+19
   17.7890625       2.44191527E+19
   17.8593750       2.44660381E+19
   17.9296875       2.45185222E+19
   18.0000000       2.45788524E+19
   18.0703125       2.46478555E+19
   18.1406250       2.47241924E+19
   18.2109375       2.48052264E+19
   18.2812500       2.48867156E+19
   18.3515625       2.49640245E+19
   18.4218750       2.50320535E+19
   18.4921875       2.50863979E+19
   18.5625000       2.51228995E+19
   18.6328125       2.51384642E+19
   18.7031250       2.51304158E+19
   18.7734375       2.50972457E+19
   18.8437500       2.50378369E+19
   18.9140625       2.49522047E+19
   18.9843750       2.48409122E+19
   19.0546875       2.47059119E+19
   19.1250000       2.45498846E+19
   19.1953125       2.43770238E+19
   19.2656250       2.41923520E+19
   19.3359375       2.40023190E+19
   19.4062500       2.38138232E+19
   19.4765625       2.36345610E+19
   19.5468750       2.34719696E+19
   19.6171875       2.33335675E+19
   19.6875000       2.32257802E+19
   19.7578125       2.31543273E+19
   19.8281250       2.31233145E+19
   19.8984375       2.31359061E+19
   19.9687500       2.31936128E+19
   20.0390625       2.32971912E+19
   20.1093750       2.34462168E+19
   20.1796875       2.36401949E+19
   20.2500000       2.38781028E+19
   20.3203125       2.41593953E+19
   20.3906250       2.44835027E+19
   20.4609375       2.48505725E+19
   20.5312500       2.52607035E+19
   20.6015625       2.57145137E+19
   20.6718750       2.62125243E+19
   20.7421875       2.67557974E+19
   20.8125000       2.73451357E+19
   20.8828125       2.79815748E+19
   20.9531250       2.86655282E+19
   21.0234375       2.93971344E+19
   21.0937500       3.01750037E+19
   21.1640625       3.09963235E+19
   21.2343750       3.18557106E+19
   21.3046875       3.27456025E+19
   21.3750000       3.36555276E+19
   21.4453125       3.45731206E+19
   21.5156250       3.54841737E+19
   21.5859375       3.63741734E+19
   21.6562500       3.72285709E+19
   21.7265625       3.80343502E+19
   21.7968750       3.87802193E+19
   21.8671875       3.94580594E+19
   21.9375000       4.00626149E+19
   22.0078125       4.05923992E+19
   22.0781250       4.10489648E+19
   22.1484375       4.14374223E+19
   22.2187500       4.17651339E+19
   22.2890625       4.20416743E+19
   22.3593750       4.22774931E+19
   22.4296875       4.24837483E+19
   22.5000000       4.26708236E+19
   22.5703125       4.28482760E+19
   22.6406250       4.30235469E+19
   22.7109375       4.32021956E+19
   22.7812500       4.33869707E+19
   22.8515625       4.35784529E+19
   22.9218750       4.37748652E+19
   22.9921875       4.39734018E+19
   23.0625000       4.41702672E+19
   23.1328125       4.43620440E+19
   23.2031250       4.45455745E+19
   23.2734375       4.47189411E+19
   23.3437500       4.48804726E+19
   23.4140625       4.50289506E+19
   23.4843750       4.51625940E+19
   23.5546875       4.52796173E+19
   23.6250000       4.53779532E+19
   23.6953125       4.54567970E+19
   23.7656250       4.55171997E+19
   23.8359375       4.55639334E+19
   23.9062500       4.56054509E+19
   23.9765625       4.56543132E+19
   24.0468750       4.57253769E+19
   24.1171875       4.58344748E+19
   24.1875000       4.59951398E+19
   24.2578125       4.62169949E+19
   24.3281250       4.65036156E+19
   24.3984375       4.68528029E+19
   24.4687500       4.72565875E+19
   24.5390625       4.77034247E+19
   24.6093750       4.81794209E+19
   24.6796875       4.86709949E+19
   24.7500000       4.91656520E+19
   24.8203125       4.96536856E+19
   24.8906250       5.01281557E+19
   24.9609375       5.05857372E+19
   25.0312500       5.10260125E+19
   25.1015625       5.14518181E+19
   25.1718750       5.18684539E+19
   25.2421875       5.22840473E+19
   25.3125000       5.27082873E+19
   25.3828125       5.31523932E+19
   25.4531250       5.36274702E+19
   25.5234375       5.41442626E+19
   25.5937500       5.47112764E+19
   25.6640625       5.53345148E+19
   25.7343750       5.60162428E+19
   25.8046875       5.67556995E+19
   25.8750000       5.75487553E+19
   25.9453125       5.83893935E+19
   26.0156250       5.92699220E+19
   26.0859375       6.01822747E+19
   26.1562500       6.11176732E+19
   26.2265625       6.20670488E+19
   26.2968750       6.30203649E+19
   26.3671875       6.39670884E+19
   26.4375000       6.48956304E+19
   26.5078125       6.57942744E+19
   26.5781250       6.66511942E+19
   26.6484375       6.74559839E+19
   26.7187500       6.81998124E+19
   26.7890625       6.88766629E+19
   26.8593750       6.94830788E+19
   26.9296875       7.00188928E+19
   27.0000000       7.04861456E+19
   27.0703125       7.08890551E+19
   27.1406250       7.12327096E+19
   27.2109375       7.15231874E+19
   27.2812500       7.17666193E+19
   27.3515625       7.19698530E+19
   27.4218750       7.21403169E+19
   27.4921875       7.22870401E+19
   27.5625000       7.24199931E+19
   27.6328125       7.25498850E+19
   27.7031250       7.26863783E+19
   27.7734375       7.28376272E+19
   27.8437500       7.30081922E+19
   27.9140625       7.31991686E+19
   27.9843750       7.34076580E+19
   28.0546875       7.36285455E+19
   28.1250000       7.38554275E+19
   28.1953125       7.40828417E+19
   28.2656250       7.43071069E+19
   28.3359375       7.45275809E+19
   28.4062500       7.47456625E+19
   28.4765625       7.49644477E+19
   28.5468750       7.51867514E+19
   28.6171875       7.54149220E+19
   28.6875000       7.56494698E+19
   28.7578125       7.58899990E+19
   28.8281250       7.61352780E+19
   28.8984375       7.63850871E+19
   28.9687500       7.66403937E+19
   29.0390625       7.69042677E+19
   29.1093750       7.71807201E+19
   29.1796875       7.74743337E+19
   29.2500000       7.77882398E+19
   29.3203125       7.81235469E+19
   29.3906250       7.84783285E+19
   29.4609375       7.88486792E+19
   29.5312500       7.92290135E+19
   29.6015625       7.96138953E+19
   29.6718750       7.99984869E+19
   29.7421875       8.03799647E+19
   29.8125000       8.07566837E+19
   29.8828125       8.11281340E+19
   29.9531250       8.14931015E+19
   30.0234375       8.18497127E+19
   30.0937500       8.21940709E+19
   30.1640625       8.25210832E+19
   30.2343750       8.28243198E+19
   30.3046875       8.30979838E+19
   30.3750000       8.33375190E+19
   30.4453125       8.35412541E+19
   30.5156250       8.37103766E+19
   30.5859375       8.38495308E+19
   30.6562500       8.39650411E+19
   30.7265625       8.40639004E+19
   30.7968750       8.41511928E+19
   30.8671875       8.42293197E+19
   30.9375000       8.42963019E+19
   31.0078125       8.43463957E+19
   31.0781250       8.43701891E+19
   31.1484375       8.43569334E+19
   31.2187500       8.42956510E+19
   31.2890625       8.41771589E+19
   31.3593750       8.39944728E+19
   31.4296875       8.37438369E+19
   31.5000000       8.34237471E+19
   31.5703125       8.30348455E+19
   31.6406250       8.25784162E+19
   31.7109375       8.20565000E+19
   31.7812500       8.14707066E+19
   31.8515625       8.08229447E+19
   31.9218750       8.01148592E+19
   31.9921875       7.93491945E+19
   32.0625000       7.85292667E+19
   32.1328125       7.76596849E+19
   32.2031250       7.67452079E+19
   32.2734375       7.57911837E+19
   32.3437500       7.48023181E+19
   32.4140625       7.37832687E+19
   32.4843750       7.27379323E+19
   32.5546875       7.16707331E+19
   32.6250000       7.05863287E+19
   32.6953125       6.94907050E+19
   32.7656250       6.83904281E+19
   32.8359375       6.72933398E+19
   32.9062500       6.62074093E+19
   32.9765625       6.51411249E+19
   33.0468750       6.41024867E+19
   33.1171875       6.31001015E+19
   33.1875000       6.21427743E+19
   33.2578125       6.12406778E+19
   33.3281250       6.04046180E+19
   33.3984375       5.96466762E+19
   33.4687500       5.89784546E+19
   33.5390625       5.84105481E+19
   33.6093750       5.79500286E+19
   33.6796875       5.75999177E+19
   33.7500000       5.73574930E+19
   33.8203125       5.72149171E+19
   33.8906250       5.71591323E+19
   33.9609375       5.71741868E+19
   34.0312500       5.72422950E+19
   34.1015625       5.73464539E+19
   34.1718750       5.74711913E+19
   34.2421875       5.76045621E+19
   34.3125000       5.77377701E+19
   34.3828125       5.78656961E+19
   34.4531250       5.79852438E+19
   34.5234375       5.80953005E+19
   34.5937500       5.81947931E+19
   34.6640625       5.82826309E+19
   34.7343750       5.83562366E+19
   34.8046875       5.84123601E+19
   34.8750000       5.84466340E+19
   34.9453125       5.84551179E+19
   35.0156250       5.84343327E+19
   35.0859375       5.83828492E+19
   35.1562500       5.83007772E+19
   35.2265625       5.81901752E+19
   35.2968750       5.80534223E+19
   35.3671875       5.78932015E+19
   35.4375000       5.77108980E+19
   35.5078125       5.75072069E+19
   35.5781250       5.72814552E+19
   35.6484375       5.70333966E+19
   35.7187500       5.67631718E+19
   35.7890625       5.64726324E+19
   35.8593750       5.61643514E+19
   35.9296875       5.58419262E+19
   36.0000000       5.55080177E+19
   36.0703125       5.51640421E+19
   36.1406250       5.48086623E+19
   36.2109375       5.44384963E+19
   36.2812500       5.40477563E+19
   36.3515625       5.36298539E+19
   36.4218750       5.31774225E+19
   36.4921875       5.26841992E+19
   36.5625000       5.21447963E+19
   36.6328125       5.15558100E+19
   36.7031250       5.09148738E+19
   36.7734375       5.02215658E+19
   36.8437500       4.94763256E+19
   36.9140625       4.86811896E+19
   36.9843750       4.78386074E+19
   37.0546875       4.69523659E+19
   37.1250000       4.60266123E+19
   37.1953125       4.50666419E+19
   37.2656250       4.40779522E+19
   37.3359375       4.30671800E+19
   37.4062500       4.20411597E+19
   37.4765625       4.10077551E+19
   37.5468750       3.99747727E+19
   37.6171875       3.89508855E+19
   37.6875000       3.79446081E+19
   37.7578125       3.69649696E+19
   37.8281250       3.60202208E+19
   37.8984375       3.51184344E+19
   37.9687500       3.42662821E+19
   38.0390625       3.34695891E+19
   38.1093750       3.27321841E+19
   38.1796875       3.20567387E+19
   38.2500000       3.14438467E+19
   38.3203125       3.08928595E+19
   38.3906250       3.04009160E+19
   38.4609375       2.99639898E+19
   38.5312500       2.95762229E+19
   38.6015625       2.92313017E+19
   38.6718750       2.89221806E+19
   38.7421875       2.86428870E+19
   38.8125000       2.83882863E+19
   38.8828125       2.81552514E+19
   38.9531250       2.79414932E+19
   39.0234375       2.77459780E+19
   39.0937500       2.75673645E+19
   39.1640625       2.74044235E+19
   39.2343750       2.72550131E+19
   39.3046875       2.71174136E+19
   39.3750000       2.69901561E+19
   39.4453125       2.68736233E+19
   39.5156250       2.67695061E+19
   39.5859375       2.66815958E+19
   39.6562500       2.66141583E+19
   39.7265625       2.65716688E+19
   39.7968750       2.65566825E+19
   39.8671875       2.65698788E+19
   39.9375000       2.66088411E+19
   40.0078125       2.66691163E+19
   40.0781250       2.67439249E+19
   40.1484375       2.68259705E+19
   40.2187500       2.69073189E+19
   40.2890625       2.69807157E+19
   40.3593750       2.70386578E+19
   40.4296875       2.70740379E+19
   40.5000000       2.70789857E+19
   40.5703125       2.70456463E+19
   40.6406250       2.69656128E+19
   40.7109375       2.68316615E+19
   40.7812500       2.66379012E+19
   40.8515625       2.63816446E+19
   40.9218750       2.60631293E+19
   40.9921875       2.56865883E+19
   41.0625000       2.52588519E+19
   41.1328125       2.47892175E+19
   41.2031250       2.42871541E+19
   41.2734375       2.37621197E+19
   41.3437500       2.32219209E+19
   41.4140625       2.26733459E+19
   41.4843750       2.21214989E+19
   41.5546875       2.15712878E+19
   41.6250000       2.10271725E+19
   41.6953125       2.04944327E+19
   41.7656250       1.99783110E+19
   41.8359375       1.94846743E+19
   41.9062500       1.90185913E+19
   41.9765625       1.85846206E+19
   42.0468750       1.81853055E+19
   42.1171875       1.78219103E+19
   42.1875000       1.74935972E+19
   42.2578125       1.71987324E+19
   42.3281250       1.69344791E+19
   42.3984375       1.66982677E+19
   42.4687500       1.64872923E+19
   42.5390625       1.62994012E+19
   42.6093750       1.61317630E+19
   42.6796875       1.59811090E+19
   42.7500000       1.58421055E+19
   42.8203125       1.57077155E+19
   42.8906250       1.55682809E+19
   42.9609375       1.54130936E+19
   43.0312500       1.52307231E+19
   43.1015625       1.50114761E+19
   43.1718750       1.47479507E+19
   43.2421875       1.44371572E+19
   43.3125000       1.40801898E+19
   43.3828125       1.36830220E+19
   43.4531250       1.32548480E+19
   43.5234375       1.28080768E+19
   43.5937500       1.23564579E+19
   43.6640625       1.19151909E+19
   43.7343750       1.14994480E+19
   43.8046875       1.11249708E+19
   43.8750000       1.08069195E+19
   43.9453125       1.05603540E+19
   44.0156250       1.03986565E+19
   44.0859375       1.03335401E+19
   44.1562500       1.03730984E+19
   44.2265625       1.05217358E+19
   44.2968750       1.07785939E+19
   44.3671875       1.11384475E+19
   44.4375000       1.15913682E+19
   44.5078125       1.21246413E+19
   44.5781250       1.27230571E+19
   44.6484375       1.33709245E+19
   44.7187500       1.40520962E+19
   44.7890625       1.47513482E+19
   44.8593750       1.54537580E+19
   44.9296875       1.61456323E+19
   45.0000000       1.68136098E+19
   45.0703125       1.74454595E+19
   45.1406250       1.80292914E+19
   45.2109375       1.85546831E+19
   45.2812500       1.90122779E+19
   45.3515625       1.93952664E+19
   45.4218750       1.96991758E+19
   45.4921875       1.99233860E+19
   45.5625000       2.00705512E+19
   45.6328125       2.01472642E+19
   45.7031250       2.01624088E+19
   45.7734375       2.01269232E+19
   45.8437500       2.00516792E+19
   45.9140625       1.99472234E+19
   45.9843750       1.98222001E+19
   46.0546875       1.96840971E+19
   46.1250000       1.95386889E+19
   46.1953125       1.93914489E+19
   46.2656250       1.92471797E+19
   46.3359375       1.91112405E+19
   46.4062500       1.89885812E+19
   46.4765625       1.88841848E+19
   46.5468750       1.88015455E+19
   46.6171875       1.87429591E+19
   46.6875000       1.87083113E+19
   46.7578125       1.86959506E+19
   46.8281250       1.87021386E+19
   46.8984375       1.87225698E+19
   46.9687500       1.87521840E+19
   47.0390625       1.87864580E+19
   47.1093750       1.88205934E+19
   47.1796875       1.88501021E+19
   47.2500000       1.88693678E+19
   47.3203125       1.88719780E+19
   47.3906250       1.88496139E+19
   47.4609375       1.87932706E+19
   47.5312500       1.86932414E+19
   47.6015625       1.85411393E+19
   47.6718750       1.83302057E+19
   47.7421875       1.80571673E+19
   47.8125000       1.77218921E+19
   47.8828125       1.73282835E+19
   47.9531250       1.68830340E+19
   48.0234375       1.63960724E+19
   48.0937500       1.58791898E+19
   48.1640625       1.53465182E+19
   48.2343750       1.48132408E+19
   48.3046875       1.42960811E+19
   48.3750000       1.38118628E+19
   48.4453125       1.33775974E+19
   48.5156250       1.30085574E+19
   48.5859375       1.27180851E+19
   48.6562500       1.25156100E+19
   48.7265625       1.24065824E+19
   48.7968750       1.23909463E+19
   48.8671875       1.24639945E+19
   48.9375000       1.26159712E+19
   49.0078125       1.28339769E+19
   49.0781250       1.31023369E+19
   49.1484375       1.34047972E+19
   49.2187500       1.37246781E+19
   49.2890625       1.40463204E+19
   49.3593750       1.43543079E+19
   49.4296875       1.46342018E+19
   49.5000000       1.48714346E+19
   49.5703125       1.50521471E+19
   49.6406250       1.51625402E+19
   49.7109375       1.51905041E+19
   49.7812500       1.51257704E+19
   49.8515625       1.49620212E+19
   49.9218750       1.46971356E+19
   49.9921875       1.43349598E+19
   50.0625000       1.38846658E+19
   50.1328125       1.33610630E+19
   50.2031250       1.27823098E+19
   50.2734375       1.21689670E+19
   50.3437500       1.15411030E+19
   50.4140625       1.09174402E+19
   50.4843750       1.03132684E+19
   50.5546875       9.74086488E+18
   50.6250000       9.20867596E+18
   50.6953125       8.72260276E+18
   50.7656250       8.28559527E+18
   50.8359375       7.89906746E+18
   50.9062500       7.56242558E+18
   50.9765625       7.27434474E+18
   51.0468750       7.03216411E+18
   51.1171875       6.83315580E+18
   51.1875000       6.67395971E+18
   51.2578125       6.55175175E+18
   51.3281250       6.46348295E+18
   51.3984375       6.40685590E+18
   51.4687500       6.37940385E+18
   51.5390625       6.37923287E+18
   51.6093750       6.40391196E+18
   51.6796875       6.45111620E+18
   51.7500000       6.51751350E+18
   51.8203125       6.59943811E+18
   51.8906250       6.69186416E+18
   51.9609375       6.78937160E+18
   52.0312500       6.88550575E+18
   52.1015625       6.97417642E+18
   52.1718750       7.04938686E+18
   52.2421875       7.10690616E+18
   52.3125000       7.14406965E+18
   52.3828125       7.16112308E+18
   52.4531250       7.16039630E+18
   52.5234375       7.14693608E+18
   52.5937500       7.12701183E+18
   52.6640625       7.10821623E+18
   52.7343750       7.09776152E+18
   52.8046875       7.10273242E+18
   52.8750000       7.12881173E+18
   52.9453125       7.18100390E+18
   53.0156250       7.26275039E+18
   53.0859375       7.37691048E+18
   53.1562500       7.52492014E+18
   53.2265625       7.70765678E+18
   53.2968750       7.92446672E+18
   53.3671875       8.17402288E+18
   53.4375000       8.45352148E+18
   53.5078125       8.75975196E+18
   53.5781250       9.08849879E+18
   53.6484375       9.43565145E+18
   53.7187500       9.79638472E+18
   53.7890625       1.01657360E+19
   53.8593750       1.05371378E+19
   53.9296875       1.09025891E+19
   54.0000000       1.12512805E+19
   54.0703125       1.15704269E+19
   54.1406250       1.18450641E+19
   54.2109375       1.20603023E+19
   54.2812500       1.22022206E+19
   54.3515625       1.22605013E+19
   54.4218750       1.22288563E+19
   54.4921875       1.21065939E+19
   54.5625000       1.18976251E+19
   54.6328125       1.16105448E+19
   54.7031250       1.12564889E+19
   54.7734375       1.08486437E+19
   54.8437500       1.04001332E+19
   54.9140625       9.92393797E+18
   54.9843750       9.43148430E+18
   55.0546875       8.93341983E+18
   55.1250000       8.43888918E+18
   55.1953125       7.95667197E+18
   55.2656250       7.49446642E+18
   55.3359375       7.05981573E+18
   55.4062500       6.65901515E+18
   55.4765625       6.29761613E+18
   55.5468750       5.97909585E+18
   55.6171875       5.70544555E+18
   55.6875000       0.00000000    
   55.7578125       0.00000000    
   55.8281250       0.00000000    
   55.8984375       0.00000000    
   55.9687500       0.00000000    
   56.0390625       0.00000000    
   56.1093750       0.00000000    
   56.1796875       0.00000000    
   56.2500000       0.00000000    
   56.3203125       0.00000000    
   56.3906250       0.00000000    
   56.4609375       0.00000000    
   56.5312500       0.00000000    
   56.6015625       0.00000000    
   56.6718750       0.00000000    
   56.7421875       0.00000000    
   56.8125000       0.00000000    
   56.8828125       0.00000000    
   56.9531250       0.00000000    
   57.0234375       0.00000000    
   57.0937500       0.00000000    
   57.1640625       0.00000000    
   57.2343750       0.00000000    
   57.3046875       0.00000000    
   57.3750000       0.00000000    
   57.4453125       0.00000000    
   57.5156250       0.00000000    
   57.5859375       0.00000000    
   57.6562500       0.00000000    
   57.7265625       0.00000000    
   57.7968750       0.00000000    
   57.8671875       0.00000000    
   57.9375000       0.00000000    
   58.0078125       0.00000000    
   58.0781250       0.00000000    
   58.1484375       0.00000000    
   58.2187500       0.00000000    
   58.2890625       0.00000000    
   58.3593750       0.00000000    
   58.4296875       0.00000000    
   58.5000000       0.00000000    
   58.5703125       0.00000000    
   58.6406250       0.00000000    
   58.7109375       0.00000000    
   58.7812500       0.00000000    
   58.8515625       0.00000000    
   58.9218750       0.00000000    
   58.9921875       0.00000000    
   59.0625000       0.00000000    
   59.1328125       0.00000000    
   59.2031250       0.00000000    
   59.2734375       0.00000000    
   59.3437500       0.00000000    
   59.4140625       0.00000000    
   59.4843750       0.00000000    
   59.5546875       0.00000000    
   59.6250000       0.00000000    
   59.6953125       0.00000000    
   59.7656250       0.00000000    
   59.8359375       0.00000000    
   59.9062500       0.00000000    
   59.9765625       0.00000000    
   60.0468750       0.00000000    
   60.1171875       0.00000000    
   60.1875000       0.00000000    
   60.2578125       0.00000000    
   60.3281250       0.00000000    
   60.3984375       0.00000000    
   60.4687500       0.00000000    
   60.5390625       0.00000000    
   60.6093750       0.00000000    
   60.6796875       0.00000000    
   60.7500000       0.00000000    
   60.8203125       0.00000000    
   60.8906250       0.00000000    
   60.9609375       0.00000000    
   61.0312500       0.00000000    
   61.1015625       0.00000000    
   61.1718750       0.00000000    
   61.2421875       0.00000000    
   61.3125000       0.00000000    
   61.3828125       0.00000000    
   61.4531250       0.00000000    
   61.5234375       0.00000000    
   61.5937500       0.00000000    
   61.6640625       0.00000000    
   61.7343750       0.00000000    
   61.8046875       0.00000000    
   61.8750000       0.00000000    
   61.9453125       0.00000000    
   62.0156250       0.00000000    
   62.0859375       0.00000000    
   62.1562500       0.00000000    
   62.2265625       0.00000000    
   62.2968750       0.00000000    
   62.3671875       0.00000000    
   62.4375000       0.00000000    
   62.5078125       0.00000000    
   62.5781250       0.00000000    
   62.6484375       0.00000000    
   62.7187500       0.00000000    
   62.7890625       0.00000000    
   62.8593750       0.00000000    
   62.9296875       0.00000000    
   63.0000000       0.00000000    
   63.0703125       0.00000000    
   63.1406250       0.00000000    
   63.2109375       0.00000000    
   63.2812500       0.00000000    
   63.3515625       0.00000000    
   63.4218750       0.00000000    
   63.4921875       0.00000000    
   63.5625000       0.00000000    
   63.6328125       0.00000000    
   63.7031250       0.00000000    
   63.7734375       0.00000000    
   63.8437500       0.00000000    
   63.9140625       0.00000000    
   63.9843750       0.00000000    
   64.0546875       0.00000000    
   64.1250000       0.00000000    
   64.1953125       0.00000000    
   64.2656250       0.00000000    
   64.3359375       0.00000000    
   64.4062500       0.00000000    
   64.4765625       0.00000000    
   64.5468750       0.00000000    
   64.6171875       0.00000000    
   64.6875000       0.00000000    
   64.7578125       0.00000000    
   64.8281250       0.00000000    
   64.8984375       0.00000000    
   64.9687500       0.00000000    
   65.0390625       0.00000000    
   65.1093750       0.00000000    
   65.1796875       0.00000000    
   65.2500000       0.00000000    
   65.3203125       0.00000000    
   65.3906250       0.00000000    
   65.4609375       0.00000000    
   65.5312500       0.00000000    
   65.6015625       0.00000000    
   65.6718750       0.00000000    
   65.7421875       0.00000000    
   65.8125000       0.00000000    
   65.8828125       0.00000000    
   65.9531250       0.00000000    
   66.0234375       0.00000000    
   66.0937500       0.00000000    
   66.1640625       0.00000000    
   66.2343750       0.00000000    
   66.3046875       0.00000000    
   66.3750000       0.00000000    
   66.4453125       0.00000000    
   66.5156250       0.00000000    
   66.5859375       0.00000000    
   66.6562500       0.00000000    
   66.7265625       0.00000000    
   66.7968750       0.00000000    
   66.8671875       0.00000000    
   66.9375000       0.00000000    
   67.0078125       0.00000000    
   67.0781250       0.00000000    
   67.1484375       0.00000000    
   67.2187500       0.00000000    
   67.2890625       0.00000000    
   67.3593750       0.00000000    
   67.4296875       0.00000000    
   67.5000000       0.00000000    
   67.5703125       0.00000000    
   67.6406250       0.00000000    
