2020 07 22 06 12 44.0 55.071 -158.596
30. 6.388E+20 7.804 239 20 86 63 70 92
  -1.12695312       0.00000000    
  -1.05651855       1.78640843E+18
 -0.986083984       1.80517668E+18
 -0.915649414       1.82327698E+18
 -0.845214844       1.84101980E+18
 -0.774780273       1.85853034E+18
 -0.704345703       1.87580628E+18
 -0.633911133       1.89413377E+18
 -0.563476562       1.91424700E+18
 -0.493041992       1.93723668E+18
 -0.422607422       1.96384253E+18
 -0.352172852       1.99380285E+18
 -0.281738281       2.02585251E+18
 -0.211303711       2.05828109E+18
 -0.140869141       2.09071834E+18
  -7.04345703E-02   2.12485666E+18
   0.00000000       2.16338382E+18
   7.04345703E-02   2.20774170E+18
  0.140869141       2.25700875E+18
  0.211303711       2.30881499E+18
  0.281738281       2.36335956E+18
  0.352172852       2.42197700E+18
  0.422607422       2.48524043E+18
  0.493041992       2.55229139E+18
  0.563476562       2.62208812E+18
  0.633911133       2.69436451E+18
  0.704345703       2.77014918E+18
  0.774780273       2.85175246E+18
  0.845214844       2.94117354E+18
  0.915649414       3.03920132E+18
  0.986083984       3.14511865E+18
   1.05651855       3.25805994E+18
   1.12695312       3.37709499E+18
   1.19738770       3.50119192E+18
   1.26782227       3.62935649E+18
   1.33825684       3.76063406E+18
   1.40869141       3.89428519E+18
   1.47912598       4.02979808E+18
   1.54956055       4.16700778E+18
   1.61999512       4.30596489E+18
   1.69042969       4.44685603E+18
   1.76086426       4.58974691E+18
   1.83129883       4.73449432E+18
   1.90173340       4.88061117E+18
   1.97216797       5.02738882E+18
   2.04260254       5.17392184E+18
   2.11303711       5.31934819E+18
   2.18347168       5.46293727E+18
   2.25390625       5.60555822E+18
   2.32434082       5.74811210E+18
   2.39477539       5.89133503E+18
   2.46520996       6.03456072E+18
   2.53564453       6.17729327E+18
   2.60607910       6.31927595E+18
   2.67651367       6.46027788E+18
   2.74694824       6.59990486E+18
   2.81738281       6.73771545E+18
   2.88781738       6.87326929E+18
   2.95825195       7.00632943E+18
   3.02868652       7.13684696E+18
   3.09912109       7.26500604E+18
   3.16955566       7.39101227E+18
   3.23999023       7.51503828E+18
   3.31042480       7.63707253E+18
   3.38085938       7.75702155E+18
   3.45129395       7.87474956E+18
   3.52172852       7.99027250E+18
   3.59216309       8.10370031E+18
   3.66259766       8.21520234E+18
   3.73303223       8.32468236E+18
   3.80346680       8.43158568E+18
   3.87390137       8.53468688E+18
   3.94433594       8.63217508E+18
   4.01477051       8.72181881E+18
   4.08520508       8.80137618E+18
   4.15563965       8.86883726E+18
   4.22607422       8.92273807E+18
   4.29650879       8.96208794E+18
   4.36694336       8.98634537E+18
   4.43737793       8.99514146E+18
   4.50781250       8.98820849E+18
   4.57824707       8.96523364E+18
   4.64868164       8.92599592E+18
   4.71911621       8.87039307E+18
   4.78955078       8.79859166E+18
   4.85998535       8.71092595E+18
   4.93041992       8.60789511E+18
   5.00085449       8.49002142E+18
   5.07128906       8.35794918E+18
   5.14172363       8.21251788E+18
   5.21215820       8.05508981E+18
   5.28259277       7.88769026E+18
   5.35302734       7.71321810E+18
   5.42346191       7.53535176E+18
   5.49389648       7.35841395E+18
   5.56433105       7.18694621E+18
   5.63476562       7.02535593E+18
   5.70520020       6.87744248E+18
   5.77563477       6.74619543E+18
   5.84606934       6.63359005E+18
   5.91650391       6.54070935E+18
   5.98693848       6.46776610E+18
   6.05737305       6.41432709E+18
   6.12780762       6.37937306E+18
   6.19824219       6.36146806E+18
   6.26867676       6.35873413E+18
   6.33911133       6.36895134E+18
   6.40954590       6.38950506E+18
   6.47998047       6.41751897E+18
   6.55041504       6.44995126E+18
   6.62084961       6.48391793E+18
   6.69128418       6.51688953E+18
   6.76171875       6.54694853E+18
   6.83215332       6.57271998E+18
   6.90258789       6.59332263E+18
   6.97302246       6.60808797E+18
   7.04345703       6.61650144E+18
   7.11389160       6.61810287E+18
   7.18432617       6.61269603E+18
   7.25476074       6.60049639E+18
   7.32519531       6.58245231E+18
   7.39562988       6.56028890E+18
   7.46606445       6.53656804E+18
   7.53649902       6.51438924E+18
   7.60693359       6.49709722E+18
   7.67736816       6.48772498E+18
   7.74780273       6.48861889E+18
   7.81823730       6.50095321E+18
   7.88867188       6.52452124E+18
   7.95910645       6.55754837E+18
   8.02954102       6.59688450E+18
   8.09997559       6.63827012E+18
   8.17041016       6.67693334E+18
   8.24084473       6.70807536E+18
   8.31127930       6.72750153E+18
   8.38171387       6.73195181E+18
   8.45214844       6.71946025E+18
   8.52258301       6.68940785E+18
   8.59301758       6.64262803E+18
   8.66345215       6.58128518E+18
   8.73388672       6.50892687E+18
   8.80432129       6.43042339E+18
   8.87475586       6.35081105E+18
   8.94519043       6.26801123E+18
   9.01562500       6.17760168E+18
   9.08605957       6.07388255E+18
   9.15649414       5.95727550E+18
   9.22692871       5.82981571E+18
   9.29736328       5.69564615E+18
   9.36779785       5.56109177E+18
   9.43823242       5.43454128E+18
   9.50866699       5.32401837E+18
   9.57910156       5.23641698E+18
   9.64953613       5.17022418E+18
   9.71997070       5.12151692E+18
   9.79040527       5.08355463E+18
   9.86083984       5.05329882E+18
   9.93127441       5.02707217E+18
   10.0017090       5.00131721E+18
   10.0721436       4.97305701E+18
   10.1425781       4.94017336E+18
   10.2130127       4.90235731E+18
   10.2834473       4.86030154E+18
   10.3538818       4.81509402E+18
   10.4243164       4.76749396E+18
   10.4947510       4.71900660E+18
   10.5651855       4.67286065E+18
   10.6356201       4.63203358E+18
   10.7060547       4.59635058E+18
   10.7764893       4.56436276E+18
   10.8469238       4.53473697E+18
   10.9173584       4.50847239E+18
   10.9877930       4.48470012E+18
   11.0582275       4.46130361E+18
   11.1286621       4.43541231E+18
   11.1990967       4.40509576E+18
   11.2695312       4.36898065E+18
   11.3399658       4.32603152E+18
   11.4104004       4.27570083E+18
   11.4808350       4.21792891E+18
   11.5512695       4.15314871E+18
   11.6217041       4.08214638E+18
   11.6921387       4.00595737E+18
   11.7625732       3.92567048E+18
   11.8330078       3.84230111E+18
   11.9034424       3.75663733E+18
   11.9738770       3.66922891E+18
   12.0443115       3.58233945E+18
   12.1147461       3.49917541E+18
   12.1851807       3.42206584E+18
   12.2556152       3.35128615E+18
   12.3260498       3.28552436E+18
   12.3964844       3.22125873E+18
   12.4669189       3.15509947E+18
   12.5373535       3.08456195E+18
   12.6077881       3.01002001E+18
   12.6782227       2.93094121E+18
   12.7486572       2.84688272E+18
   12.8190918       2.75831458E+18
   12.8895264       2.66762082E+18
   12.9599609       2.57811700E+18
   13.0303955       2.49412063E+18
   13.1008301       2.42253390E+18
   13.1712646       2.36899538E+18
   13.2416992       2.33343195E+18
   13.3121338       2.31061049E+18
   13.3825684       2.29406092E+18
   13.4530029       2.28055727E+18
   13.5234375       2.26812206E+18
   13.5938721       2.25597397E+18
   13.6643066       2.24455266E+18
   13.7347412       2.23532130E+18
   13.8051758       2.23046008E+18
   13.8756104       2.23227771E+18
   13.9460449       2.24267620E+18
   14.0164795       2.26339911E+18
   14.0869141       2.29655502E+18
   14.1573486       2.34560053E+18
   14.2277832       2.41522133E+18
   14.2982178       2.50760009E+18
   14.3686523       2.62053781E+18
   14.4390869       2.74857758E+18
   14.5095215       2.88786124E+18
   14.5799561       3.03558283E+18
   14.6503906       3.19031325E+18
   14.7208252       3.35819576E+18
   14.7912598       3.54386891E+18
   14.8616943       3.74998804E+18
   14.9321289       3.97058250E+18
   15.0025635       4.20249672E+18
   15.0729980       4.44449923E+18
   15.1434326       4.69612906E+18
   15.2138672       4.95676444E+18
   15.2843018       5.22492928E+18
   15.3547363       5.49816342E+18
   15.4251709       5.77327607E+18
   15.4956055       6.04706766E+18
   15.5660400       6.31708628E+18
   15.6364746       6.57933245E+18
   15.7069092       6.82740371E+18
   15.7773438       7.05435885E+18
   15.8477783       7.25552165E+18
   15.9182129       7.42960458E+18
   15.9886475       7.57684018E+18
   16.0590820       7.69900472E+18
   16.1295166       7.79917298E+18
   16.1999512       7.88137961E+18
   16.2703857       7.95013317E+18
   16.3408203       8.00999279E+18
   16.4112549       8.06513000E+18
   16.4816895       8.11904455E+18
   16.5521240       8.17428566E+18
   16.6225586       8.23235197E+18
   16.6929932       8.29419290E+18
   16.7634277       8.36170896E+18
   16.8338623       8.43531687E+18
   16.9042969       8.51401057E+18
   16.9747314       8.59446073E+18
   17.0451660       8.67409451E+18
   17.1156006       8.75098446E+18
   17.1860352       8.82370836E+18
   17.2564697       8.89109303E+18
   17.3269043       8.95214231E+18
   17.3973389       9.00597495E+18
   17.4677734       9.05321876E+18
   17.5382080       9.09896010E+18
   17.6086426       9.14636279E+18
   17.6790771       9.19613493E+18
   17.7495117       9.24439800E+18
   17.8199463       9.28967479E+18
   17.8903809       9.33254694E+18
   17.9608154       9.37501228E+18
   18.0312500       9.41993613E+18
   18.1016846       9.47041471E+18
   18.1721191       9.52944749E+18
   18.2425537       9.59958423E+18
   18.3129883       9.68282166E+18
   18.3834229       9.78046159E+18
   18.4538574       9.89319232E+18
   18.5242920       1.00211535E+19
   18.5947266       1.01642087E+19
   18.6651611       1.03220755E+19
   18.7355957       1.04944998E+19
   18.8060303       1.06811342E+19
   18.8764648       1.08814730E+19
   18.9468994       1.10946606E+19
   19.0173340       1.13195217E+19
   19.0877686       1.15546588E+19
   19.1582031       1.17987493E+19
   19.2286377       1.20507827E+19
   19.2990723       1.23103301E+19
   19.3695068       1.25775565E+19
   19.4399414       1.28531788E+19
   19.5103760       1.31382085E+19
   19.5808105       1.34337781E+19
   19.6512451       1.37408849E+19
   19.7216797       1.40602325E+19
   19.7921143       1.43919486E+19
   19.8625488       1.47354096E+19
   19.9329834       1.50890236E+19
   20.0034180       1.54503253E+19
   20.0738525       1.58161086E+19
   20.1442871       1.61828199E+19
   20.2147217       1.65468825E+19
   20.2851562       1.69050924E+19
   20.3555908       1.72547030E+19
   20.4260254       1.75934945E+19
   20.4964600       1.79196173E+19
   20.5668945       1.82316246E+19
   20.6373291       1.85284136E+19
   20.7077637       1.88093652E+19
   20.7781982       1.90743651E+19
   20.8486328       1.93238531E+19
   20.9190674       1.95586516E+19
   20.9895020       1.97798162E+19
   21.0599365       1.99883385E+19
   21.1303711       2.01851643E+19
   21.2008057       2.03712479E+19
   21.2712402       2.05478074E+19
   21.3416748       2.07165693E+19
   21.4121094       2.08798973E+19
   21.4825439       2.10406789E+19
   21.5529785       2.12020191E+19
   21.6234131       2.13668754E+19
   21.6938477       2.15377373E+19
   21.7642822       2.17165113E+19
   21.8347168       2.19045190E+19
   21.9051514       2.21025367E+19
   21.9755859       2.23108084E+19
   22.0460205       2.25288547E+19
   22.1164551       2.27554729E+19
   22.1868896       2.29886133E+19
   22.2573242       2.32255427E+19
   22.3277588       2.34628942E+19
   22.3981934       2.36968527E+19
   22.4686279       2.39232070E+19
   22.5390625       2.41376579E+19
   22.6094971       2.43359900E+19
   22.6799316       2.45145155E+19
   22.7503662       2.46703647E+19
   22.8208008       2.48017739E+19
   22.8912354       2.49080879E+19
   22.9616699       2.49897465E+19
   23.0321045       2.50479502E+19
   23.1025391       2.50844628E+19
   23.1729736       2.51012457E+19
   23.2434082       2.51003265E+19
   23.3138428       2.50837041E+19
   23.3842773       2.50535049E+19
   23.4547119       2.50120995E+19
   23.5251465       2.49622477E+19
   23.5955811       2.49070038E+19
   23.6660156       2.48495653E+19
   23.7364502       2.47929383E+19
   23.8068848       2.47396537E+19
   23.8773193       2.46914533E+19
   23.9477539       2.46491969E+19
   24.0181885       2.46126601E+19
   24.0886230       2.45806556E+19
   24.1590576       2.45511777E+19
   24.2294922       2.45218691E+19
   24.2999268       2.44903813E+19
   24.3703613       2.44547989E+19
   24.4407959       2.44138487E+19
   24.5112305       2.43670073E+19
   24.5816650       2.43143824E+19
   24.6520996       2.42566405E+19
   24.7225342       2.41947556E+19
   24.7929688       2.41299833E+19
   24.8634033       2.40636124E+19
   24.9338379       2.39969710E+19
   25.0042725       2.39313214E+19
   25.0747070       2.38679103E+19
   25.1451416       2.38079144E+19
   25.2155762       2.37524154E+19
   25.2860107       2.37022337E+19
   25.3564453       2.36578970E+19
   25.4268799       2.36194779E+19
   25.4973145       2.35866377E+19
   25.5677490       2.35586683E+19
   25.6381836       2.35346923E+19
   25.7086182       2.35136367E+19
   25.7790527       2.34943007E+19
   25.8494873       2.34751582E+19
   25.9199219       2.34543950E+19
   25.9903564       2.34298957E+19
   26.0607910       2.33995470E+19
   26.1312256       2.33615127E+19
   26.2016602       2.33147153E+19
   26.2720947       2.32590426E+19
   26.3425293       2.31955964E+19
   26.4129639       2.31265119E+19
   26.4833984       2.30547335E+19
   26.5538330       2.29834346E+19
   26.6242676       2.29156893E+19
   26.6947021       2.28541188E+19
   26.7651367       2.28009157E+19
   26.8355713       2.27578896E+19
   26.9060059       2.27266635E+19
   26.9764404       2.27086073E+19
   27.0468750       2.27047744E+19
   27.1173096       2.27156266E+19
   27.1877441       2.27409131E+19
   27.2581787       2.27795698E+19
   27.3286133       2.28300022E+19
   27.3990479       2.28903499E+19
   27.4694824       2.29590298E+19
   27.5399170       2.30349973E+19
   27.6103516       2.31180742E+19
   27.6807861       2.32086674E+19
   27.7512207       2.33075376E+19
   27.8216553       2.34151886E+19
   27.8920898       2.35315719E+19
   27.9625244       2.36557596E+19
   28.0329590       2.37860209E+19
   28.1033936       2.39199216E+19
   28.1738281       2.40546448E+19
   28.2442627       2.41872437E+19
   28.3146973       2.43150070E+19
   28.3851318       2.44355596E+19
   28.4555664       2.45470105E+19
   28.5260010       2.46477236E+19
   28.5964355       2.47363420E+19
   28.6668701       2.48115552E+19
   28.7373047       2.48722966E+19
   28.8077393       2.49177284E+19
   28.8781738       2.49475054E+19
   28.9486084       2.49617507E+19
   29.0190430       2.49611987E+19
   29.0894775       2.49470986E+19
   29.1599121       2.49212315E+19
   29.2303467       2.48857195E+19
   29.3007812       2.48429990E+19
   29.3712158       2.47955947E+19
   29.4416504       2.47460177E+19
   29.5120850       2.46964319E+19
   29.5825195       2.46485878E+19
   29.6529541       2.46035628E+19
   29.7233887       2.45617594E+19
   29.7938232       2.45227135E+19
   29.8642578       2.44850706E+19
   29.9346924       2.44464954E+19
   30.0051270       2.44039596E+19
   30.0755615       2.43541540E+19
   30.1459961       2.42943141E+19
   30.2164307       2.42228371E+19
   30.2868652       2.41397008E+19
   30.3572998       2.40463083E+19
   30.4277344       2.39451093E+19
   30.4981689       2.38389030E+19
   30.5686035       2.37303570E+19
   30.6390381       2.36214746E+19
   30.7094727       2.35133464E+19
   30.7799072       2.34059307E+19
   30.8503418       2.32981500E+19
   30.9207764       2.31880845E+19
   30.9912109       2.30735858E+19
   31.0616455       2.29528308E+19
   31.1320801       2.28250016E+19
   31.2025146       2.26905555E+19
   31.2729492       2.25512562E+19
   31.3433838       2.24098018E+19
   31.4138184       2.22692886E+19
   31.4842529       2.21326149E+19
   31.5546875       2.20022040E+19
   31.6251221       2.18798812E+19
   31.6955566       2.17671680E+19
   31.7659912       2.16654984E+19
   31.8364258       2.15765215E+19
   31.9068604       2.15019482E+19
   31.9772949       2.14433904E+19
   32.0477295       2.14018157E+19
   32.1181641       2.13772746E+19
   32.1885986       2.13686918E+19
   32.2590332       2.13741124E+19
   32.3294678       2.13910757E+19
   32.3999023       2.14172595E+19
   32.4703369       2.14508451E+19
   32.5407715       2.14907574E+19
   32.6112061       2.15364223E+19
   32.6816406       2.15874858E+19
   32.7520752       2.16431431E+19
   32.8225098       2.17018131E+19
   32.8929443       2.17607821E+19
   32.9633789       2.18164855E+19
   33.0338135       2.18648245E+19
   33.1042480       2.19018560E+19
   33.1746826       2.19242860E+19
   33.2451172       2.19299419E+19
   33.3155518       2.19178671E+19
   33.3859863       2.18883276E+19
   33.4564209       2.18424802E+19
   33.5268555       2.17821192E+19
   33.5972900       2.17092612E+19
   33.6677246       2.16260281E+19
   33.7381592       2.15345026E+19
   33.8085938       2.14369143E+19
   33.8790283       2.13355218E+19
   33.9494629       2.12325349E+19
   34.0198975       2.11298075E+19
   34.0903320       2.10286854E+19
   34.1607666       2.09299713E+19
   34.2312012       2.08341950E+19
   34.3016357       2.07418295E+19
   34.3720703       2.06535607E+19
   34.4425049       2.05702243E+19
   34.5129395       2.04928011E+19
   34.5833740       2.04221509E+19
   34.6538086       2.03589311E+19
   34.7242432       2.03032607E+19
   34.7946777       2.02545391E+19
   34.8651123       2.02111898E+19
   34.9355469       2.01707475E+19
   35.0059814       2.01301118E+19
   35.0764160       2.00862347E+19
   35.1468506       2.00367171E+19
   35.2172852       1.99805584E+19
   35.2877197       1.99183788E+19
   35.3581543       1.98523663E+19
   35.4285889       1.97857469E+19
   35.4990234       1.97221908E+19
   35.5694580       1.96651789E+19
   35.6398926       1.96176954E+19
   35.7103271       1.95820360E+19
   35.7807617       1.95598743E+19
   35.8511963       1.95521315E+19
   35.9216309       1.95589001E+19
   35.9920654       1.95791641E+19
   36.0625000       1.96106783E+19
   36.1329346       1.96498957E+19
   36.2033691       1.96922115E+19
   36.2738037       1.97324162E+19
   36.3442383       1.97654499E+19
   36.4146729       1.97869586E+19
   36.4851074       1.97938525E+19
   36.5555420       1.97843110E+19
   36.6259766       1.97576984E+19
   36.6964111       1.97140214E+19
   36.7668457       1.96536274E+19
   36.8372803       1.95767803E+19
   36.9077148       1.94837375E+19
   36.9781494       1.93747935E+19
   37.0485840       1.92506036E+19
   37.1190186       1.91122719E+19
   37.1894531       1.89614804E+19
   37.2598877       1.88002700E+19
   37.3303223       1.86307957E+19
   37.4007568       1.84548321E+19
   37.4711914       1.82735765E+19
   37.5416260       1.80873830E+19
   37.6120605       1.78958525E+19
   37.6824951       1.76980195E+19
   37.7529297       1.74928946E+19
   37.8233643       1.72798313E+19
   37.8937988       1.70589471E+19
   37.9642334       1.68310249E+19
   38.0346680       1.65974150E+19
   38.1051025       1.63596093E+19
   38.1755371       1.61190252E+19
   38.2459717       1.58767302E+19
   38.3164062       1.56335336E+19
   38.3868408       1.53899511E+19
   38.4572754       1.51464632E+19
   38.5277100       1.49035865E+19
   38.5981445       1.46621470E+19
   38.6685791       1.44232165E+19
   38.7390137       1.41882047E+19
   38.8094482       1.39585497E+19
   38.8798828       1.37355962E+19
   38.9503174       1.35202250E+19
   39.0207520       1.33127988E+19
   39.0911865       1.31131044E+19
   39.1616211       1.29207416E+19
   39.2320557       1.27354860E+19
   39.3024902       1.25578258E+19
   39.3729248       1.23890738E+19
   39.4433594       1.22314225E+19
   39.5137939       1.20875569E+19
   39.5842285       1.19603435E+19
   39.6546631       1.18523318E+19
   39.7250977       1.17654616E+19
   39.7955322       1.17006322E+19
   39.8659668       1.16575072E+19
   39.9364014       1.16343009E+19
   40.0068359       1.16279974E+19
   40.0772705       1.16346483E+19
   40.1477051       1.16500591E+19
   40.2181396       1.16702802E+19
   40.2885742       1.16922352E+19
   40.3590088       1.17138417E+19
   40.4294434       1.17340310E+19
   40.4998779       1.17523071E+19
   40.5703125       1.17684281E+19
   40.6407471       1.17819268E+19
   40.7111816       1.17920577E+19
   40.7816162       1.17977642E+19
   40.8520508       1.17980489E+19
   40.9224854       1.17921698E+19
   40.9929199       1.17799389E+19
   41.0633545       1.17616650E+19
   41.1337891       1.17381783E+19
   41.2042236       1.17105531E+19
   41.2746582       1.16800186E+19
   41.3450928       1.16476368E+19
   41.4155273       1.16141732E+19
   41.4859619       1.15797750E+19
   41.5563965       1.15439276E+19
   41.6268311       1.15054579E+19
   41.6972656       1.14629816E+19
   41.7677002       1.14153485E+19
   41.8381348       1.13623543E+19
   41.9085693       1.13050928E+19
   41.9790039       1.12462172E+19
   42.0494385       1.11895407E+19
   42.1198730       1.11394756E+19
   42.1903076       1.11000746E+19
   42.2607422       1.10743020E+19
   42.3311768       1.10634432E+19
   42.4016113       1.10670760E+19
   42.4720459       1.10832652E+19
   42.5424805       1.11092346E+19
   42.6129150       1.11419297E+19
   42.6833496       1.11786984E+19
   42.7537842       1.12175156E+19
   42.8242188       1.12572113E+19
   42.8946533       1.12973599E+19
   42.9650879       1.13382321E+19
   43.0355225       1.13805138E+19
   43.1059570       1.14251496E+19
   43.1763916       1.14729047E+19
   43.2468262       1.15240550E+19
   43.3172607       1.15779927E+19
   43.3876953       1.16331959E+19
   43.4581299       1.16873358E+19
   43.5285645       1.17378144E+19
   43.5989990       1.17821500E+19
   43.6694336       1.18184856E+19
   43.7398682       1.18456589E+19
   43.8103027       1.18632511E+19
   43.8807373       1.18713072E+19
   43.9511719       1.18703297E+19
   44.0216064       1.18612390E+19
   44.0920410       1.18457007E+19
   44.1624756       1.18262800E+19
   44.2329102       1.18066053E+19
   44.3033447       1.17909384E+19
   44.3737793       1.17835893E+19
   44.4442139       1.17880412E+19
   44.5146484       1.18063766E+19
   44.5850830       1.18389552E+19
   44.6555176       1.18846245E+19
   44.7259521       1.19410712E+19
   44.7963867       1.20054278E+19
   44.8668213       1.20745508E+19
   44.9372559       1.21452648E+19
   45.0076904       1.22142075E+19
   45.0781250       1.22778384E+19
   45.1485596       1.23323918E+19
   45.2189941       1.23742766E+19
   45.2894287       1.23979007E+19
   45.3598633       1.23981690E+19
   45.4302979       1.23709275E+19
   45.5007324       1.23156946E+19
   45.5711670       1.22335149E+19
   45.6416016       1.21267161E+19
   45.7120361       1.20005867E+19
   45.7824707       1.18601472E+19
   45.8529053       1.17095580E+19
   45.9233398       1.15497946E+19
   45.9937744       1.13814957E+19
   46.0642090       1.12052483E+19
   46.1346436       1.10216750E+19
   46.2050781       1.08317332E+19
   46.2755127       1.06366084E+19
   46.3459473       1.04377211E+19
   46.4163818       1.02363774E+19
   46.4868164       1.00336604E+19
   46.5572510       9.83017711E+18
   46.6276855       9.62614953E+18
   46.6981201       9.42146005E+18
   46.7685547       9.21608722E+18
   46.8389893       9.01044721E+18
   46.9094238       8.80590891E+18
   46.9798584       8.60302593E+18
   47.0502930       8.40161849E+18
   47.1207275       8.20074321E+18
   47.1911621       8.00029509E+18
   47.2615967       7.80059959E+18
   47.3320312       7.60199151E+18
   47.4024658       7.40448129E+18
   47.4729004       7.20434268E+18
   47.5433350       6.99662185E+18
   47.6137695       6.77556888E+18
   47.6842041       6.53824589E+18
   47.7546387       6.28238404E+18
   47.8250732       6.00676122E+18
   47.8955078       5.71190243E+18
   47.9659424       5.40080002E+18
   48.0363770       5.07840012E+18
   48.1068115       4.61151394E+18
   48.1772461       4.28000844E+18
   48.2476807       3.97015534E+18
   48.3181152       3.70047840E+18
   48.3885498       3.52948922E+18
   48.4589844       3.27995286E+18
   48.5294189       3.14668683E+18
   48.5998535       2.94872801E+18
   48.6702881       2.85268319E+18
   48.7407227       2.76540506E+18
   48.8111572       2.68706183E+18
   48.8815918       2.61718567E+18
   48.9520264       2.55463885E+18
   49.0224609       2.41637032E+18
   49.0928955       2.36823315E+18
   49.1633301       2.31971472E+18
   49.2337646       2.20477343E+18
   49.3041992       2.16758946E+18
   49.3746338       2.03571857E+18
   49.4450684       2.01168530E+18
   49.5155029       1.98541756E+18
   49.5859375       1.95806693E+18
   49.6563721       1.93094061E+18
   49.7268066       1.81701526E+18
   49.7972412       1.79589460E+18
   49.8676758       1.77593503E+18
   49.9381104       1.75717351E+18
   50.0085449       1.73938122E+18
   50.0789795       1.72220231E+18
   50.1494141       1.70525828E+18
   50.2198486       1.68815167E+18
   50.2902832       1.67045132E+18
   50.3607178       1.65166108E+18
   50.4311523       1.63125029E+18
   50.5015869       1.60869519E+18
   50.5720215       1.58355472E+18
   50.6424561       1.55551291E+18
   50.7128906       1.52445033E+18
   50.7833252       1.49050401E+18
   50.8537598       1.45414811E+18
   50.9241943       1.41621949E+18
   50.9946289       1.37788090E+18
   51.0650635       1.34044802E+18
   51.1354980       1.30512882E+18
   51.2059326       1.27270216E+18
   51.2763672       1.24327250E+18
   51.3468018       1.21614768E+18
   51.4172363       1.18991430E+18
   51.4876709       1.16266029E+18
   51.5581055       1.04383827E+18
   51.6285400       1.02665201E+18
   51.6989746       1.00410659E+18
   51.7694092       9.75555573E+17
   51.8398438       9.41160375E+17
   51.9102783       9.01869053E+17
   51.9807129       7.78108436E+17
   52.0511475       7.46073340E+17
   52.1215820       7.16203939E+17
   52.1920166       6.89476323E+17
   52.2624512       6.66185368E+17
   52.3328857       6.46024929E+17
   52.4033203       6.28309804E+17
   52.4737549       6.12226629E+17
   52.5441895       5.97045740E+17
   52.6146240       5.82252499E+17
   52.6850586       4.83655752E+17
   52.7554932       4.71828649E+17
   52.8259277       4.59960039E+17
   52.8963623       4.48507835E+17
   52.9667969       4.38083744E+17
   53.0372314       3.30185335E+17
   53.1076660       3.33855023E+17
   53.1781006       3.36840610E+17
   53.2485352       3.38873813E+17
   53.3189697       3.39650412E+17
   53.3894043       3.38832066E+17
   53.4598389       3.36090880E+17
   53.5302734       3.31200424E+17
   53.6007080       3.24122559E+17
   53.6711426       3.15036263E+17
   53.7415771       3.04274793E+17
   53.8120117       2.92197826E+17
   53.8824463       2.79048990E+17
   53.9528809       2.64865977E+17
   54.0233154       2.49481473E+17
   54.0937500       2.32634224E+17
   54.1641846       2.14148152E+17
   54.2346191       1.94122179E+17
   54.3050537       9.54005781E+16
   54.3754883       9.38508164E+16
   54.4459229       9.26419292E+16
   54.5163574       9.19120167E+16
   54.5867920       9.17578102E+16
   54.6572266       9.21909748E+16
   54.7276611       9.31400165E+16
   54.7980957       9.44802697E+16
   54.8685303       9.60765630E+16
   54.9389648       9.78153461E+16
   55.0093994       9.96314473E+16
   55.0798340       1.01526980E+17
   55.1502686       1.03581073E+17
   55.2207031       1.05932474E+17
   55.2911377       1.08734957E+17
   55.3615723       1.12094351E+17
   55.4320068       1.16017306E+17
   55.5024414       1.20387959E+17
   55.5728760       1.24984047E+17
   55.6433105       1.29521061E+17
   55.7137451       1.33716875E+17
   55.7841797       1.37357375E+17
   55.8546143       1.40351654E+17
   55.9250488       1.42760701E+17
   55.9954834       1.44799445E+17
   56.0659180       1.46811328E+17
   56.1363525       1.49222402E+17
   56.2067871       1.52472112E+17
   56.2772217       1.56930889E+17
   56.3476562       1.62815029E+17
   56.4180908       1.70121267E+17
   56.4885254       1.78594481E+17
   56.5589600       1.87741542E+17
   56.6293945       1.96892983E+17
   56.6998291       2.05309435E+17
   56.7702637       2.12310232E+17
   56.8406982       2.17396745E+17
   56.9111328       2.20333248E+17
   56.9815674       2.21167829E+17
   57.0520020       2.20186000E+17
   57.1224365       2.17824627E+17
   57.1928711       2.14575793E+17
   57.2633057       2.10917615E+17
   57.3337402       2.07278180E+17
   57.4041748       2.04026941E+17
   57.4746094       2.01468515E+17
   57.5450439       1.99827253E+17
   57.6154785       1.99214928E+17
   57.6859131       1.99600805E+17
   57.7563477       2.00799565E+17
   57.8267822       2.02495785E+17
   57.8972168       2.04296321E+17
   57.9676514       2.05800539E+17
   58.0380859       2.06668071E+17
   58.1085205       2.06680234E+17
   58.1789551       2.05783273E+17
   58.2493896       2.04106157E+17
   58.3198242       2.01936340E+17
   58.3902588       1.99652929E+17
   58.4606934       1.97625344E+17
   58.5311279       1.96113120E+17
   58.6015625       1.95200697E+17
   58.6719971       1.94795630E+17
   58.7424316       1.94683343E+17
   58.8128662       1.94612819E+17
   58.8833008       1.94372593E+17
   58.9537354       1.93833798E+17
   59.0241699       1.92949499E+17
   59.0946045       1.91728302E+17
   59.1650391       1.90200582E+17
   59.2354736       1.88401541E+17
   59.3059082       1.86367255E+17
   59.3763428       1.84138030E+17
   59.4467773       1.81750423E+17
   59.5172119       1.79219794E+17
   59.5876465       1.76518191E+17
   59.6580811       1.73565246E+17
   59.7285156       1.70236114E+17
   59.7989502       1.66387394E+17
   59.8693848       1.61888570E+17
   59.9398193       1.56656012E+17
   60.0102539       1.50681059E+17
   60.0806885       1.44053787E+17
   60.1511230       1.36969883E+17
   60.2215576       1.29722023E+17
   60.2919922       1.22668612E+17
   60.3624268       1.16191802E+17
   60.4328613       1.10645118E+17
   60.5032959       1.06302683E+17
   60.5737305       1.03313214E+17
   60.6441650       1.01676015E+17
   60.7145996       1.01243486E+17
   60.7850342       1.01757911E+17
   60.8554688       1.02909804E+17
   60.9259033       1.04405475E+17
   60.9963379       1.06018424E+17
   61.0667725       1.07612733E+17
   61.1372070       1.09132241E+17
   61.2076416       1.10571734E+17
   61.2780762       1.11944139E+17
   61.3485107       1.13264258E+17
   61.4189453       1.14546821E+17
   61.4893799       1.15816946E+17
   61.5598145       1.17116285E+17
   61.6302490       1.18507253E+17
   61.7006836       1.20072184E+17
   61.7711182       1.21913901E+17
   61.8415527       1.24146055E+17
   61.9119873       1.26874597E+17
   61.9824219       1.30172968E+17
   62.0528564       1.34066777E+17
   62.1232910       1.38528088E+17
   62.1937256       1.43475023E+17
   62.2641602       1.48767290E+17
   62.3345947       1.54205887E+17
   62.4050293       1.59542900E+17
   62.4754639       1.64509772E+17
   62.5458984       1.68851125E+17
   62.6163330       1.72353911E+17
   62.6867676       1.74853273E+17
   62.7572021       1.76219433E+17
   62.8276367       1.76334572E+17
   62.8980713       1.75083603E+17
   62.9685059       1.72361985E+17
   63.0389404       1.68097890E+17
   63.1093750       1.62269310E+17
   63.1798096       1.54914660E+17
   63.2502441       1.46137482E+17
   63.3206787       1.36118638E+17
   63.3911133       1.25129594E+17
   63.4615479       1.13539943E+17
   63.5319824       1.01797416E+17
   63.6024170       9.03807577E+16
   63.6728516       7.97278215E+16
   63.7432861       0.00000000    
   63.8137207       0.00000000    
   63.8841553       0.00000000    
   63.9545898       0.00000000    
   64.0250244       0.00000000    
   64.0954590       0.00000000    
