2018 12 05 04 18 08.0 -21.950 169.427
14. 2.336E+20 7.512 149 34 -65 299 59 -106
  -1.12695312       0.00000000    
  -1.05651855       0.00000000    
 -0.986083984       0.00000000    
 -0.915649414       0.00000000    
 -0.845214844       0.00000000    
 -0.774780273       0.00000000    
 -0.704345703       0.00000000    
 -0.633911133       0.00000000    
 -0.563476562       0.00000000    
 -0.493041992       0.00000000    
 -0.422607422       0.00000000    
 -0.352172852       0.00000000    
 -0.281738281       0.00000000    
 -0.211303711       0.00000000    
 -0.140869141       0.00000000    
  -7.04345703E-02   0.00000000    
   0.00000000       0.00000000    
   7.04345703E-02   4.30693204E+17
  0.140869141       7.71466836E+17
  0.211303711       1.13442799E+18
  0.281738281       1.48323033E+18
  0.352172852       1.80141209E+18
  0.422607422       2.08558389E+18
  0.493041992       2.33955129E+18
  0.563476562       2.56990172E+18
  0.633911133       2.78299587E+18
  0.704345703       2.98311523E+18
  0.774780273       3.17147972E+18
  0.845214844       3.34607804E+18
  0.915649414       3.50220704E+18
  0.986083984       3.63365173E+18
   1.05651855       3.73420675E+18
   1.12695312       3.79919228E+18
   1.19738770       3.82653658E+18
   1.26782227       3.81715830E+18
   1.33825684       3.77452226E+18
   1.40869141       3.70355538E+18
   1.47912598       3.60921124E+18
   1.54956055       3.49513553E+18
   1.61999512       3.36278594E+18
   1.69042969       3.21130485E+18
   1.76086426       3.03809027E+18
   1.83129883       2.83986096E+18
   1.90173340       2.61377691E+18
   1.97216797       2.35839059E+18
   2.04260254       2.07425851E+18
   2.11303711       1.76441874E+18
   2.18347168       1.43492081E+18
   2.25390625       1.09577233E+18
   2.32434082       7.62338828E+17
   2.39477539       4.57107116E+17
   2.46520996       2.11214328E+17
   2.53564453       6.50740202E+16
   2.60607910       5.42004740E+15
   2.67651367       0.00000000    
   2.74694824       0.00000000    
   2.81738281       0.00000000    
   2.88781738       0.00000000    
   2.95825195       0.00000000    
   3.02868652       0.00000000    
   3.09912109       0.00000000    
   3.16955566       0.00000000    
   3.23999023       0.00000000    
   3.31042480       7.44135511E+15
   3.38085938       6.69445257E+16
   3.45129395       2.13074668E+17
   3.52172852       4.66035013E+17
   3.59216309       8.04675523E+17
   3.66259766       1.21564699E+18
   3.73303223       1.69107651E+18
   3.80346680       2.22547737E+18
   3.87390137       2.81259308E+18
   3.94433594       3.44292907E+18
   4.01477051       4.10256073E+18
   4.08520508       4.77339944E+18
   4.15563965       5.43464683E+18
   4.22607422       6.06490119E+18
   4.29650879       6.64425366E+18
   4.36694336       7.15595867E+18
   4.43737793       7.58756097E+18
   4.50781250       7.93160200E+18
   4.57824707       8.18604164E+18
   4.64868164       8.35435488E+18
   4.71911621       8.44519983E+18
   4.78955078       8.47150400E+18
   4.85998535       8.44895576E+18
   4.93041992       8.39400382E+18
   5.00085449       8.32163836E+18
   5.07128906       8.24337677E+18
   5.14172363       8.16589089E+18
   5.21215820       8.09053476E+18
   5.28259277       8.01383778E+18
   5.35302734       7.92889061E+18
   5.42346191       7.82728474E+18
   5.49389648       7.70120594E+18
   5.56433105       7.54520448E+18
   5.63476562       7.35731939E+18
   5.70520020       7.13941157E+18
   5.77563477       6.89679279E+18
   5.84606934       6.63722668E+18
   5.91650391       6.36958851E+18
   5.98693848       6.10244621E+18
   6.05737305       5.84288450E+18
   6.12780762       5.59572364E+18
   6.19824219       5.36333361E+18
   6.26867676       5.14586780E+18
   6.33911133       4.94183692E+18
   6.40954590       4.74862140E+18
   6.47998047       4.56290454E+18
   6.55041504       4.38094223E+18
   6.62084961       4.19890544E+18
   6.69128418       4.01330320E+18
   6.76171875       3.82162177E+18
   6.83215332       3.62296256E+18
   6.90258789       3.41858424E+18
   6.97302246       3.21205582E+18
   7.04345703       3.00905161E+18
   7.11389160       2.81674401E+18
   7.18432617       2.64302502E+18
   7.25476074       2.49560910E+18
   7.32519531       2.38127775E+18
   7.39562988       2.30528666E+18
   7.46606445       2.27112236E+18
   7.53649902       2.28049720E+18
   7.60693359       2.33359936E+18
   7.67736816       2.42934180E+18
   7.74780273       2.56552347E+18
   7.81823730       2.73869600E+18
   7.88867188       2.94382721E+18
   7.95910645       3.17386126E+18
   8.02954102       3.41952157E+18
   8.09997559       3.66953100E+18
   8.17041016       3.91143428E+18
   8.24084473       4.13282781E+18
   8.31127930       4.32275773E+18
   8.38171387       4.47287707E+18
   8.45214844       4.57821826E+18
   8.52258301       4.63741239E+18
   8.59301758       4.65246086E+18
   8.66345215       4.62801651E+18
   8.73388672       4.57038204E+18
   8.80432129       4.48633235E+18
   8.87475586       4.38212118E+18
   8.94519043       4.26287585E+18
   9.01562500       4.13266591E+18
   9.08605957       3.99508842E+18
   9.15649414       3.85407688E+18
   9.22692871       3.71429459E+18
   9.29736328       3.58080591E+18
   9.36779785       3.45790689E+18
   9.43823242       3.34762698E+18
   9.50866699       3.24842272E+18
   9.57910156       3.15476082E+18
   9.64953613       3.05775008E+18
   9.71997070       2.94683437E+18
   9.79040527       2.81200429E+18
   9.86083984       2.64606874E+18
   9.93127441       2.44631414E+18
   10.0017090       2.21524724E+18
   10.0721436       1.96015064E+18
   10.1425781       1.69172247E+18
   10.2130127       1.42213651E+18
   10.2834473       1.16320881E+18
   10.3538818       9.25048957E+17
   10.4243164       7.15560312E+17
   10.4947510       5.40578637E+17
   10.5651855       4.04414773E+17
   10.6356201       3.10218375E+17
   10.7060547       2.59976449E+17
   10.7764893       2.54008128E+17
   10.8469238       2.90375180E+17
   10.9173584       3.64517826E+17
   10.9877930       4.69551869E+17
   11.0582275       5.97170329E+17
   11.1286621       7.39030212E+17
   11.1990967       8.88155119E+17
   11.2695312       1.04007182E+18
   11.3399658       1.19331880E+18
   11.4104004       1.34930005E+18
   11.4808350       1.51143651E+18
   11.5512695       1.68385505E+18
   11.6217041       1.86974261E+18
   11.6921387       2.06970804E+18
   11.7625732       2.28038574E+18
   11.8330078       2.49371739E+18
   11.9034424       2.69709625E+18
   11.9738770       2.87448926E+18
   12.0443115       3.00819894E+18
   12.1147461       3.08090855E+18
   12.1851807       3.07748852E+18
   12.2556152       2.98642174E+18
   12.3260498       2.80083792E+18
   12.3964844       2.51959274E+18
   12.4669189       2.14884306E+18
   12.5373535       1.70467898E+18
   12.6077881       1.21693493E+18
   12.6782227       7.34039460E+17
   12.7486572       3.28045582E+17
   12.8190918       9.08548276E+16
   12.8895264       0.00000000    
   12.9599609       0.00000000    
   13.0303955       0.00000000    
   13.1008301       0.00000000    
   13.1712646       0.00000000    
   13.2416992       0.00000000    
   13.3121338       0.00000000    
   13.3825684       0.00000000    
   13.4530029       0.00000000    
   13.5234375       0.00000000    
   13.5938721       0.00000000    
   13.6643066       0.00000000    
   13.7347412       0.00000000    
   13.8051758       0.00000000    
   13.8756104       0.00000000    
   13.9460449       0.00000000    
   14.0164795       0.00000000    
   14.0869141       0.00000000    
   14.1573486       0.00000000    
   14.2277832       0.00000000    
   14.2982178       0.00000000    
   14.3686523       0.00000000    
   14.4390869       0.00000000    
   14.5095215       0.00000000    
   14.5799561       0.00000000    
   14.6503906       0.00000000    
   14.7208252       0.00000000    
   14.7912598       0.00000000    
   14.8616943       0.00000000    
   14.9321289       0.00000000    
   15.0025635       0.00000000    
   15.0729980       0.00000000    
   15.1434326       0.00000000    
   15.2138672       0.00000000    
   15.2843018       0.00000000    
   15.3547363       0.00000000    
   15.4251709       0.00000000    
   15.4956055       0.00000000    
   15.5660400       0.00000000    
   15.6364746       0.00000000    
   15.7069092       1.00079541E+17
   15.7773438       3.63494284E+17
   15.8477783       8.08882392E+17
   15.9182129       1.32521539E+18
   15.9886475       1.82073834E+18
   16.0590820       2.23984908E+18
   16.1295166       2.55465095E+18
   16.1999512       2.75764691E+18
   16.2703857       2.85603945E+18
   16.3408203       2.86752028E+18
   16.4112549       2.81689656E+18
   16.4816895       2.73290734E+18
   16.5521240       2.64469902E+18
   16.6225586       2.57802244E+18
   16.6929932       2.55160722E+18
   16.7634277       2.57463210E+18
   16.8338623       2.64603850E+18
   16.9042969       2.75609192E+18
   16.9747314       2.88974168E+18
   17.0451660       3.03084476E+18
   17.1156006       3.16597776E+18
   17.1860352       3.28690562E+18
   17.2564697       3.39118523E+18
   17.3269043       3.48108900E+18
   17.3973389       3.56144873E+18
   17.4677734       3.63732905E+18
   17.5382080       3.71221734E+18
   17.6086426       3.78711360E+18
   17.6790771       3.86045130E+18
   17.7495117       3.92861882E+18
   17.8199463       3.98668897E+18
   17.8903809       4.02915046E+18
   17.9608154       4.05047577E+18
   18.0312500       4.04560218E+18
   18.1016846       4.01033617E+18
   18.1721191       3.94170905E+18
   18.2425537       3.83816145E+18
   18.3129883       3.69948939E+18
   18.3834229       3.52642736E+18
   18.4538574       3.31994842E+18
   18.5242920       3.08039892E+18
   18.5947266       2.80690997E+18
   18.6651611       2.49747249E+18
   18.7355957       2.15020178E+18
   18.8060303       1.76596480E+18
   18.8764648       1.35248259E+18
   18.9468994       9.29462534E+17
   19.0173340       5.34193601E+17
   19.0877686       2.26597424E+17
   19.1582031       5.72733459E+16
   19.2286377       0.00000000    
   19.2990723       0.00000000    
   19.3695068       0.00000000    
   19.4399414       0.00000000    
   19.5103760       0.00000000    
   19.5808105       0.00000000    
   19.6512451       0.00000000    
   19.7216797       0.00000000    
   19.7921143       0.00000000    
   19.8625488       0.00000000    
   19.9329834       0.00000000    
   20.0034180       0.00000000    
   20.0738525       0.00000000    
   20.1442871       0.00000000    
   20.2147217       0.00000000    
   20.2851562       0.00000000    
   20.3555908       0.00000000    
   20.4260254       0.00000000    
   20.4964600       0.00000000    
   20.5668945       0.00000000    
   20.6373291       0.00000000    
   20.7077637       0.00000000    
   20.7781982       0.00000000    
   20.8486328       0.00000000    
   20.9190674       0.00000000    
   20.9895020       0.00000000    
   21.0599365       0.00000000    
   21.1303711       0.00000000    
   21.2008057       0.00000000    
   21.2712402       0.00000000    
   21.3416748       0.00000000    
   21.4121094       0.00000000    
   21.4825439       0.00000000    
   21.5529785       0.00000000    
   21.6234131       0.00000000    
   21.6938477       0.00000000    
   21.7642822       0.00000000    
   21.8347168       0.00000000    
   21.9051514       0.00000000    
   21.9755859       0.00000000    
   22.0460205       0.00000000    
   22.1164551       0.00000000    
   22.1868896       0.00000000    
   22.2573242       0.00000000    
   22.3277588       0.00000000    
   22.3981934       0.00000000    
   22.4686279       0.00000000    
   22.5390625       0.00000000    
   22.6094971       0.00000000    
   22.6799316       0.00000000    
   22.7503662       0.00000000    
   22.8208008       0.00000000    
   22.8912354       0.00000000    
   22.9616699       3.53250452E+16
   23.0321045       1.90188367E+17
   23.1025391       5.18247865E+17
   23.1729736       1.01616122E+18
   23.2434082       1.61754268E+18
   23.3138428       2.27815813E+18
   23.3842773       2.97087657E+18
   23.4547119       3.68025014E+18
   23.5251465       4.39753689E+18
   23.5955811       5.11691106E+18
   23.6660156       5.83318296E+18
   23.7364502       6.54104580E+18
   23.8068848       7.23535771E+18
   23.8773193       7.91198067E+18
   23.9477539       8.56853590E+18
   24.0181885       9.20483647E+18
   24.0886230       9.82264985E+18
   24.1590576       1.04249678E+19
   24.2294922       1.10148756E+19
   24.2999268       1.15943985E+19
   24.3703613       1.21634287E+19
   24.4407959       1.27190593E+19
   24.5112305       1.32554747E+19
   24.5816650       1.37646266E+19
   24.6520996       1.42375233E+19
   24.7225342       1.46660140E+19
   24.7929688       1.50446264E+19
   24.8634033       1.53721115E+19
   24.9338379       1.56520615E+19
   25.0042725       1.58924125E+19
   25.0747070       1.61038035E+19
   25.1451416       1.62973165E+19
   25.2155762       1.64822071E+19
   25.2860107       1.66643511E+19
   25.3564453       1.68457067E+19
   25.4268799       1.70249304E+19
   25.4973145       1.71985785E+19
   25.5677490       1.73623705E+19
   25.6381836       1.75119888E+19
   25.7086182       1.76433452E+19
   25.7790527       1.77524201E+19
   25.8494873       1.78349659E+19
   25.9199219       1.78864165E+19
   25.9903564       1.79023022E+19
   26.0607910       1.78791102E+19
   26.1312256       1.78153858E+19
   26.2016602       1.77126947E+19
   26.2720947       1.75761255E+19
   26.3425293       1.74140718E+19
   26.4129639       1.72372505E+19
   26.4833984       1.70572110E+19
   26.5538330       1.68847899E+19
   26.6242676       1.67289694E+19
   26.6947021       1.65962462E+19
   26.7651367       1.64905359E+19
   26.8355713       1.64134139E+19
   26.9060059       1.63644252E+19
   26.9764404       1.63412409E+19
   27.0468750       1.63396345E+19
   27.1173096       1.63534521E+19
   27.1877441       1.63746781E+19
   27.2581787       1.63937404E+19
   27.3286133       1.64000999E+19
   27.3990479       1.63831257E+19
   27.4694824       1.63331848E+19
   27.5399170       1.62425751E+19
   27.6103516       1.61061873E+19
   27.6807861       1.59216903E+19
   27.7512207       1.56894328E+19
   27.8216553       1.54121239E+19
   27.8920898       1.50945453E+19
   27.9625244       1.47432777E+19
   28.0329590       1.43663773E+19
   28.1033936       1.39727356E+19
   28.1738281       1.35710642E+19
   28.2442627       1.31686221E+19
   28.3146973       1.27701821E+19
   28.3851318       1.23773893E+19
   28.4555664       1.19889352E+19
   28.5260010       1.16013375E+19
   28.5964355       1.12101786E+19
   28.6668701       1.08111581E+19
   28.7373047       1.04008127E+19
   28.8077393       9.97661667E+18
   28.8781738       9.53687249E+18
   28.9486084       9.08038770E+18
   29.0190430       8.60627443E+18
   29.0894775       8.11390323E+18
   29.1599121       7.60317623E+18
   29.2303467       7.07487794E+18
   29.3007812       6.53111501E+18
   29.3712158       5.97556257E+18
   29.4416504       5.41364011E+18
   29.5120850       4.85236087E+18
   29.5825195       4.30010724E+18
   29.6529541       3.76616350E+18
   29.7233887       3.26029085E+18
   29.7938232       2.79209131E+18
   29.8642578       2.37034476E+18
   29.9346924       2.00211763E+18
   30.0051270       1.69202140E+18
   30.0755615       1.44157822E+18
   30.1459961       1.24908452E+18
   30.2164307       1.10984147E+18
   30.2868652       1.01685515E+18
   30.3572998       9.61557484E+17
   30.4277344       9.34434938E+17
   30.4981689       9.25242127E+17
   30.5686035       9.23052587E+17
   30.6390381       9.16228743E+17
   30.7094727       8.92812788E+17
   30.7799072       8.41443879E+17
   30.8503418       7.53220990E+17
   30.9207764       6.24476081E+17
   30.9912109       4.60714373E+17
   31.0616455       2.81407048E+17
   31.1320801       1.25392094E+17
   31.2025146       3.32546132E+16
   31.2729492       0.00000000    
   31.3433838       0.00000000    
   31.4138184       0.00000000    
   31.4842529       0.00000000    
   31.5546875       0.00000000    
   31.6251221       0.00000000    
   31.6955566       0.00000000    
   31.7659912       0.00000000    
   31.8364258       0.00000000    
   31.9068604       0.00000000    
   31.9772949       0.00000000    
   32.0477295       0.00000000    
   32.1181641       0.00000000    
   32.1885986       0.00000000    
   32.2590332       0.00000000    
   32.3294678       0.00000000    
   32.3999023       0.00000000    
   32.4703369       0.00000000    
   32.5407715       0.00000000    
   32.6112061       0.00000000    
   32.6816406       0.00000000    
   32.7520752       0.00000000    
   32.8225098       0.00000000    
   32.8929443       0.00000000    
   32.9633789       0.00000000    
   33.0338135       0.00000000    
   33.1042480       0.00000000    
   33.1746826       0.00000000    
   33.2451172       0.00000000    
   33.3155518       0.00000000    
   33.3859863       0.00000000    
   33.4564209       0.00000000    
   33.5268555       0.00000000    
   33.5972900       0.00000000    
   33.6677246       0.00000000    
   33.7381592       0.00000000    
   33.8085938       0.00000000    
   33.8790283       0.00000000    
   33.9494629       0.00000000    
   34.0198975       0.00000000    
   34.0903320       0.00000000    
   34.1607666       0.00000000    
   34.2312012       0.00000000    
   34.3016357       0.00000000    
   34.3720703       0.00000000    
   34.4425049       0.00000000    
   34.5129395       0.00000000    
   34.5833740       0.00000000    
   34.6538086       0.00000000    
   34.7242432       0.00000000    
   34.7946777       0.00000000    
   34.8651123       0.00000000    
   34.9355469       0.00000000    
   35.0059814       0.00000000    
   35.0764160       0.00000000    
   35.1468506       0.00000000    
   35.2172852       0.00000000    
   35.2877197       0.00000000    
   35.3581543       0.00000000    
   35.4285889       0.00000000    
   35.4990234       0.00000000    
   35.5694580       0.00000000    
   35.6398926       0.00000000    
   35.7103271       6.26844679E+16
   35.7807617       2.73883502E+17
   35.8511963       6.77314350E+17
   35.9216309       1.22640970E+18
   35.9920654       1.83561212E+18
   36.0625000       2.45407449E+18
   36.1329346       3.05640813E+18
   36.2033691       3.63361792E+18
   36.2738037       4.18560822E+18
   36.3442383       4.71584825E+18
   36.4146729       5.22808928E+18
   36.4851074       5.72456606E+18
   36.5555420       6.20516809E+18
   36.6259766       6.66724775E+18
   36.6964111       7.10596718E+18
   36.7668457       7.51508171E+18
   36.8372803       7.88810478E+18
   36.9077148       8.21967350E+18
   36.9781494       8.50687309E+18
   37.0485840       8.75021205E+18
   37.1190186       8.95398894E+18
   37.1894531       9.12595311E+18
   37.2598877       9.27633991E+18
   37.3303223       9.41647377E+18
   37.4007568       9.55725743E+18
   37.4711914       9.70788613E+18
   37.5416260       9.87511085E+18
   37.6120605       1.00630680E+19
   37.6824951       1.02735849E+19
   37.7529297       1.05067594E+19
   37.8233643       1.07616218E+19
   37.8937988       1.10366679E+19
   37.9642334       1.13301210E+19
   38.0346680       1.16399007E+19
   38.1051025       1.19633627E+19
   38.1755371       1.22968897E+19
   38.2459717       1.26355184E+19
   38.3164062       1.29728397E+19
   38.3868408       1.33013782E+19
   38.4572754       1.36133965E+19
   38.5277100       1.39020447E+19
   38.5981445       1.41624992E+19
   38.6685791       1.43928931E+19
   38.7390137       1.45946854E+19
   38.8094482       1.47722455E+19
   38.8798828       1.49317373E+19
   38.9503174       1.50795524E+19
   39.0207520       1.52208132E+19
   39.0911865       1.53583962E+19
   39.1616211       1.54928709E+19
   39.2320557       1.56233796E+19
   39.3024902       1.57491110E+19
   39.3729248       1.58706895E+19
   39.4433594       1.59908221E+19
   39.5137939       1.61138872E+19
   39.5842285       1.62444751E+19
   39.6546631       1.63854621E+19
   39.7250977       1.65365152E+19
   39.7955322       1.66938455E+19
   39.8659668       1.68515506E+19
   39.9364014       1.70041276E+19
   40.0068359       1.71491719E+19
   40.0772705       1.72891760E+19
   40.1477051       1.74315606E+19
   40.2181396       1.75867226E+19
   40.2885742       1.77648632E+19
   40.3590088       1.79727633E+19
   40.4294434       1.82117180E+19
   40.4998779       1.84771038E+19
   40.5703125       1.87594628E+19
   40.6407471       1.90464947E+19
   40.7111816       1.93251703E+19
   40.7816162       1.95834346E+19
   40.8520508       1.98112160E+19
   40.9224854       2.00008620E+19
   40.9929199       2.01471256E+19
   41.0633545       2.02467941E+19
   41.1337891       2.02982205E+19
   41.2042236       2.03008197E+19
   41.2746582       2.02547392E+19
   41.3450928       2.01606430E+19
   41.4155273       2.00196504E+19
   41.4859619       1.98332854E+19
   41.5563965       1.96035073E+19
   41.6268311       1.93325458E+19
   41.6972656       1.90226507E+19
   41.7677002       1.86757789E+19
   41.8381348       1.82934150E+19
   41.9085693       1.78765725E+19
   41.9790039       1.74260509E+19
   42.0494385       1.69429134E+19
   42.1198730       1.64291930E+19
   42.1903076       1.58883916E+19
   42.2607422       1.53257660E+19
   42.3311768       1.47481222E+19
   42.4016113       1.41633876E+19
   42.4720459       1.35797625E+19
   42.5424805       1.30046750E+19
   42.6129150       1.24436283E+19
   42.6833496       1.18993425E+19
   42.7537842       1.13712944E+19
   42.8242188       1.08560237E+19
   42.8946533       1.03480119E+19
   42.9650879       9.84117333E+18
   43.0355225       9.33026216E+18
   43.1059570       8.81206068E+18
   43.1763916       8.28580088E+18
   43.2468262       7.75304846E+18
   43.3172607       7.21684743E+18
   43.3876953       6.68059307E+18
   43.4581299       6.14664548E+18
   43.5285645       5.61524217E+18
   43.5989990       5.08361510E+18
   43.6694336       4.54572302E+18
   43.7398682       3.99272090E+18
   43.8103027       3.41488988E+18
   43.8807373       2.80529342E+18
   43.9511719       2.16574461E+18
   44.0216064       1.51481861E+18
   44.0920410       0.00000000    
   44.1624756       0.00000000    
   44.2329102       0.00000000    
   44.3033447       0.00000000    
   44.3737793       0.00000000    
   44.4442139       0.00000000    
   44.5146484       0.00000000    
   44.5850830       0.00000000    
   44.6555176       0.00000000    
   44.7259521       0.00000000    
   44.7963867       0.00000000    
   44.8668213       0.00000000    
   44.9372559       0.00000000    
   45.0076904       0.00000000    
   45.0781250       0.00000000    
   45.1485596       0.00000000    
   45.2189941       0.00000000    
   45.2894287       0.00000000    
   45.3598633       0.00000000    
   45.4302979       0.00000000    
   45.5007324       0.00000000    
   45.5711670       0.00000000    
   45.6416016       0.00000000    
   45.7120361       0.00000000    
   45.7824707       0.00000000    
   45.8529053       0.00000000    
   45.9233398       0.00000000    
   45.9937744       0.00000000    
   46.0642090       0.00000000    
   46.1346436       0.00000000    
   46.2050781       0.00000000    
   46.2755127       0.00000000    
   46.3459473       0.00000000    
   46.4163818       0.00000000    
   46.4868164       0.00000000    
   46.5572510       0.00000000    
   46.6276855       0.00000000    
   46.6981201       0.00000000    
   46.7685547       0.00000000    
   46.8389893       0.00000000    
   46.9094238       0.00000000    
   46.9798584       0.00000000    
   47.0502930       0.00000000    
   47.1207275       0.00000000    
   47.1911621       0.00000000    
   47.2615967       0.00000000    
   47.3320312       0.00000000    
   47.4024658       0.00000000    
   47.4729004       0.00000000    
   47.5433350       0.00000000    
   47.6137695       0.00000000    
   47.6842041       0.00000000    
   47.7546387       0.00000000    
   47.8250732       0.00000000    
   47.8955078       0.00000000    
   47.9659424       0.00000000    
   48.0363770       0.00000000    
   48.1068115       0.00000000    
   48.1772461       0.00000000    
   48.2476807       0.00000000    
   48.3181152       0.00000000    
   48.3885498       0.00000000    
   48.4589844       0.00000000    
   48.5294189       0.00000000    
   48.5998535       0.00000000    
   48.6702881       0.00000000    
   48.7407227       0.00000000    
   48.8111572       0.00000000    
   48.8815918       0.00000000    
   48.9520264       0.00000000    
   49.0224609       0.00000000    
   49.0928955       0.00000000    
   49.1633301       0.00000000    
   49.2337646       0.00000000    
   49.3041992       0.00000000    
   49.3746338       0.00000000    
   49.4450684       0.00000000    
   49.5155029       0.00000000    
   49.5859375       0.00000000    
   49.6563721       0.00000000    
   49.7268066       0.00000000    
   49.7972412       0.00000000    
   49.8676758       0.00000000    
   49.9381104       0.00000000    
   50.0085449       0.00000000    
   50.0789795       0.00000000    
   50.1494141       0.00000000    
   50.2198486       0.00000000    
   50.2902832       0.00000000    
   50.3607178       0.00000000    
   50.4311523       0.00000000    
   50.5015869       0.00000000    
   50.5720215       0.00000000    
   50.6424561       0.00000000    
   50.7128906       0.00000000    
   50.7833252       0.00000000    
   50.8537598       0.00000000    
   50.9241943       0.00000000    
   50.9946289       0.00000000    
   51.0650635       0.00000000    
   51.1354980       0.00000000    
   51.2059326       0.00000000    
   51.2763672       0.00000000    
   51.3468018       0.00000000    
   51.4172363       0.00000000    
   51.4876709       0.00000000    
   51.5581055       0.00000000    
   51.6285400       0.00000000    
   51.6989746       0.00000000    
   51.7694092       0.00000000    
   51.8398438       0.00000000    
   51.9102783       0.00000000    
   51.9807129       0.00000000    
   52.0511475       0.00000000    
   52.1215820       0.00000000    
   52.1920166       0.00000000    
   52.2624512       0.00000000    
   52.3328857       0.00000000    
   52.4033203       0.00000000    
   52.4737549       0.00000000    
   52.5441895       0.00000000    
   52.6146240       0.00000000    
   52.6850586       0.00000000    
   52.7554932       0.00000000    
   52.8259277       0.00000000    
   52.8963623       0.00000000    
   52.9667969       0.00000000    
