2020 03 25 02 49 21.0 48.964 157.695
42. 2.279E+20 7.505 31 38 98 201 53 84
  -1.12695312       0.00000000    
  -1.05651855       4.91433079E+17
 -0.986083984       5.78307382E+17
 -0.915649414       6.47167390E+17
 -0.845214844       6.99991777E+17
 -0.774780273       7.39762831E+17
 -0.704345703       7.69586053E+17
 -0.633911133       7.92127415E+17
 -0.563476562       8.09428781E+17
 -0.493041992       8.22956759E+17
 -0.422607422       8.33827906E+17
 -0.352172852       8.43790237E+17
 -0.281738281       8.60086099E+17
 -0.211303711       8.87414117E+17
 -0.140869141       9.27531035E+17
  -7.04345703E-02   9.74887895E+17
   0.00000000       1.02534716E+18
   7.04345703E-02   1.07796161E+18
  0.140869141       1.13097965E+18
  0.211303711       1.18189144E+18
  0.281738281       1.22589087E+18
  0.352172852       1.25998081E+18
  0.422607422       1.28267473E+18
  0.493041992       1.29365033E+18
  0.563476562       1.29355550E+18
  0.633911133       1.28385176E+18
  0.704345703       1.26682679E+18
  0.774780273       1.24583835E+18
  0.845214844       1.23040794E+18
  0.915649414       1.22746647E+18
  0.986083984       1.24035769E+18
   1.05651855       1.26458323E+18
   1.12695312       1.29734126E+18
   1.19738770       1.33629228E+18
   1.26782227       1.38006659E+18
   1.33825684       1.42840648E+18
   1.40869141       1.48008366E+18
   1.47912598       1.53271976E+18
   1.54956055       1.58209621E+18
   1.61999512       1.62616835E+18
   1.69042969       1.66388256E+18
   1.76086426       1.69484495E+18
   1.83129883       1.71936131E+18
   1.90173340       1.73847797E+18
   1.97216797       1.75404650E+18
   2.04260254       1.76860568E+18
   2.11303711       1.78514811E+18
   2.18347168       1.80669607E+18
   2.25390625       1.83588618E+18
   2.32434082       1.87454707E+18
   2.39477539       1.92344730E+18
   2.46520996       1.98261353E+18
   2.53564453       2.05541192E+18
   2.60607910       2.14448968E+18
   2.67651367       2.24959667E+18
   2.74694824       2.36439805E+18
   2.81738281       2.48158235E+18
   2.88781738       2.59630374E+18
   2.95825195       2.70850121E+18
   3.02868652       2.81885919E+18
   3.09912109       2.92877737E+18
   3.16955566       3.03848389E+18
   3.23999023       3.14886744E+18
   3.31042480       3.26049096E+18
   3.38085938       3.37294543E+18
   3.45129395       3.48661679E+18
   3.52172852       3.60254682E+18
   3.59216309       3.72212861E+18
   3.66259766       3.84677832E+18
   3.73303223       3.97746187E+18
   3.80346680       4.11437828E+18
   3.87390137       4.25702700E+18
   3.94433594       4.40895477E+18
   4.01477051       4.57124955E+18
   4.08520508       4.74880721E+18
   4.15563965       4.93861591E+18
   4.22607422       5.13781333E+18
   4.29650879       5.33847530E+18
   4.36694336       5.53567216E+18
   4.43737793       5.72673814E+18
   4.50781250       5.91063091E+18
   4.57824707       6.08730154E+18
   4.64868164       6.25736630E+18
   4.71911621       6.42189063E+18
   4.78955078       6.58241053E+18
   4.85998535       6.74086775E+18
   4.93041992       6.89949594E+18
   5.00085449       7.06045674E+18
   5.07128906       7.22544836E+18
   5.14172363       7.39525803E+18
   5.21215820       7.56959880E+18
   5.28259277       7.74712924E+18
   5.35302734       7.92584331E+18
   5.42346191       8.10351505E+18
   5.49389648       8.27821535E+18
   5.56433105       8.44858687E+18
   5.63476562       8.61402929E+18
   5.70520020       8.77464430E+18
   5.77563477       8.93119386E+18
   5.84606934       9.08497816E+18
   5.91650391       9.23783061E+18
   5.98693848       9.39197115E+18
   6.05737305       9.54983243E+18
   6.12780762       9.71362118E+18
   6.19824219       9.88488441E+18
   6.26867676       1.00640531E+19
   6.33911133       1.02502983E+19
   6.40954590       1.04416056E+19
   6.47998047       1.06352296E+19
   6.55041504       1.08281719E+19
   6.62084961       1.10177827E+19
   6.69128418       1.12021488E+19
   6.76171875       1.13804313E+19
   6.83215332       1.15529909E+19
   6.90258789       1.17213415E+19
   6.97302246       1.18878329E+19
   7.04345703       1.20551763E+19
   7.11389160       1.22257886E+19
   7.18432617       1.24012410E+19
   7.25476074       1.25818149E+19
   7.32519531       1.27664460E+19
   7.39562988       1.29529573E+19
   7.46606445       1.31386263E+19
   7.53649902       1.33207901E+19
   7.60693359       1.34973749E+19
   7.67736816       1.36670901E+19
   7.74780273       1.38293230E+19
   7.81823730       1.39837296E+19
   7.88867188       1.41298591E+19
   7.95910645       1.42668374E+19
   8.02954102       1.43933351E+19
   8.09997559       1.45076458E+19
   8.17041016       1.46080015E+19
   8.24084473       1.46927849E+19
   8.31127930       1.47608468E+19
   8.38171387       1.48116212E+19
   8.45214844       1.48451937E+19
   8.52258301       1.48621998E+19
   8.59301758       1.48637139E+19
   8.66345215       1.48510354E+19
   8.73388672       1.48255410E+19
   8.80432129       1.47885051E+19
   8.87475586       1.47410347E+19
   8.94519043       1.46839129E+19
   9.01562500       1.46175992E+19
   9.08605957       1.45421793E+19
   9.15649414       1.44575103E+19
   9.22692871       1.43633888E+19
   9.29736328       1.42598995E+19
   9.36779785       1.41476646E+19
   9.43823242       1.40280553E+19
   9.50866699       1.39031057E+19
   9.57910156       1.37753073E+19
   9.64953613       1.36472758E+19
   9.71997070       1.35214883E+19
   9.79040527       1.34001286E+19
   9.86083984       1.32850274E+19
   9.93127441       1.31776304E+19
   10.0017090       1.30789646E+19
   10.0721436       1.29895006E+19
   10.1425781       1.29090604E+19
   10.2130127       1.28366850E+19
   10.2834473       1.27706615E+19
   10.3538818       1.27085908E+19
   10.4243164       1.26476932E+19
   10.4947510       1.25850739E+19
   10.5651855       1.25181554E+19
   10.6356201       1.24449312E+19
   10.7060547       1.23642282E+19
   10.7764893       1.22757439E+19
   10.8469238       1.21800787E+19
   10.9173584       1.20786047E+19
   10.9877930       1.19733881E+19
   11.0582275       1.18668839E+19
   11.1286621       1.17615452E+19
   11.1990967       1.16591883E+19
   11.2695312       1.15603620E+19
   11.3399658       1.14638216E+19
   11.4104004       1.13664214E+19
   11.4808350       1.12634202E+19
   11.5512695       1.11493459E+19
   11.6217041       1.10190460E+19
   11.6921387       1.08687747E+19
   11.7625732       1.06969089E+19
   11.8330078       1.05042492E+19
   11.9034424       1.02937378E+19
   11.9738770       1.00699047E+19
   12.0443115       9.83797375E+18
   12.1147461       9.60305099E+18
   12.1851807       9.36931791E+18
   12.2556152       9.13950019E+18
   12.3260498       8.91454451E+18
   12.3964844       8.69368451E+18
   12.4669189       8.47481023E+18
   12.5373535       8.25516739E+18
   12.6077881       8.03212376E+18
   12.6782227       7.80393551E+18
   12.7486572       7.57020738E+18
   12.8190918       7.33214112E+18
   12.8895264       7.09238326E+18
   12.9599609       6.85463751E+18
   13.0303955       6.62306002E+18
   13.1008301       6.40172119E+18
   13.1712646       6.19423784E+18
   13.2416992       6.00383981E+18
   13.3121338       5.83375636E+18
   13.3825684       5.68496550E+18
   13.4530029       5.55467997E+18
   13.5234375       5.43943960E+18
   13.5938721       5.33859405E+18
   13.6643066       5.25705206E+18
   13.7347412       5.19261574E+18
   13.8051758       5.14098432E+18
   13.8756104       5.09566190E+18
   13.9460449       5.05753743E+18
   14.0164795       5.02880280E+18
   14.0869141       5.01171474E+18
   14.1573486       5.00823753E+18
   14.2277832       5.01992479E+18
   14.2982178       5.04794749E+18
   14.3686523       5.09330180E+18
   14.4390869       5.16169912E+18
   14.5095215       5.26010981E+18
   14.5799561       5.39337996E+18
   14.6503906       5.55965581E+18
   14.7208252       5.75398789E+18
   14.7912598       5.97172033E+18
   14.8616943       6.20828905E+18
   14.9321289       6.45923279E+18
   15.0025635       6.72026785E+18
   15.0729980       6.98756132E+18
   15.1434326       7.26192905E+18
   15.2138672       7.54820450E+18
   15.2843018       7.84891268E+18
   15.3547363       8.16097662E+18
   15.4251709       8.47708787E+18
   15.4956055       8.79246683E+18
   15.5660400       9.10432022E+18
   15.6364746       9.41118292E+18
   15.7069092       9.71218962E+18
   15.7773438       1.00065531E+19
   15.8477783       1.02931980E+19
   15.9182129       1.05707730E+19
   15.9886475       1.08378443E+19
   16.0590820       1.10933400E+19
   16.1295166       1.13369786E+19
   16.1999512       1.15696254E+19
   16.2703857       1.17933848E+19
   16.3408203       1.20114499E+19
   16.4112549       1.22276391E+19
   16.4816895       1.24458988E+19
   16.5521240       1.26697363E+19
   16.6225586       1.29018553E+19
   16.6929932       1.31438897E+19
   16.7634277       1.33962957E+19
   16.8338623       1.36582412E+19
   16.9042969       1.39276039E+19
   16.9747314       1.42009700E+19
   17.0451660       1.44738160E+19
   17.1156006       1.47407665E+19
   17.1860352       1.49961654E+19
   17.2564697       1.52346847E+19
   17.3269043       1.54520768E+19
   17.3973389       1.56457074E+19
   17.4677734       1.58149080E+19
   17.5382080       1.59609440E+19
   17.6086426       1.60867358E+19
   17.6790771       1.61962703E+19
   17.7495117       1.62940059E+19
   17.8199463       1.63842406E+19
   17.8903809       1.64707392E+19
   17.9608154       1.65563834E+19
   18.0312500       1.66431074E+19
   18.1016846       1.67317786E+19
   18.1721191       1.68222992E+19
   18.2425537       1.69136675E+19
   18.3129883       1.70041540E+19
   18.3834229       1.70914311E+19
   18.4538574       1.71727641E+19
   18.5242920       1.72450251E+19
   18.5947266       1.73048177E+19
   18.6651611       1.73485112E+19
   18.7355957       1.73724926E+19
   18.8060303       1.73734239E+19
   18.8764648       1.73487014E+19
   18.9468994       1.72968231E+19
   19.0173340       1.72177056E+19
   19.0877686       1.71127770E+19
   19.1582031       1.69848939E+19
   19.2286377       1.68380167E+19
   19.2990723       1.66767876E+19
   19.3695068       1.65059367E+19
   19.4399414       1.63297950E+19
   19.5103760       1.61518401E+19
   19.5808105       1.59745219E+19
   19.6512451       1.57992223E+19
   19.7216797       1.56265055E+19
   19.7921143       1.54563517E+19
   19.8625488       1.52885608E+19
   19.9329834       1.51230502E+19
   20.0034180       1.49601421E+19
   20.0738525       1.48005458E+19
   20.1442871       1.46451936E+19
   20.2147217       1.44947584E+19
   20.2851562       1.43492282E+19
   20.3555908       1.42075792E+19
   20.4260254       1.40678566E+19
   20.4964600       1.39274973E+19
   20.5668945       1.37840077E+19
   20.6373291       1.36355495E+19
   20.7077637       1.34814309E+19
   20.7781982       1.33221271E+19
   20.8486328       1.31590057E+19
   20.9190674       1.29937810E+19
   20.9895020       1.28279791E+19
   21.0599365       1.26624982E+19
   21.1303711       1.24974560E+19
   21.2008057       1.23322621E+19
   21.2712402       1.21659389E+19
   21.3416748       1.19974300E+19
   21.4121094       1.18258677E+19
   21.4825439       1.16505857E+19
   21.5529785       1.14709871E+19
   21.6234131       1.12863417E+19
   21.6938477       1.10957447E+19
   21.7642822       1.08982174E+19
   21.8347168       1.06930156E+19
   21.9051514       1.04798961E+19
   21.9755859       1.02593594E+19
   22.0460205       1.00326049E+19
   22.1164551       9.80128744E+18
   22.1868896       9.56699361E+18
   22.2573242       9.33070416E+18
   22.3277588       9.09233114E+18
   22.3981934       8.85059911E+18
   22.4686279       8.60322274E+18
   22.5390625       8.34743345E+18
   22.6094971       8.08058803E+18
   22.6799316       7.80090416E+18
   22.7503662       7.50803989E+18
   22.8208008       7.20358732E+18
   22.8912354       6.89128643E+18
   22.9616699       6.57698774E+18
   23.0321045       6.26828006E+18
   23.1025391       5.97388802E+18
   23.1729736       5.70278253E+18
   23.2434082       5.45737924E+18
   23.3138428       5.23648460E+18
   23.3842773       5.03585067E+18
   23.4547119       4.85425038E+18
   23.5251465       4.69043139E+18
   23.5955811       4.54910951E+18
   23.6660156       4.43478422E+18
   23.7364502       4.34848410E+18
   23.8068848       4.27825499E+18
   23.8773193       4.21106494E+18
   23.9477539       4.13715879E+18
   24.0181885       4.05462175E+18
   24.0886230       3.96519242E+18
   24.1590576       3.86316049E+18
   24.2294922       3.74317849E+18
   24.2999268       3.60069360E+18
   24.3703613       3.25760804E+18
   24.4407959       3.13384343E+18
   24.5112305       2.93266717E+18
   24.5816650       2.75651578E+18
   24.6520996       2.57637894E+18
   24.7225342       2.57923190E+18
   24.7929688       2.57768819E+18
   24.8634033       2.57258178E+18
   24.9338379       2.56391763E+18
   25.0042725       2.55079963E+18
   25.0747070       2.53149303E+18
   25.1451416       2.50365835E+18
   25.2155762       2.46472766E+18
   25.2860107       2.41239723E+18
   25.3564453       2.34519755E+18
   25.4268799       2.26312533E+18
   25.4973145       2.10267484E+18
   25.5677490       1.93652200E+18
   25.6381836       1.88914061E+18
   25.7086182       1.82856054E+18
   25.7790527       1.75491333E+18
   25.8494873       1.66861019E+18
   25.9199219       1.57063559E+18
   25.9903564       1.46304742E+18
   26.0607910       1.34955459E+18
   26.1312256       1.14756063E+18
   26.2016602       1.08875943E+18
   26.2720947       1.03108661E+18
   26.3425293       9.76738235E+17
   26.4129639       9.27323640E+17
   26.4833984       8.83595444E+17
   26.5538330       8.45308800E+17
   26.6242676       8.11223390E+17
   26.6947021       7.79269383E+17
   26.7651367       7.46870967E+17
   26.8355713       7.11410274E+17
   26.9060059       6.70767308E+17
   26.9764404       6.23863654E+17
   27.0468750       5.71127331E+17
   27.1173096       4.34547542E+17
   27.1877441       3.09444903E+17
   27.2581787       3.10492085E+17
   27.3286133       3.13185236E+17
   27.3990479       3.18982995E+17
   27.4694824       3.28759543E+17
   27.5399170       3.42573738E+17
   27.6103516       3.59601291E+17
   27.6807861       3.78225231E+17
   27.7512207       3.96244887E+17
   27.8216553       4.11161823E+17
   27.8920898       4.20501453E+17
   27.9625244       4.22132441E+17
   28.0329590       4.14539867E+17
   28.1033936       3.97020523E+17
   28.1738281       3.69768887E+17
   28.2442627       3.33848117E+17
   28.3146973       2.91048287E+17
   28.3851318       2.43669386E+17
   28.4555664       1.94283224E+17
   28.5260010       1.45549123E+17
   28.5964355       1.00122938E+17
   28.6668701       0.00000000    
   28.7373047       0.00000000    
   28.8077393       0.00000000    
   28.8781738       0.00000000    
   28.9486084       0.00000000    
   29.0190430       0.00000000    
