2020 01 28 19 10 24.0 19.419 -78.756
25. 5.955E+20 7.783 166 85 166 257 76 5
  -1.12695312       0.00000000    
  -1.05651855       3.30153243E+17
 -0.986083984       3.26430743E+17
 -0.915649414       3.22338429E+17
 -0.845214844       3.19797802E+17
 -0.774780273       3.20783102E+17
 -0.704345703       3.25724032E+17
 -0.633911133       3.33550768E+17
 -0.563476562       3.42299788E+17
 -0.493041992       3.50688924E+17
 -0.422607422       3.58181443E+17
 -0.352172852       3.66439257E+17
 -0.281738281       3.77265564E+17
 -0.211303711       3.91740394E+17
 -0.140869141       4.08432458E+17
  -7.04345703E-02   4.25637100E+17
   0.00000000       4.42369331E+17
   7.04345703E-02   4.58257995E+17
  0.140869141       4.73383186E+17
  0.211303711       4.87991848E+17
  0.281738281       5.02265639E+17
  0.352172852       5.16135428E+17
  0.422607422       5.29295964E+17
  0.493041992       5.41304418E+17
  0.563476562       5.51808465E+17
  0.633911133       5.60731551E+17
  0.704345703       5.68442358E+17
  0.774780273       5.75755519E+17
  0.845214844       5.83848646E+17
  0.915649414       5.94019884E+17
  0.986083984       6.07422794E+17
   1.05651855       6.24720654E+17
   1.12695312       6.45834919E+17
   1.19738770       6.69781802E+17
   1.26782227       6.94770471E+17
   1.33825684       7.18469345E+17
   1.40869141       7.38486710E+17
   1.47912598       7.52846607E+17
   1.54956055       7.60422173E+17
   1.61999512       7.61103183E+17
   1.69042969       9.04750598E+17
   1.76086426       1.12457603E+18
   1.83129883       1.37482123E+18
   1.90173340       1.48201069E+18
   1.97216797       1.50125490E+18
   2.04260254       1.47478278E+18
   2.11303711       1.43186747E+18
   2.18347168       1.39491288E+18
   2.25390625       1.37603440E+18
   2.32434082       1.37635258E+18
   2.39477539       1.38996948E+18
   2.46520996       1.41147139E+18
   2.53564453       1.43671068E+18
   2.60607910       1.46622748E+18
   2.67651367       1.50137172E+18
   2.74694824       1.54385245E+18
   2.81738281       1.59592670E+18
   2.88781738       1.65897228E+18
   2.95825195       1.73370155E+18
   3.02868652       1.81693527E+18
   3.09912109       1.90645860E+18
   3.16955566       2.00100588E+18
   3.23999023       2.09968472E+18
   3.31042480       2.20187869E+18
   3.38085938       2.30686803E+18
   3.45129395       2.41396596E+18
   3.52172852       2.52234455E+18
   3.59216309       2.63126327E+18
   3.66259766       2.73985021E+18
   3.73303223       2.84723071E+18
   3.80346680       2.95226321E+18
   3.87390137       3.05375803E+18
   3.94433594       3.15043452E+18
   4.01477051       3.24569098E+18
   4.08520508       3.34193673E+18
   4.15563965       3.44080454E+18
   4.22607422       3.53937851E+18
   4.29650879       3.63645631E+18
   4.36694336       3.73238788E+18
   4.43737793       3.82796952E+18
   4.50781250       3.92305089E+18
   4.57824707       4.01603494E+18
   4.64868164       4.10397883E+18
   4.71911621       4.18397270E+18
   4.78955078       4.25478619E+18
   4.85998535       4.31887150E+18
   4.93041992       4.38330921E+18
   5.00085449       4.44554926E+18
   5.07128906       4.50160621E+18
   5.14172363       4.54475710E+18
   5.21215820       4.57862315E+18
   5.28259277       4.60701914E+18
   5.35302734       4.63331231E+18
   5.42346191       4.66009477E+18
   5.49389648       4.68890142E+18
   5.56433105       4.72028423E+18
   5.63476562       4.75390290E+18
   5.70520020       4.78889926E+18
   5.77563477       4.82416939E+18
   5.84606934       4.85877762E+18
   5.91650391       4.89210217E+18
   5.98693848       4.92402209E+18
   6.05737305       4.95479522E+18
   6.12780762       4.98496032E+18
   6.19824219       5.01495060E+18
   6.26867676       5.04486391E+18
   6.33911133       5.07418294E+18
   6.40954590       5.10187359E+18
   6.47998047       5.12872586E+18
   6.55041504       5.15585851E+18
   6.62084961       5.18446451E+18
   6.69128418       5.21445643E+18
   6.76171875       5.24681891E+18
   6.83215332       5.28136941E+18
   6.90258789       5.31570551E+18
   6.97302246       5.34647205E+18
   7.04345703       5.37190210E+18
   7.11389160       5.39220458E+18
   7.18432617       5.40777697E+18
   7.25476074       5.41952690E+18
   7.32519531       5.42893212E+18
   7.39562988       5.43820760E+18
   7.46606445       5.45002350E+18
   7.53649902       5.46898568E+18
   7.60693359       5.50115849E+18
   7.67736816       5.55033470E+18
   7.74780273       5.61600853E+18
   7.81823730       5.69340040E+18
   7.88867188       5.77704850E+18
   7.95910645       5.86131562E+18
   8.02954102       5.94090487E+18
   8.09997559       6.01162216E+18
   8.17041016       6.07093091E+18
   8.24084473       6.11848479E+18
   8.31127930       6.15614526E+18
   8.38171387       6.18776227E+18
   8.45214844       6.21834354E+18
   8.52258301       6.25315352E+18
   8.59301758       6.29657599E+18
   8.66345215       6.35136300E+18
   8.73388672       6.42135022E+18
   8.80432129       6.50959922E+18
   8.87475586       6.61435354E+18
   8.94519043       6.72769944E+18
   9.01562500       6.83908602E+18
   9.08605957       6.94125924E+18
   9.15649414       7.02991726E+18
   9.22692871       7.10335694E+18
   9.29736328       7.16151396E+18
   9.36779785       7.20524538E+18
   9.43823242       7.23534726E+18
   9.50866699       7.25215110E+18
   9.57910156       7.25516541E+18
   9.64953613       7.24346441E+18
   9.71997070       7.21608162E+18
   9.79040527       7.17287081E+18
   9.86083984       7.11485068E+18
   9.93127441       7.04453087E+18
   10.0017090       6.96546059E+18
   10.0721436       6.88180589E+18
   10.1425781       6.79742607E+18
   10.2130127       6.71538656E+18
   10.2834473       6.63738886E+18
   10.3538818       6.56390520E+18
   10.4243164       6.49429347E+18
   10.4947510       6.42747834E+18
   10.5651855       6.36236966E+18
   10.6356201       6.29849683E+18
   10.7060547       6.23606052E+18
   10.7764893       6.17606512E+18
   10.8469238       6.11993010E+18
   10.9173584       6.06937840E+18
   10.9877930       6.02601641E+18
   11.0582275       5.99134826E+18
   11.1286621       5.96656527E+18
   11.1990967       5.95279224E+18
   11.2695312       5.95102642E+18
   11.3399658       5.96239922E+18
   11.4104004       5.98801179E+18
   11.4808350       6.02903347E+18
   11.5512695       6.08636916E+18
   11.6217041       6.16063842E+18
   11.6921387       6.25184236E+18
   11.7625732       6.35945376E+18
   11.8330078       6.48227196E+18
   11.9034424       6.61875928E+18
   11.9738770       6.76708835E+18
   12.0443115       6.92553457E+18
   12.1147461       7.09237612E+18
   12.1851807       7.26600110E+18
   12.2556152       7.44455959E+18
   12.3260498       7.62593777E+18
   12.3964844       7.80742371E+18
   12.4669189       7.98584201E+18
   12.5373535       8.15744664E+18
   12.6077881       8.31828760E+18
   12.6782227       8.46429725E+18
   12.7486572       8.59177847E+18
   12.8190918       8.69753115E+18
   12.8895264       8.77929029E+18
   12.9599609       8.83573207E+18
   13.0303955       8.86677073E+18
   13.1008301       8.87344202E+18
   13.1712646       8.85809778E+18
   13.2416992       8.82413991E+18
   13.3121338       8.77606762E+18
   13.3825684       8.71906838E+18
   13.4530029       8.65888881E+18
   13.5234375       8.60124802E+18
   13.5938721       8.55153250E+18
   13.6643066       8.51413976E+18
   13.7347412       8.49222539E+18
   13.8051758       8.48727759E+18
   13.8756104       8.49926721E+18
   13.9460449       8.52526187E+18
   14.0164795       8.56130551E+18
   14.0869141       8.60504133E+18
   14.1573486       8.65629452E+18
   14.2277832       8.71634709E+18
   14.2982178       8.78632386E+18
   14.3686523       8.86872731E+18
   14.4390869       8.96710062E+18
   14.5095215       9.08497486E+18
   14.5799561       9.22499931E+18
   14.6503906       9.38773803E+18
   14.7208252       9.57123663E+18
   14.7912598       9.77085846E+18
   14.8616943       9.98014060E+18
   14.9321289       1.01918944E+19
   15.0025635       1.03999363E+19
   15.0729980       1.06005279E+19
   15.1434326       1.07938584E+19
   15.2138672       1.09846203E+19
   15.2843018       1.11767149E+19
   15.3547363       1.13671899E+19
   15.4251709       1.15502641E+19
   15.4956055       1.17208511E+19
   15.5660400       1.18783749E+19
   15.6364746       1.20206099E+19
   15.7069092       1.21438893E+19
   15.7773438       1.22435765E+19
   15.8477783       1.23149810E+19
   15.9182129       1.23541918E+19
   15.9886475       1.23588845E+19
   16.0590820       1.23286128E+19
   16.1295166       1.22648851E+19
   16.1999512       1.21707504E+19
   16.2703857       1.20504001E+19
   16.3408203       1.19085488E+19
   16.4112549       1.17500322E+19
   16.4816895       1.15793737E+19
   16.5521240       1.14006601E+19
   16.6225586       1.12173782E+19
   16.6929932       1.10325074E+19
   16.7634277       1.08485184E+19
   16.8338623       1.06675157E+19
   16.9042969       1.04911694E+19
   16.9747314       1.03207165E+19
   17.0451660       1.01567661E+19
   17.1156006       9.99927100E+18
   17.1860352       9.84732619E+18
   17.2564697       9.69920439E+18
   17.3269043       9.55234702E+18
   17.3973389       9.40371283E+18
   17.4677734       9.25012425E+18
   17.5382080       9.08894190E+18
   17.6086426       8.91853904E+18
   17.6790771       8.73884200E+18
   17.7495117       8.55143464E+18
   17.8199463       8.35957481E+18
   17.8903809       8.16791124E+18
   17.9608154       7.98238955E+18
   18.0312500       7.81016534E+18
   18.1016846       7.65208911E+18
   18.1721191       7.50381996E+18
   18.2425537       7.35905441E+18
   18.3129883       7.21735815E+18
   18.3834229       7.08348986E+18
   18.4538574       6.96462001E+18
   18.5242920       6.87052381E+18
   18.5947266       6.81029696E+18
   18.6651611       6.78024675E+18
   18.7355957       6.77304770E+18
   18.8060303       6.77997792E+18
   18.8764648       6.80186150E+18
   18.9468994       6.83884578E+18
   19.0173340       6.89033481E+18
   19.0877686       6.95520984E+18
   19.1582031       7.03190023E+18
   19.2286377       7.11864950E+18
   19.2990723       7.21658135E+18
   19.3695068       7.32749733E+18
   19.4399414       7.45113851E+18
   19.5103760       7.58309145E+18
   19.5808105       7.71764034E+18
   19.6512451       7.85210676E+18
   19.7216797       7.99417411E+18
   19.7921143       8.16532079E+18
   19.8625488       8.37587287E+18
   19.9329834       8.61961316E+18
   20.0034180       8.87237439E+18
   20.0738525       9.11785685E+18
   20.1442871       9.34683730E+18
   20.2147217       9.55633934E+18
   20.2851562       9.74817663E+18
   20.3555908       9.92758505E+18
   20.4260254       1.01014519E+19
   20.4964600       1.02769373E+19
   20.5668945       1.04600334E+19
   20.6373291       1.06548757E+19
   20.7077637       1.08632672E+19
   20.7781982       1.10850189E+19
   20.8486328       1.13183364E+19
   20.9190674       1.15607457E+19
   20.9895020       1.18097642E+19
   21.0599365       1.20638812E+19
   21.1303711       1.23229646E+19
   21.2008057       1.25887143E+19
   21.2712402       1.28643190E+19
   21.3416748       1.31540315E+19
   21.4121094       1.34620531E+19
   21.4825439       1.37916416E+19
   21.5529785       1.41439735E+19
   21.6234131       1.45176986E+19
   21.6938477       1.49059648E+19
   21.7642822       1.52994239E+19
   21.8347168       1.56871480E+19
   21.9051514       1.60614031E+19
   21.9755859       1.64171105E+19
   22.0460205       1.67508233E+19
   22.1164551       1.70603534E+19
   22.1868896       1.73441351E+19
   22.2573242       1.76026391E+19
   22.3277588       1.78378972E+19
   22.3981934       1.80525977E+19
   22.4686279       1.82495884E+19
   22.5390625       1.84311970E+19
   22.6094971       1.85991474E+19
   22.6799316       1.87543390E+19
   22.7503662       1.88972074E+19
   22.8208008       1.90277326E+19
   22.8912354       1.91458685E+19
   22.9616699       1.92515294E+19
   23.0321045       1.93448318E+19
   23.1025391       1.94258702E+19
   23.1729736       1.94947612E+19
   23.2434082       1.95512783E+19
   23.3138428       1.95948959E+19
   23.3842773       1.96246267E+19
   23.4547119       1.96394129E+19
   23.5251465       1.96382958E+19
   23.5955811       1.96210775E+19
   23.6660156       1.95884989E+19
   23.7364502       1.95426559E+19
   23.8068848       1.94867567E+19
   23.8773193       1.94250785E+19
   23.9477539       1.93623536E+19
   24.0181885       1.93033076E+19
   24.0886230       1.92517735E+19
   24.1590576       1.92101570E+19
   24.2294922       1.91788011E+19
   24.2999268       1.91561116E+19
   24.3703613       1.91388185E+19
   24.4407959       1.91229855E+19
   24.5112305       1.91048414E+19
   24.5816650       1.90818088E+19
   24.6520996       1.90528894E+19
   24.7225342       1.90188815E+19
   24.7929688       1.89819006E+19
   24.8634033       1.89448822E+19
   24.9338379       1.89107006E+19
   25.0042725       1.88816471E+19
   25.0747070       1.88588630E+19
   25.1451416       1.88423638E+19
   25.2155762       1.88310344E+19
   25.2860107       1.88231047E+19
   25.3564453       1.88162328E+19
   25.4268799       1.88078039E+19
   25.4973145       1.87948165E+19
   25.5677490       1.87741984E+19
   25.6381836       1.87431680E+19
   25.7086182       1.87003486E+19
   25.7790527       1.86469937E+19
   25.8494873       1.85887240E+19
   25.9199219       1.85328050E+19
   25.9903564       1.84705771E+19
   26.0607910       1.83897223E+19
   26.1312256       1.82768168E+19
   26.2016602       1.81342409E+19
   26.2720947       1.79665346E+19
   26.3425293       1.77799859E+19
   26.4129639       1.75821981E+19
   26.4833984       1.73813525E+19
   26.5538330       1.71856306E+19
   26.6242676       1.70025213E+19
   26.6947021       1.68384202E+19
   26.7651367       1.66981446E+19
   26.8355713       1.65847662E+19
   26.9060059       1.64994034E+19
   26.9764404       1.64413481E+19
   27.0468750       1.64081956E+19
   27.1173096       1.63962220E+19
   27.1877441       1.64006981E+19
   27.2581787       1.64163331E+19
   27.3286133       1.64375042E+19
   27.3990479       1.64584862E+19
   27.4694824       1.64735286E+19
   27.5399170       1.64770745E+19
   27.6103516       1.64639211E+19
   27.6807861       1.64295855E+19
   27.7512207       1.63705868E+19
   27.8216553       1.62848777E+19
   27.8920898       1.61720458E+19
   27.9625244       1.60335228E+19
   28.0329590       1.58725125E+19
   28.1033936       1.56938023E+19
   28.1738281       1.55032118E+19
   28.2442627       1.53069809E+19
   28.3146973       1.51109138E+19
   28.3851318       1.49198076E+19
   28.4555664       1.47427346E+19
   28.5260010       1.45869635E+19
   28.5964355       1.44558005E+19
   28.6668701       1.43439879E+19
   28.7373047       1.42446195E+19
   28.8077393       1.41522540E+19
   28.8781738       1.40626053E+19
   28.9486084       1.39725817E+19
   29.0190430       1.38800512E+19
   29.0894775       1.37839802E+19
   29.1599121       1.36842930E+19
   29.2303467       1.35820186E+19
   29.3007812       1.34789966E+19
   29.3712158       1.33777558E+19
   29.4416504       1.32809086E+19
   29.5120850       1.31908344E+19
   29.5825195       1.31091242E+19
   29.6529541       1.30365256E+19
   29.7233887       1.29729211E+19
   29.7938232       1.29178400E+19
   29.8642578       1.28708259E+19
   29.9346924       1.28320209E+19
   30.0051270       1.28022362E+19
   30.0755615       1.27829849E+19
   30.1459961       1.27759150E+19
   30.2164307       1.27824076E+19
   30.2868652       1.28028618E+19
   30.3572998       1.28364728E+19
   30.4277344       1.28809997E+19
   30.4981689       1.29331265E+19
   30.5686035       1.29888354E+19
   30.6390381       1.30442783E+19
   30.7094727       1.30962808E+19
   30.7799072       1.31429507E+19
   30.8503418       1.31835853E+19
   30.9207764       1.32185740E+19
   30.9912109       1.32487842E+19
   31.0616455       1.32753275E+19
   31.1320801       1.32992243E+19
   31.2025146       1.33216257E+19
   31.2729492       1.33438226E+19
   31.3433838       1.33674006E+19
   31.4138184       1.33939318E+19
   31.4842529       1.34247357E+19
   31.5546875       1.34602741E+19
   31.6251221       1.34999456E+19
   31.6955566       1.35417974E+19
   31.7659912       1.35828279E+19
   31.8364258       1.36191624E+19
   31.9068604       1.36466820E+19
   31.9772949       1.36613693E+19
   32.0477295       1.36599674E+19
   32.1181641       1.36402070E+19
   32.1885986       1.36012359E+19
   32.2590332       1.35435654E+19
   32.3294678       1.34691703E+19
   32.3999023       1.33810642E+19
   32.4703369       1.32830493E+19
   32.5407715       1.31790059E+19
   32.6112061       1.30725533E+19
   32.6816406       1.29664329E+19
   32.7520752       1.28624235E+19
   32.8225098       1.27611376E+19
   32.8929443       1.26624498E+19
   32.9633789       1.25656928E+19
   33.0338135       1.24702607E+19
   33.1042480       1.23757653E+19
   33.1746826       1.22824311E+19
   33.2451172       1.21909539E+19
   33.3155518       1.21025972E+19
   33.3859863       1.20188485E+19
   33.4564209       1.19413857E+19
   33.5268555       1.18718174E+19
   33.5972900       1.18119391E+19
   33.6677246       1.17635825E+19
   33.7381592       1.17254779E+19
   33.8085938       1.16953963E+19
   33.8790283       1.16707596E+19
   33.9494629       1.16524912E+19
   34.0198975       1.16437809E+19
   34.0903320       1.16508837E+19
   34.1607666       1.16809960E+19
   34.2312012       1.17347050E+19
   34.3016357       1.18129616E+19
   34.3720703       1.19028192E+19
   34.4425049       1.19952771E+19
   34.5129395       1.20774557E+19
   34.5833740       1.21486832E+19
   34.6538086       1.22092685E+19
   34.7242432       1.22599769E+19
   34.7946777       1.23014922E+19
   34.8651123       1.23339784E+19
   34.9355469       1.23570099E+19
   35.0059814       1.23699236E+19
   35.0764160       1.23726570E+19
   35.1468506       1.23668274E+19
   35.2172852       1.23568350E+19
   35.2877197       1.23486624E+19
   35.3581543       1.23519895E+19
   35.4285889       1.23797775E+19
   35.4990234       1.24359977E+19
   35.5694580       1.25133032E+19
   35.6398926       1.25939634E+19
   35.7103271       1.26642717E+19
   35.7807617       1.27150471E+19
   35.8511963       1.27408593E+19
   35.9216309       1.27392958E+19
   35.9920654       1.27105116E+19
   36.0625000       1.26568148E+19
   36.1329346       1.25824152E+19
   36.2033691       1.24929678E+19
   36.2738037       1.23951134E+19
   36.3442383       1.22957407E+19
   36.4146729       1.22013421E+19
   36.4851074       1.21173889E+19
   36.5555420       1.20480306E+19
   36.6259766       1.19958797E+19
   36.6964111       1.19620972E+19
   36.7668457       1.19465006E+19
   36.8372803       1.19479542E+19
   36.9077148       1.19647382E+19
   36.9781494       1.19950385E+19
   37.0485840       1.20372928E+19
   37.1190186       1.20904893E+19
   37.1894531       1.21541335E+19
   37.2598877       1.22280756E+19
   37.3303223       1.23120970E+19
   37.4007568       1.24055874E+19
   37.4711914       1.25071548E+19
   37.5416260       1.26145188E+19
   37.6120605       1.27244787E+19
   37.6824951       1.28332127E+19
   37.7529297       1.29365910E+19
   37.8233643       1.30306542E+19
   37.8937988       1.31119620E+19
   37.9642334       1.31779657E+19
   38.0346680       1.32270776E+19
   38.1051025       1.32586182E+19
   38.1755371       1.32724643E+19
   38.2459717       1.32687073E+19
   38.3164062       1.32471646E+19
   38.3868408       1.32071468E+19
   38.4572754       1.31473839E+19
   38.5277100       1.30663378E+19
   38.5981445       1.29714565E+19
   38.6685791       1.28760244E+19
   38.7390137       1.27959063E+19
   38.8094482       1.27302886E+19
   38.8798828       1.26683135E+19
   38.9503174       1.25950112E+19
   39.0207520       1.25032317E+19
   39.0911865       1.23913003E+19
   39.1616211       1.22604013E+19
   39.2320557       1.21126863E+19
   39.3024902       1.19496793E+19
   39.3729248       1.17717684E+19
   39.4433594       1.15780048E+19
   39.5137939       1.13667358E+19
   39.5842285       1.11362474E+19
   39.6546631       1.08859546E+19
   39.7250977       1.06173604E+19
   39.7955322       1.03354071E+19
   39.8659668       1.00494670E+19
   39.9364014       9.77455062E+18
   40.0068359       9.52805990E+18
   40.0772705       9.30317239E+18
   40.1477051       9.08672143E+18
   40.2181396       8.86142215E+18
   40.2885742       8.63141312E+18
   40.3590088       8.40357507E+18
   40.4294434       8.18868212E+18
   40.4998779       8.00301858E+18
   40.5703125       7.85707821E+18
   40.6407471       7.74374000E+18
   40.7111816       7.64864709E+18
   40.7816162       7.56064272E+18
   40.8520508       7.48249658E+18
   40.9224854       7.41896625E+18
   40.9929199       7.36356461E+18
   41.0633545       7.30689413E+18
   41.1337891       7.23626425E+18
   41.2042236       7.14915929E+18
   41.2746582       7.04505204E+18
   41.3450928       6.92581550E+18
   41.4155273       6.79526718E+18
   41.4859619       6.65856050E+18
   41.5563965       6.52095058E+18
   41.6268311       6.38696024E+18
   41.6972656       6.25950540E+18
   41.7677002       6.13981092E+18
   41.8381348       6.02737376E+18
   41.9085693       5.92051662E+18
   41.9790039       5.81665620E+18
   42.0494385       5.71283647E+18
   42.1198730       5.60582210E+18
   42.1903076       5.49253062E+18
   42.2607422       5.37027043E+18
   42.3311768       5.23765338E+18
   42.4016113       5.09567180E+18
   42.4720459       4.94967864E+18
   42.5424805       4.81141231E+18
   42.6129150       4.69647926E+18
   42.6833496       4.61191252E+18
   42.7537842       4.54916559E+18
   42.8242188       4.49487775E+18
   42.8946533       4.44101488E+18
   42.9650879       4.38879714E+18
   43.0355225       4.33900494E+18
   43.1059570       4.29179823E+18
   43.1763916       4.24683727E+18
   43.2468262       4.20330871E+18
   43.3172607       4.16020153E+18
   43.3876953       4.11642557E+18
   43.4581299       4.07108666E+18
   43.5285645       4.02352784E+18
   43.5989990       3.97347037E+18
   43.6694336       3.92091591E+18
   43.7398682       3.86618470E+18
   43.8103027       3.81026106E+18
   43.8807373       3.77105853E+18
   43.9511719       3.75754773E+18
   44.0216064       3.77214539E+18
   44.0920410       3.79684152E+18
   44.1624756       3.82098048E+18
   44.2329102       3.83972715E+18
   44.3033447       3.85258979E+18
   44.3737793       3.86470915E+18
   44.4442139       3.88061029E+18
   44.5146484       3.90408541E+18
   44.5850830       3.93560209E+18
   44.6555176       3.97724554E+18
   44.7259521       4.03166587E+18
   44.7963867       4.10086419E+18
   44.8668213       4.18573769E+18
   44.9372559       4.28584932E+18
   45.0076904       4.39964960E+18
   45.0781250       4.52457254E+18
   45.1485596       4.65733004E+18
   45.2189941       4.81192578E+18
   45.2894287       5.01293574E+18
   45.3598633       5.26977781E+18
   45.4302979       5.56359646E+18
   45.5007324       5.85851296E+18
   45.5711670       6.13119460E+18
   45.6416016       6.36899092E+18
   45.7120361       6.56764189E+18
   45.7824707       6.72855267E+18
   45.8529053       6.85634340E+18
   45.9233398       6.95661282E+18
   45.9937744       7.03448078E+18
   46.0642090       7.09362461E+18
   46.1346436       7.13609435E+18
   46.2050781       7.16242160E+18
   46.2755127       7.17216053E+18
   46.3459473       7.16442491E+18
   46.4163818       7.13863202E+18
   46.4868164       7.09498141E+18
   46.5572510       7.03486176E+18
   46.6276855       6.96076952E+18
   46.6981201       6.87600982E+18
   46.7685547       6.78392077E+18
   46.8389893       6.68716430E+18
   46.9094238       6.58701803E+18
   46.9798584       6.48317191E+18
   47.0502930       6.37380074E+18
   47.1207275       6.25609857E+18
   47.1911621       6.12683613E+18
   47.2615967       5.98307828E+18
   47.3320312       5.82263370E+18
   47.4024658       5.64453426E+18
   47.4729004       5.44922086E+18
   47.5433350       5.23883811E+18
   47.6137695       5.01735413E+18
   47.6842041       4.79093665E+18
   47.7546387       4.56833337E+18
   47.8250732       4.36158506E+18
   47.8955078       4.18664781E+18
   47.9659424       4.05920232E+18
   48.0363770       3.97795116E+18
   48.1068115       3.93564580E+18
   48.1772461       3.92242664E+18
   48.2476807       3.94124396E+18
   48.3181152       3.98430908E+18
   48.3885498       4.04135394E+18
   48.4589844       4.09975395E+18
   48.5294189       4.15614021E+18
   48.5998535       4.20889643E+18
   48.6702881       4.25942586E+18
   48.7407227       4.31339319E+18
   48.8111572       4.37426380E+18
   48.8815918       4.43577076E+18
   48.9520264       4.48774137E+18
   49.0224609       4.52194773E+18
   49.0928955       4.53847971E+18
   49.1633301       4.53836096E+18
   49.2337646       4.52348814E+18
   49.3041992       4.49647369E+18
   49.3746338       4.46038002E+18
   49.4450684       4.41838610E+18
   49.5155029       4.37348315E+18
   49.5859375       4.32827645E+18
   49.6563721       4.28499637E+18
   49.7268066       4.24565145E+18
   49.7972412       4.21231041E+18
   49.8676758       4.18719894E+18
   49.9381104       4.17060401E+18
   50.0085449       4.16243381E+18
   50.0789795       4.16206933E+18
   50.1494141       4.16816227E+18
   50.2198486       4.17873820E+18
   50.2902832       4.19142244E+18
   50.3607178       4.20578921E+18
   50.4311523       4.22167550E+18
   50.5015869       4.23912228E+18
   50.5720215       4.26265430E+18
   50.6424561       4.29750799E+18
   50.7128906       4.34734336E+18
   50.7833252       4.40983877E+18
   50.8537598       4.48041175E+18
   50.9241943       4.55582093E+18
   50.9946289       4.63310341E+18
   51.0650635       4.70917202E+18
   51.1354980       4.77987172E+18
   51.2059326       4.84152848E+18
   51.2763672       4.90293181E+18
   51.3468018       4.97187943E+18
   51.4172363       5.05232740E+18
   51.4876709       5.13396559E+18
   51.5581055       5.20622219E+18
   51.6285400       5.26143472E+18
   51.6989746       5.29421116E+18
   51.7694092       5.30097645E+18
   51.8398438       5.27975148E+18
   51.9102783       5.23012393E+18
   51.9807129       5.15325377E+18
   52.0511475       5.05185901E+18
   52.1215820       4.93001717E+18
   52.1920166       4.79284320E+18
   52.2624512       4.64604191E+18
   52.3328857       4.49547341E+18
   52.4033203       4.34677766E+18
   52.4737549       4.20513665E+18
   52.5441895       4.07513369E+18
   52.6146240       3.96070834E+18
   52.6850586       3.86505578E+18
   52.7554932       3.79047810E+18
   52.8259277       3.73815454E+18
   52.8963623       3.70795206E+18
   52.9667969       3.69833985E+18
   53.0372314       3.71278881E+18
   53.1076660       3.75415079E+18
   53.1781006       3.83975959E+18
   53.2485352       3.97249840E+18
   53.3189697       4.14956815E+18
   53.3894043       4.35090632E+18
   53.4598389       4.56496447E+18
   53.5302734       4.78196519E+18
   53.6007080       4.99594334E+18
   53.6711426       5.20300997E+18
   53.7415771       5.40651033E+18
   53.8120117       5.61289031E+18
   53.8824463       5.82299269E+18
   53.9528809       6.03166680E+18
   54.0233154       6.22923695E+18
   54.0937500       6.40872672E+18
   54.1641846       6.56499536E+18
   54.2346191       6.69212804E+18
   54.3050537       6.78418740E+18
   54.3754883       6.83594472E+18
   54.4459229       6.84421744E+18
   54.5163574       6.80892202E+18
   54.5867920       6.73435974E+18
   54.6572266       6.62980003E+18
   54.7276611       6.50999944E+18
   54.7980957       6.39342317E+18
   54.8685303       6.28009761E+18
   54.9389648       6.16416785E+18
   55.0093994       6.03380535E+18
   55.0798340       5.89135592E+18
   55.1502686       5.73892073E+18
   55.2207031       5.57823261E+18
   55.2911377       5.41099524E+18
   55.3615723       5.23876884E+18
   55.4320068       5.06387337E+18
   55.5024414       4.89748373E+18
   55.5728760       4.74552297E+18
   55.6433105       4.60981712E+18
   55.7137451       4.48175590E+18
   55.7841797       4.35763286E+18
   55.8546143       4.23755795E+18
   55.9250488       4.12374942E+18
   55.9954834       4.01936728E+18
   56.0659180       3.92979694E+18
   56.1363525       3.86068439E+18
   56.2067871       3.83111797E+18
   56.2772217       3.84912935E+18
   56.3476562       3.91487520E+18
   56.4180908       4.00918196E+18
   56.4885254       4.11760645E+18
   56.5589600       4.23099276E+18
   56.6293945       4.34562345E+18
   56.6998291       4.46373381E+18
   56.7702637       4.59263643E+18
   56.8406982       4.72941238E+18
   56.9111328       4.87340662E+18
   56.9815674       5.01785991E+18
   57.0520020       5.16174365E+18
   57.1224365       5.29592585E+18
   57.1928711       5.41120030E+18
   57.2633057       5.50075662E+18
   57.3337402       5.55997192E+18
   57.4041748       5.58642122E+18
   57.4746094       5.57947176E+18
   57.5450439       5.54015157E+18
   57.6154785       5.47064099E+18
   57.6859131       5.37412421E+18
   57.7563477       5.25434892E+18
   57.8267822       5.11569445E+18
   57.8972168       4.96306520E+18
   57.9676514       4.80240016E+18
   58.0380859       4.64111390E+18
   58.1085205       4.48913418E+18
   58.1789551       4.35422932E+18
   58.2493896       4.23710495E+18
   58.3198242       4.13660739E+18
   58.3902588       4.04346583E+18
   58.4606934       3.95372891E+18
   58.5311279       3.86301618E+18
   58.6015625       3.77733619E+18
   58.6719971       3.70437892E+18
   58.7424316       3.65304410E+18
   58.8128662       3.63320038E+18
   58.8833008       3.64582828E+18
   58.9537354       3.69592670E+18
   59.0241699       3.77812014E+18
   59.0946045       3.88847317E+18
   59.1650391       4.01327159E+18
   59.2354736       4.14462392E+18
   59.3059082       4.27872559E+18
   59.3763428       4.41437976E+18
   59.4467773       4.55164031E+18
   59.5172119       4.69104822E+18
   59.5876465       4.83511998E+18
   59.6580811       4.99026766E+18
   59.7285156       5.16356279E+18
   59.7989502       5.35636875E+18
   59.8693848       5.56342823E+18
   59.9398193       5.77709743E+18
   60.0102539       5.99236476E+18
   60.0806885       6.21108896E+18
   60.1511230       6.43783519E+18
   60.2215576       6.67421260E+18
   60.2919922       6.91448503E+18
   60.3624268       7.14970245E+18
   60.4328613       7.37357072E+18
   60.5032959       7.58244989E+18
   60.5737305       7.77500516E+18
   60.6441650       7.95211010E+18
   60.7145996       8.11627708E+18
   60.7850342       8.27128843E+18
   60.8554688       8.42135912E+18
   60.9259033       8.57058429E+18
   60.9963379       8.72211458E+18
   61.0667725       8.87783237E+18
   61.1372070       9.03798448E+18
   61.2076416       9.20144448E+18
   61.2780762       9.36595121E+18
   61.3485107       9.52887904E+18
   61.4189453       9.68767930E+18
   61.4893799       9.84051472E+18
   61.5598145       9.98635284E+18
   61.6302490       1.01251112E+19
   61.7006836       1.02572549E+19
   61.7711182       1.03835965E+19
   61.8415527       1.05047880E+19
   61.9119873       1.06212251E+19
   61.9824219       1.07327948E+19
   62.0528564       1.08391000E+19
   62.1232910       1.09394755E+19
   62.1937256       1.10333342E+19
   62.2641602       1.11201516E+19
   62.3345947       1.11996265E+19
   62.4050293       1.12714477E+19
   62.4754639       1.13353140E+19
   62.5458984       1.13906128E+19
   62.6163330       1.14364372E+19
   62.6867676       1.14713620E+19
   62.7572021       1.14936942E+19
   62.8276367       1.15015063E+19
   62.8980713       1.14930741E+19
   62.9685059       1.14669981E+19
   63.0389404       1.14226141E+19
   63.1093750       1.13599782E+19
   63.1798096       1.12801779E+19
   63.2502441       1.11853373E+19
   63.3206787       1.10790651E+19
   63.3911133       1.09667643E+19
   63.4615479       1.08536630E+19
   63.5319824       1.07396041E+19
   63.6024170       1.06262917E+19
   63.6728516       1.05211476E+19
   63.7432861       1.04380300E+19
   63.8137207       1.03716998E+19
   63.8841553       1.03102965E+19
   63.9545898       1.02391339E+19
   64.0250244       1.01583066E+19
   64.0954590       1.00678519E+19
   64.1658936       9.96770183E+18
   64.2363281       9.85746589E+18
   64.3067627       9.73643385E+18
   64.3771973       9.60346221E+18
   64.4476318       9.45712711E+18
   64.5180664       9.29579467E+18
   64.5885010       9.11794262E+18
   64.6589355       8.92239887E+18
   64.7293701       8.70875606E+18
   64.7998047       8.47749853E+18
   64.8702393       8.23005564E+18
   64.9406738       7.96842410E+18
   65.0111084       7.69484032E+18
   65.0815430       7.41130156E+18
   65.1519775       7.11942245E+18
   65.2224121       6.82029702E+18
   65.2928467       6.51471305E+18
   65.3632812       6.20320491E+18
   65.4337158       5.88617668E+18
   65.5041504       5.40578300E+18
   65.5745850       5.11020954E+18
   65.6450195       4.80259752E+18
   65.7154541       4.48153820E+18
   65.7858887       4.14710882E+18
   65.8563232       3.70364197E+18
   65.9267578       3.29484877E+18
   65.9971924       2.82578254E+18
   66.0676270       2.65210314E+18
   66.1380615       2.64715726E+18
   66.2084961       2.64667485E+18
   66.2789307       2.65032990E+18
   66.3493652       2.65711443E+18
   66.4197998       2.66537589E+18
   66.4902344       2.67291744E+18
   66.5606689       2.67727371E+18
   66.6311035       2.67599058E+18
   66.7015381       2.66698942E+18
   66.7719727       2.64882879E+18
   66.8424072       2.62094133E+18
   66.9128418       2.58367201E+18
   66.9832764       2.53824073E+18
   67.0537109       2.48650514E+18
   67.1241455       2.43068101E+18
   67.1945801       2.37297644E+18
   67.2650146       2.31533042E+18
   67.3354492       2.25919747E+18
   67.4058838       2.20553346E+18
   67.4763184       2.15484859E+18
   67.5467529       2.10740631E+18
   67.6171875       2.06337225E+18
   67.6876221       2.02296588E+18
   67.7580566       1.98646663E+18
   67.8284912       1.95419541E+18
   67.8989258       1.92637076E+18
   67.9693604       1.90299281E+18
   68.0397949       1.88367879E+18
   68.1102295       1.86760571E+18
   68.1806641       1.85347589E+18
   68.2510986       1.83964115E+18
   68.3215332       1.82426063E+18
   68.3919678       1.80558735E+18
   68.4624023       1.78220252E+18
   68.5328369       1.75325994E+18
   68.6032715       1.71858464E+18
   68.6737061       1.67873669E+18
   68.7441406       1.63492101E+18
   68.8145752       1.58887828E+18
   68.8850098       1.54266237E+18
   68.9554443       1.49844606E+18
   69.0258789       1.45825039E+18
   69.0963135       1.42372929E+18
   69.1667480       1.39591605E+18
   69.2371826       1.37509322E+18
   69.3076172       1.36070721E+18
   69.3780518       1.35147777E+18
   69.4484863       1.34557834E+18
   69.5189209       1.34097551E+18
   69.5893555       1.33572892E+18
   69.6597900       1.32830241E+18
   69.7302246       1.31771548E+18
   69.8006592       1.30365245E+18
   69.8710938       1.28644496E+18
   69.9415283       1.17523760E+18
   70.0119629       1.18346113E+18
   70.0823975       1.19170994E+18
   70.1528320       1.20017357E+18
   70.2232666       1.20891482E+18
   70.2937012       1.21787460E+18
   70.3641357       1.22689431E+18
   70.4345703       1.23570855E+18
   70.5050049       1.24396327E+18
   70.5754395       1.25123475E+18
   70.6458740       1.25710078E+18
   70.7163086       1.26121474E+18
   70.7867432       1.26341102E+18
   70.8571777       1.26377069E+18
   70.9276123       1.26266541E+18
   70.9980469       1.26071598E+18
   71.0684814       1.25871321E+18
   71.1389160       1.25748589E+18
   71.2093506       1.25780062E+18
   71.2797852       1.26027026E+18
   71.3502197       1.26533516E+18
   71.4206543       1.27325962E+18
   71.4910889       1.28417406E+18
   71.5615234       1.29809525E+18
   71.6319580       1.31495585E+18
   71.7023926       1.33459120E+18
   71.7728271       1.35673976E+18
   71.8432617       1.38101492E+18
   71.9136963       1.40690814E+18
   71.9841309       1.43378323E+18
   72.0545654       1.46091725E+18
   72.1250000       1.48753258E+18
   72.1954346       1.51285763E+18
   72.2658691       1.53616082E+18
   72.3363037       1.55679467E+18
   72.4067383       1.57420420E+18
   72.4771729       1.58794795E+18
   72.5476074       1.59769856E+18
   72.6180420       1.60328051E+18
   72.6884766       1.60469503E+18
   72.7589111       1.60217316E+18
   72.8293457       1.59618371E+18
   72.8997803       1.58743434E+18
   72.9702148       1.57680207E+18
   73.0406494       1.56524799E+18
   73.1110840       1.55368855E+18
   73.1815186       1.54290192E+18
   73.2519531       1.53343568E+18
   73.3223877       1.52559327E+18
   73.3928223       1.51945608E+18
   73.4632568       1.51497515E+18
   73.5336914       1.51205801E+18
   73.6041260       1.51066259E+18
   73.6745605       1.51082202E+18
   73.7449951       1.51263952E+18
   73.8154297       1.51621788E+18
   73.8858643       1.52159641E+18
   73.9562988       1.52868675E+18
   74.0267334       1.53726899E+18
   74.0971680       1.54700626E+18
   74.1676025       1.55751622E+18
   74.2380371       1.56844468E+18
   74.3084717       1.57956528E+18
   74.3789062       1.59083926E+18
   74.4493408       1.60246068E+18
   74.5197754       1.61482208E+18
   74.5902100       1.62844407E+18
   74.6606445       1.64382582E+18
   74.7310791       1.66130173E+18
   74.8015137       1.68089517E+18
   74.8719482       1.70226486E+18
   74.9423828       1.72470947E+18
   75.0128174       1.74728354E+18
   75.0832520       1.76893842E+18
   75.1536865       1.78869472E+18
   75.2241211       1.80576011E+18
   75.2945557       1.81961602E+18
   75.3649902       1.83003389E+18
   75.4354248       1.83707324E+18
   75.5058594       1.84103766E+18
   75.5762939       1.84243116E+18
   75.6467285       1.84187549E+18
   75.7171631       1.84003752E+18
   75.7875977       1.83752720E+18
   75.8580322       1.83483889E+18
   75.9284668       1.83230575E+18
   75.9989014       1.83012446E+18
   76.0693359       1.82839768E+18
   76.1397705       1.82721515E+18
   76.2102051       1.82670677E+18
   76.2806396       1.82709338E+18
   76.3510742       1.82867654E+18
   76.4215088       1.83182568E+18
   76.4919434       1.83693525E+18
   76.5623779       1.84441646E+18
   76.6328125       1.85469167E+18
   76.7032471       1.86822020E+18
   76.7736816       1.88551689E+18
   76.8441162       1.90717315E+18
   76.9145508       1.93382820E+18
   76.9849854       1.96612085E+18
   77.0554199       2.00458026E+18
   77.1258545       2.04951551E+18
   77.1962891       2.10087741E+18
   77.2667236       2.15817544E+18
   77.3371582       2.22042429E+18
   77.4075928       2.28618512E+18
   77.4780273       2.35364593E+18
   77.5484619       2.42077194E+18
   77.6188965       2.48546693E+18
   77.6893311       2.54576854E+18
   77.7597656       2.59999948E+18
   77.8302002       2.64689695E+18
   77.9006348       2.68565996E+18
   77.9710693       2.71596277E+18
   78.0415039       2.73790023E+18
   78.1119385       2.75192010E+18
   78.1823730       2.75872580E+18
   78.2528076       2.75920326E+18
   78.3232422       2.75432995E+18
   78.3936768       2.74512237E+18
   78.4641113       2.73257034E+18
   78.5345459       2.71760764E+18
   78.6049805       2.70105064E+18
   78.6754150       2.68355686E+18
   78.7458496       2.66555676E+18
   78.8162842       2.64724714E+18
   78.8867188       2.62859393E+18
   78.9571533       2.60940553E+18
   79.0275879       2.58939909E+18
   79.0980225       2.56829121E+18
   79.1684570       2.54582572E+18
   79.2388916       2.52178242E+18
   79.3093262       2.49592630E+18
   79.3797607       2.46798387E+18
   79.4501953       2.43762415E+18
   79.5206299       2.40451456E+18
   79.5910645       2.36838928E+18
   79.6614990       2.32916832E+18
   79.7319336       2.28702982E+18
   79.8023682       2.24247541E+18
   79.8728027       2.19630073E+18
   79.9432373       2.14953960E+18
   80.0136719       2.10331517E+18
   80.0841064       2.05867225E+18
   80.1545410       2.01638242E+18
   80.2249756       1.97682034E+18
   80.2954102       1.93989063E+18
   80.3658447       1.90508092E+18
   80.4362793       1.87155681E+18
   80.5067139       1.83833781E+18
   80.5771484       1.80444124E+18
   80.6475830       1.76901773E+18
   80.7180176       1.73139849E+18
   80.7884521       1.69111884E+18
   80.8588867       1.64786570E+18
   80.9293213       1.60143580E+18
   80.9997559       1.55166984E+18
   81.0701904       1.49844578E+18
   81.1406250       1.44169669E+18
   81.2110596       1.38150942E+18
   81.2814941       1.31825768E+18
   81.3519287       1.14729352E+18
   81.4223633       1.11584075E+18
   81.4927979       1.08344309E+18
   81.5632324       1.04929411E+18
   81.6336670       1.01247436E+18
   81.7041016       9.72068128E+17
   81.7745361       9.27379097E+17
   81.8449707       8.78138980E+17
   81.9154053       6.88011430E+17
   81.9858398       6.72224779E+17
   82.0562744       5.53838644E+17
   82.1267090       5.43014639E+17
   82.1971436       5.29516279E+17
   82.2675781       5.13288999E+17
   82.3380127       4.94282016E+17
   82.4084473       4.72473306E+17
   82.4788818       4.47897847E+17
   82.5493164       4.20683113E+17
   82.6197510       3.91073643E+17
   82.6901855       3.59447600E+17
   82.7606201       3.26310072E+17
   82.8310547       2.92271769E+17
   82.9014893       2.58006966E+17
   82.9719238       2.24211707E+17
   83.0423584       1.91555782E+17
   83.1127930       1.60647015E+17
   83.1832275       1.31998432E+17
   83.2536621       0.00000000    
   83.3240967       0.00000000    
   83.3945312       0.00000000    
   83.4649658       0.00000000    
   83.5354004       0.00000000    
   83.6058350       0.00000000    
   83.6762695       0.00000000    
   83.7467041       0.00000000    
   83.8171387       0.00000000    
   83.8875732       0.00000000    
   83.9580078       0.00000000    
   84.0284424       0.00000000    
   84.0988770       0.00000000    
   84.1693115       0.00000000    
   84.2397461       0.00000000    
   84.3101807       0.00000000    
   84.3806152       0.00000000    
   84.4510498       0.00000000    
   84.5214844       0.00000000    
   84.5919189       0.00000000    
   84.6623535       0.00000000    
   84.7327881       0.00000000    
   84.8032227       0.00000000    
   84.8736572       0.00000000    
   84.9440918       0.00000000    
   85.0145264       0.00000000    
   85.0849609       0.00000000    
   85.1553955       0.00000000    
   85.2258301       0.00000000    
   85.2962646       0.00000000    
   85.3666992       0.00000000    
   85.4371338       0.00000000    
   85.5075684       0.00000000    
   85.5780029       0.00000000    
   85.6484375       0.00000000    
   85.7188721       0.00000000    
   85.7893066       0.00000000    
   85.8597412       0.00000000    
   85.9301758       0.00000000    
   86.0006104       0.00000000    
   86.0710449       0.00000000    
   86.1414795       0.00000000    
   86.2119141       0.00000000    
   86.2823486       0.00000000    
   86.3527832       0.00000000    
   86.4232178       0.00000000    
   86.4936523       0.00000000    
   86.5640869       0.00000000    
   86.6345215       0.00000000    
   86.7049561       0.00000000    
   86.7753906       0.00000000    
   86.8458252       0.00000000    
   86.9162598       0.00000000    
   86.9866943       0.00000000    
   87.0571289       0.00000000    
   87.1275635       0.00000000    
   87.1979980       0.00000000    
   87.2684326       0.00000000    
   87.3388672       0.00000000    
   87.4093018       0.00000000    
   87.4797363       0.00000000    
   87.5501709       0.00000000    
   87.6206055       0.00000000    
   87.6910400       0.00000000    
   87.7614746       0.00000000    
   87.8319092       0.00000000    
   87.9023438       0.00000000    
   87.9727783       0.00000000    
   88.0432129       0.00000000    
   88.1136475       0.00000000    
   88.1840820       0.00000000    
   88.2545166       0.00000000    
   88.3249512       0.00000000    
   88.3953857       0.00000000    
   88.4658203       0.00000000    
   88.5362549       0.00000000    
   88.6066895       0.00000000    
   88.6771240       0.00000000    
   88.7475586       0.00000000    
   88.8179932       0.00000000    
   88.8884277       0.00000000    
   88.9588623       0.00000000    
   89.0292969       0.00000000    
   89.0997314       0.00000000    
   89.1701660       0.00000000    
   89.2406006       0.00000000    
   89.3110352       0.00000000    
   89.3814697       0.00000000    
   89.4519043       0.00000000    
   89.5223389       0.00000000    
   89.5927734       0.00000000    
   89.6632080       0.00000000    
   89.7336426       0.00000000    
   89.8040771       0.00000000    
   89.8745117       0.00000000    
   89.9449463       0.00000000    
   90.0153809       0.00000000    
   90.0858154       0.00000000    
   90.1562500       0.00000000    
   90.2266846       0.00000000    
   90.2971191       0.00000000    
   90.3675537       0.00000000    
   90.4379883       0.00000000    
   90.5084229       0.00000000    
   90.5788574       0.00000000    
   90.6492920       0.00000000    
   90.7197266       0.00000000    
   90.7901611       0.00000000    
   90.8605957       0.00000000    
   90.9310303       0.00000000    
   91.0014648       0.00000000    
   91.0718994       0.00000000    
   91.1423340       0.00000000    
   91.2127686       0.00000000    
   91.2832031       0.00000000    
   91.3536377       0.00000000    
   91.4240723       0.00000000    
   91.4945068       0.00000000    
   91.5649414       0.00000000    
   91.6353760       0.00000000    
   91.7058105       0.00000000    
   91.7762451       0.00000000    
   91.8466797       0.00000000    
   91.9171143       0.00000000    
   91.9875488       0.00000000    
   92.0579834       0.00000000    
   92.1284180       0.00000000    
   92.1988525       0.00000000    
   92.2692871       0.00000000    
   92.3397217       0.00000000    
   92.4101562       0.00000000    
   92.4805908       0.00000000    
   92.5510254       0.00000000    
   92.6214600       0.00000000    
   92.6918945       0.00000000    
   92.7623291       0.00000000    
   92.8327637       0.00000000    
   92.9031982       0.00000000    
   92.9736328       0.00000000    
   93.0440674       0.00000000    
   93.1145020       0.00000000    
   93.1849365       0.00000000    
   93.2553711       0.00000000    
   93.3258057       0.00000000    
   93.3962402       0.00000000    
   93.4666748       0.00000000    
   93.5371094       0.00000000    
   93.6075439       0.00000000    
   93.6779785       0.00000000    
   93.7484131       0.00000000    
   93.8188477       0.00000000    
   93.8892822       0.00000000    
   93.9597168       0.00000000    
   94.0301514       0.00000000    
   94.1005859       0.00000000    
   94.1710205       0.00000000    
   94.2414551       0.00000000    
   94.3118896       0.00000000    
   94.3823242       0.00000000    
   94.4527588       0.00000000    
   94.5231934       0.00000000    
   94.5936279       0.00000000    
   94.6640625       0.00000000    
   94.7344971       0.00000000    
   94.8049316       0.00000000    
   94.8753662       0.00000000    
   94.9458008       0.00000000    
   95.0162354       0.00000000    
   95.0866699       0.00000000    
   95.1571045       0.00000000    
   95.2275391       0.00000000    
   95.2979736       0.00000000    
   95.3684082       0.00000000    
   95.4388428       0.00000000    
   95.5092773       0.00000000    
   95.5797119       0.00000000    
   95.6501465       0.00000000    
   95.7205811       0.00000000    
   95.7910156       0.00000000    
   95.8614502       0.00000000    
   95.9318848       0.00000000    
   96.0023193       0.00000000    
   96.0727539       0.00000000    
   96.1431885       0.00000000    
   96.2136230       0.00000000    
   96.2840576       0.00000000    
   96.3544922       0.00000000    
   96.4249268       0.00000000    
   96.4953613       0.00000000    
   96.5657959       0.00000000    
   96.6362305       0.00000000    
   96.7066650       0.00000000    
   96.7770996       0.00000000    
   96.8475342       0.00000000    
   96.9179688       0.00000000    
   96.9884033       0.00000000    
   97.0588379       0.00000000    
   97.1292725       0.00000000    
   97.1997070       0.00000000    
   97.2701416       0.00000000    
   97.3405762       0.00000000    
   97.4110107       0.00000000    
   97.4814453       0.00000000    
   97.5518799       0.00000000    
   97.6223145       0.00000000    
   97.6927490       0.00000000    
