2020 01 28 19 10 24.0 19.419 -78.756
25. 5.955E+20 7.783 166 85 166 257 76 5
  -1.12695312       0.00000000    
  -1.05651855       0.00000000    
 -0.986083984       0.00000000    
 -0.915649414       0.00000000    
 -0.845214844       0.00000000    
 -0.774780273       0.00000000    
 -0.704345703       0.00000000    
 -0.633911133       0.00000000    
 -0.563476562       0.00000000    
 -0.493041992       0.00000000    
 -0.422607422       0.00000000    
 -0.352172852       0.00000000    
 -0.281738281       0.00000000    
 -0.211303711       0.00000000    
 -0.140869141       0.00000000    
  -7.04345703E-02   0.00000000    
   0.00000000       0.00000000    
   7.04345703E-02   5.39577532E+17
  0.140869141       6.72184509E+17
  0.211303711       8.07287001E+17
  0.281738281       9.43563496E+17
  0.352172852       1.07965940E+18
  0.422607422       1.21413118E+18
  0.493041992       1.34516726E+18
  0.563476562       1.47086893E+18
  0.633911133       1.58923933E+18
  0.704345703       1.69862837E+18
  0.774780273       1.79770440E+18
  0.845214844       1.88572127E+18
  0.915649414       1.96225057E+18
  0.986083984       2.02721962E+18
   1.05651855       2.08045013E+18
   1.12695312       2.12159070E+18
   1.19738770       2.14975606E+18
   1.26782227       2.16373663E+18
   1.33825684       2.16200050E+18
   1.40869141       2.14319638E+18
   1.47912598       2.10629168E+18
   1.54956055       2.05102927E+18
   1.61999512       1.97783395E+18
   1.69042969       1.88799602E+18
   1.76086426       1.78335206E+18
   1.83129883       1.66634616E+18
   1.90173340       1.53964737E+18
   1.97216797       1.40620157E+18
   2.04260254       1.26892548E+18
   2.11303711       1.13086207E+18
   2.18347168       9.94948347E+17
   2.25390625       8.64186727E+17
   2.32434082       7.41451955E+17
   2.39477539       6.29685568E+17
   2.46520996       5.31675994E+17
   2.53564453       4.50189092E+17
   2.60607910       3.87701784E+17
   2.67651367       3.46508478E+17
   2.74694824       3.28375298E+17
   2.81738281       3.34554931E+17
   2.88781738       3.65397504E+17
   2.95825195       4.20431600E+17
   3.02868652       4.98127696E+17
   3.09912109       5.96203858E+17
   3.16955566       7.11679861E+17
   3.23999023       8.41449858E+17
   3.31042480       9.82452260E+17
   3.38085938       1.13215255E+18
   3.45129395       1.28847576E+18
   3.52172852       1.44996667E+18
   3.59216309       1.61540812E+18
   3.66259766       1.78376974E+18
   3.73303223       1.95378145E+18
   3.80346680       2.12399382E+18
   3.87390137       2.29254043E+18
   3.94433594       2.45745357E+18
   4.01477051       2.61669666E+18
   4.08520508       2.76867171E+18
   4.15563965       2.91223027E+18
   4.22607422       3.04696525E+18
   4.29650879       3.17290771E+18
   4.36694336       3.29050927E+18
   4.43737793       3.40008633E+18
   4.50781250       3.50168670E+18
   4.57824707       3.59470126E+18
   4.64868164       3.67813358E+18
   4.71911621       3.75066918E+18
   4.78955078       3.81128856E+18
   4.85998535       3.85948922E+18
   4.93041992       3.89583331E+18
   5.00085449       3.92188184E+18
   5.07128906       3.94034373E+18
   5.14172363       3.95465855E+18
   5.21215820       3.96893324E+18
   5.28259277       3.98741493E+18
   5.35302734       4.01439364E+18
   5.42346191       4.05372950E+18
   5.49389648       4.10885791E+18
   5.56433105       4.18239077E+18
   5.63476562       4.27616895E+18
   5.70520020       4.39092855E+18
   5.77563477       4.52644006E+18
   5.84606934       4.68127136E+18
   5.91650391       4.85302772E+18
   5.98693848       5.03830698E+18
   6.05737305       5.23318167E+18
   6.12780762       5.43332632E+18
   6.19824219       5.63455839E+18
   6.26867676       5.83284871E+18
   6.33911133       6.02465027E+18
   6.40954590       6.20663154E+18
   6.47998047       6.37577931E+18
   6.55041504       6.52915073E+18
   6.62084961       6.66421474E+18
   6.69128418       6.77889710E+18
   6.76171875       6.87208456E+18
   6.83215332       6.94364078E+18
   6.90258789       6.99465372E+18
   6.97302246       7.02704753E+18
   7.04345703       7.04342861E+18
   7.11389160       7.04645776E+18
   7.18432617       7.03868696E+18
   7.25476074       7.02205575E+18
   7.32519531       6.99793082E+18
   7.39562988       6.96689105E+18
   7.46606445       6.92909094E+18
   7.53649902       6.88431003E+18
   7.60693359       6.83242298E+18
   7.67736816       6.77347156E+18
   7.74780273       6.70806876E+18
   7.81823730       6.63730694E+18
   7.88867188       6.56291619E+18
   7.95910645       6.48693059E+18
   8.02954102       6.41170475E+18
   8.09997559       6.33951796E+18
   8.17041016       6.27256100E+18
   8.24084473       6.21258319E+18
   8.31127930       6.16098476E+18
   8.38171387       6.11856945E+18
   8.45214844       6.08574628E+18
   8.52258301       6.06235802E+18
   8.59301758       6.04797421E+18
   8.66345215       6.04172678E+18
   8.73388672       6.04253712E+18
   8.80432129       6.04890440E+18
   8.87475586       6.05915404E+18
   8.94519043       6.07128551E+18
   9.01562500       6.08322840E+18
   9.08605957       6.09272433E+18
   9.15649414       6.09760506E+18
   9.22692871       6.09566882E+18
   9.29736328       6.08489031E+18
   9.36779785       6.06320739E+18
   9.43823242       6.02871846E+18
   9.50866699       5.97947518E+18
   9.57910156       5.91371065E+18
   9.64953613       5.82968102E+18
   9.71997070       5.72595694E+18
   9.79040527       5.60130861E+18
   9.86083984       5.45497790E+18
   9.93127441       5.28655306E+18
   10.0017090       5.09630401E+18
   10.0721436       4.88518074E+18
   10.1425781       4.65522393E+18
   10.2130127       4.40954410E+18
   10.2834473       4.15255690E+18
   10.3538818       3.88964745E+18
   10.4243164       3.62705219E+18
   10.4947510       3.37128819E+18
   10.5651855       3.12900256E+18
   10.6356201       2.90650704E+18
   10.7060547       2.70978599E+18
   10.7764893       2.54414869E+18
   10.8469238       2.41428014E+18
   10.9173584       2.32385328E+18
   10.9877930       2.27553222E+18
   11.0582275       2.27061988E+18
   11.1286621       2.30918580E+18
   11.1990967       2.38985669E+18
   11.2695312       2.51007235E+18
   11.3399658       2.66601388E+18
   11.4104004       2.85298556E+18
   11.4808350       3.06542605E+18
   11.5512695       3.29734686E+18
   11.6217041       3.54237578E+18
   11.6921387       3.79418153E+18
   11.7625732       4.04639713E+18
   11.8330078       4.29290489E+18
   11.9034424       4.52771384E+18
   11.9738770       4.74535365E+18
   12.0443115       4.94092983E+18
   12.1147461       5.11067408E+18
   12.1851807       5.25205314E+18
   12.2556152       5.36420332E+18
   12.3260498       5.44770573E+18
   12.3964844       5.50455378E+18
   12.4669189       5.53751604E+18
   12.5373535       5.54984926E+18
   12.6077881       5.54464692E+18
   12.6782227       5.52474631E+18
   12.7486572       5.49248884E+18
   12.8190918       5.45014555E+18
   12.8895264       5.40005895E+18
   12.9599609       5.34524114E+18
   13.0303955       5.28946457E+18
   13.1008301       5.23764513E+18
   13.1712646       5.19553054E+18
   13.2416992       5.16962000E+18
   13.3121338       5.16649464E+18
   13.3825684       5.19254482E+18
   13.4530029       5.25327084E+18
   13.5234375       5.35304878E+18
   13.5938721       5.49463674E+18
   13.6643066       5.67927772E+18
   13.7347412       5.90655337E+18
   13.8051758       6.17481442E+18
   13.8756104       6.48133022E+18
   13.9460449       6.82293694E+18
   14.0164795       7.19619365E+18
   14.0869141       7.59784580E+18
   14.1573486       8.02468391E+18
   14.2277832       8.47371896E+18
   14.2982178       8.94175687E+18
   14.3686523       9.42531824E+18
   14.4390869       9.92008857E+18
   14.5095215       1.04208436E+19
   14.5799561       1.09209927E+19
   14.6503906       1.14126327E+19
   14.7208252       1.18863199E+19
   14.7912598       1.23314781E+19
   14.8616943       1.27365833E+19
   14.9321289       1.30899696E+19
   15.0025635       1.33804485E+19
   15.0729980       1.35985047E+19
   15.1434326       1.37370553E+19
   15.2138672       1.37925212E+19
   15.2843018       1.37650950E+19
   15.3547363       1.36591362E+19
   15.4251709       1.34825612E+19
   15.4956055       1.32462575E+19
   15.5660400       1.29627011E+19
   15.6364746       1.26448972E+19
   15.7069092       1.23049645E+19
   15.7773438       1.19533561E+19
   15.8477783       1.15980555E+19
   15.9182129       1.12446274E+19
   15.9886475       1.08963296E+19
   16.0590820       1.05549873E+19
   16.1295166       1.02216472E+19
   16.1999512       9.89767943E+18
   16.2703857       9.58525320E+18
   16.3408203       9.28791007E+18
   16.4112549       9.01029603E+18
   16.4816895       8.75797185E+18
   16.5521240       8.53650272E+18
   16.6225586       8.35075728E+18
   16.6929932       8.20377511E+18
   16.7634277       8.09615931E+18
   16.8338623       8.02538045E+18
   16.9042969       7.98584696E+18
   16.9747314       7.96902718E+18
   17.0451660       7.96436800E+18
   17.1156006       7.96009420E+18
   17.1860352       7.94452731E+18
   17.2564697       7.90701198E+18
   17.3269043       7.83914407E+18
   17.3973389       7.73533973E+18
   17.4677734       7.59348404E+18
   17.5382080       7.41479855E+18
   17.6086426       7.20377479E+18
   17.6790771       6.96731931E+18
   17.7495117       6.71404736E+18
   17.8199463       6.45302495E+18
   17.8903809       6.19297560E+18
   17.9608154       5.94124462E+18
   18.0312500       5.70340926E+18
   18.1016846       5.48283513E+18
   18.1721191       5.28097579E+18
   18.2425537       5.09760804E+18
   18.3129883       4.93167139E+18
   18.3834229       4.78182005E+18
   18.4538574       4.64734758E+18
   18.5242920       4.52855442E+18
   18.5947266       4.42726301E+18
   18.6651611       4.34660421E+18
   18.7355957       4.29086117E+18
   18.8060303       4.26457157E+18
   18.8764648       4.27180526E+18
   18.9468994       4.31502156E+18
   19.0173340       4.39454484E+18
   19.0877686       4.50800510E+18
   19.1582031       4.65065656E+18
   19.2286377       4.81573064E+18
   19.2990723       4.99551508E+18
   19.3695068       5.18210166E+18
   19.4399414       5.36840511E+18
   19.5103760       5.54853810E+18
   19.5808105       5.71827355E+18
   19.6512451       5.87477859E+18
   19.7216797       6.01652543E+18
   19.7921143       6.14266250E+18
   19.8625488       6.25283906E+18
   19.9329834       6.34664335E+18
   20.0034180       6.42359542E+18
   20.0738525       6.48288823E+18
   20.1442871       6.52380326E+18
   20.2147217       6.54587046E+18
   20.2851562       6.54953073E+18
   20.3555908       6.53638772E+18
   20.4260254       6.50977844E+18
   20.4964600       6.47471996E+18
   20.5668945       6.43801826E+18
   20.6373291       6.40766514E+18
   20.7077637       6.39245065E+18
   20.7781982       6.40096307E+18
   20.8486328       6.44103312E+18
   20.9190674       6.51892308E+18
   20.9895020       6.63930806E+18
   21.0599365       6.80514080E+18
   21.1303711       7.01826848E+18
   21.2008057       7.27981701E+18
   21.2712402       7.59110140E+18
   21.3416748       7.95390725E+18
   21.4121094       8.37088274E+18
   21.4825439       8.84507901E+18
   21.5529785       9.37955986E+18
   21.6234131       9.97625933E+18
   21.6938477       1.06351966E+19
   21.7642822       1.13533625E+19
   21.8347168       1.21244467E+19
   21.9051514       1.29384855E+19
   21.9755859       1.37824585E+19
   22.0460205       1.46407857E+19
   22.1164551       1.54966367E+19
   22.1868896       1.63328010E+19
   22.2573242       1.71328816E+19
   22.3277588       1.78818392E+19
   22.3981934       1.85668525E+19
   22.4686279       1.91775323E+19
   22.5390625       1.97065205E+19
   22.6094971       2.01495819E+19
   22.6799316       2.05061316E+19
   22.7503662       2.07791953E+19
   22.8208008       2.09755592E+19
   22.8912354       2.11051081E+19
   22.9616699       2.11803037E+19
   23.0321045       2.12147426E+19
   23.1025391       2.12219818E+19
   23.1729736       2.12137333E+19
   23.2434082       2.11988393E+19
   23.3138428       2.11821927E+19
   23.3842773       2.11647896E+19
   23.4547119       2.11440880E+19
   23.5251465       2.11156304E+19
   23.5955811       2.10746450E+19
   23.6660156       2.10180993E+19
   23.7364502       2.09459318E+19
   23.8068848       2.08619885E+19
   23.8773193       2.07736317E+19
   23.9477539       2.06909023E+19
   24.0181885       2.06245599E+19
   24.0886230       2.05843948E+19
   24.1590576       2.05772919E+19
   24.2294922       2.06062619E+19
   24.2999268       2.06698554E+19
   24.3703613       2.07629181E+19
   24.4407959       2.08775224E+19
   24.5112305       2.10046787E+19
   24.5816650       2.11355206E+19
   24.6520996       2.12626593E+19
   24.7225342       2.13806369E+19
   24.7929688       2.14862340E+19
   24.8634033       2.15778761E+19
   24.9338379       2.16552509E+19
   25.0042725       2.17184553E+19
   25.0747070       2.17676804E+19
   25.1451416       2.18027262E+19
   25.2155762       2.18232761E+19
   25.2860107       2.18289276E+19
   25.3564453       2.18197621E+19
   25.4268799       2.17963579E+19
   25.4973145       2.17602235E+19
   25.5677490       2.17136372E+19
   25.6381836       2.16596380E+19
   25.7086182       2.16013969E+19
   25.7790527       2.15418671E+19
   25.8494873       2.14830872E+19
   25.9199219       2.14259522E+19
   25.9903564       2.13699101E+19
   26.0607910       2.13134282E+19
   26.1312256       2.12543844E+19
   26.2016602       2.11910239E+19
   26.2720947       2.11223660E+19
   26.3425293       2.10487823E+19
   26.4129639       2.09718341E+19
   26.4833984       2.08941096E+19
   26.5538330       2.08183973E+19
   26.6242676       2.07472654E+19
   26.6947021       2.06822865E+19
   26.7651367       2.06239310E+19
   26.8355713       2.05712710E+19
   26.9060059       2.05224175E+19
   26.9764404       2.04747251E+19
   27.0468750       2.04253944E+19
   27.1173096       2.03715623E+19
   27.1877441       2.03106890E+19
   27.2581787       2.02403862E+19
   27.3286133       2.01585407E+19
   27.3990479       2.00628634E+19
   27.4694824       1.99508650E+19
   27.5399170       1.98194536E+19
   27.6103516       1.96651569E+19
   27.6807861       1.94841575E+19
   27.7512207       1.92731722E+19
   27.8216553       1.90301405E+19
   27.8920898       1.87553462E+19
   27.9625244       1.84517798E+19
   28.0329590       1.81254239E+19
   28.1033936       1.77845104E+19
   28.1738281       1.74387074E+19
   28.2442627       1.70975641E+19
   28.3146973       1.67693478E+19
   28.3851318       1.64597836E+19
   28.4555664       1.61715631E+19
   28.5260010       1.59040256E+19
   28.5964355       1.56537811E+19
   28.6668701       1.54154477E+19
   28.7373047       1.51830692E+19
   28.8077393       1.49511932E+19
   28.8781738       1.47161506E+19
   28.9486084       1.44765637E+19
   29.0190430       1.42337113E+19
   29.0894775       1.39910238E+19
   29.1599121       1.37536139E+19
   29.2303467       1.35272641E+19
   29.3007812       1.33177125E+19
   29.3712158       1.31296664E+19
   29.4416504       1.29664109E+19
   29.5120850       1.28293744E+19
   29.5825195       1.27184061E+19
   29.6529541       1.26319889E+19
   29.7233887       1.25679578E+19
   29.7938232       1.25238992E+19
   29.8642578       1.24977276E+19
   29.9346924       1.24876637E+19
   30.0051270       1.24923422E+19
   30.0755615       1.25104016E+19
   30.1459961       1.25403919E+19
   30.2164307       1.25803669E+19
   30.2868652       1.26280923E+19
   30.3572998       1.26811316E+19
   30.4277344       1.27375365E+19
   30.4981689       1.27962274E+19
   30.5686035       1.28577055E+19
   30.6390381       1.29241391E+19
   30.7094727       1.29993874E+19
   30.7799072       1.30881939E+19
   30.8503418       1.31953985E+19
   30.9207764       1.33246747E+19
   30.9912109       1.34777619E+19
   31.0616455       1.36536903E+19
   31.1320801       1.38489075E+19
   31.2025146       1.40575805E+19
   31.2729492       1.42726186E+19
   31.3433838       1.44865055E+19
   31.4138184       1.46924605E+19
   31.4842529       1.48850279E+19
   31.5546875       1.50607013E+19
   31.6251221       1.52177379E+19
   31.6955566       1.53560455E+19
   31.7659912       1.54764035E+19
   31.8364258       1.55799489E+19
   31.9068604       1.56672963E+19
   31.9772949       1.57382269E+19
   32.0477295       1.57912465E+19
   32.1181641       1.58238239E+19
   32.1885986       1.58325188E+19
   32.2590332       1.58137513E+19
   32.3294678       1.57643161E+19
   32.3999023       1.56821815E+19
   32.4703369       1.55667218E+19
   32.5407715       1.54191157E+19
   32.6112061       1.52421812E+19
   32.6816406       1.50403812E+19
   32.7520752       1.48193552E+19
   32.8225098       1.45857078E+19
   32.8929443       1.43464178E+19
   32.9633789       1.41085253E+19
   33.0338135       1.38785119E+19
   33.1042480       1.36621588E+19
   33.1746826       1.34642489E+19
   33.2451172       1.32888053E+19
   33.3155518       1.31390353E+19
   33.3859863       1.30176294E+19
   33.4564209       1.29265492E+19
   33.5268555       1.28670370E+19
   33.5972900       1.28391908E+19
   33.6677246       1.28419814E+19
   33.7381592       1.28731162E+19
   33.8085938       1.29294189E+19
   33.8790283       1.30069994E+19
   33.9494629       1.31018784E+19
   34.0198975       1.32103090E+19
   34.0903320       1.33294300E+19
   34.1607666       1.34574319E+19
   34.2312012       1.35939703E+19
   34.3016357       1.37399162E+19
   34.3720703       1.38971574E+19
   34.4425049       1.40677103E+19
   34.5129395       1.42530869E+19
   34.5833740       1.44533288E+19
   34.6538086       1.46666110E+19
   34.7242432       1.48888036E+19
   34.7946777       1.51138044E+19
   34.8651123       1.53339222E+19
   34.9355469       1.55409009E+19
   35.0059814       1.57266700E+19
   35.0764160       1.58843949E+19
   35.1468506       1.60089113E+19
   35.2172852       1.60971372E+19
   35.2877197       1.61477301E+19
   35.3581543       1.61608781E+19
   35.4285889       1.61375959E+19
   35.4990234       1.60794406E+19
   35.5694580       1.59879898E+19
   35.6398926       1.58649566E+19
   35.7103271       1.57121993E+19
   35.7807617       1.55322290E+19
   35.8511963       1.53283983E+19
   35.9216309       1.51053161E+19
   35.9920654       1.48686957E+19
   36.0625000       1.46251605E+19
   36.1329346       1.43813603E+19
   36.2033691       1.41433083E+19
   36.2738037       1.39155115E+19
   36.3442383       1.37007813E+19
   36.4146729       1.35001028E+19
   36.4851074       1.33132452E+19
   36.5555420       1.31392629E+19
   36.6259766       1.29773213E+19
   36.6964111       1.28270445E+19
   36.7668457       1.26889513E+19
   36.8372803       1.25643239E+19
   36.9077148       1.24551688E+19
   36.9781494       1.23636817E+19
   37.0485840       1.22920144E+19
   37.1190186       1.22417975E+19
   37.1894531       1.22141393E+19
   37.2598877       1.22094499E+19
   37.3303223       1.22276853E+19
   37.4007568       1.22682760E+19
   37.4711914       1.23302697E+19
   37.5416260       1.24119821E+19
   37.6120605       1.25109217E+19
   37.6824951       1.26234149E+19
   37.7529297       1.27446713E+19
   37.8233643       1.28687039E+19
   37.8937988       1.29888739E+19
   37.9642334       1.30983380E+19
   38.0346680       1.31909444E+19
   38.1051025       1.32617397E+19
   38.1755371       1.33076641E+19
   38.2459717       1.33276895E+19
   38.3164062       1.33229693E+19
   38.3868408       1.32963677E+19
   38.4572754       1.32521553E+19
   38.5277100       1.31953061E+19
   38.5981445       1.31311397E+19
   38.6685791       1.30646314E+19
   38.7390137       1.30000988E+19
   38.8094482       1.29406240E+19
   38.8798828       1.28879025E+19
   38.9503174       1.28419385E+19
   39.0207520       1.28012939E+19
   39.0911865       1.27632662E+19
   39.1616211       1.27245150E+19
   39.2320557       1.26813724E+19
   39.3024902       1.26304188E+19
   39.3729248       1.25686252E+19
   39.4433594       1.24936671E+19
   39.5137939       1.24037314E+19
   39.5842285       1.22975714E+19
   39.6546631       1.21742095E+19
   39.7250977       1.20329387E+19
   39.7955322       1.18730653E+19
   39.8659668       1.16941176E+19
   39.9364014       1.14958405E+19
   40.0068359       1.12785836E+19
   40.0772705       1.10433013E+19
   40.1477051       1.07917649E+19
   40.2181396       1.05263483E+19
   40.2885742       1.02499805E+19
   40.3590088       9.96567653E+18
   40.4294434       9.67635433E+18
   40.4998779       9.38437242E+18
   40.5703125       9.09146967E+18
   40.6407471       8.79841189E+18
   40.7111816       8.50510892E+18
   40.7816162       8.21059648E+18
   40.8520508       7.91346171E+18
   40.9224854       7.61203885E+18
   40.9929199       7.30495294E+18
   41.0633545       6.99138102E+18
   41.1337891       6.67159576E+18
   41.2042236       6.34714967E+18
   41.2746582       6.02127587E+18
   41.3450928       5.69884848E+18
   41.4155273       5.38640906E+18
   41.4859619       5.09163054E+18
   41.5563965       4.82287801E+18
   41.6268311       4.58836125E+18
   41.6972656       4.39559130E+18
   41.7677002       4.25056874E+18
   41.8381348       4.15741674E+18
   41.9085693       4.11788545E+18
   41.9790039       4.13137701E+18
   42.0494385       4.19488892E+18
   42.1198730       4.30352397E+18
   42.1903076       4.45087337E+18
   42.2607422       4.62984060E+18
   42.3311768       4.83311941E+18
   42.4016113       5.05389750E+18
   42.4720459       5.28607312E+18
   42.5424805       5.52458743E+18
   42.6129150       5.76524579E+18
   42.6833496       6.00470788E+18
   42.7537842       6.24007593E+18
   42.8242188       6.46877215E+18
   42.8946533       6.68812472E+18
   42.9650879       6.89539366E+18
   43.0355225       7.08761028E+18
   43.1059570       7.26185539E+18
   43.1763916       7.41523066E+18
   43.2468262       7.54512807E+18
   43.3172607       7.64909129E+18
   43.3876953       7.72490261E+18
   43.4581299       7.77027341E+18
   43.5285645       7.78290790E+18
   43.5989990       7.76034977E+18
   43.6694336       7.70032908E+18
   43.7398682       7.60094642E+18
   43.8103027       7.46132824E+18
   43.8807373       7.28201713E+18
   43.9511719       7.06559641E+18
   44.0216064       6.81676264E+18
   44.0920410       6.54244108E+18
   44.1624756       6.25131844E+18
   44.2329102       5.95345139E+18
   44.3033447       5.65936612E+18
   44.3737793       5.37942166E+18
   44.4442139       5.12289845E+18
   44.5146484       4.89758213E+18
   44.5850830       4.70925998E+18
   44.6555176       4.56184378E+18
   44.7259521       4.45743801E+18
   44.7963867       4.39688405E+18
   44.8668213       4.37994415E+18
   44.9372559       4.40566943E+18
   45.0076904       4.47224925E+18
   45.0781250       4.57699533E+18
   45.1485596       4.71588893E+18
   45.2189941       4.88351608E+18
   45.2894287       5.07284923E+18
   45.3598633       5.27564975E+18
   45.4302979       5.48282193E+18
   45.5007324       5.68534978E+18
   45.5711670       5.87501608E+18
   45.6416016       6.04540245E+18
   45.7120361       6.19228786E+18
   45.7824707       6.31400545E+18
   45.8529053       6.41105439E+18
   45.9233398       6.48567714E+18
   45.9937744       6.54087868E+18
   46.0642090       6.57971562E+18
   46.1346436       6.60439141E+18
   46.2050781       6.61592199E+18
   46.2755127       6.61378344E+18
   46.3459473       6.59622369E+18
   46.4163818       6.56050826E+18
   46.4868164       6.50369924E+18
   46.5572510       6.42314682E+18
   46.6276855       6.31730178E+18
   46.6981201       6.18608167E+18
   46.7685547       6.03138588E+18
   46.8389893       5.85702972E+18
   46.9094238       5.66876529E+18
   46.9798584       5.47375866E+18
   47.0502930       5.28025176E+18
   47.1207275       5.09681804E+18
   47.1911621       4.93198145E+18
   47.2615967       4.79358757E+18
   47.3320312       4.68860620E+18
   47.4024658       4.62267674E+18
   47.4729004       4.60005374E+18
   47.5433350       4.62326827E+18
   47.6137695       4.69314169E+18
   47.6842041       4.80853488E+18
   47.7546387       4.96653910E+18
   47.8250732       5.16249352E+18
   47.8955078       5.39051244E+18
   47.9659424       5.64382287E+18
   48.0363770       5.91552594E+18
   48.1068115       6.19895530E+18
   48.1772461       6.48820217E+18
   48.2476807       6.77802024E+18
   48.3181152       7.06384874E+18
   48.3885498       7.34130720E+18
   48.4589844       7.60600912E+18
   48.5294189       7.85313591E+18
   48.5998535       8.07758801E+18
   48.6702881       8.27403995E+18
   48.7407227       8.43755438E+18
   48.8111572       8.56389211E+18
   48.8815918       8.65017244E+18
   48.9520264       8.69498193E+18
   49.0224609       8.69860043E+18
   49.0928955       8.66256668E+18
   49.1633301       8.58944806E+18
   49.2337646       8.48224018E+18
   49.3041992       8.34427951E+18
   49.3746338       8.17908393E+18
   49.4450684       7.99083105E+18
   49.5155029       7.78471330E+18
   49.5859375       7.56759604E+18
   49.6563721       7.34811757E+18
   49.7268066       7.13674636E+18
   49.7972412       6.94510313E+18
   49.8676758       6.78525723E+18
   49.9381104       6.66847700E+18
   50.0085449       6.60431005E+18
   50.0789795       6.59944471E+18
   50.1494141       6.65718172E+18
   50.2198486       6.77689984E+18
   50.2902832       6.95430934E+18
   50.3607178       7.18178345E+18
   50.4311523       7.44940293E+18
   50.5015869       7.74585711E+18
   50.5720215       8.05973304E+18
   50.6424561       8.38031215E+18
   50.7128906       8.69843275E+18
   50.7833252       9.00664290E+18
   50.8537598       9.29939777E+18
   50.9241943       9.57262751E+18
   50.9946289       9.82346899E+18
   51.0650635       1.00494934E+19
   51.1354980       1.02482598E+19
   51.2059326       1.04165566E+19
   51.2763672       1.05501472E+19
   51.3468018       1.06433792E+19
   51.4172363       1.06894861E+19
   51.4876709       1.06808627E+19
   51.5581055       1.06099727E+19
   51.6285400       1.04700907E+19
   51.6989746       1.02563830E+19
   51.7694092       9.96654404E+18
   51.8398438       9.60143581E+18
   51.9102783       9.16506713E+18
   51.9807129       8.66456779E+18
   52.0511475       8.10964262E+18
   52.1215820       7.51218120E+18
   52.1920166       6.88545407E+18
   52.2624512       6.24361526E+18
   52.3328857       5.60094357E+18
   52.4033203       4.97142918E+18
   52.4737549       4.36809389E+18
   52.5441895       3.80267498E+18
   52.6146240       3.28508566E+18
   52.6850586       2.82325476E+18
   52.7554932       2.42275958E+18
   52.8259277       2.08691059E+18
   52.8963623       1.81676649E+18
   52.9667969       1.61168325E+18
   53.0372314       1.46972558E+18
   53.1076660       1.38841216E+18
   53.1781006       1.36503159E+18
   53.2485352       1.39701254E+18
   53.3189697       1.48168950E+18
   53.3894043       1.61614823E+18
   53.4598389       1.79664928E+18
   53.5302734       2.01839466E+18
   53.6007080       2.27511482E+18
   53.6711426       2.55920210E+18
   53.7415771       2.86179952E+18
   53.8120117       3.17345746E+18
   53.8824463       3.48461321E+18
   53.9528809       3.78639864E+18
   54.0233154       4.07098468E+18
   54.0937500       4.33203568E+18
   54.1641846       4.56457854E+18
   54.2346191       4.76503216E+18
   54.3050537       4.93078683E+18
   54.3754883       5.06007236E+18
   54.4459229       5.15149675E+18
   54.5163574       5.20399953E+18
   54.5867920       5.21661368E+18
   54.6572266       5.18874106E+18
   54.7276611       5.12019805E+18
   54.7980957       5.01167241E+18
   54.8685303       4.86480349E+18
   54.9389648       4.68250006E+18
   55.0093994       4.46876627E+18
   55.0798340       4.22874096E+18
   55.1502686       3.96832603E+18
   55.2207031       3.69410508E+18
   55.2911377       3.41292285E+18
   55.3615723       3.13180549E+18
   55.4320068       2.85758619E+18
   55.5024414       2.59689886E+18
   55.5728760       2.35585924E+18
   55.6433105       2.14009452E+18
   55.7137451       1.95442562E+18
   55.7841797       1.80287691E+18
   55.8546143       1.68835027E+18
   55.9250488       1.61270648E+18
   55.9954834       1.57663783E+18
   56.0659180       1.58002336E+18
   56.1363525       1.62205453E+18
   56.2067871       1.70172459E+18
   56.2772217       1.81789432E+18
   56.3476562       1.96953992E+18
   56.4180908       2.15544370E+18
   56.4885254       2.37404489E+18
   56.5589600       2.62282891E+18
   56.6293945       2.89806966E+18
   56.6998291       3.19436000E+18
   56.7702637       3.50474609E+18
   56.8406982       3.82079713E+18
   56.9111328       4.13332177E+18
   56.9815674       4.43293017E+18
   57.0520020       4.71106758E+18
   57.1224365       4.96063473E+18
   57.1928711       5.17679816E+18
   57.2633057       5.35716590E+18
   57.3337402       5.50202710E+18
   57.4041748       5.61393650E+18
   57.4746094       5.69740977E+18
   57.5450439       5.75807038E+18
   57.6154785       5.80210967E+18
   57.6859131       5.83540398E+18
   57.7563477       5.86311552E+18
   57.8267822       5.88909808E+18
   57.8972168       5.91588163E+18
   57.9676514       5.94451841E+18
   58.0380859       5.97500567E+18
   58.1085205       6.00650998E+18
   58.1789551       6.03807311E+18
   58.2493896       6.06893750E+18
   58.3198242       6.09915153E+18
   58.3902588       6.12963989E+18
   58.4606934       6.16245976E+18
   58.5311279       6.20051331E+18
   58.6015625       6.24745860E+18
   58.6719971       6.30714119E+18
   58.7424316       6.38336099E+18
   58.8128662       6.47928843E+18
   58.8833008       6.59730341E+18
   58.9537354       6.73857142E+18
   59.0241699       6.90315016E+18
   59.0946045       7.08986153E+18
   59.1650391       7.29667197E+18
   59.2354736       7.52077113E+18
   59.3059082       7.75906554E+18
   59.3763428       8.00826106E+18
   59.4467773       8.26524771E+18
   59.5172119       8.52697271E+18
   59.5876465       8.79058392E+18
   59.6580811       9.05309122E+18
   59.7285156       9.31132637E+18
   59.7989502       9.56152244E+18
   59.8693848       9.79936660E+18
   59.9398193       1.00197637E+19
   60.0102539       1.02171733E+19
   60.0806885       1.03856625E+19
   60.1511230       1.05195005E+19
   60.2215576       1.06133922E+19
   60.2919922       1.06631374E+19
   60.3624268       1.06658411E+19
   60.4328613       1.06204786E+19
   60.5032959       1.05279415E+19
   60.5737305       1.03912095E+19
   60.6441650       1.02149050E+19
   60.7145996       1.00050083E+19
   60.7850342       9.76815586E+18
   60.8554688       9.51132754E+18
   60.9259033       9.24125449E+18
   60.9963379       8.96433259E+18
   61.0667725       8.68633867E+18
   61.1372070       8.41258776E+18
   61.2076416       8.14781052E+18
   61.2780762       7.89645722E+18
   61.3485107       7.66268730E+18
   61.4189453       7.45073939E+18
   61.4893799       7.26485705E+18
   61.5598145       7.10948067E+18
   61.6302490       6.98896430E+18
   61.7006836       6.90753722E+18
   61.7711182       6.86886904E+18
   61.8415527       6.87595649E+18
   61.9119873       6.93067919E+18
   61.9824219       7.03370453E+18
   62.0528564       7.18407044E+18
   62.1232910       7.37923815E+18
   62.1937256       7.61494870E+18
   62.2641602       7.88560394E+18
   62.3345947       8.18439622E+18
   62.4050293       8.50389561E+18
   62.4754639       8.83627248E+18
   62.5458984       9.17384728E+18
   62.6163330       9.50921207E+18
   62.6867676       9.83570106E+18
   62.7572021       1.01474643E+19
   62.8276367       1.04398607E+19
   62.8980713       1.07094060E+19
   62.9685059       1.09540154E+19
   63.0389404       1.11727941E+19
   63.1093750       1.13660266E+19
   63.1798096       1.15346499E+19
   63.2502441       1.16799691E+19
   63.3206787       1.18029846E+19
   63.3911133       1.19041529E+19
   63.4615479       1.19829450E+19
   63.5319824       1.20380097E+19
   63.6024170       1.20671775E+19
   63.6728516       1.20679669E+19
   63.7432861       1.20377579E+19
   63.8137207       1.19743435E+19
   63.8841553       1.18760901E+19
   63.9545898       1.17424104E+19
   64.0250244       1.15738145E+19
   64.0954590       1.13722191E+19
   64.1658936       1.11408126E+19
   64.2363281       1.08841327E+19
   64.3067627       1.06076396E+19
   64.3771973       1.03175796E+19
   64.4476318       1.00204938E+19
   64.5180664       9.72302640E+18
   64.5885010       9.43137875E+18
   64.6589355       9.15107200E+18
   64.7293701       8.88643220E+18
   64.7998047       8.64051652E+18
   64.8702393       8.41485771E+18
   64.9406738       8.20975206E+18
   65.0111084       8.02440354E+18
   65.0815430       7.85746139E+18
   65.1519775       7.70717629E+18
   65.2224121       7.57174779E+18
   65.2928467       7.44924405E+18
   65.3632812       7.33769695E+18
   65.4337158       7.23479641E+18
   65.5041504       7.13787171E+18
   65.5745850       7.04367655E+18
   65.6450195       6.94860507E+18
   65.7154541       6.84876997E+18
   65.7858887       6.74048841E+18
   65.8563232       6.62049266E+18
   65.9267578       6.48637753E+18
   65.9971924       6.33656523E+18
   66.0676270       6.17044331E+18
   66.1380615       5.98809426E+18
   66.2084961       5.79030146E+18
   66.2789307       5.57823810E+18
   66.3493652       5.35350837E+18
   66.4197998       5.11795010E+18
   66.4902344       4.87378760E+18
   66.5606689       4.62353106E+18
   66.6311035       4.37021842E+18
   66.7015381       4.11734889E+18
   66.7719727       3.86902199E+18
   66.8424072       3.62956897E+18
   66.9128418       3.40333264E+18
   66.9832764       3.19406259E+18
   67.0537109       3.00466676E+18
   67.1241455       2.83678673E+18
   67.1945801       2.69087631E+18
   67.2650146       2.56618647E+18
   67.3354492       2.46121665E+18
   67.4058838       2.37392917E+18
   67.4763184       2.30230272E+18
   67.5467529       2.24455280E+18
   67.6171875       2.19956422E+18
   67.6876221       2.16680083E+18
   67.7580566       2.14629398E+18
   67.8284912       2.13811677E+18
   67.8989258       2.14213425E+18
   67.9693604       2.15752824E+18
   68.0397949       2.18288380E+18
   68.1102295       2.21621151E+18
   68.1806641       2.25548593E+18
   68.2510986       2.29890482E+18
   68.3215332       2.34538832E+18
   68.3919678       2.39456508E+18
   68.4624023       2.44686170E+18
   68.5328369       2.50306186E+18
   68.6032715       2.56409767E+18
   68.6737061       2.63052302E+18
   68.7441406       2.70241679E+18
   68.8145752       2.77906594E+18
   68.8850098       2.85909197E+18
   68.9554443       2.94034753E+18
   69.0258789       3.02022430E+18
   69.0963135       3.09569533E+18
   69.1667480       3.16377764E+18
   69.2371826       3.22175131E+18
   69.3076172       3.26778842E+18
   69.3780518       3.30121467E+18
   69.4484863       3.32301249E+18
   69.5189209       3.33580283E+18
   69.5893555       3.34394994E+18
   69.6597900       3.35307093E+18
   69.7302246       3.36965047E+18
   69.8006592       3.40012976E+18
   69.8710938       3.45029553E+18
   69.9415283       3.52442542E+18
   70.0119629       3.62501974E+18
   70.0823975       3.75248695E+18
   70.1528320       3.90540785E+18
   70.2232666       4.08057380E+18
   70.2937012       4.27337316E+18
   70.3641357       4.47776550E+18
   70.4345703       4.68657595E+18
   70.5050049       4.89150128E+18
   70.5754395       5.08368822E+18
   70.6458740       5.25421532E+18
   70.7163086       5.39513808E+18
   70.7867432       5.50024590E+18
   70.8571777       5.56604727E+18
   70.9276123       5.59212439E+18
   70.9980469       5.58140745E+18
   71.0684814       5.53964854E+18
   71.1389160       5.47487961E+18
   71.2093506       5.39629092E+18
   71.2797852       5.31339379E+18
   71.3502197       5.23492824E+18
   71.4206543       5.16830608E+18
   71.4910889       5.11897484E+18
   71.5615234       5.09037215E+18
   71.6319580       5.08374814E+18
   71.7023926       5.09852778E+18
   71.7728271       5.13247960E+18
   71.8432617       5.18230891E+18
   71.9136963       5.24393214E+18
   71.9841309       5.31304524E+18
   72.0545654       5.38529635E+18
   72.1250000       5.45670633E+18
   72.1954346       5.52363910E+18
   72.2658691       5.58306771E+18
   72.3363037       5.63246272E+18
   72.4067383       5.67000554E+18
   72.4771729       5.69442625E+18
   72.5476074       5.70519981E+18
   72.6180420       5.70239331E+18
   72.6884766       5.68684731E+18
   72.7589111       5.66000329E+18
   72.8293457       5.62402122E+18
   72.8997803       5.58149816E+18
   72.9702148       5.53541487E+18
   73.0406494       5.48862351E+18
   73.1110840       5.44362380E+18
   73.1815186       5.40202927E+18
   73.2519531       5.36452328E+18
   73.3223877       5.33064898E+18
   73.3928223       5.29919525E+18
   73.4632568       5.26843751E+18
   73.5336914       5.23680401E+18
   73.6041260       5.20312487E+18
   73.6745605       5.16702735E+18
   73.7449951       5.12871817E+18
   73.8154297       5.08890485E+18
   73.8858643       5.04829109E+18
   73.9562988       5.00752615E+18
   74.0267334       4.96704818E+18
   74.0971680       4.92751194E+18
   74.1676025       4.89003288E+18
   74.2380371       4.85681004E+18
   74.3084717       4.83126454E+18
   74.3789062       4.81820069E+18
   74.4493408       4.82320512E+18
   74.5197754       4.85198154E+18
   74.5902100       4.90905389E+18
   74.6606445       4.99679711E+18
   74.7310791       5.11438438E+18
   74.8015137       5.25762931E+18
   74.8719482       5.41915471E+18
   74.9423828       5.58952404E+18
   75.0128174       5.75843761E+18
   75.0832520       5.91638081E+18
   75.1536865       6.05575765E+18
   75.2241211       6.17201287E+18
   75.2945557       6.26394248E+18
   75.3649902       6.33390936E+18
   75.4354248       6.38728790E+18
   75.5058594       6.43182032E+18
   75.5762939       6.47628402E+18
   75.6467285       6.52926893E+18
   75.7171631       6.59759258E+18
   75.7875977       6.68531602E+18
   75.8580322       6.79292247E+18
   75.9284668       6.91754717E+18
   75.9989014       7.05352377E+18
   76.0693359       7.19377967E+18
   76.1397705       7.33108504E+18
   76.2102051       7.45953548E+18
   76.2806396       7.57534594E+18
   76.3510742       7.67746858E+18
   76.4215088       7.76735146E+18
   76.4919434       7.84865265E+18
   76.5623779       7.92640901E+18
   76.6328125       8.00654637E+18
   76.7032471       8.09516096E+18
   76.7736816       8.19835617E+18
   76.8441162       8.32187641E+18
   76.9145508       8.47115105E+18
   76.9849854       8.65089482E+18
   77.0554199       8.86493290E+18
   77.1258545       9.11549235E+18
   77.1962891       9.40274197E+18
   77.2667236       9.72402806E+18
   77.3371582       1.00737024E+19
   77.4075928       1.04429404E+19
   77.4780273       1.08203060E+19
   77.5484619       1.11922917E+19
   77.6188965       1.15445005E+19
   77.6893311       1.18625991E+19
   77.7597656       1.21335946E+19
   77.8302002       1.23465480E+19
   77.9006348       1.24933449E+19
   77.9710693       1.25688143E+19
   78.0415039       1.25709341E+19
   78.1119385       1.25004961E+19
   78.1823730       1.23611154E+19
   78.2528076       1.21589790E+19
   78.3232422       1.19029500E+19
   78.3936768       1.16042754E+19
   78.4641113       1.12764120E+19
   78.5345459       1.09341429E+19
   78.6049805       1.05925224E+19
   78.6754150       1.02651285E+19
   78.7458496       9.96252423E+18
   78.8162842       9.69080632E+18
   78.8867188       9.45112158E+18
   78.9571533       9.23969869E+18
   79.0275879       9.04896255E+18
   79.0980225       8.86880483E+18
   79.1684570       8.68832714E+18
   79.2388916       8.49711932E+18
   79.3093262       8.28662551E+18
   79.3797607       8.05091496E+18
   79.4501953       7.78744339E+18
   79.5206299       7.49718001E+18
   79.5910645       7.18469606E+18
   79.6614990       6.85763808E+18
   79.7319336       6.52615237E+18
   79.8023682       6.20165295E+18
   79.8728027       5.89561103E+18
   79.9432373       5.61789859E+18
   80.0136719       5.37551675E+18
   80.0841064       5.17135118E+18
   80.1545410       5.00391700E+18
   80.2249756       4.86764353E+18
   80.2954102       4.75421296E+18
   80.3658447       4.65396169E+18
   80.4362793       4.55752078E+18
   80.5067139       4.45675274E+18
   80.5771484       4.34537908E+18
   80.6475830       4.21872853E+18
   80.7180176       4.07337557E+18
   80.7884521       3.90632292E+18
   80.8588867       3.71449168E+18
   80.9293213       3.49409292E+18
   80.9997559       3.24061399E+18
   81.0701904       2.94905044E+18
   81.1406250       2.61512161E+18
   81.2110596       2.23702884E+18
   81.2814941       1.81843954E+18
   81.3519287       0.00000000    
   81.4223633       0.00000000    
   81.4927979       0.00000000    
   81.5632324       0.00000000    
   81.6336670       0.00000000    
   81.7041016       0.00000000    
   81.7745361       0.00000000    
   81.8449707       0.00000000    
   81.9154053       0.00000000    
   81.9858398       0.00000000    
   82.0562744       0.00000000    
   82.1267090       0.00000000    
   82.1971436       0.00000000    
   82.2675781       0.00000000    
   82.3380127       0.00000000    
   82.4084473       0.00000000    
   82.4788818       0.00000000    
   82.5493164       0.00000000    
   82.6197510       0.00000000    
   82.6901855       0.00000000    
   82.7606201       0.00000000    
   82.8310547       0.00000000    
   82.9014893       0.00000000    
   82.9719238       0.00000000    
   83.0423584       0.00000000    
   83.1127930       0.00000000    
   83.1832275       0.00000000    
   83.2536621       0.00000000    
   83.3240967       0.00000000    
   83.3945312       0.00000000    
   83.4649658       0.00000000    
   83.5354004       0.00000000    
   83.6058350       0.00000000    
   83.6762695       0.00000000    
   83.7467041       0.00000000    
   83.8171387       0.00000000    
   83.8875732       0.00000000    
   83.9580078       0.00000000    
   84.0284424       0.00000000    
   84.0988770       0.00000000    
   84.1693115       0.00000000    
   84.2397461       0.00000000    
   84.3101807       0.00000000    
   84.3806152       0.00000000    
   84.4510498       0.00000000    
   84.5214844       0.00000000    
   84.5919189       0.00000000    
   84.6623535       0.00000000    
   84.7327881       0.00000000    
   84.8032227       0.00000000    
   84.8736572       0.00000000    
   84.9440918       0.00000000    
   85.0145264       0.00000000    
   85.0849609       0.00000000    
   85.1553955       0.00000000    
   85.2258301       0.00000000    
   85.2962646       0.00000000    
   85.3666992       0.00000000    
   85.4371338       0.00000000    
   85.5075684       0.00000000    
   85.5780029       0.00000000    
   85.6484375       0.00000000    
   85.7188721       0.00000000    
   85.7893066       0.00000000    
   85.8597412       0.00000000    
   85.9301758       0.00000000    
   86.0006104       0.00000000    
   86.0710449       0.00000000    
   86.1414795       0.00000000    
   86.2119141       0.00000000    
   86.2823486       0.00000000    
   86.3527832       0.00000000    
   86.4232178       0.00000000    
   86.4936523       0.00000000    
   86.5640869       0.00000000    
   86.6345215       0.00000000    
   86.7049561       0.00000000    
   86.7753906       0.00000000    
   86.8458252       0.00000000    
   86.9162598       0.00000000    
   86.9866943       0.00000000    
   87.0571289       0.00000000    
   87.1275635       0.00000000    
   87.1979980       0.00000000    
   87.2684326       0.00000000    
   87.3388672       0.00000000    
   87.4093018       0.00000000    
   87.4797363       0.00000000    
   87.5501709       0.00000000    
   87.6206055       0.00000000    
   87.6910400       0.00000000    
   87.7614746       0.00000000    
   87.8319092       0.00000000    
   87.9023438       0.00000000    
   87.9727783       0.00000000    
   88.0432129       0.00000000    
   88.1136475       0.00000000    
   88.1840820       0.00000000    
   88.2545166       0.00000000    
   88.3249512       0.00000000    
   88.3953857       0.00000000    
   88.4658203       0.00000000    
   88.5362549       0.00000000    
   88.6066895       0.00000000    
   88.6771240       0.00000000    
   88.7475586       0.00000000    
   88.8179932       0.00000000    
   88.8884277       0.00000000    
   88.9588623       0.00000000    
   89.0292969       0.00000000    
   89.0997314       0.00000000    
   89.1701660       0.00000000    
   89.2406006       0.00000000    
   89.3110352       0.00000000    
   89.3814697       0.00000000    
   89.4519043       0.00000000    
   89.5223389       0.00000000    
   89.5927734       0.00000000    
   89.6632080       0.00000000    
   89.7336426       0.00000000    
   89.8040771       0.00000000    
   89.8745117       0.00000000    
   89.9449463       0.00000000    
   90.0153809       0.00000000    
   90.0858154       0.00000000    
   90.1562500       0.00000000    
   90.2266846       0.00000000    
   90.2971191       0.00000000    
   90.3675537       0.00000000    
   90.4379883       0.00000000    
   90.5084229       0.00000000    
   90.5788574       0.00000000    
   90.6492920       0.00000000    
   90.7197266       0.00000000    
   90.7901611       0.00000000    
   90.8605957       0.00000000    
   90.9310303       0.00000000    
   91.0014648       0.00000000    
   91.0718994       0.00000000    
   91.1423340       0.00000000    
   91.2127686       0.00000000    
   91.2832031       0.00000000    
   91.3536377       0.00000000    
   91.4240723       0.00000000    
   91.4945068       0.00000000    
   91.5649414       0.00000000    
   91.6353760       0.00000000    
   91.7058105       0.00000000    
   91.7762451       0.00000000    
   91.8466797       0.00000000    
   91.9171143       0.00000000    
   91.9875488       0.00000000    
   92.0579834       0.00000000    
   92.1284180       0.00000000    
   92.1988525       0.00000000    
   92.2692871       0.00000000    
   92.3397217       0.00000000    
   92.4101562       0.00000000    
   92.4805908       0.00000000    
   92.5510254       0.00000000    
   92.6214600       0.00000000    
   92.6918945       0.00000000    
   92.7623291       0.00000000    
   92.8327637       0.00000000    
   92.9031982       0.00000000    
   92.9736328       0.00000000    
   93.0440674       0.00000000    
   93.1145020       0.00000000    
   93.1849365       0.00000000    
   93.2553711       0.00000000    
   93.3258057       0.00000000    
   93.3962402       0.00000000    
   93.4666748       0.00000000    
   93.5371094       0.00000000    
   93.6075439       0.00000000    
   93.6779785       0.00000000    
   93.7484131       0.00000000    
   93.8188477       0.00000000    
   93.8892822       0.00000000    
   93.9597168       0.00000000    
   94.0301514       0.00000000    
   94.1005859       0.00000000    
   94.1710205       0.00000000    
   94.2414551       0.00000000    
   94.3118896       0.00000000    
   94.3823242       0.00000000    
   94.4527588       0.00000000    
   94.5231934       0.00000000    
   94.5936279       0.00000000    
   94.6640625       0.00000000    
   94.7344971       0.00000000    
   94.8049316       0.00000000    
   94.8753662       0.00000000    
   94.9458008       0.00000000    
   95.0162354       0.00000000    
   95.0866699       0.00000000    
   95.1571045       0.00000000    
   95.2275391       0.00000000    
   95.2979736       0.00000000    
   95.3684082       0.00000000    
   95.4388428       0.00000000    
   95.5092773       0.00000000    
   95.5797119       0.00000000    
   95.6501465       0.00000000    
   95.7205811       0.00000000    
   95.7910156       0.00000000    
   95.8614502       0.00000000    
   95.9318848       0.00000000    
   96.0023193       0.00000000    
   96.0727539       0.00000000    
   96.1431885       0.00000000    
   96.2136230       0.00000000    
   96.2840576       0.00000000    
   96.3544922       0.00000000    
   96.4249268       0.00000000    
   96.4953613       0.00000000    
   96.5657959       0.00000000    
   96.6362305       0.00000000    
   96.7066650       0.00000000    
   96.7770996       0.00000000    
   96.8475342       0.00000000    
   96.9179688       0.00000000    
   96.9884033       0.00000000    
   97.0588379       0.00000000    
   97.1292725       0.00000000    
   97.1997070       0.00000000    
   97.2701416       0.00000000    
   97.3405762       0.00000000    
   97.4110107       0.00000000    
   97.4814453       0.00000000    
   97.5518799       0.00000000    
   97.6223145       0.00000000    
   97.6927490       0.00000000    
