1993 01 15 11 06 05.0 43.300 143.690
103. 3.061E+20 7.591 167 10 -2 259 90 -100
  -1.12500000       0.00000000    
  -1.05468750       0.00000000    
 -0.984375000       0.00000000    
 -0.914062500       0.00000000    
 -0.843750000       0.00000000    
 -0.773437500       0.00000000    
 -0.703125000       0.00000000    
 -0.632812500       0.00000000    
 -0.562500000       0.00000000    
 -0.492187500       0.00000000    
 -0.421875000       0.00000000    
 -0.351562500       0.00000000    
 -0.281250000       0.00000000    
 -0.210937500       0.00000000    
 -0.140625000       0.00000000    
  -7.03125000E-02   0.00000000    
   0.00000000       0.00000000    
   7.03125000E-02   9.45065360E+17
  0.140625000       1.16519219E+18
  0.210937500       1.35207357E+18
  0.281250000       1.50336871E+18
  0.351562500       1.62101728E+18
  0.421875000       1.70914190E+18
  0.492187500       1.77257808E+18
  0.562500000       1.81626154E+18
  0.632812500       1.84507479E+18
  0.703125000       1.86405525E+18
  0.773437500       1.87852936E+18
  0.843750000       1.89418476E+18
  0.914062500       1.91685339E+18
  0.984375000       1.95213108E+18
   1.05468750       2.00478875E+18
   1.12500000       2.07830238E+18
   1.19531250       2.17447515E+18
   1.26562500       2.29336190E+18
   1.33593750       2.43339158E+18
   1.40625000       2.59190487E+18
   1.47656250       2.76582452E+18
   1.54687500       2.95245013E+18
   1.61718750       3.15000323E+18
   1.68750000       3.35799235E+18
   1.75781250       3.57714948E+18
   1.82812500       3.80909751E+18
   1.89843750       4.05574683E+18
   1.96875000       4.31876650E+18
   2.03906250       4.59914279E+18
   2.10937500       4.89697355E+18
   2.17968750       5.21137560E+18
   2.25000000       5.54064910E+18
   2.32031250       5.88253729E+18
   2.39062500       6.23459322E+18
   2.46093750       6.59442434E+18
   2.53125000       6.95992125E+18
   2.60156250       7.32923291E+18
   2.67187500       7.70059681E+18
   2.74218750       8.07201239E+18
   2.81250000       8.44103488E+18
   2.88281250       8.80474288E+18
   2.95312500       9.15996155E+18
   3.02343750       9.50363755E+18
   3.09375000       9.83334041E+18
   3.16406250       1.01477304E+19
   3.23437500       1.04467206E+19
   3.30468750       1.07313456E+19
   3.37500000       1.10034044E+19
   3.44531250       1.12651310E+19
   3.51562500       1.15189555E+19
   3.58593750       1.17673759E+19
   3.65625000       1.20130496E+19
   3.72656250       1.22589356E+19
   3.79687500       1.25084940E+19
   3.86718750       1.27656994E+19
   3.93750000       1.30349753E+19
   4.00781250       1.33208989E+19
   4.07812500       1.36276825E+19
   4.14843750       1.39585134E+19
   4.21875000       1.43149872E+19
   4.28906250       1.46968619E+19
   4.35937500       1.51022408E+19
   4.42968750       1.55281124E+19
   4.50000000       1.59711914E+19
   4.57031250       1.64287785E+19
   4.64062500       1.68994102E+19
   4.71093750       1.73829809E+19
   4.78125000       1.78805264E+19
   4.85156250       1.83936388E+19
   4.92187500       1.89237386E+19
   4.99218750       1.94712822E+19
   5.06250000       2.00352679E+19
   5.13281250       2.06131030E+19
   5.20312500       2.12009042E+19
   5.27343750       2.17940511E+19
   5.34375000       2.23878336E+19
   5.41406250       2.29780910E+19
   5.48437500       2.35615710E+19
   5.55468750       2.41359581E+19
   5.62500000       2.46997349E+19
   5.69531250       2.52520745E+19
   5.76562500       2.57928078E+19
   5.83593750       2.63224513E+19
   5.90625000       2.68423004E+19
   5.97656250       2.73545739E+19
   6.04687500       2.78623107E+19
   6.11718750       2.83690053E+19
   6.18750000       2.88779560E+19
   6.25781250       2.93916786E+19
   6.32812500       2.99115233E+19
   6.39843750       3.04374967E+19
   6.46875000       3.09683013E+19
   6.53906250       3.15015821E+19
   6.60937500       3.20341745E+19
   6.67968750       3.25623931E+19
   6.75000000       3.30823192E+19
   6.82031250       3.35901308E+19
   6.89062500       3.40823162E+19
   6.96093750       3.45555680E+19
   7.03125000       3.50065261E+19
   7.10156250       3.54315797E+19
   7.17187500       3.58268189E+19
   7.24218750       3.61882856E+19
   7.31250000       3.65124370E+19
   7.38281250       3.67967707E+19
   7.45312500       3.70403389E+19
   7.52343750       3.72439245E+19
   7.59375000       3.74099639E+19
   7.66406250       3.75422880E+19
   7.73437500       3.76458180E+19
   7.80468750       3.77260428E+19
   7.87500000       3.77884202E+19
   7.94531250       3.78378763E+19
   8.01562500       3.78786858E+19
   8.08593750       3.79145694E+19
   8.15625000       3.79488962E+19
   8.22656250       3.79848458E+19
   8.29687500       3.80252682E+19
   8.36718750       3.80721690E+19
   8.43750000       3.81260979E+19
   8.50781250       3.81857266E+19
   8.57812500       3.82478006E+19
   8.64843750       3.83073370E+19
   8.71875000       3.83580860E+19
   8.78906250       3.83932044E+19
   8.85937500       3.84062138E+19
   8.92968750       3.83918630E+19
   9.00000000       3.83467654E+19
   9.07031250       3.82697381E+19
   9.14062500       3.81617176E+19
   9.21093750       3.80248988E+19
   9.28125000       3.78615730E+19
   9.35156250       3.76725801E+19
   9.42187500       3.74562446E+19
   9.49218750       3.72077989E+19
   9.56250000       3.69197929E+19
   9.63281250       3.65833973E+19
   9.70312500       3.61903747E+19
   9.77343750       3.57348646E+19
   9.84375000       3.52147340E+19
   9.91406250       3.46317158E+19
   9.98437500       3.39908984E+19
   10.0546875       3.32991253E+19
   10.1250000       3.25632639E+19
   10.1953125       3.17887547E+19
   10.2656250       3.09791755E+19
   10.3359375       3.01364460E+19
   10.4062500       2.92618879E+19
   10.4765625       2.83574582E+19
   10.5468750       2.74273044E+19
   10.6171875       2.64787095E+19
   10.6875000       2.55225126E+19
   10.7578125       2.45724686E+19
   10.8281250       2.36440982E+19
   10.8984375       2.27528934E+19
   10.9687500       2.19127478E+19
   11.0390625       2.11345464E+19
   11.1093750       2.04256055E+19
   11.1796875       1.97893599E+19
   11.2500000       1.92256975E+19
   11.3203125       1.87314670E+19
   11.3906250       1.83016415E+19
   11.4609375       1.79303277E+19
   11.5312500       1.76118431E+19
   11.6015625       1.73411181E+19
   11.6718750       1.71139018E+19
   11.7421875       1.69263372E+19
   11.8125000       1.67745980E+19
   11.8828125       1.66544555E+19
   11.9531250       1.65613851E+19
   12.0234375       1.64906403E+19
   12.0937500       1.64374097E+19
   12.1640625       1.63964946E+19
   12.2343750       1.63619689E+19
   12.3046875       1.63265855E+19
   12.3750000       1.62817507E+19
   12.4453125       1.62178086E+19
   12.5156250       1.61251231E+19
   12.5859375       1.59950838E+19
   12.6562500       1.58212313E+19
   12.7265625       1.55998688E+19
   12.7968750       1.53306621E+19
   12.8671875       1.50166570E+19
   12.9375000       1.46640777E+19
   13.0078125       1.42815598E+19
   13.0781250       1.38793530E+19
   13.1484375       1.34682181E+19
   13.2187500       1.30586544E+19
   13.2890625       1.26600979E+19
   13.3593750       1.22806895E+19
   13.4296875       1.19269700E+19
   13.5000000       1.16039192E+19
   13.5703125       1.13147927E+19
   13.6406250       1.10613267E+19
   13.7109375       1.08437597E+19
   13.7812500       1.06611209E+19
   13.8515625       1.05112520E+19
   13.9218750       1.03909676E+19
   13.9921875       1.02958302E+19
   14.0625000       1.02201178E+19
   14.1328125       1.01567541E+19
   14.2031250       1.00978829E+19
   14.2734375       1.00354944E+19
   14.3437500       9.96245166E+18
   14.4140625       9.87317461E+18
   14.4843750       9.76440542E+18
   14.5546875       9.63536454E+18
   14.6250000       9.48777160E+18
   14.6953125       9.32522640E+18
   14.7656250       9.15260087E+18
   14.8359375       8.97503964E+18
   14.9062500       8.79719143E+18
   14.9765625       8.62242736E+18
   15.0468750       8.45269190E+18
   15.1171875       8.28853921E+18
   15.1875000       8.12979887E+18
   15.2578125       7.97621909E+18
   15.3281250       7.82832708E+18
   15.3984375       7.68773088E+18
   15.4687500       7.55723039E+18
   15.5390625       7.44023576E+18
   15.6093750       7.34019889E+18
   15.6796875       7.25966021E+18
   15.7500000       7.19960379E+18
   15.8203125       7.15885314E+18
   15.8906250       7.13420429E+18
   15.9609375       7.12074242E+18
   16.0312500       7.11266705E+18
   16.1015625       7.10388031E+18
   16.1718750       7.08866471E+18
   16.2421875       7.06193888E+18
   16.3125000       7.01962803E+18
   16.3828125       6.95887671E+18
   16.4531250       6.87858927E+18
   16.5234375       6.77967171E+18
   16.5937500       6.66526588E+18
   16.6640625       6.54036905E+18
   16.7343750       6.41144692E+18
   16.8046875       6.28561770E+18
   16.8750000       6.17003759E+18
   16.9453125       6.07107605E+18
   17.0156250       5.99390353E+18
   17.0859375       5.94199723E+18
   17.1562500       5.91713178E+18
   17.2265625       5.91938632E+18
   17.2968750       5.94768336E+18
   17.3671875       6.00023012E+18
   17.4375000       6.07511455E+18
   17.5078125       6.17036470E+18
   17.5781250       6.28384749E+18
   17.6484375       6.41252993E+18
   17.7187500       6.55184740E+18
   17.7890625       6.69500052E+18
   17.8593750       6.83303926E+18
   17.9296875       6.95536542E+18
   18.0000000       7.05105207E+18
   18.0703125       7.11023988E+18
   18.1406250       7.12570176E+18
   18.2109375       7.09372357E+18
   18.2812500       7.01457522E+18
   18.3515625       6.89217704E+18
   18.4218750       6.73366265E+18
   18.4921875       6.54848949E+18
   18.5625000       6.34767139E+18
   18.6328125       6.14269989E+18
   18.7031250       5.94478229E+18
   18.7734375       5.76395276E+18
   18.8437500       5.60863300E+18
   18.9140625       5.48512156E+18
   18.9843750       5.39752292E+18
   19.0546875       5.34756166E+18
   19.1250000       5.33480128E+18
   19.1953125       5.35676348E+18
   19.2656250       5.40944053E+18
   19.3359375       5.48760536E+18
   19.4062500       5.58534645E+18
   19.4765625       5.69630861E+18
   19.5468750       5.81410479E+18
   19.6171875       5.93239245E+18
   19.6875000       6.04509624E+18
   19.7578125       6.14641623E+18
   19.8281250       6.23115230E+18
   19.8984375       6.29490308E+18
   19.9687500       6.33455477E+18
   20.0390625       6.34853726E+18
   20.1093750       6.33724307E+18
   20.1796875       6.30292842E+18
   20.2500000       6.24943003E+18
   20.3203125       6.18124986E+18
   20.3906250       6.10272549E+18
   20.4609375       6.01714060E+18
   20.5312500       5.92642705E+18
   20.6015625       5.83108290E+18
   20.6718750       5.73065570E+18
   20.7421875       5.62411962E+18
   20.8125000       5.51045541E+18
   20.8828125       5.38883623E+18
   20.9531250       5.25884152E+18
   21.0234375       5.12015077E+18
   21.0937500       4.97225381E+18
   21.1640625       4.81385487E+18
   21.2343750       4.64268345E+18
   21.3046875       4.45526042E+18
   21.3750000       4.24711628E+18
   21.4453125       4.01293514E+18
   21.5156250       3.74718950E+18
   21.5859375       3.44474272E+18
   21.6562500       3.10193671E+18
   21.7265625       2.71765409E+18
   21.7968750       0.00000000    
   21.8671875       0.00000000    
   21.9375000       0.00000000    
   22.0078125       0.00000000    
   22.0781250       0.00000000    
   22.1484375       0.00000000    
   22.2187500       0.00000000    
   22.2890625       0.00000000    
   22.3593750       0.00000000    
   22.4296875       0.00000000    
   22.5000000       0.00000000    
   22.5703125       0.00000000    
   22.6406250       0.00000000    
   22.7109375       0.00000000    
   22.7812500       0.00000000    
   22.8515625       0.00000000    
   22.9218750       0.00000000    
   22.9921875       0.00000000    
   23.0625000       0.00000000    
   23.1328125       0.00000000    
   23.2031250       0.00000000    
   23.2734375       0.00000000    
   23.3437500       0.00000000    
   23.4140625       0.00000000    
   23.4843750       0.00000000    
   23.5546875       0.00000000    
   23.6250000       0.00000000    
   23.6953125       0.00000000    
   23.7656250       0.00000000    
   23.8359375       0.00000000    
   23.9062500       0.00000000    
   23.9765625       0.00000000    
   24.0468750       0.00000000    
   24.1171875       0.00000000    
   24.1875000       0.00000000    
   24.2578125       0.00000000    
   24.3281250       0.00000000    
   24.3984375       0.00000000    
   24.4687500       0.00000000    
   24.5390625       0.00000000    
   24.6093750       0.00000000    
   24.6796875       0.00000000    
   24.7500000       0.00000000    
   24.8203125       0.00000000    
   24.8906250       0.00000000    
   24.9609375       0.00000000    
   25.0312500       0.00000000    
   25.1015625       0.00000000    
   25.1718750       0.00000000    
   25.2421875       0.00000000    
   25.3125000       0.00000000    
   25.3828125       0.00000000    
   25.4531250       0.00000000    
   25.5234375       0.00000000    
   25.5937500       0.00000000    
   25.6640625       0.00000000    
   25.7343750       0.00000000    
   25.8046875       0.00000000    
   25.8750000       0.00000000    
   25.9453125       0.00000000    
   26.0156250       0.00000000    
   26.0859375       0.00000000    
   26.1562500       0.00000000    
   26.2265625       0.00000000    
