2015 05 30 11 23 02.0 27.839 140.493
690. 6.459E+20 7.807 40 28 -36 163 74 -113
  -1.12500000       0.00000000    
  -1.05468750       0.00000000    
 -0.984375000       0.00000000    
 -0.914062500       0.00000000    
 -0.843750000       0.00000000    
 -0.773437500       0.00000000    
 -0.703125000       0.00000000    
 -0.632812500       0.00000000    
 -0.562500000       0.00000000    
 -0.492187500       0.00000000    
 -0.421875000       0.00000000    
 -0.351562500       0.00000000    
 -0.281250000       0.00000000    
 -0.210937500       0.00000000    
 -0.140625000       0.00000000    
  -7.03125000E-02   0.00000000    
   0.00000000       0.00000000    
   7.03125000E-02   2.22207754E+18
  0.140625000       4.12813950E+18
  0.210937500       6.94189256E+18
  0.281250000       1.07099733E+19
  0.351562500       1.53753078E+19
  0.421875000       2.07765696E+19
  0.492187500       2.66716496E+19
  0.562500000       3.27787572E+19
  0.632812500       3.88245032E+19
  0.703125000       4.45846599E+19
  0.773437500       4.99081654E+19
  0.843750000       5.47209389E+19
  0.914062500       5.90145670E+19
  0.984375000       6.28271851E+19
   1.05468750       6.62238272E+19
   1.12500000       6.92794712E+19
   1.19531250       7.20660383E+19
   1.26562500       7.46426954E+19
   1.33593750       7.70497199E+19
   1.40625000       7.93053196E+19
   1.47656250       8.14054924E+19
   1.54687500       8.33257498E+19
   1.61718750       8.50248823E+19
   1.68750000       8.64523827E+19
   1.75781250       8.75625288E+19
   1.82812500       8.83329698E+19
   1.89843750       8.87818784E+19
   1.96875000       8.89724809E+19
   2.03906250       8.90001798E+19
   2.10937500       8.89640982E+19
   2.17968750       8.89347105E+19
   2.25000000       8.89292481E+19
   2.32031250       8.89045399E+19
   2.39062500       8.87679366E+19
   2.46093750       8.84038839E+19
   2.53125000       8.77080074E+19
   2.60156250       8.66224112E+19
   2.67187500       8.51635703E+19
   2.74218750       8.34362200E+19
   2.81250000       8.16268724E+19
   2.88281250       7.99766638E+19
   2.95312500       7.87365115E+19
   3.02343750       7.81148740E+19
   3.09375000       7.82294431E+19
   3.16406250       7.90767971E+19
   3.23437500       8.05279677E+19
   3.30468750       8.23528228E+19
   3.37500000       8.42652341E+19
   3.44531250       8.59779654E+19
   3.51562500       8.72512175E+19
   3.58593750       8.79244176E+19
   3.65625000       8.79232126E+19
   3.72656250       8.72466171E+19
   3.79687500       8.59416639E+19
   3.86718750       8.40800852E+19
   3.93750000       8.17439308E+19
   4.00781250       7.90239414E+19
   4.07812500       7.60245616E+19
   4.14843750       7.28688885E+19
   4.21875000       6.96963049E+19
   4.28906250       6.66530590E+19
   4.35937500       6.38772275E+19
   4.42968750       6.14839294E+19
   4.50000000       5.95521798E+19
   4.57031250       5.81180956E+19
   4.64062500       5.71744419E+19
   4.71093750       5.66777705E+19
   4.78125000       5.65574884E+19
   4.85156250       5.67248692E+19
   4.92187500       5.70787228E+19
   4.99218750       5.75127748E+19
   5.06250000       5.79273347E+19
   5.13281250       5.82474861E+19
   5.20312500       5.84399358E+19
   5.27343750       5.85199495E+19
   5.34375000       5.85394944E+19
   5.41406250       5.85599717E+19
   5.48437500       5.86186021E+19
   5.55468750       5.87044871E+19
   5.62500000       5.87538068E+19
   5.69531250       5.86702659E+19
   5.76562500       5.83641883E+19
   5.83593750       5.77985335E+19
   5.90625000       5.70215306E+19
   5.97656250       5.61720655E+19
   6.04687500       5.54501042E+19
   6.11718750       5.50609915E+19
   6.18750000       5.51492954E+19
   6.25781250       5.57463346E+19
   6.32812500       5.67486362E+19
   6.39843750       5.79381275E+19
   6.46875000       5.90371070E+19
   6.53906250       5.97826418E+19
   6.60937500       5.99953446E+19
   6.67968750       5.96235205E+19
   6.75000000       5.87499761E+19
   6.82031250       5.75650852E+19
   6.89062500       5.63155342E+19
   6.96093750       5.52450893E+19
   7.03125000       5.45384815E+19
   7.10156250       5.42807032E+19
   7.17187500       5.44382413E+19
   7.24218750       5.48691355E+19
   7.31250000       5.53581103E+19
   7.38281250       5.56690038E+19
   7.45312500       5.55971661E+19
   7.52343750       5.50081533E+19
   7.59375000       5.38516518E+19
   7.66406250       5.21527480E+19
   7.73437500       4.99875105E+19
   7.80468750       4.74576618E+19
   7.87500000       4.46724889E+19
   7.94531250       4.17435087E+19
   8.01562500       3.87857653E+19
   8.08593750       3.59200311E+19
   8.15625000       3.32666831E+19
   8.22656250       3.09318899E+19
   8.29687500       2.89878676E+19
   8.36718750       2.74563183E+19
   8.43750000       2.62998893E+19
   8.50781250       2.54286451E+19
   8.57812500       2.47204739E+19
   8.64843750       2.40536069E+19
   8.71875000       2.33399512E+19
   8.78906250       2.25494398E+19
   8.85937500       2.17135053E+19
   8.92968750       2.09077348E+19
   9.00000000       2.02189765E+19
   9.07031250       1.97131374E+19
   9.14062500       1.94148377E+19
   9.21093750       1.93070723E+19
   9.28125000       1.93453639E+19
   9.35156250       1.94791855E+19
   9.42187500       1.96684466E+19
   9.49218750       1.98906293E+19
   9.56250000       2.01360821E+19
   9.63281250       2.03991315E+19
   9.70312500       2.06712694E+19
   9.77343750       2.09433941E+19
   9.84375000       2.12131791E+19
   9.91406250       2.14922791E+19
   9.98437500       2.18041952E+19
   10.0546875       2.21733012E+19
   10.1250000       2.26076435E+19
   10.1953125       2.30857420E+19
   10.2656250       2.35521064E+19
   10.3359375       2.39259690E+19
   10.4062500       2.41185066E+19
   10.4765625       2.40553045E+19
   10.5468750       2.36954937E+19
   10.6171875       2.30440551E+19
   10.6875000       2.21520455E+19
   10.7578125       2.11081142E+19
   10.8281250       2.00244135E+19
   10.8984375       1.90247002E+19
   10.9687500       1.82349408E+19
   11.0390625       1.77761992E+19
   11.1093750       1.77536196E+19
   11.1796875       1.82415334E+19
   11.2500000       1.92651238E+19
   11.3203125       2.07866390E+19
   11.3906250       2.27006336E+19
   11.4609375       2.48433751E+19
   11.5312500       2.70136175E+19
   11.6015625       2.90025615E+19
   11.6718750       3.06258321E+19
   11.7421875       3.17535176E+19
   11.8125000       3.23301543E+19
   11.8828125       3.23812969E+19
   11.9531250       3.20026867E+19
   12.0234375       3.13371677E+19
   12.0937500       3.05450400E+19
   12.1640625       2.97785748E+19
   12.2343750       2.91644536E+19
   12.3046875       2.87965284E+19
   12.3750000       2.87334494E+19
   12.4453125       2.89991552E+19
   12.5156250       2.95822130E+19
   12.5859375       3.04373164E+19
   12.6562500       3.14895204E+19
   12.7265625       3.26454260E+19
   12.7968750       3.38090480E+19
   12.8671875       3.49002847E+19
   12.9375000       3.58676746E+19
   13.0078125       3.66919059E+19
   13.0781250       3.73764640E+19
   13.1484375       3.79306443E+19
   13.2187500       3.83497121E+19
   13.2890625       3.86027449E+19
   13.3593750       3.86325725E+19
   13.4296875       3.83716936E+19
   13.5000000       3.77665268E+19
   13.5703125       3.68015096E+19
   13.6406250       3.55104587E+19
   13.7109375       3.39724068E+19
   13.7812500       3.22928346E+19
   13.8515625       3.05808884E+19
   13.9218750       2.89295473E+19
   13.9921875       2.74059628E+19
   14.0625000       2.60502716E+19
   14.1328125       2.48819459E+19
   14.2031250       2.39077259E+19
   14.2734375       2.31292013E+19
   14.3437500       2.25443842E+19
   14.4140625       2.21433593E+19
   14.4843750       2.18970555E+19
   14.5546875       2.17470338E+19
   14.6250000       2.16019972E+19
   14.6953125       2.13492986E+19
   14.7656250       2.08782305E+19
   14.8359375       2.01089638E+19
   14.9062500       1.90133180E+19
   14.9765625       1.76218729E+19
   15.0468750       1.60146771E+19
   15.1171875       1.43032147E+19
   15.1875000       1.26081163E+19
   15.2578125       1.10396784E+19
   15.3281250       9.68118889E+18
   15.3984375       8.57794882E+18
   15.4687500       7.73014674E+18
   15.5390625       7.09287639E+18
   15.6093750       6.58225550E+18
   15.6796875       6.09057809E+18
   15.7500000       0.00000000    
   15.8203125       0.00000000    
   15.8906250       0.00000000    
   15.9609375       0.00000000    
   16.0312500       0.00000000    
   16.1015625       0.00000000    
   16.1718750       0.00000000    
   16.2421875       0.00000000    
   16.3125000       0.00000000    
   16.3828125       0.00000000    
   16.4531250       0.00000000    
   16.5234375       0.00000000    
   16.5937500       0.00000000    
   16.6640625       0.00000000    
   16.7343750       0.00000000    
   16.8046875       0.00000000    
   16.8750000       0.00000000    
   16.9453125       0.00000000    
   17.0156250       0.00000000    
   17.0859375       0.00000000    
   17.1562500       0.00000000    
   17.2265625       0.00000000    
   17.2968750       0.00000000    
   17.3671875       0.00000000    
   17.4375000       0.00000000    
   17.5078125       0.00000000    
   17.5781250       0.00000000    
   17.6484375       0.00000000    
   17.7187500       0.00000000    
   17.7890625       0.00000000    
   17.8593750       0.00000000    
   17.9296875       0.00000000    
   18.0000000       0.00000000    
   18.0703125       0.00000000    
   18.1406250       0.00000000    
   18.2109375       0.00000000    
   18.2812500       0.00000000    
   18.3515625       0.00000000    
   18.4218750       0.00000000    
   18.4921875       0.00000000    
   18.5625000       0.00000000    
   18.6328125       0.00000000    
   18.7031250       0.00000000    
   18.7734375       0.00000000    
   18.8437500       0.00000000    
   18.9140625       0.00000000    
