2015 04 25 06 11 25.0 28.230 84.731
12. 9.779E+20 7.927 301 6 111 100 85 88
  -1.12500000       0.00000000    
  -1.05468750       0.00000000    
 -0.984375000       0.00000000    
 -0.914062500       0.00000000    
 -0.843750000       0.00000000    
 -0.773437500       0.00000000    
 -0.703125000       0.00000000    
 -0.632812500       0.00000000    
 -0.562500000       0.00000000    
 -0.492187500       0.00000000    
 -0.421875000       0.00000000    
 -0.351562500       0.00000000    
 -0.281250000       0.00000000    
 -0.210937500       0.00000000    
 -0.140625000       0.00000000    
  -7.03125000E-02   0.00000000    
   0.00000000       0.00000000    
   7.03125000E-02   1.55286350E+18
  0.140625000       1.58619753E+18
  0.210937500       1.63936057E+18
  0.281250000       1.70976188E+18
  0.351562500       1.79262795E+18
  0.421875000       1.88130274E+18
  0.492187500       1.96807826E+18
  0.562500000       2.04507761E+18
  0.632812500       2.10531449E+18
  0.703125000       2.14336639E+18
  0.773437500       2.15600033E+18
  0.843750000       2.14242356E+18
  0.914062500       2.10450800E+18
  0.984375000       2.04652031E+18
   1.05468750       1.97465952E+18
   1.12500000       1.89616511E+18
   1.19531250       1.81845658E+18
   1.26562500       1.74816315E+18
   1.33593750       1.69046587E+18
   1.40625000       1.64852225E+18
   1.47656250       1.62328777E+18
   1.54687500       1.61345978E+18
   1.61718750       1.61595004E+18
   1.68750000       1.62655785E+18
   1.75781250       1.64101080E+18
   1.82812500       1.65574824E+18
   1.89843750       1.66860112E+18
   1.96875000       1.67902009E+18
   2.03906250       1.68815717E+18
   2.10937500       1.69844035E+18
   2.17968750       1.71292353E+18
   2.25000000       1.73421159E+18
   2.32031250       1.76350505E+18
   2.39062500       1.79981642E+18
   2.46093750       1.84005896E+18
   2.53125000       1.87988753E+18
   2.60156250       1.91540052E+18
   2.67187500       1.94482084E+18
   2.74218750       1.96984779E+18
   2.81250000       1.99581674E+18
   2.88281250       2.03081488E+18
   2.95312500       2.08353784E+18
   3.02343750       2.16090332E+18
   3.09375000       2.26592978E+18
   3.16406250       2.39699170E+18
   3.23437500       2.54834277E+18
   3.30468750       2.71199298E+18
   3.37500000       2.87989556E+18
   3.44531250       3.04594188E+18
   3.51562500       3.20683589E+18
   3.58593750       3.36218039E+18
   3.65625000       3.51379754E+18
   3.72656250       3.66504059E+18
   3.79687500       3.81983644E+18
   3.86718750       3.98181209E+18
   3.93750000       4.15312123E+18
   4.00781250       4.33362640E+18
   4.07812500       4.52037350E+18
   4.14843750       4.70804282E+18
   4.21875000       4.88992458E+18
   4.28906250       5.05935658E+18
   4.35937500       5.21070105E+18
   4.42968750       5.34001626E+18
   4.50000000       5.44521534E+18
   4.57031250       5.52630432E+18
   4.64062500       5.58533105E+18
   4.71093750       5.62623014E+18
   4.78125000       5.65401315E+18
   4.85156250       5.67375983E+18
   4.92187500       5.68936025E+18
   4.99218750       5.70293866E+18
   5.06250000       5.71484143E+18
   5.13281250       5.72443357E+18
   5.20312500       5.73082008E+18
   5.27343750       5.73350619E+18
   5.34375000       5.73253477E+18
   5.41406250       5.72863425E+18
   5.48437500       5.72312075E+18
   5.55468750       5.71801682E+18
   5.62500000       5.71600251E+18
   5.69531250       5.72040771E+18
   5.76562500       5.73474589E+18
   5.83593750       5.76208909E+18
   5.90625000       5.80410913E+18
   5.97656250       5.86043986E+18
   6.04687500       5.92830886E+18
   6.11718750       6.00306631E+18
   6.18750000       6.07918825E+18
   6.25781250       6.15171533E+18
   6.32812500       6.21702467E+18
   6.39843750       6.27287711E+18
   6.46875000       6.31743647E+18
   6.53906250       6.34829756E+18
   6.60937500       6.36189852E+18
   6.67968750       6.35412937E+18
   6.75000000       6.32164375E+18
   6.82031250       6.26341747E+18
   6.89062500       6.18138455E+18
   6.96093750       6.08014592E+18
   7.03125000       5.96569995E+18
   7.10156250       5.84417093E+18
   7.17187500       5.72063860E+18
   7.24218750       5.59870276E+18
   7.31250000       5.48043434E+18
   7.38281250       5.36699938E+18
   7.45312500       5.25938028E+18
   7.52343750       5.15935056E+18
   7.59375000       5.07001909E+18
   7.66406250       4.99600382E+18
   7.73437500       4.94266761E+18
   7.80468750       4.91502039E+18
   7.87500000       4.91647779E+18
   7.94531250       4.94829930E+18
   8.01562500       5.00951242E+18
   8.08593750       5.09753492E+18
   8.15625000       5.20885222E+18
   8.22656250       5.33982000E+18
   8.29687500       5.48702372E+18
   8.36718750       5.64755406E+18
   8.43750000       5.81888491E+18
   8.50781250       5.99884033E+18
   8.57812500       6.18526913E+18
   8.64843750       6.37593269E+18
   8.71875000       6.56838791E+18
   8.78906250       6.76027138E+18
   8.85937500       6.94945060E+18
   8.92968750       7.13421363E+18
   9.00000000       7.31308108E+18
   9.07031250       7.48464778E+18
   9.14062500       7.64726995E+18
   9.21093750       7.79918177E+18
   9.28125000       7.93871639E+18
   9.35156250       8.06483588E+18
   9.42187500       8.17722136E+18
   9.49218750       8.27622743E+18
   9.56250000       8.36239011E+18
   9.63281250       8.43624925E+18
   9.70312500       8.49825181E+18
   9.77343750       8.54918614E+18
   9.84375000       8.59062399E+18
   9.91406250       8.62554722E+18
   9.98437500       8.65849024E+18
   10.0546875       8.69537556E+18
   10.1250000       8.74266775E+18
   10.1953125       8.80622612E+18
   10.2656250       8.88965102E+18
   10.3359375       8.99292485E+18
   10.4062500       9.11150552E+18
   10.4765625       9.23681687E+18
   10.5468750       9.35787310E+18
   10.6171875       9.46429593E+18
   10.6875000       9.54952237E+18
   10.7578125       9.61348426E+18
   10.8281250       9.66314150E+18
   10.8984375       9.71084601E+18
   10.9687500       9.77069683E+18
   11.0390625       9.85474460E+18
   11.1093750       9.97000420E+18
   11.1796875       1.01176059E+19
   11.2500000       1.02936048E+19
   11.3203125       1.04910573E+19
   11.3906250       1.07018765E+19
   11.4609375       1.09182428E+19
   11.5312500       1.11329785E+19
   11.6015625       1.13397296E+19
   11.6718750       1.15327951E+19
   11.7421875       1.17072799E+19
   11.8125000       1.18590509E+19
   11.8828125       1.19848296E+19
   11.9531250       1.20818351E+19
   12.0234375       1.21476519E+19
   12.0937500       1.21800830E+19
   12.1640625       1.21776069E+19
   12.2343750       1.21397420E+19
   12.3046875       1.20675469E+19
   12.3750000       1.19637970E+19
   12.4453125       1.18333345E+19
   12.5156250       1.16830664E+19
   12.5859375       1.15218857E+19
   12.6562500       1.13599562E+19
   12.7265625       1.12077091E+19
   12.7968750       1.10743713E+19
   12.8671875       1.09668984E+19
   12.9375000       1.08893696E+19
   13.0078125       1.08435156E+19
   13.0781250       1.08296607E+19
   13.1484375       1.08479884E+19
   13.2187500       1.08992081E+19
   13.2890625       1.09847985E+19
   13.3593750       1.11064077E+19
   13.4296875       1.12650497E+19
   13.5000000       1.14600503E+19
   13.5703125       1.16884760E+19
   13.6406250       1.19448392E+19
   13.7109375       1.22217743E+19
   13.7812500       1.25112142E+19
   13.8515625       1.28060702E+19
   13.9218750       1.31010758E+19
   13.9921875       1.33928103E+19
   14.0625000       1.36785305E+19
   14.1328125       1.39551775E+19
   14.2031250       1.42188602E+19
   14.2734375       1.44656632E+19
   14.3437500       1.46929311E+19
   14.4140625       1.49005211E+19
   14.4843750       1.50907487E+19
   14.5546875       1.52673446E+19
   14.6250000       1.54338403E+19
   14.6953125       1.55927132E+19
   14.7656250       1.57452044E+19
   14.8359375       1.58918980E+19
   14.9062500       1.60330632E+19
   14.9765625       1.61689914E+19
   15.0468750       1.62999289E+19
   15.1171875       1.64263145E+19
   15.1875000       1.65488078E+19
   15.2578125       1.66682807E+19
   15.3281250       1.67850653E+19
   15.3984375       1.68981754E+19
   15.4687500       1.70047489E+19
   15.5390625       1.71007725E+19
   15.6093750       1.71825828E+19
   15.6796875       1.72489053E+19
   15.7500000       1.73020898E+19
   15.8203125       1.73481835E+19
   15.8906250       1.73952657E+19
   15.9609375       1.74510824E+19
   16.0312500       1.75206353E+19
   16.1015625       1.76052372E+19
   16.1718750       1.77028233E+19
   16.2421875       1.78097640E+19
   16.3125000       1.79228257E+19
   16.3828125       1.80411045E+19
   16.4531250       1.81665478E+19
   16.5234375       1.83034095E+19
   16.5937500       1.84562856E+19
   16.6640625       1.86280953E+19
   16.7343750       1.88183922E+19
   16.8046875       1.90232642E+19
   16.8750000       1.92366772E+19
   16.9453125       1.94530655E+19
   17.0156250       1.96694538E+19
   17.0859375       1.98863852E+19
   17.1562500       2.01067603E+19
   17.2265625       2.03335830E+19
   17.2968750       2.05673150E+19
   17.3671875       2.08045060E+19
   17.4375000       2.10377718E+19
   17.5078125       2.12574147E+19
   17.5781250       2.14533476E+19
   17.6484375       2.16170583E+19
   17.7187500       2.17428336E+19
   17.7890625       2.18286945E+19
   17.8593750       2.18763913E+19
   17.9296875       2.18909511E+19
   18.0000000       2.18796239E+19
   18.0703125       2.18512477E+19
   18.1406250       2.18159006E+19
   18.2109375       2.17852770E+19
   18.2812500       2.17725205E+19
   18.3515625       2.17913573E+19
   18.4218750       2.18536402E+19
   18.4921875       2.19667294E+19
   18.5625000       2.21315990E+19
   18.6328125       2.23434727E+19
   18.7031250       2.25944274E+19
   18.7734375       2.28772174E+19
   18.8437500       2.31880779E+19
   18.9140625       2.35275521E+19
   18.9843750       2.38987055E+19
   19.0546875       2.43039745E+19
   19.1250000       2.47420001E+19
   19.1953125       2.52063700E+19
   19.2656250       2.56862343E+19
   19.3359375       2.61687638E+19
   19.4062500       2.66418660E+19
   19.4765625       2.70965009E+19
   19.5468750       2.75272654E+19
   19.6171875       2.79316569E+19
   19.6875000       2.83082815E+19
   19.7578125       2.86555160E+19
   19.8281250       2.89709769E+19
   19.8984375       2.92523529E+19
   19.9687500       2.94987513E+19
   20.0390625       2.97120148E+19
   20.1093750       2.98967833E+19
   20.1796875       3.00594099E+19
   20.2500000       3.02057724E+19
   20.3203125       3.03394665E+19
   20.3906250       3.04606194E+19
   20.4609375       3.05662165E+19
   20.5312500       3.06511516E+19
   20.6015625       3.07100722E+19
   20.6718750       3.07389498E+19
   20.7421875       3.07364825E+19
   20.8125000       3.07046099E+19
   20.8828125       3.06484490E+19
   20.9531250       3.05750258E+19
   21.0234375       3.04915663E+19
   21.0937500       3.04036076E+19
   21.1640625       3.03143228E+19
   21.2343750       3.02247808E+19
   21.3046875       3.01349331E+19
   21.3750000       3.00441970E+19
   21.4453125       2.99515104E+19
   21.5156250       2.98549403E+19
   21.5859375       2.97518611E+19
   21.6562500       2.96398428E+19
   21.7265625       2.95186524E+19
   21.7968750       2.93918172E+19
   21.8671875       2.92673920E+19
   21.9375000       2.91569329E+19
   22.0078125       2.90735591E+19
   22.0781250       2.90292334E+19
   22.1484375       2.90323275E+19
   22.2187500       2.90857329E+19
   22.2890625       2.91862503E+19
   22.3593750       2.93250570E+19
   22.4296875       2.94894340E+19
   22.5000000       2.96649139E+19
   22.5703125       2.98376076E+19
   22.6406250       2.99955348E+19
   22.7109375       3.01290463E+19
   22.7812500       3.02302080E+19
   22.8515625       3.02921589E+19
   22.9218750       3.03085218E+19
   22.9921875       3.02736233E+19
   23.0625000       3.01832039E+19
   23.1328125       3.00359639E+19
   23.2031250       2.98350501E+19
   23.2734375       2.95891597E+19
   23.3437500       2.93123907E+19
   23.4140625       2.90232301E+19
   23.4843750       2.87426083E+19
   23.5546875       2.84919197E+19
   23.6250000       2.82911467E+19
   23.6953125       2.81575120E+19
   23.7656250       2.81041263E+19
   23.8359375       2.81388709E+19
   23.9062500       2.82631817E+19
   23.9765625       2.84717678E+19
   24.0468750       2.87529635E+19
   24.1171875       2.90903707E+19
   24.1875000       2.94651590E+19
   24.2578125       2.98592108E+19
   24.3281250       3.02579289E+19
   24.3984375       3.06521918E+19
   24.4687500       3.10382633E+19
   24.5390625       3.14157916E+19
   24.6093750       3.17843039E+19
   24.6796875       3.21400619E+19
   24.7500000       3.24746235E+19
   24.8203125       3.27762327E+19
   24.8906250       3.30328763E+19
   24.9609375       3.32355977E+19
   25.0312500       3.33800185E+19
   25.1015625       3.34660883E+19
   25.1718750       3.34962501E+19
   25.2421875       3.34738333E+19
   25.3125000       3.34021847E+19
   25.3828125       3.32851879E+19
   25.4531250       3.31280347E+19
   25.5234375       3.29379401E+19
   25.5937500       3.27240565E+19
   25.6640625       3.24971877E+19
   25.7343750       3.22691665E+19
   25.8046875       3.20520724E+19
   25.8750000       3.18569574E+19
   25.9453125       3.16925475E+19
   26.0156250       3.15638936E+19
   26.0859375       3.14716556E+19
   26.1562500       3.14119983E+19
   26.2265625       3.13775110E+19
   26.2968750       3.13584499E+19
   26.3671875       3.13442750E+19
   26.4375000       3.13246795E+19
   26.5078125       3.12904978E+19
   26.5781250       3.12340137E+19
   26.6484375       3.11492150E+19
   26.7187500       3.10318949E+19
   26.7890625       3.08801007E+19
   26.8593750       3.06946373E+19
   26.9296875       3.04795245E+19
   27.0000000       3.02418606E+19
   27.0703125       2.99912027E+19
   27.1406250       2.97383107E+19
   27.2109375       2.94938629E+19
   27.2812500       2.92670952E+19
   27.3515625       2.90651347E+19
   27.4218750       2.88925531E+19
   27.4921875       2.87514814E+19
   27.5625000       2.86418953E+19
   27.6328125       2.85624490E+19
   27.7031250       2.85111919E+19
   27.7734375       2.84860175E+19
   27.8437500       2.84843001E+19
   27.9140625       2.85022419E+19
   27.9843750       2.85342685E+19
   28.0546875       2.85732879E+19
   28.1250000       2.86117665E+19
   28.1953125       2.86437556E+19
   28.2656250       2.86668190E+19
   28.3359375       2.86833886E+19
   28.4062500       2.87006290E+19
   28.4765625       2.87290668E+19
   28.5468750       2.87799324E+19
   28.6171875       2.88621428E+19
   28.6875000       2.89794629E+19
   28.7578125       2.91291307E+19
   28.8281250       2.93020530E+19
   28.8984375       2.94849810E+19
   28.9687500       2.96636560E+19
   29.0390625       2.98264827E+19
   29.1093750       2.99670509E+19
   29.1796875       3.00852660E+19
   29.2500000       3.01865486E+19
   29.3203125       3.02801280E+19
   29.3906250       3.03766322E+19
   29.4609375       3.04859830E+19
   29.5312500       3.06155670E+19
   29.6015625       3.07696570E+19
   29.6718750       3.09498054E+19
   29.7421875       3.11564520E+19
   29.8125000       3.13905930E+19
   29.8828125       3.16547880E+19
   29.9531250       3.19522103E+19
   30.0234375       3.22840759E+19
   30.0937500       3.26462682E+19
   30.1640625       3.30274733E+19
   30.2343750       3.34097955E+19
   30.3046875       3.37722341E+19
   30.3750000       3.40954048E+19
   30.4453125       3.43661331E+19
   30.5156250       3.45800365E+19
   30.5859375       3.47418912E+19
   30.6562500       3.48635434E+19
   30.7265625       3.49606171E+19
   30.7968750       3.50484241E+19
   30.8671875       3.51386302E+19
   30.9375000       3.52372410E+19
   31.0078125       3.53449558E+19
   31.0781250       3.54592412E+19
   31.1484375       3.55773265E+19
   31.2187500       3.56984751E+19
   31.2890625       3.58250575E+19
   31.3593750       3.59617334E+19
   31.4296875       3.61133011E+19
   31.5000000       3.62815396E+19
   31.5703125       3.64625082E+19
   31.6406250       3.66450997E+19
   31.7109375       3.68122826E+19
   31.7812500       3.69451168E+19
   31.8515625       3.70291195E+19
   31.9218750       3.70600774E+19
   31.9921875       3.70469932E+19
   32.0625000       3.70100276E+19
   32.1328125       3.69747421E+19
   32.2031250       3.69643847E+19
   32.2734375       3.69936493E+19
   32.3437500       3.70654210E+19
   32.4140625       3.71712248E+19
   32.4843750       3.72943789E+19
   32.5546875       3.74146435E+19
   32.6250000       3.75129882E+19
   32.6953125       3.75759286E+19
   32.7656250       3.75983147E+19
   32.8359375       3.75840342E+19
   32.9062500       3.75442451E+19
   32.9765625       3.74938875E+19
   33.0468750       3.74473605E+19
   33.1171875       3.74146874E+19
   33.1875000       3.73988941E+19
   33.2578125       3.73953580E+19
   33.3281250       3.73928731E+19
   33.3984375       3.73764288E+19
   33.4687500       3.73306188E+19
   33.5390625       3.72432780E+19
   33.6093750       3.71082140E+19
   33.6796875       3.69266362E+19
   33.7500000       3.67068175E+19
   33.8203125       3.64626137E+19
   33.8906250       3.62108256E+19
   33.9609375       3.59682865E+19
   34.0312500       3.57489977E+19
   34.1015625       3.55622083E+19
   34.1718750       3.54117511E+19
   34.2421875       3.52966586E+19
   34.3125000       3.52126515E+19
   34.3828125       3.51542543E+19
   34.4531250       3.51168335E+19
   34.5234375       3.50982627E+19
   34.5937500       3.50996239E+19
   34.6640625       3.51252975E+19
   34.7343750       3.51820411E+19
   34.8046875       3.52772808E+19
   34.8750000       3.54165054E+19
   34.9453125       3.56008979E+19
   35.0156250       3.58257898E+19
   35.0859375       3.60810326E+19
   35.1562500       3.63531573E+19
   35.2265625       3.66290358E+19
   35.2968750       3.68994387E+19
   35.3671875       3.71613468E+19
   35.4375000       3.74177529E+19
   35.5078125       3.76755620E+19
   35.5781250       3.79419341E+19
   35.6484375       3.82206866E+19
   35.7187500       3.85094800E+19
   35.7890625       3.87990430E+19
   35.8593750       3.90743255E+19
   35.9296875       3.93177618E+19
   36.0000000       3.95134133E+19
   36.0703125       3.96510545E+19
   36.1406250       3.97286624E+19
   36.2109375       3.97521304E+19
   36.2812500       3.97320973E+19
   36.3515625       3.96794219E+19
   36.4218750       3.96007804E+19
   36.4921875       3.94964632E+19
   36.5625000       3.93608230E+19
   36.6328125       3.91855257E+19
   36.7031250       3.89643083E+19
   36.7734375       3.86974041E+19
   36.8437500       3.83939345E+19
   36.9140625       3.80712322E+19
   36.9843750       3.77510456E+19
   37.0546875       3.74534386E+19
   37.1250000       3.71904838E+19
   37.1953125       3.69625023E+19
   37.2656250       3.67582108E+19
   37.3359375       3.65589419E+19
   37.4062500       3.63448604E+19
   37.4765625       3.61007886E+19
   37.5468750       3.58194126E+19
   37.6171875       3.55012206E+19
   37.6875000       3.51517804E+19
   37.7578125       3.47782609E+19
   37.8281250       3.43865862E+19
   37.8984375       3.39801298E+19
   37.9687500       3.35598041E+19
   38.0390625       3.31253277E+19
   38.1093750       3.26767863E+19
   38.1796875       3.22159260E+19
   38.2500000       3.17465731E+19
   38.3203125       3.12742471E+19
   38.3906250       3.08051536E+19
   38.4609375       3.03448277E+19
   38.5312500       2.98966667E+19
   38.6015625       2.94609281E+19
   38.6718750       2.90345287E+19
   38.7421875       2.86119182E+19
   38.8125000       2.81867107E+19
   38.8828125       2.77537362E+19
   38.9531250       2.73107869E+19
   39.0234375       2.68593802E+19
   39.0937500       2.64043517E+19
   39.1640625       2.59525448E+19
   39.2343750       2.55113306E+19
   39.3046875       2.50872094E+19
   39.3750000       2.46849157E+19
   39.4453125       2.43072202E+19
   39.5156250       2.39552665E+19
   39.5859375       2.36291888E+19
   39.6562500       2.33284372E+19
   39.7265625       2.30518154E+19
   39.7968750       2.27972103E+19
   39.8671875       2.25613167E+19
   39.9375000       2.23396661E+19
   40.0078125       2.21272977E+19
   40.0781250       2.19200991E+19
   40.1484375       2.17163244E+19
   40.2187500       2.15176119E+19
   40.2890625       2.13290039E+19
   40.3593750       2.11578891E+19
   40.4296875       2.10121356E+19
   40.5000000       2.08981294E+19
   40.5703125       2.08195781E+19
   40.6406250       2.07774470E+19
   40.7109375       2.07707598E+19
   40.7812500       2.07976231E+19
   40.8515625       2.08560181E+19
   40.9218750       2.09441484E+19
   40.9921875       2.10604218E+19
   41.0625000       2.12032307E+19
   41.1328125       2.13706358E+19
   41.2031250       2.15597804E+19
   41.2734375       2.17660048E+19
   41.3437500       2.19818873E+19
   41.4140625       2.21969869E+19
   41.4843750       2.23988463E+19
   41.5546875       2.25751090E+19
   41.6250000       2.27159146E+19
   41.6953125       2.28156931E+19
   41.7656250       2.28735054E+19
   41.8359375       2.28920630E+19
   41.9062500       2.28758254E+19
   41.9765625       2.28292435E+19
   42.0468750       2.27557411E+19
   42.1171875       2.26576779E+19
   42.1875000       2.25368394E+19
   42.2578125       2.23952113E+19
   42.3281250       2.22355644E+19
   42.3984375       2.20617008E+19
   42.4687500       2.18782605E+19
   42.5390625       2.16902352E+19
   42.6093750       2.15023441E+19
   42.6796875       2.13183100E+19
   42.7500000       2.11401781E+19
   42.8203125       2.09680210E+19
   42.8906250       2.08002311E+19
   42.9609375       2.06344995E+19
   43.0312500       2.04690076E+19
   43.1015625       2.03034080E+19
   43.1718750       2.01389826E+19
   43.2421875       1.99776205E+19
   43.3125000       1.98199725E+19
   43.3828125       1.96635890E+19
   43.4531250       1.95021367E+19
   43.5234375       1.93260169E+19
   43.5937500       1.91243577E+19
   43.6640625       1.88877318E+19
   43.7343750       1.86108902E+19
   43.8046875       1.82945310E+19
   43.8750000       1.79455867E+19
   43.9453125       1.75758022E+19
   44.0156250       1.71991414E+19
   44.0859375       1.68285829E+19
   44.1562500       1.64733197E+19
   44.2265625       1.61371869E+19
   44.2968750       1.58188761E+19
   44.3671875       1.55135747E+19
   44.4375000       1.52152992E+19
   44.5078125       1.49187917E+19
   44.5781250       1.46204128E+19
   44.6484375       1.43177865E+19
   44.7187500       1.40088908E+19
   44.7890625       1.36913915E+19
   44.8593750       1.33630212E+19
   44.9296875       1.30227806E+19
   45.0000000       1.26724674E+19
   45.0703125       1.23177551E+19
   45.1406250       1.19684754E+19
   45.2109375       1.16378435E+19
   45.2812500       1.13407302E+19
   45.3515625       1.10912191E+19
   45.4218750       1.08999810E+19
   45.4921875       1.07718956E+19
   45.5625000       1.07046858E+19
   45.6328125       1.06888462E+19
   45.7031250       1.07090915E+19
   45.7734375       1.07466497E+19
   45.8437500       1.07818605E+19
   45.9140625       1.07964862E+19
   45.9843750       1.07757857E+19
   46.0546875       1.07099997E+19
   46.1250000       1.05951964E+19
   46.1953125       1.04331471E+19
   46.2656250       1.02303543E+19
   46.3359375       9.99651783E+18
   46.4062500       9.74301772E+18
   46.4765625       9.48185952E+18
   46.5468750       9.22516864E+18
   46.6171875       8.98460484E+18
   46.6875000       8.77034246E+18
   46.7578125       8.58951348E+18
   46.8281250       8.44493155E+18
   46.8984375       8.33466647E+18
   46.9687500       8.25289525E+18
   47.0390625       8.19159527E+18
   47.1093750       8.14244106E+18
   47.1796875       8.09801254E+18
   47.2500000       8.05206670E+18
   47.3203125       7.99917799E+18
   47.3906250       7.93454375E+18
   47.4609375       7.85447071E+18
   47.5312500       7.75757735E+18
   47.6015625       7.64609182E+18
   47.6718750       7.52650949E+18
   47.7421875       7.40881556E+18
   47.8125000       7.30433447E+18
   47.8828125       7.22288045E+18
   47.9531250       7.17043374E+18
   48.0234375       7.14806693E+18
   48.0937500       7.15249081E+18
   48.1640625       7.17770152E+18
   48.2343750       7.21711241E+18
   48.3046875       7.26523968E+18
   48.3750000       7.31844120E+18
   48.4453125       7.37457897E+18
   48.5156250       7.43194819E+18
   48.5859375       7.48787045E+18
   48.6562500       7.53757222E+18
   48.7265625       7.57380443E+18
   48.7968750       7.58758351E+18
   48.8671875       7.56976977E+18
   48.9375000       7.51307565E+18
   49.0078125       7.41379800E+18
   49.0781250       7.27292362E+18
   49.1484375       7.09617438E+18
   49.2187500       6.89303191E+18
   49.2890625       6.67490310E+18
   49.3593750       6.45294248E+18
   49.4296875       6.23597036E+18
   49.5000000       6.02905656E+18
   49.5703125       5.83310985E+18
   49.6406250       5.64572668E+18
   49.7109375       5.46291198E+18
   49.7812500       5.28111103E+18
   49.8515625       5.09868171E+18
   49.9218750       4.91630517E+18
   49.9921875       4.73604243E+18
   50.0625000       4.55960655E+18
   50.1328125       4.38668058E+18
   50.2031250       4.21437089E+18
   50.2734375       4.03801418E+18
   50.3437500       3.85310656E+18
   50.4140625       3.65741905E+18
   50.4843750       3.45262539E+18
   50.5546875       3.24470334E+18
   50.6250000       3.04302295E+18
   50.6953125       2.85835750E+18
   50.7656250       2.70050364E+18
   50.8359375       0.00000000    
   50.9062500       0.00000000    
   50.9765625       0.00000000    
   51.0468750       0.00000000    
   51.1171875       0.00000000    
   51.1875000       0.00000000    
   51.2578125       0.00000000    
   51.3281250       0.00000000    
   51.3984375       0.00000000    
   51.4687500       0.00000000    
   51.5390625       0.00000000    
   51.6093750       0.00000000    
   51.6796875       0.00000000    
   51.7500000       0.00000000    
   51.8203125       0.00000000    
   51.8906250       0.00000000    
   51.9609375       0.00000000    
   52.0312500       0.00000000    
   52.1015625       0.00000000    
   52.1718750       0.00000000    
   52.2421875       0.00000000    
   52.3125000       0.00000000    
   52.3828125       0.00000000    
   52.4531250       0.00000000    
   52.5234375       0.00000000    
   52.5937500       0.00000000    
   52.6640625       0.00000000    
   52.7343750       0.00000000    
   52.8046875       0.00000000    
   52.8750000       0.00000000    
   52.9453125       0.00000000    
   53.0156250       0.00000000    
   53.0859375       0.00000000    
   53.1562500       0.00000000    
   53.2265625       0.00000000    
   53.2968750       0.00000000    
   53.3671875       0.00000000    
   53.4375000       0.00000000    
   53.5078125       0.00000000    
   53.5781250       0.00000000    
   53.6484375       0.00000000    
   53.7187500       0.00000000    
   53.7890625       0.00000000    
   53.8593750       0.00000000    
   53.9296875       0.00000000    
   54.0000000       0.00000000    
   54.0703125       0.00000000    
   54.1406250       0.00000000    
   54.2109375       0.00000000    
   54.2812500       0.00000000    
   54.3515625       0.00000000    
   54.4218750       0.00000000    
   54.4921875       0.00000000    
   54.5625000       0.00000000    
   54.6328125       0.00000000    
   54.7031250       0.00000000    
   54.7734375       0.00000000    
   54.8437500       0.00000000    
   54.9140625       0.00000000    
   54.9843750       0.00000000    
   55.0546875       0.00000000    
   55.1250000       0.00000000    
   55.1953125       0.00000000    
   55.2656250       0.00000000    
   55.3359375       0.00000000    
   55.4062500       0.00000000    
   55.4765625       0.00000000    
   55.5468750       0.00000000    
   55.6171875       0.00000000    
   55.6875000       0.00000000    
   55.7578125       0.00000000    
   55.8281250       0.00000000    
   55.8984375       0.00000000    
   55.9687500       0.00000000    
   56.0390625       0.00000000    
   56.1093750       0.00000000    
   56.1796875       0.00000000    
   56.2500000       0.00000000    
   56.3203125       0.00000000    
   56.3906250       0.00000000    
   56.4609375       0.00000000    
   56.5312500       0.00000000    
   56.6015625       0.00000000    
   56.6718750       0.00000000    
   56.7421875       0.00000000    
   56.8125000       0.00000000    
   56.8828125       0.00000000    
   56.9531250       0.00000000    
   57.0234375       0.00000000    
   57.0937500       0.00000000    
   57.1640625       0.00000000    
   57.2343750       0.00000000    
   57.3046875       0.00000000    
   57.3750000       0.00000000    
   57.4453125       0.00000000    
   57.5156250       0.00000000    
   57.5859375       0.00000000    
   57.6562500       0.00000000    
   57.7265625       0.00000000    
   57.7968750       0.00000000    
   57.8671875       0.00000000    
   57.9375000       0.00000000    
   58.0078125       0.00000000    
   58.0781250       0.00000000    
   58.1484375       0.00000000    
   58.2187500       0.00000000    
   58.2890625       0.00000000    
   58.3593750       0.00000000    
   58.4296875       0.00000000    
   58.5000000       0.00000000    
   58.5703125       0.00000000    
   58.6406250       0.00000000    
   58.7109375       0.00000000    
   58.7812500       0.00000000    
   58.8515625       0.00000000    
   58.9218750       0.00000000    
   58.9921875       0.00000000    
   59.0625000       0.00000000    
   59.1328125       0.00000000    
   59.2031250       0.00000000    
   59.2734375       0.00000000    
   59.3437500       0.00000000    
   59.4140625       0.00000000    
   59.4843750       0.00000000    
   59.5546875       0.00000000    
   59.6250000       0.00000000    
   59.6953125       0.00000000    
   59.7656250       0.00000000    
   59.8359375       0.00000000    
   59.9062500       0.00000000    
   59.9765625       0.00000000    
   60.0468750       0.00000000    
   60.1171875       0.00000000    
   60.1875000       0.00000000    
   60.2578125       0.00000000    
   60.3281250       0.00000000    
   60.3984375       0.00000000    
   60.4687500       0.00000000    
   60.5390625       0.00000000    
   60.6093750       0.00000000    
   60.6796875       0.00000000    
   60.7500000       0.00000000    
   60.8203125       0.00000000    
   60.8906250       0.00000000    
   60.9609375       0.00000000    
   61.0312500       0.00000000    
   61.1015625       0.00000000    
   61.1718750       0.00000000    
   61.2421875       0.00000000    
   61.3125000       0.00000000    
   61.3828125       0.00000000    
   61.4531250       0.00000000    
   61.5234375       0.00000000    
   61.5937500       0.00000000    
   61.6640625       0.00000000    
   61.7343750       0.00000000    
   61.8046875       0.00000000    
   61.8750000       0.00000000    
   61.9453125       0.00000000    
   62.0156250       0.00000000    
   62.0859375       0.00000000    
   62.1562500       0.00000000    
   62.2265625       0.00000000    
   62.2968750       0.00000000    
   62.3671875       0.00000000    
   62.4375000       0.00000000    
   62.5078125       0.00000000    
   62.5781250       0.00000000    
   62.6484375       0.00000000    
   62.7187500       0.00000000    
   62.7890625       0.00000000    
   62.8593750       0.00000000    
   62.9296875       0.00000000    
   63.0000000       0.00000000    
   63.0703125       0.00000000    
   63.1406250       0.00000000    
   63.2109375       0.00000000    
   63.2812500       0.00000000    
   63.3515625       0.00000000    
   63.4218750       0.00000000    
   63.4921875       0.00000000    
   63.5625000       0.00000000    
   63.6328125       0.00000000    
   63.7031250       0.00000000    
   63.7734375       0.00000000    
   63.8437500       0.00000000    
   63.9140625       0.00000000    
   63.9843750       0.00000000    
   64.0546875       0.00000000    
   64.1250000       0.00000000    
   64.1953125       0.00000000    
   64.2656250       0.00000000    
   64.3359375       0.00000000    
   64.4062500       0.00000000    
   64.4765625       0.00000000    
   64.5468750       0.00000000    
   64.6171875       0.00000000    
   64.6875000       0.00000000    
   64.7578125       0.00000000    
   64.8281250       0.00000000    
   64.8984375       0.00000000    
   64.9687500       0.00000000    
   65.0390625       0.00000000    
   65.1093750       0.00000000    
   65.1796875       0.00000000    
   65.2500000       0.00000000    
   65.3203125       0.00000000    
   65.3906250       0.00000000    
   65.4609375       0.00000000    
   65.5312500       0.00000000    
   65.6015625       0.00000000    
   65.6718750       0.00000000    
   65.7421875       0.00000000    
   65.8125000       0.00000000    
   65.8828125       0.00000000    
   65.9531250       0.00000000    
   66.0234375       0.00000000    
   66.0937500       0.00000000    
   66.1640625       0.00000000    
   66.2343750       0.00000000    
   66.3046875       0.00000000    
   66.3750000       0.00000000    
   66.4453125       0.00000000    
   66.5156250       0.00000000    
   66.5859375       0.00000000    
   66.6562500       0.00000000    
   66.7265625       0.00000000    
   66.7968750       0.00000000    
   66.8671875       0.00000000    
   66.9375000       0.00000000    
   67.0078125       0.00000000    
   67.0781250       0.00000000    
   67.1484375       0.00000000    
   67.2187500       0.00000000    
   67.2890625       0.00000000    
   67.3593750       0.00000000    
   67.4296875       0.00000000    
   67.5000000       0.00000000    
   67.5703125       0.00000000    
   67.6406250       0.00000000    
   67.7109375       0.00000000    
   67.7812500       0.00000000    
   67.8515625       0.00000000    
   67.9218750       0.00000000    
   67.9921875       0.00000000    
   68.0625000       0.00000000    
   68.1328125       0.00000000    
   68.2031250       0.00000000    
   68.2734375       0.00000000    
   68.3437500       0.00000000    
   68.4140625       0.00000000    
   68.4843750       0.00000000    
   68.5546875       0.00000000    
   68.6250000       0.00000000    
   68.6953125       0.00000000    
   68.7656250       0.00000000    
   68.8359375       0.00000000    
   68.9062500       0.00000000    
   68.9765625       0.00000000    
   69.0468750       0.00000000    
   69.1171875       0.00000000    
   69.1875000       0.00000000    
   69.2578125       0.00000000    
   69.3281250       0.00000000    
   69.3984375       0.00000000    
   69.4687500       0.00000000    
   69.5390625       0.00000000    
   69.6093750       0.00000000    
   69.6796875       0.00000000    
   69.7500000       0.00000000    
   69.8203125       0.00000000    
   69.8906250       0.00000000    
   69.9609375       0.00000000    
   70.0312500       0.00000000    
   70.1015625       0.00000000    
   70.1718750       0.00000000    
   70.2421875       0.00000000    
   70.3125000       0.00000000    
   70.3828125       0.00000000    
   70.4531250       0.00000000    
   70.5234375       0.00000000    
   70.5937500       0.00000000    
   70.6640625       0.00000000    
   70.7343750       0.00000000    
   70.8046875       0.00000000    
   70.8750000       0.00000000    
   70.9453125       0.00000000    
   71.0156250       0.00000000    
   71.0859375       0.00000000    
   71.1562500       0.00000000    
   71.2265625       0.00000000    
   71.2968750       0.00000000    
   71.3671875       0.00000000    
   71.4375000       0.00000000    
   71.5078125       0.00000000    
   71.5781250       0.00000000    
   71.6484375       0.00000000    
   71.7187500       0.00000000    
   71.7890625       0.00000000    
   71.8593750       0.00000000    
   71.9296875       0.00000000    
   72.0000000       0.00000000    
   72.0703125       0.00000000    
   72.1406250       0.00000000    
   72.2109375       0.00000000    
   72.2812500       0.00000000    
   72.3515625       0.00000000    
   72.4218750       0.00000000    
   72.4921875       0.00000000    
   72.5625000       0.00000000    
   72.6328125       0.00000000    
   72.7031250       0.00000000    
   72.7734375       0.00000000    
   72.8437500       0.00000000    
   72.9140625       0.00000000    
   72.9843750       0.00000000    
   73.0546875       0.00000000    
   73.1250000       0.00000000    
   73.1953125       0.00000000    
   73.2656250       0.00000000    
   73.3359375       0.00000000    
   73.4062500       0.00000000    
   73.4765625       0.00000000    
   73.5468750       0.00000000    
   73.6171875       0.00000000    
   73.6875000       0.00000000    
   73.7578125       0.00000000    
   73.8281250       0.00000000    
   73.8984375       0.00000000    
   73.9687500       0.00000000    
   74.0390625       0.00000000    
   74.1093750       0.00000000    
   74.1796875       0.00000000    
   74.2500000       0.00000000    
   74.3203125       0.00000000    
   74.3906250       0.00000000    
   74.4609375       0.00000000    
   74.5312500       0.00000000    
   74.6015625       0.00000000    
   74.6718750       0.00000000    
   74.7421875       0.00000000    
   74.8125000       0.00000000    
   74.8828125       0.00000000    
   74.9531250       0.00000000    
   75.0234375       0.00000000    
   75.0937500       0.00000000    
   75.1640625       0.00000000    
   75.2343750       0.00000000    
   75.3046875       0.00000000    
   75.3750000       0.00000000    
   75.4453125       0.00000000    
   75.5156250       0.00000000    
   75.5859375       0.00000000    
   75.6562500       0.00000000    
   75.7265625       0.00000000    
   75.7968750       0.00000000    
   75.8671875       0.00000000    
   75.9375000       0.00000000    
   76.0078125       0.00000000    
   76.0781250       0.00000000    
   76.1484375       0.00000000    
   76.2187500       0.00000000    
   76.2890625       0.00000000    
   76.3593750       0.00000000    
   76.4296875       0.00000000    
