2000 05 04 04 21 16.0 -1.110 123.570
12. 4.829E+20 7.723 147 39 31 32 71 125
  -1.12500000       0.00000000    
  -1.05468750       0.00000000    
 -0.984375000       0.00000000    
 -0.914062500       0.00000000    
 -0.843750000       0.00000000    
 -0.773437500       0.00000000    
 -0.703125000       0.00000000    
 -0.632812500       0.00000000    
 -0.562500000       0.00000000    
 -0.492187500       0.00000000    
 -0.421875000       0.00000000    
 -0.351562500       0.00000000    
 -0.281250000       0.00000000    
 -0.210937500       0.00000000    
 -0.140625000       0.00000000    
  -7.03125000E-02   0.00000000    
   0.00000000       0.00000000    
   7.03125000E-02   3.87741917E+17
  0.140625000       4.79483277E+17
  0.210937500       5.78308894E+17
  0.281250000       6.85035189E+17
  0.351562500       8.00318708E+17
  0.421875000       9.24597676E+17
  0.492187500       1.05805626E+18
  0.562500000       1.20076648E+18
  0.632812500       1.35277135E+18
  0.703125000       1.51422982E+18
  0.773437500       1.68529816E+18
  0.843750000       1.86601334E+18
  0.914062500       2.05606998E+18
  0.984375000       2.25479983E+18
   1.05468750       2.46112621E+18
   1.12500000       2.67372228E+18
   1.19531250       2.89119799E+18
   1.26562500       3.11241753E+18
   1.33593750       3.33662059E+18
   1.40625000       3.56345644E+18
   1.47656250       3.79279202E+18
   1.54687500       4.02458997E+18
   1.61718750       4.25871008E+18
   1.68750000       4.49492036E+18
   1.75781250       4.73288793E+18
   1.82812500       4.97237586E+18
   1.89843750       5.21334703E+18
   1.96875000       5.45622310E+18
   2.03906250       5.70206180E+18
   2.10937500       5.95283457E+18
   2.17968750       6.21142376E+18
   2.25000000       6.48152979E+18
   2.32031250       6.76727911E+18
   2.39062500       7.07279546E+18
   2.46093750       7.40153185E+18
   2.53125000       7.75570928E+18
   2.60156250       8.13577307E+18
   2.67187500       8.54023282E+18
   2.74218750       8.96557065E+18
   2.81250000       9.40653418E+18
   2.88281250       9.85652691E+18
   2.95312500       1.03084317E+19
   3.02343750       1.07554073E+19
   3.09375000       1.11917870E+19
   3.16406250       1.16136026E+19
   3.23437500       1.20188858E+19
   3.30468750       1.24074258E+19
   3.37500000       1.27802493E+19
   3.44531250       1.31388407E+19
   3.51562500       1.34844700E+19
   3.58593750       1.38175022E+19
   3.65625000       1.41370884E+19
   3.72656250       1.44410957E+19
   3.79687500       1.47265784E+19
   3.86718750       1.49903512E+19
   3.93750000       1.52296577E+19
   4.00781250       1.54425748E+19
   4.07812500       1.56283912E+19
   4.14843750       1.57876423E+19
   4.21875000       1.59220477E+19
   4.28906250       1.60341374E+19
   4.35937500       1.61269494E+19
   4.42968750       1.62035699E+19
   4.50000000       1.62668050E+19
   4.57031250       1.63188416E+19
   4.64062500       1.63611222E+19
   4.71093750       1.63941538E+19
   4.78125000       1.64175118E+19
   4.85156250       1.64297648E+19
   4.92187500       1.64286993E+19
   4.99218750       1.64115184E+19
   5.06250000       1.63753103E+19
   5.13281250       1.63175046E+19
   5.20312500       1.62365630E+19
   5.27343750       1.61324403E+19
   5.34375000       1.60068442E+19
   5.41406250       1.58630226E+19
   5.48437500       1.57054362E+19
   5.55468750       1.55392428E+19
   5.62500000       1.53699477E+19
   5.69531250       1.52030352E+19
   5.76562500       1.50437842E+19
   5.83593750       1.48969862E+19
   5.90625000       1.47666962E+19
   5.97656250       1.46559743E+19
   6.04687500       1.45669018E+19
   6.11718750       1.45006727E+19
   6.18750000       1.44578456E+19
   6.25781250       1.44384502E+19
   6.32812500       1.44420423E+19
   6.39843750       1.44675312E+19
   6.46875000       1.45130796E+19
   6.53906250       1.45760299E+19
   6.60937500       1.46531717E+19
   6.67968750       1.47410908E+19
   6.75000000       1.48366285E+19
   6.82031250       1.49371315E+19
   6.89062500       1.50406693E+19
   6.96093750       1.51460058E+19
   7.03125000       1.52525473E+19
   7.10156250       1.53601939E+19
   7.17187500       1.54693425E+19
   7.24218750       1.55808252E+19
   7.31250000       1.56958715E+19
   7.38281250       1.58158480E+19
   7.45312500       1.59420060E+19
   7.52343750       1.60750469E+19
   7.59375000       1.62148630E+19
   7.66406250       1.63603713E+19
   7.73437500       1.65096872E+19
   7.80468750       1.66603576E+19
   7.87500000       1.68096966E+19
   7.94531250       1.69549751E+19
   8.01562500       1.70936114E+19
   8.08593750       1.72231383E+19
   8.15625000       1.73410862E+19
   8.22656250       1.74446778E+19
   8.29687500       1.75307981E+19
   8.36718750       1.75960805E+19
   8.43750000       1.76373364E+19
   8.50781250       1.76520325E+19
   8.57812500       1.76388592E+19
   8.64843750       1.75980684E+19
   8.71875000       1.75315579E+19
   8.78906250       1.74425282E+19
   8.85937500       1.73348959E+19
   8.92968750       1.72125115E+19
   9.00000000       1.70784733E+19
   9.07031250       1.69346935E+19
   9.14062500       1.67819526E+19
   9.21093750       1.66202760E+19
   9.28125000       1.64494064E+19
   9.35156250       1.62691151E+19
   9.42187500       1.60793284E+19
   9.49218750       1.58800771E+19
   9.56250000       1.56713480E+19
   9.63281250       1.54528663E+19
   9.70312500       1.52240029E+19
   9.77343750       1.49838113E+19
   9.84375000       1.47312293E+19
   9.91406250       1.44653157E+19
   9.98437500       1.41855076E+19
   10.0546875       1.38917544E+19
   10.1250000       1.35845310E+19
   10.1953125       1.32647183E+19
   10.2656250       1.29335069E+19
   10.3359375       1.25923185E+19
   10.4062500       1.22428157E+19
   10.4765625       1.18869862E+19
   10.5468750       1.15273426E+19
   10.6171875       1.11671107E+19
   10.6875000       1.08102829E+19
   10.7578125       1.04613584E+19
   10.8281250       1.01248297E+19
   10.8984375       9.80456069E+18
   10.9687500       9.50330990E+18
   11.0390625       9.22257984E+18
   11.1093750       8.96290323E+18
   11.1796875       8.72438177E+18
   11.2500000       8.50724692E+18
   11.3203125       8.31218641E+18
   11.3906250       8.14042950E+18
   11.4609375       7.99358148E+18
   11.5312500       7.87339386E+18
   11.6015625       7.78144115E+18
   11.6718750       7.71886959E+18
   11.7421875       7.68610470E+18
   11.8125000       7.68267642E+18
   11.8828125       7.70709328E+18
   11.9531250       7.75698526E+18
   12.0234375       7.82941999E+18
   12.0937500       7.92145901E+18
   12.1640625       8.03072518E+18
   12.2343750       8.15593976E+18
   12.3046875       8.29715224E+18
   12.3750000       8.45567817E+18
   12.4453125       8.63372649E+18
   12.5156250       8.83394371E+18
   12.5859375       9.05887080E+18
   12.6562500       9.31047095E+18
   12.7265625       9.58966774E+18
   12.7968750       9.89605765E+18
   12.8671875       1.02277066E+19
   12.9375000       1.05811798E+19
   13.0078125       1.09517153E+19
   13.0781250       1.13336559E+19
   13.1484375       1.17209292E+19
   13.2187500       1.21076835E+19
   13.2890625       1.24888028E+19
   13.3593750       1.28603641E+19
   13.4296875       1.32196834E+19
   13.5000000       1.35650686E+19
   13.5703125       1.38952398E+19
   13.6406250       1.42088458E+19
   13.7109375       1.45041109E+19
   13.7812500       1.47788612E+19
   13.8515625       1.50307616E+19
   13.9218750       1.52578657E+19
   13.9921875       1.54591412E+19
   14.0625000       1.56349432E+19
   14.1328125       1.57871519E+19
   14.2031250       1.59190504E+19
   14.2734375       1.60348268E+19
   14.3437500       1.61388494E+19
   14.4140625       1.62347807E+19
   14.4843750       1.63249065E+19
   14.5546875       1.64097108E+19
   14.6250000       1.64878542E+19
   14.6953125       1.65564263E+19
   14.7656250       1.66115052E+19
   14.8359375       1.66488128E+19
   14.9062500       1.66643610E+19
   14.9765625       1.66548678E+19
   15.0468750       1.66180605E+19
   15.1171875       1.65527825E+19
   15.1875000       1.64589755E+19
   15.2578125       1.63374707E+19
   15.3281250       1.61897293E+19
   15.3984375       1.60174391E+19
   15.4687500       1.58220746E+19
   15.5390625       1.56044493E+19
   15.6093750       1.53645568E+19
   15.6796875       1.51016976E+19
   15.7500000       1.48149648E+19
   15.8203125       1.45038151E+19
   15.8906250       1.41687038E+19
   15.9609375       1.38114999E+19
   16.0312500       1.34356055E+19
   16.1015625       1.30457330E+19
   16.1718750       1.26474711E+19
   16.2421875       1.22466530E+19
   16.3125000       1.18487001E+19
   16.3828125       1.14579656E+19
   16.4531250       1.10773334E+19
   16.5234375       1.07081097E+19
   16.5937500       1.03501669E+19
   16.6640625       1.00023178E+19
   16.7343750       9.66278526E+18
   16.8046875       9.32980916E+18
   16.8750000       9.00225585E+18
   16.9453125       8.68015007E+18
   17.0156250       8.36507292E+18
   17.0859375       8.06031963E+18
   17.1562500       7.77074400E+18
   17.2265625       7.50235157E+18
   17.2968750       7.26170475E+18
   17.3671875       7.05523131E+18
   17.4375000       6.88848543E+18
   17.5078125       6.76538631E+18
   17.5781250       6.68760905E+18
   17.6484375       6.65424602E+18
   17.7187500       6.66189642E+18
   17.7890625       6.70520399E+18
   17.8593750       6.77780089E+18
   17.9296875       6.87335120E+18
   18.0000000       6.98642168E+18
   18.0703125       7.11291829E+18
   18.1406250       7.25014009E+18
   18.2109375       7.39652522E+18
   18.2812500       7.55134031E+18
   18.3515625       7.71434510E+18
   18.4218750       7.88554896E+18
   18.4921875       8.06496067E+18
   18.5625000       8.25238452E+18
   18.6328125       8.44724162E+18
   18.7031250       8.64854791E+18
   18.7734375       8.85499826E+18
   18.8437500       9.06515011E+18
   18.9140625       9.27758016E+18
   18.9843750       9.49104045E+18
   19.0546875       9.70448204E+18
   19.1250000       9.91700884E+18
   19.1953125       1.01277160E+19
   19.2656250       1.03355742E+19
   19.3359375       1.05393346E+19
   19.4062500       1.07375326E+19
   19.4765625       1.09285705E+19
   19.5468750       1.11108850E+19
   19.6171875       1.12830322E+19
   19.6875000       1.14437115E+19
   19.7578125       1.15916266E+19
   19.8281250       1.17253899E+19
   19.8984375       1.18434104E+19
   19.9687500       1.19439167E+19
   20.0390625       1.20249914E+19
   20.1093750       1.20847477E+19
   20.1796875       1.21214934E+19
   20.2500000       1.21338772E+19
   20.3203125       1.21208875E+19
   20.3906250       1.20818307E+19
   20.4609375       1.20162646E+19
   20.5312500       1.19240563E+19
   20.6015625       1.18055377E+19
   20.6718750       1.16617799E+19
   20.7421875       1.14948212E+19
   20.8125000       1.13077558E+19
   20.8828125       1.11044902E+19
   20.9531250       1.08893488E+19
   21.0234375       1.06665206E+19
   21.0937500       1.04396045E+19
   21.1640625       1.02113448E+19
   21.2343750       9.98375250E+18
   21.3046875       9.75845597E+18
   21.3750000       9.53711988E+18
   21.4453125       9.32165738E+18
   21.5156250       9.11420648E+18
   21.5859375       8.91689087E+18
   21.6562500       8.73149122E+18
   21.7265625       8.55917410E+18
   21.7968750       8.40040133E+18
   21.8671875       8.25507118E+18
   21.9375000       8.12287085E+18
   22.0078125       8.00369918E+18
   22.0781250       7.89807845E+18
   22.1484375       7.80736984E+18
   22.2187500       7.73380481E+18
   22.2890625       7.68032896E+18
   22.3593750       7.65038761E+18
   22.4296875       7.64762234E+18
   22.5000000       7.67550156E+18
   22.5703125       7.73690433E+18
   22.6406250       7.83375647E+18
   22.7109375       7.96671051E+18
   22.7812500       8.13496383E+18
   22.8515625       8.33610958E+18
   22.9218750       8.56609938E+18
   22.9921875       8.81928502E+18
   23.0625000       9.08867362E+18
   23.1328125       9.36646248E+18
   23.2031250       9.64494459E+18
   23.2734375       9.91756959E+18
   23.3437500       1.01798438E+19
   23.4140625       1.04297210E+19
   23.4843750       1.06673991E+19
   23.5546875       1.08945330E+19
   23.6250000       1.11132104E+19
   23.6953125       1.13249863E+19
   23.7656250       1.15303530E+19
   23.8359375       1.17287104E+19
   23.9062500       1.19187698E+19
   23.9765625       1.20990622E+19
   24.0468750       1.22684607E+19
   24.1171875       1.24264033E+19
   24.1875000       1.25729748E+19
   24.2578125       1.27087513E+19
   24.3281250       1.28346421E+19
   24.3984375       1.29516236E+19
   24.4687500       1.30604763E+19
   24.5390625       1.31614093E+19
   24.6093750       1.32537540E+19
   24.6796875       1.33357269E+19
   24.7500000       1.34044156E+19
   24.8203125       1.34559992E+19
   24.8906250       1.34863194E+19
   24.9609375       1.34915860E+19
   25.0312500       1.34690757E+19
   25.1015625       1.34174954E+19
   25.1718750       1.33370376E+19
   25.2421875       1.32290259E+19
   25.3125000       1.30953583E+19
   25.3828125       1.29378994E+19
   25.4531250       1.27580787E+19
   25.5234375       1.25567878E+19
   25.5937500       1.23345666E+19
   25.6640625       1.20919517E+19
   25.7343750       1.18299952E+19
   25.8046875       1.15507545E+19
   25.8750000       1.12576192E+19
   25.9453125       1.09553151E+19
   26.0156250       1.06495838E+19
   26.0859375       1.03466562E+19
   26.1562500       1.00526578E+19
   26.2265625       9.77312455E+18
   26.2968750       9.51270302E+18
   26.3671875       9.27499081E+18
   26.4375000       9.06241948E+18
   26.5078125       8.87611383E+18
   26.5781250       8.71579184E+18
   26.6484375       8.57980259E+18
   26.7187500       8.46533244E+18
   26.7890625       8.36877113E+18
   26.8593750       8.28626652E+18
   26.9296875       8.21430514E+18
   27.0000000       8.15020911E+18
   27.0703125       8.09234731E+18
   27.1406250       8.04009686E+18
   27.2109375       7.99362875E+18
   27.2812500       7.95369944E+18
   27.3515625       7.92147990E+18
   27.4218750       7.89847262E+18
   27.4921875       7.88644396E+18
   27.5625000       7.88733127E+18
   27.6328125       7.90307573E+18
   27.7031250       7.93542446E+18
   27.7734375       7.98565565E+18
   27.8437500       8.05432619E+18
   27.9140625       8.14108701E+18
   27.9843750       8.24469674E+18
   28.0546875       8.36321310E+18
   28.1250000       8.49429137E+18
   28.1953125       8.63546207E+18
   28.2656250       8.78433539E+18
   28.3359375       8.93869033E+18
   28.4062500       9.09648949E+18
   28.4765625       9.25583292E+18
   28.5468750       9.41498063E+18
   28.6171875       9.57237682E+18
   28.6875000       9.72671197E+18
   28.7578125       9.87694044E+18
   28.8281250       1.00223256E+19
   28.8984375       1.01624726E+19
   28.9687500       1.02973563E+19
   29.0390625       1.04272768E+19
   29.1093750       1.05527751E+19
   29.1796875       1.06745614E+19
   29.2500000       1.07934636E+19
   29.3203125       1.09103417E+19
   29.3906250       1.10259741E+19
   29.4609375       1.11408225E+19
   29.5312500       1.12548418E+19
   29.6015625       1.13672713E+19
   29.6718750       1.14765495E+19
   29.7421875       1.15803116E+19
   29.8125000       1.16754952E+19
   29.8828125       1.17585336E+19
   29.9531250       1.18256852E+19
   30.0234375       1.18734194E+19
   30.0937500       1.18987642E+19
   30.1640625       1.18995591E+19
   30.2343750       1.18745782E+19
   30.3046875       1.18236390E+19
   30.3750000       1.17476374E+19
   30.4453125       1.16485066E+19
   30.5156250       1.15291183E+19
   30.5859375       1.13930570E+19
   30.6562500       1.12443085E+19
   30.7265625       1.10868199E+19
   30.7968750       1.09240900E+19
   30.8671875       1.07588543E+19
   30.9375000       1.05929303E+19
   31.0078125       1.04272625E+19
   31.0781250       1.02621521E+19
   31.1484375       1.00976718E+19
   31.2187500       9.93412164E+18
   31.2890625       9.77238238E+18
   31.3593750       9.61409559E+18
   31.4296875       9.46160102E+18
   31.5000000       9.31757709E+18
   31.5703125       9.18449331E+18
   31.6406250       9.06409568E+18
   31.7109375       8.95711870E+18
   31.7812500       8.86327703E+18
   31.8515625       8.78152779E+18
   31.9218750       8.71050264E+18
   31.9921875       8.64892174E+18
   32.0625000       8.59581203E+18
   32.1328125       8.55047697E+18
   32.2031250       8.51231182E+18
   32.2734375       8.48067942E+18
   32.3437500       8.45488928E+18
   32.4140625       8.43427948E+18
   32.4843750       8.41834976E+18
   32.5546875       8.40689394E+18
   32.6250000       8.40002145E+18
   32.6953125       8.39801319E+18
   32.7656250       8.40107423E+18
   32.8359375       8.40908637E+18
   32.9062500       8.42152240E+18
   32.9765625       8.43761925E+18
   33.0468750       8.45674745E+18
   33.1171875       8.47880090E+18
   33.1875000       8.50431672E+18
   33.2578125       8.53426907E+18
   33.3281250       8.56959308E+18
   33.3984375       8.61065434E+18
   33.4687500       8.65674916E+18
   33.5390625       8.70575825E+18
   33.6093750       8.75406254E+18
   33.6796875       8.79681045E+18
   33.7500000       8.82845990E+18
   33.8203125       8.84348252E+18
   33.8906250       8.83711140E+18
   33.9609375       8.80599907E+18
   34.0312500       8.74866504E+18
   34.1015625       8.66562827E+18
   34.1718750       8.55926976E+18
   34.2421875       8.43349223E+18
   34.3125000       8.29330999E+18
   34.3828125       8.14442622E+18
   34.4531250       7.99291132E+18
   34.5234375       7.84497643E+18
   34.5937500       7.70672494E+18
   34.6640625       7.58384022E+18
   34.7343750       7.48115133E+18
   34.8046875       7.40222069E+18
   34.8750000       7.34898509E+18
   34.9453125       7.32150609E+18
   35.0156250       7.31787605E+18
   35.0859375       7.33431815E+18
   35.1562500       7.36549700E+18
   35.2265625       7.40502280E+18
   35.2968750       7.44607636E+18
   35.3671875       7.48201940E+18
   35.4375000       7.50687166E+18
   35.5078125       7.51562927E+18
   35.5781250       7.50443624E+18
   35.6484375       7.47071312E+18
   35.7187500       7.41316908E+18
   35.7890625       7.33182391E+18
   35.8593750       7.22803001E+18
   35.9296875       7.10454331E+18
   36.0000000       6.96545454E+18
   36.0703125       6.81588632E+18
   36.1406250       6.66138460E+18
   36.2109375       6.50720338E+18
   36.2812500       6.35762252E+18
   36.3515625       6.21551449E+18
   36.4218750       6.08220091E+18
   36.4921875       5.95757071E+18
   36.5625000       5.84032429E+18
   36.6328125       5.72824557E+18
   36.7031250       5.61844944E+18
   36.7734375       5.50763846E+18
   36.8437500       5.39231179E+18
   36.9140625       5.26900156E+18
   36.9843750       5.13458571E+18
   37.0546875       4.98675967E+18
   37.1250000       4.82453113E+18
   37.1953125       4.64862136E+18
   37.2656250       4.46164419E+18
   37.3359375       4.26805125E+18
   37.4062500       4.07376480E+18
   37.4765625       3.88557898E+18
   37.5468750       3.71041799E+18
   37.6171875       3.55467904E+18
   37.6875000       3.42374397E+18
   37.7578125       3.32173101E+18
   37.8281250       3.25135264E+18
   37.8984375       3.21389118E+18
   37.9687500       3.20917318E+18
   38.0390625       3.23559939E+18
   38.1093750       3.29015853E+18
   38.1796875       3.36848911E+18
   38.2500000       3.46496768E+18
   38.3203125       3.57294137E+18
   38.3906250       3.68514159E+18
   38.4609375       3.79427032E+18
   38.5312500       3.89364775E+18
   38.6015625       3.97777331E+18
   38.6718750       4.04268050E+18
   38.7421875       4.08602105E+18
   38.8125000       4.10686230E+18
   38.8828125       4.10532600E+18
   38.9531250       4.08224561E+18
   39.0234375       4.03899247E+18
   39.0937500       3.97742531E+18
   39.1640625       3.89989600E+18
   39.2343750       3.80919784E+18
   39.3046875       3.70849879E+18
   39.3750000       3.60122439E+18
   39.4453125       3.49093815E+18
   39.5156250       3.38119754E+18
   39.5859375       3.27542755E+18
   39.6562500       3.17679833E+18
   39.7265625       3.08816203E+18
   39.7968750       3.01204778E+18
   39.8671875       2.95075578E+18
   39.9375000       2.90643722E+18
   40.0078125       2.88110474E+18
   40.0781250       2.87648405E+18
   40.1484375       2.89374500E+18
   40.2187500       2.93311274E+18
   40.2890625       2.99344377E+18
   40.3593750       3.07185737E+18
   40.4296875       3.16360337E+18
   40.5000000       3.26227189E+18
   40.5703125       3.36039973E+18
   40.6406250       3.45034445E+18
   40.7109375       3.52525720E+18
   40.7812500       3.57990486E+18
   40.8515625       3.61121867E+18
   40.9218750       3.61852575E+18
   40.9921875       3.60346107E+18
   41.0625000       3.56961645E+18
   41.1328125       3.52197489E+18
   41.2031250       3.46626923E+18
   41.2734375       3.40833981E+18
   41.3437500       3.35351981E+18
   41.4140625       3.30609925E+18
   41.4843750       3.26890937E+18
   41.5546875       3.24316320E+18
   41.6250000       3.22854575E+18
   41.6953125       3.22352070E+18
   41.7656250       3.22576096E+18
   41.8359375       3.23261476E+18
   41.9062500       3.24153400E+18
   41.9765625       3.25043317E+18
   42.0468750       3.25795603E+18
   42.1171875       3.26362209E+18
   42.1875000       3.26778484E+18
   42.2578125       3.27137997E+18
   42.3281250       3.27552403E+18
   42.3984375       3.28111999E+18
   42.4687500       3.28863708E+18
   42.5390625       3.29817287E+18
   42.6093750       3.30978866E+18
   42.6796875       3.32398968E+18
   42.7500000       3.34209946E+18
   42.8203125       3.36636073E+18
   42.8906250       3.39968143E+18
   42.9609375       3.44515091E+18
   43.0312500       3.50548689E+18
   43.1015625       3.58254891E+18
   43.1718750       3.67701125E+18
   43.2421875       3.78819744E+18
   43.3125000       3.91407888E+18
   43.3828125       4.05136940E+18
   43.4531250       4.19573720E+18
   43.5234375       4.34214761E+18
   43.5937500       4.48533619E+18
   43.6640625       4.62031883E+18
   43.7343750       4.74282697E+18
   43.8046875       4.84960769E+18
   43.8750000       4.93855928E+18
   43.9453125       5.00875210E+18
   44.0156250       5.06035823E+18
   44.0859375       5.09443759E+18
   44.1562500       5.11263561E+18
   44.2265625       5.11684509E+18
   44.2968750       5.10897259E+18
   44.3671875       5.09084824E+18
   44.4375000       5.06429008E+18
   44.5078125       5.03121622E+18
   44.5781250       4.99377675E+18
   44.6484375       4.95444063E+18
   44.7187500       4.91596816E+18
   44.7890625       4.88127308E+18
   44.8593750       4.85320914E+18
   44.9296875       4.83433932E+18
   45.0000000       4.82671971E+18
   45.0703125       4.83169775E+18
   45.1406250       4.84975502E+18
   45.2109375       4.88043250E+18
   45.2812500       4.92236622E+18
   45.3515625       4.97348417E+18
   45.4218750       5.03133112E+18
   45.4921875       5.09346123E+18
   45.5625000       5.15776177E+18
   45.6328125       5.22259942E+18
   45.7031250       5.28679111E+18
   45.7734375       5.34944128E+18
   45.8437500       5.40968572E+18
   45.9140625       5.46646010E+18
   45.9843750       5.51836530E+18
   46.0546875       5.56370476E+18
   46.1250000       5.60066264E+18
   46.1953125       5.62757154E+18
   46.2656250       5.64317471E+18
   46.3359375       5.64678276E+18
   46.4062500       5.63829673E+18
   46.4765625       5.61813828E+18
   46.5468750       5.58717713E+18
   46.6171875       5.54670026E+18
   46.6875000       5.49837233E+18
   46.7578125       5.44411693E+18
   46.8281250       5.38588569E+18
   46.8984375       5.32539221E+18
   46.9687500       5.26382396E+18
   47.0390625       5.20162623E+18
   47.1093750       5.13842631E+18
   47.1796875       5.07313895E+18
   47.2500000       5.00422871E+18
   47.3203125       4.93004246E+18
   47.3906250       4.84918328E+18
   47.4609375       4.76085621E+18
   47.5312500       4.66514537E+18
   47.6015625       4.56315907E+18
   47.6718750       4.45698143E+18
   47.7421875       4.34944260E+18
   47.8125000       4.24376331E+18
   47.8828125       4.14317229E+18
   47.9531250       4.05062090E+18
   48.0234375       3.96861300E+18
   48.0937500       3.89910518E+18
   48.1640625       3.84342069E+18
   48.2343750       3.80217855E+18
   48.3046875       3.77530209E+18
   48.3750000       3.76209036E+18
   48.4453125       3.76135479E+18
   48.5156250       3.77159839E+18
   48.5859375       3.79121038E+18
   48.6562500       3.81856815E+18
   48.7265625       3.85200677E+18
   48.7968750       3.88965295E+18
   48.8671875       3.92926368E+18
   48.9375000       3.96819299E+18
   49.0078125       4.00356208E+18
   49.0781250       4.03262712E+18
   49.1484375       4.05324516E+18
   49.2187500       4.06429223E+18
   49.2890625       4.06592253E+18
   49.3593750       4.05957917E+18
   49.4296875       4.04781412E+18
   49.5000000       4.03398749E+18
   49.5703125       4.02200007E+18
   49.6406250       4.01608524E+18
   49.7109375       4.02063997E+18
   49.7812500       4.03994904E+18
   49.8515625       4.07777032E+18
   49.9218750       4.13680035E+18
   49.9921875       4.21818263E+18
   50.0625000       4.32117031E+18
   50.1328125       4.44309213E+18
   50.2031250       4.57965642E+18
   50.2734375       4.72555034E+18
   50.3437500       4.87513945E+18
   50.4140625       5.02311887E+18
   50.4843750       5.16500975E+18
   50.5546875       5.29747616E+18
   50.6250000       5.41844718E+18
   50.6953125       5.52704319E+18
   50.7656250       5.62334007E+18
   50.8359375       5.70803930E+18
   50.9062500       5.78206337E+18
   50.9765625       5.84612806E+18
   51.0468750       5.90040436E+18
   51.1171875       5.94434359E+18
   51.1875000       5.97670442E+18
   51.2578125       5.99573806E+18
   51.3281250       5.99945386E+18
   51.3984375       5.98592327E+18
   51.4687500       5.95356025E+18
   51.5390625       5.90141426E+18
   51.6093750       5.82945507E+18
   51.6796875       5.73881463E+18
   51.7500000       5.63183490E+18
   51.8203125       5.51183640E+18
   51.8906250       5.38260365E+18
   51.9609375       5.24775130E+18
   52.0312500       5.11016281E+18
   52.1015625       4.97168097E+18
   52.1718750       4.83312051E+18
   52.2421875       4.69458095E+18
   52.3125000       4.55585969E+18
   52.3828125       4.41680775E+18
   52.4531250       4.27750183E+18
   52.5234375       4.13829074E+18
   52.5937500       3.99972698E+18
   52.6640625       3.86250161E+18
   52.7343750       3.72735816E+18
   52.8046875       3.59506795E+18
   52.8750000       3.46638083E+18
   52.9453125       3.34199033E+18
   53.0156250       3.22248359E+18
   53.0859375       3.10830480E+18
   53.1562500       2.99968652E+18
   53.2265625       2.89660291E+18
   53.2968750       2.79876782E+18
   53.3671875       2.70573072E+18
   53.4375000       2.61701744E+18
   53.5078125       2.53226022E+18
   53.5781250       2.45125012E+18
   53.6484375       2.37396023E+18
   53.7187500       2.30051381E+18
   53.7890625       2.23116349E+18
   53.8593750       2.16622441E+18
   53.9296875       2.10599289E+18
   54.0000000       2.05057902E+18
   54.0703125       1.99971465E+18
   54.1406250       1.95258202E+18
   54.2109375       1.90781128E+18
   54.2812500       1.86363414E+18
   54.3515625       1.81821579E+18
   54.4218750       1.77007711E+18
   54.4921875       1.71857626E+18
   54.5625000       1.66427536E+18
   54.6328125       1.60904882E+18
   54.7031250       1.55580359E+18
   54.7734375       1.50793113E+18
   54.8437500       1.46866194E+18
   54.9140625       1.44062948E+18
   54.9843750       1.42575033E+18
   55.0546875       1.42546996E+18
   55.1250000       1.44115463E+18
   55.1953125       1.47444179E+18
   55.2656250       1.52731071E+18
   55.3359375       1.60180139E+18
   55.4062500       1.69942359E+18
   55.4765625       1.82050112E+18
   55.5468750       1.96370495E+18
   55.6171875       2.12596689E+18
   55.6875000       2.30276974E+18
   55.7578125       2.48870169E+18
   55.8281250       2.67808295E+18
   55.8984375       2.86547106E+18
   55.9687500       3.04592484E+18
   56.0390625       3.21505996E+18
   56.1093750       3.36903584E+18
   56.1796875       3.50460398E+18
   56.2500000       3.61922834E+18
   56.3203125       3.71121733E+18
   56.3906250       3.77982411E+18
   56.4609375       3.82527682E+18
   56.5312500       3.84873298E+18
   56.6015625       3.85213651E+18
   56.6718750       3.83799569E+18
   56.7421875       3.80910383E+18
   56.8125000       3.76822454E+18
   56.8828125       3.71778389E+18
   56.9531250       3.65966728E+18
   57.0234375       3.59520511E+18
   57.0937500       3.52535396E+18
   57.1640625       3.45097832E+18
   57.2343750       3.37303064E+18
   57.3046875       3.29248702E+18
   57.3750000       3.21000111E+18
   57.4453125       3.12546681E+18
   57.5156250       3.03775629E+18
   57.5859375       2.94484921E+18
   57.6562500       2.84433323E+18
   57.7265625       2.73413055E+18
   57.7968750       2.61319637E+18
   57.8671875       2.48202435E+18
   57.9375000       2.34281931E+18
   58.0078125       2.19934734E+18
   58.0781250       2.05650044E+18
   58.1484375       1.91972407E+18
   58.2187500       1.79439253E+18
   58.2890625       1.68525638E+18
   58.3593750       1.59600380E+18
   58.4296875       1.52900987E+18
   58.5000000       1.48523488E+18
   58.5703125       1.46425977E+18
   58.6406250       1.46439198E+18
   58.7109375       1.48285704E+18
   58.7812500       1.51602409E+18
   58.8515625       1.55968295E+18
   58.9218750       1.60932851E+18
   58.9921875       1.66049854E+18
   59.0625000       1.70913736E+18
   59.1328125       1.75200017E+18
   59.2031250       1.78699887E+18
   59.2734375       1.81341862E+18
   59.3437500       1.83186952E+18
   59.4140625       1.84397583E+18
   59.4843750       1.85188833E+18
   59.5546875       1.85781374E+18
   59.6250000       1.86366094E+18
   59.6953125       1.87086563E+18
   59.7656250       1.88038877E+18
   59.8359375       1.89285545E+18
   59.9062500       1.90871618E+18
   59.9765625       1.92832171E+18
   60.0468750       1.95186802E+18
   60.1171875       1.97925878E+18
   60.1875000       2.00997969E+18
   60.2578125       2.04306468E+18
   60.3281250       2.07715339E+18
   60.3984375       2.11063943E+18
   60.4687500       2.14186363E+18
   60.5390625       2.16937506E+18
   60.6093750       2.19222704E+18
   60.6796875       2.21027827E+18
   60.7500000       2.22440095E+18
   60.8203125       2.23648692E+18
   60.8906250       2.24917212E+18
   60.9609375       2.26531886E+18
   61.0312500       2.28741478E+18
   61.1015625       2.31711713E+18
   61.1718750       2.35510993E+18
   61.2421875       2.40126770E+18
   61.3125000       2.45501623E+18
   61.3828125       2.51571147E+18
   61.4531250       2.58290675E+18
   61.5234375       2.65643823E+18
   61.5937500       2.73633974E+18
   61.6640625       2.82265663E+18
   61.7343750       2.91526217E+18
   61.8046875       3.01374845E+18
   61.8750000       3.11740079E+18
   61.9453125       3.22521505E+18
   62.0156250       3.33594687E+18
   62.0859375       3.44813883E+18
   62.1562500       3.56010787E+18
   62.2265625       3.66987350E+18
   62.2968750       3.77509236E+18
   62.3671875       3.87308908E+18
   62.4375000       3.96110389E+18
   62.5078125       4.03674809E+18
   62.5781250       4.09856373E+18
   62.6484375       4.14649502E+18
   62.7187500       4.18209308E+18
   62.7890625       4.20837938E+18
   62.8593750       4.22941414E+18
   62.9296875       4.24966054E+18
   63.0000000       4.27329922E+18
   63.0703125       4.30365041E+18
   63.1406250       4.34285900E+18
   63.2109375       4.39189282E+18
   63.2812500       4.45077634E+18
   63.3515625       4.51890593E+18
   63.4218750       4.59532693E+18
   63.4921875       4.67886948E+18
   63.5625000       4.76817016E+18
   63.6328125       4.86160281E+18
   63.7031250       4.95726802E+18
   63.7734375       5.05306627E+18
   63.8437500       5.14687165E+18
   63.9140625       5.23674189E+18
   63.9843750       5.32107718E+18
   64.0546875       5.39873128E+18
   64.1250000       5.46899887E+18
   64.1953125       5.53151106E+18
   64.2656250       5.58608972E+18
   64.3359375       5.63260565E+18
   64.4062500       5.67092144E+18
   64.4765625       5.70092546E+18
   64.5468750       5.72263477E+18
   64.6171875       5.73625497E+18
   64.6875000       5.74211316E+18
   64.7578125       5.74047049E+18
   64.8281250       5.73131871E+18
   64.8984375       5.71425759E+18
   64.9687500       5.68848778E+18
   65.0390625       5.65292023E+18
   65.1093750       5.60640539E+18
   65.1796875       5.54811093E+18
   65.2500000       5.47791426E+18
   65.3203125       5.39665376E+18
   65.3906250       5.30611832E+18
   65.4609375       5.20880385E+18
   65.5312500       5.10755477E+18
   65.6015625       5.00525291E+18
   65.6718750       4.90456788E+18
   65.7421875       4.80777952E+18
   65.8125000       4.71655029E+18
   65.8828125       4.63168504E+18
   65.9531250       4.55287699E+18
   66.0234375       4.47862697E+18
   66.0937500       4.40640005E+18
   66.1640625       4.33305713E+18
   66.2343750       4.25546954E+18
   66.3046875       4.17116009E+18
   66.3750000       4.07874723E+18
   66.4453125       3.97809547E+18
   66.5156250       3.87019489E+18
   66.5859375       3.75693832E+18
   66.6562500       3.64091016E+18
   66.7265625       3.52525611E+18
   66.7968750       3.41354490E+18
   66.8671875       3.30956381E+18
   66.9375000       3.21696212E+18
   67.0078125       3.13883824E+18
   67.0781250       3.07735767E+18
   67.1484375       3.03354049E+18
   67.2187500       3.00723247E+18
   67.2890625       2.99727502E+18
   67.3593750       3.00181435E+18
   67.4296875       3.01868416E+18
   67.5000000       3.04569669E+18
   67.5703125       3.08077880E+18
   67.6406250       3.12196761E+18
   67.7109375       3.16740465E+18
   67.7812500       3.21537222E+18
   67.8515625       3.26439917E+18
   67.9218750       3.31335740E+18
   67.9921875       3.36153030E+18
   68.0625000       3.40859847E+18
   68.1328125       3.45457620E+18
   68.2031250       3.49972682E+18
   68.2734375       3.54452477E+18
   68.3437500       3.58963004E+18
   68.4140625       3.63584224E+18
   68.4843750       3.68394917E+18
   68.5546875       3.73449289E+18
   68.6250000       3.78746901E+18
   68.6953125       3.84211117E+18
   68.7656250       3.89684486E+18
   68.8359375       3.94947243E+18
   68.9062500       3.99749470E+18
   68.9765625       4.03850538E+18
   69.0468750       4.07050585E+18
   69.1171875       4.09208871E+18
   69.1875000       4.10237107E+18
   69.2578125       4.10077293E+18
   69.3281250       4.08673601E+18
   69.3984375       4.05958687E+18
   69.4687500       4.01855337E+18
   69.5390625       3.96291588E+18
   69.6093750       3.89218952E+18
   69.6796875       3.80630942E+18
   69.7500000       3.70573901E+18
   69.8203125       3.59149343E+18
   69.8906250       3.46505207E+18
   69.9609375       3.32817964E+18
   70.0312500       3.18265735E+18
   70.1015625       3.03002507E+18
   70.1718750       2.87142354E+18
   70.2421875       2.70766805E+18
   70.3125000       2.53945570E+18
   70.3828125       2.36762402E+18
   70.4531250       2.19332215E+18
   70.5234375       2.01813724E+18
   70.5937500       1.84411616E+18
   70.6640625       1.67372374E+18
   70.7343750       1.50964747E+18
   70.8046875       1.35457043E+18
   70.8750000       1.21087429E+18
   70.9453125       0.00000000    
   71.0156250       0.00000000    
   71.0859375       0.00000000    
   71.1562500       0.00000000    
   71.2265625       0.00000000    
   71.2968750       0.00000000    
   71.3671875       0.00000000    
   71.4375000       0.00000000    
   71.5078125       0.00000000    
   71.5781250       0.00000000    
   71.6484375       0.00000000    
   71.7187500       0.00000000    
   71.7890625       0.00000000    
   71.8593750       0.00000000    
   71.9296875       0.00000000    
   72.0000000       0.00000000    
   72.0703125       0.00000000    
   72.1406250       0.00000000    
   72.2109375       0.00000000    
   72.2812500       0.00000000    
   72.3515625       0.00000000    
   72.4218750       0.00000000    
   72.4921875       0.00000000    
   72.5625000       0.00000000    
   72.6328125       0.00000000    
   72.7031250       0.00000000    
   72.7734375       0.00000000    
   72.8437500       0.00000000    
   72.9140625       0.00000000    
   72.9843750       0.00000000    
   73.0546875       0.00000000    
   73.1250000       0.00000000    
   73.1953125       0.00000000    
   73.2656250       0.00000000    
   73.3359375       0.00000000    
   73.4062500       0.00000000    
   73.4765625       0.00000000    
   73.5468750       0.00000000    
   73.6171875       0.00000000    
   73.6875000       0.00000000    
   73.7578125       0.00000000    
   73.8281250       0.00000000    
   73.8984375       0.00000000    
   73.9687500       0.00000000    
   74.0390625       0.00000000    
   74.1093750       0.00000000    
   74.1796875       0.00000000    
   74.2500000       0.00000000    
   74.3203125       0.00000000    
   74.3906250       0.00000000    
   74.4609375       0.00000000    
   74.5312500       0.00000000    
   74.6015625       0.00000000    
   74.6718750       0.00000000    
   74.7421875       0.00000000    
   74.8125000       0.00000000    
   74.8828125       0.00000000    
   74.9531250       0.00000000    
   75.0234375       0.00000000    
   75.0937500       0.00000000    
   75.1640625       0.00000000    
   75.2343750       0.00000000    
   75.3046875       0.00000000    
   75.3750000       0.00000000    
   75.4453125       0.00000000    
   75.5156250       0.00000000    
   75.5859375       0.00000000    
   75.6562500       0.00000000    
   75.7265625       0.00000000    
   75.7968750       0.00000000    
   75.8671875       0.00000000    
   75.9375000       0.00000000    
   76.0078125       0.00000000    
   76.0781250       0.00000000    
   76.1484375       0.00000000    
   76.2187500       0.00000000    
   76.2890625       0.00000000    
   76.3593750       0.00000000    
   76.4296875       0.00000000    
   76.5000000       0.00000000    
   76.5703125       0.00000000    
   76.6406250       0.00000000    
   76.7109375       0.00000000    
   76.7812500       0.00000000    
   76.8515625       0.00000000    
   76.9218750       0.00000000    
   76.9921875       0.00000000    
   77.0625000       0.00000000    
   77.1328125       0.00000000    
   77.2031250       0.00000000    
   77.2734375       0.00000000    
   77.3437500       0.00000000    
   77.4140625       0.00000000    
   77.4843750       0.00000000    
   77.5546875       0.00000000    
   77.6250000       0.00000000    
   77.6953125       0.00000000    
   77.7656250       0.00000000    
   77.8359375       0.00000000    
   77.9062500       0.00000000    
   77.9765625       0.00000000    
   78.0468750       0.00000000    
   78.1171875       0.00000000    
   78.1875000       0.00000000    
   78.2578125       0.00000000    
   78.3281250       0.00000000    
   78.3984375       0.00000000    
   78.4687500       0.00000000    
   78.5390625       0.00000000    
   78.6093750       0.00000000    
   78.6796875       0.00000000    
   78.7500000       0.00000000    
   78.8203125       0.00000000    
   78.8906250       0.00000000    
   78.9609375       0.00000000    
   79.0312500       0.00000000    
   79.1015625       0.00000000    
   79.1718750       0.00000000    
   79.2421875       0.00000000    
   79.3125000       0.00000000    
   79.3828125       0.00000000    
   79.4531250       0.00000000    
   79.5234375       0.00000000    
   79.5937500       0.00000000    
   79.6640625       0.00000000    
   79.7343750       0.00000000    
   79.8046875       0.00000000    
   79.8750000       0.00000000    
   79.9453125       0.00000000    
   80.0156250       0.00000000    
   80.0859375       0.00000000    
   80.1562500       0.00000000    
   80.2265625       0.00000000    
   80.2968750       0.00000000    
   80.3671875       0.00000000    
   80.4375000       0.00000000    
   80.5078125       0.00000000    
   80.5781250       0.00000000    
   80.6484375       0.00000000    
   80.7187500       0.00000000    
   80.7890625       0.00000000    
   80.8593750       0.00000000    
   80.9296875       0.00000000    
   81.0000000       0.00000000    
   81.0703125       0.00000000    
   81.1406250       0.00000000    
   81.2109375       0.00000000    
   81.2812500       0.00000000    
   81.3515625       0.00000000    
   81.4218750       0.00000000    
   81.4921875       0.00000000    
   81.5625000       0.00000000    
   81.6328125       0.00000000    
   81.7031250       0.00000000    
   81.7734375       0.00000000    
   81.8437500       0.00000000    
   81.9140625       0.00000000    
   81.9843750       0.00000000    
   82.0546875       0.00000000    
   82.1250000       0.00000000    
   82.1953125       0.00000000    
   82.2656250       0.00000000    
   82.3359375       0.00000000    
   82.4062500       0.00000000    
   82.4765625       0.00000000    
   82.5468750       0.00000000    
   82.6171875       0.00000000    
   82.6875000       0.00000000    
   82.7578125       0.00000000    
   82.8281250       0.00000000    
   82.8984375       0.00000000    
   82.9687500       0.00000000    
   83.0390625       0.00000000    
   83.1093750       0.00000000    
   83.1796875       0.00000000    
   83.2500000       0.00000000    
   83.3203125       0.00000000    
   83.3906250       0.00000000    
   83.4609375       0.00000000    
   83.5312500       0.00000000    
   83.6015625       0.00000000    
   83.6718750       0.00000000    
   83.7421875       0.00000000    
   83.8125000       0.00000000    
   83.8828125       0.00000000    
   83.9531250       0.00000000    
   84.0234375       0.00000000    
   84.0937500       0.00000000    
   84.1640625       0.00000000    
   84.2343750       0.00000000    
   84.3046875       0.00000000    
   84.3750000       0.00000000    
   84.4453125       0.00000000    
   84.5156250       0.00000000    
   84.5859375       0.00000000    
   84.6562500       0.00000000    
   84.7265625       0.00000000    
   84.7968750       0.00000000    
   84.8671875       0.00000000    
   84.9375000       0.00000000    
   85.0078125       0.00000000    
   85.0781250       0.00000000    
   85.1484375       0.00000000    
