1997 04 21 12 02 26.0 -12.580 166.680
55. 5.086E+20 7.738 305 33 42 178 69 115
  -1.12500000       0.00000000    
  -1.05468750       0.00000000    
 -0.984375000       0.00000000    
 -0.914062500       0.00000000    
 -0.843750000       0.00000000    
 -0.773437500       0.00000000    
 -0.703125000       0.00000000    
 -0.632812500       0.00000000    
 -0.562500000       0.00000000    
 -0.492187500       0.00000000    
 -0.421875000       0.00000000    
 -0.351562500       0.00000000    
 -0.281250000       0.00000000    
 -0.210937500       0.00000000    
 -0.140625000       0.00000000    
  -7.03125000E-02   0.00000000    
   0.00000000       0.00000000    
   7.03125000E-02   7.01129222E+17
  0.140625000       7.81318666E+17
  0.210937500       8.52957621E+17
  0.281250000       9.15420533E+17
  0.351562500       9.69247881E+17
  0.421875000       1.01581825E+18
  0.492187500       1.05702863E+18
  0.562500000       1.09500707E+18
  0.632812500       1.13189754E+18
  0.703125000       1.16966157E+18
  0.773437500       1.20994410E+18
  0.843750000       1.25396058E+18
  0.914062500       1.30244904E+18
  0.984375000       1.35561482E+18
   1.05468750       1.41312162E+18
   1.12500000       1.47408294E+18
   1.19531250       1.53710640E+18
   1.26562500       1.60033945E+18
   1.33593750       1.66166636E+18
   1.40625000       1.71905125E+18
   1.47656250       1.77106845E+18
   1.54687500       1.81736930E+18
   1.61718750       1.85893098E+18
   1.68750000       1.89786771E+18
   1.75781250       1.93683303E+18
   1.82812500       1.97811570E+18
   1.89843750       2.02277553E+18
   1.96875000       2.07009191E+18
   2.03906250       2.11755920E+18
   2.10937500       2.16135316E+18
   2.17968750       2.19714639E+18
   2.25000000       2.22090134E+18
   2.32031250       2.22946145E+18
   2.39062500       2.22070576E+18
   2.46093750       2.19343650E+18
   2.53125000       2.14714857E+18
   2.60156250       2.08194836E+18
   2.67187500       1.99862063E+18
   2.74218750       1.89883816E+18
   2.81250000       1.78532321E+18
   2.88281250       1.66183610E+18
   2.95312500       1.53288743E+18
   3.02343750       1.40329006E+18
   3.09375000       1.27772432E+18
   3.16406250       1.16049796E+18
   3.23437500       1.05546512E+18
   3.30468750       9.66050501E+17
   3.37500000       8.95155847E+17
   3.44531250       8.44940739E+17
   3.51562500       8.16442565E+17
   3.58593750       8.09285020E+17
   3.65625000       8.21596595E+17
   3.72656250       8.50272202E+17
   3.79687500       8.91431526E+17
   3.86718750       9.40957378E+17
   3.93750000       9.94908764E+17
   4.00781250       1.04977226E+18
   4.07812500       1.10251151E+18
   4.14843750       1.15055639E+18
   4.21875000       1.19176203E+18
   4.28906250       1.22444652E+18
   4.35937500       1.24744597E+18
   4.42968750       1.26028497E+18
   4.50000000       1.26338531E+18
   4.57031250       1.25834653E+18
   4.64062500       1.24810733E+18
   4.71093750       1.23700597E+18
   4.78125000       1.23062001E+18
   4.85156250       1.23544755E+18
   4.92187500       1.25833842E+18
   4.99218750       1.30582646E+18
   5.06250000       1.38341955E+18
   5.13281250       1.49504032E+18
   5.20312500       1.64263120E+18
   5.27343750       1.82604940E+18
   5.34375000       2.04317284E+18
   5.41406250       2.29019407E+18
   5.48437500       2.56191020E+18
   5.55468750       2.85206499E+18
   5.62500000       3.15368275E+18
   5.69531250       3.45952703E+18
   5.76562500       3.76250515E+18
   5.83593750       4.05609262E+18
   5.90625000       4.33458930E+18
   5.97656250       4.59332005E+18
   6.04687500       4.82864220E+18
   6.11718750       5.03791060E+18
   6.18750000       5.21942238E+18
   6.25781250       5.37248099E+18
   6.32812500       5.49748392E+18
   6.39843750       5.59611286E+18
   6.46875000       5.67140522E+18
   6.53906250       5.72772990E+18
   6.60937500       5.77039975E+18
   6.67968750       5.80509594E+18
   6.75000000       5.83715880E+18
   6.82031250       5.87111611E+18
   6.89062500       5.91044565E+18
   6.96093750       5.95776258E+18
   7.03125000       6.01517193E+18
   7.10156250       6.08471769E+18
   7.17187500       6.16852521E+18
   7.24218750       6.26860881E+18
   7.31250000       6.38629559E+18
   7.38281250       6.52157510E+18
   7.45312500       6.67257488E+18
   7.52343750       6.83554009E+18
   7.59375000       7.00534647E+18
   7.66406250       7.17653329E+18
   7.73437500       7.34434845E+18
   7.80468750       7.50556269E+18
   7.87500000       7.65864604E+18
   7.94531250       7.80344458E+18
   8.01562500       7.94040634E+18
   8.08593750       8.06981337E+18
   8.15625000       8.19125827E+18
   8.22656250       8.30363001E+18
   8.29687500       8.40546513E+18
   8.36718750       8.49551073E+18
   8.43750000       8.57319013E+18
   8.50781250       8.63883867E+18
   8.57812500       8.69353553E+18
   8.64843750       8.73870071E+18
   8.71875000       8.77558053E+18
   8.78906250       8.80497213E+18
   8.85937500       8.82715972E+18
   8.92968750       8.84213837E+18
   9.00000000       8.84986849E+18
   9.07031250       8.85049301E+18
   9.14062500       8.84433574E+18
   9.21093750       8.83179362E+18
   9.28125000       8.81320417E+18
   9.35156250       8.78890936E+18
   9.42187500       8.75944355E+18
   9.49218750       8.72577760E+18
   9.56250000       8.68935463E+18
   9.63281250       8.65190472E+18
   9.70312500       8.61500566E+18
   9.77343750       8.57962447E+18
   9.84375000       8.54574522E+18
   9.91406250       8.51229588E+18
   9.98437500       8.47727313E+18
   10.0546875       8.43807939E+18
   10.1250000       8.39191914E+18
   10.1953125       8.33621349E+18
   10.2656250       8.26885686E+18
   10.3359375       8.18829729E+18
   10.4062500       8.09345396E+18
   10.4765625       7.98361715E+18
   10.5468750       7.85839872E+18
   10.6171875       7.71781022E+18
   10.6875000       7.56241184E+18
   10.7578125       7.39354005E+18
   10.8281250       7.21350491E+18
   10.8984375       7.02573966E+18
   10.9687500       6.83481991E+18
   11.0390625       6.64632679E+18
   11.1093750       6.46641040E+18
   11.1796875       6.30106254E+18
   11.2500000       6.15518484E+18
   11.3203125       6.03173057E+18
   11.3906250       5.93116209E+18
   11.4609375       5.85144365E+18
   11.5312500       5.78856148E+18
   11.6015625       5.73745069E+18
   11.6718750       5.69303646E+18
   11.7421875       5.65118905E+18
   11.8125000       5.60943235E+18
   11.8828125       5.56736173E+18
   11.9531250       5.52670949E+18
   12.0234375       5.49103858E+18
   12.0937500       5.46506537E+18
   12.1640625       5.45370522E+18
   12.2343750       5.46096529E+18
   12.3046875       5.48897590E+18
   12.3750000       5.53745392E+18
   12.4453125       5.60383473E+18
   12.5156250       5.68404741E+18
   12.5859375       5.77371478E+18
   12.6562500       5.86931292E+18
   12.7265625       5.96887699E+18
   12.7968750       6.07195841E+18
   12.8671875       6.17895628E+18
   12.9375000       6.29013505E+18
   13.0078125       6.40488228E+18
   13.0781250       6.52145635E+18
   13.1484375       6.63741250E+18
   13.2187500       6.75047088E+18
   13.2890625       6.85954903E+18
   13.3593750       6.96545069E+18
   13.4296875       7.07098842E+18
   13.5000000       7.18040686E+18
   13.5703125       7.29840096E+18
   13.6406250       7.42900919E+18
   13.7109375       7.57478794E+18
   13.7812500       7.73642165E+18
   13.8515625       7.91286963E+18
   13.9218750       8.10175308E+18
   13.9921875       8.29981525E+18
   14.0625000       8.50321831E+18
   14.1328125       8.70766810E+18
   14.2031250       8.90837295E+18
   14.2734375       9.09992987E+18
   14.3437500       9.27625635E+18
   14.4140625       9.43069925E+18
   14.4843750       9.55633055E+18
   14.5546875       9.64644982E+18
   14.6250000       9.69516698E+18
   14.6953125       9.69794764E+18
   14.7656250       9.65189240E+18
   14.8359375       9.55564555E+18
   14.9062500       9.40898609E+18
   14.9765625       9.21235823E+18
   15.0468750       8.96662233E+18
   15.1171875       8.67319236E+18
   15.1875000       8.33454223E+18
   15.2578125       7.95494849E+18
   15.3281250       7.54117202E+18
   15.3984375       7.10285116E+18
   15.4687500       6.65236091E+18
   15.5390625       6.20413730E+18
   15.6093750       5.77343990E+18
   15.6796875       5.37476523E+18
   15.7500000       5.02017493E+18
   15.8203125       4.71794117E+18
   15.8906250       4.47179405E+18
   15.9609375       4.28086221E+18
   16.0312500       4.14018465E+18
   16.1015625       4.04149496E+18
   16.1718750       3.97397725E+18
   16.2421875       3.92478400E+18
   16.3125000       3.87940853E+18
   16.3828125       3.82209978E+18
   16.4531250       3.73657372E+18
   16.5234375       3.60710403E+18
   16.5937500       3.41997842E+18
   16.6640625       3.16516027E+18
   16.7343750       2.83803055E+18
   16.8046875       2.44109888E+18
   16.8750000       1.98577792E+18
   16.9453125       1.49427602E+18
   17.0156250       1.00167014E+18
   17.0859375       5.57846020E+17
   17.1562500       2.28763032E+17
   17.2265625       5.49476598E+16
   17.2968750       0.00000000    
   17.3671875       0.00000000    
   17.4375000       0.00000000    
   17.5078125       0.00000000    
   17.5781250       0.00000000    
   17.6484375       0.00000000    
   17.7187500       0.00000000    
   17.7890625       0.00000000    
   17.8593750       0.00000000    
   17.9296875       0.00000000    
   18.0000000       0.00000000    
   18.0703125       0.00000000    
   18.1406250       0.00000000    
   18.2109375       0.00000000    
   18.2812500       0.00000000    
   18.3515625       0.00000000    
   18.4218750       0.00000000    
   18.4921875       0.00000000    
   18.5625000       0.00000000    
   18.6328125       0.00000000    
   18.7031250       0.00000000    
   18.7734375       0.00000000    
   18.8437500       0.00000000    
   18.9140625       0.00000000    
   18.9843750       0.00000000    
   19.0546875       0.00000000    
   19.1250000       0.00000000    
   19.1953125       0.00000000    
   19.2656250       0.00000000    
   19.3359375       0.00000000    
   19.4062500       0.00000000    
   19.4765625       0.00000000    
   19.5468750       0.00000000    
   19.6171875       0.00000000    
   19.6875000       0.00000000    
   19.7578125       0.00000000    
   19.8281250       0.00000000    
   19.8984375       0.00000000    
   19.9687500       0.00000000    
   20.0390625       0.00000000    
   20.1093750       0.00000000    
   20.1796875       0.00000000    
   20.2500000       0.00000000    
   20.3203125       0.00000000    
   20.3906250       0.00000000    
   20.4609375       0.00000000    
   20.5312500       0.00000000    
   20.6015625       0.00000000    
   20.6718750       0.00000000    
   20.7421875       0.00000000    
   20.8125000       0.00000000    
   20.8828125       0.00000000    
   20.9531250       0.00000000    
   21.0234375       0.00000000    
   21.0937500       0.00000000    
   21.1640625       0.00000000    
   21.2343750       0.00000000    
   21.3046875       0.00000000    
   21.3750000       0.00000000    
   21.4453125       0.00000000    
   21.5156250       0.00000000    
   21.5859375       0.00000000    
   21.6562500       0.00000000    
   21.7265625       0.00000000    
   21.7968750       0.00000000    
   21.8671875       0.00000000    
   21.9375000       0.00000000    
   22.0078125       0.00000000    
   22.0781250       0.00000000    
   22.1484375       0.00000000    
   22.2187500       0.00000000    
   22.2890625       0.00000000    
   22.3593750       0.00000000    
   22.4296875       0.00000000    
   22.5000000       0.00000000    
   22.5703125       0.00000000    
   22.6406250       0.00000000    
   22.7109375       0.00000000    
   22.7812500       0.00000000    
   22.8515625       0.00000000    
   22.9218750       0.00000000    
   22.9921875       0.00000000    
   23.0625000       0.00000000    
   23.1328125       2.55698151E+16
   23.2031250       2.80599869E+17
   23.2734375       8.95845309E+17
   23.3437500       1.91887814E+18
   23.4140625       3.17754297E+18
   23.4843750       4.54632610E+18
   23.5546875       5.94329411E+18
   23.6250000       7.32305640E+18
   23.6953125       8.66775693E+18
   23.7656250       9.97740172E+18
   23.8359375       1.12611838E+19
   23.9062500       1.25304622E+19
   23.9765625       1.37941496E+19
   24.0468750       1.50561438E+19
   24.1171875       1.63148086E+19
   24.1875000       1.75637615E+19
   24.2578125       1.87937082E+19
   24.3281250       1.99943089E+19
   24.3984375       2.11558440E+19
   24.4687500       2.22699901E+19
   24.5390625       2.33300337E+19
   24.6093750       2.43303232E+19
   24.6796875       2.52657195E+19
   24.7500000       2.61311297E+19
   24.8203125       2.69219094E+19
   24.8906250       2.76344524E+19
   24.9609375       2.82671003E+19
   25.0312500       2.88205681E+19
   25.1015625       2.92980684E+19
   25.1718750       2.97047492E+19
   25.2421875       3.00467699E+19
   25.3125000       3.03302064E+19
   25.3828125       3.05604067E+19
   25.4531250       3.07416920E+19
   25.5234375       3.08775235E+19
   25.5937500       3.09706829E+19
   25.6640625       3.10234485E+19
   25.7343750       3.10372693E+19
   25.8046875       3.10122290E+19
   25.8750000       3.09463023E+19
   25.9453125       3.08350977E+19
   26.0156250       3.06722007E+19
   26.0859375       3.04502005E+19
   26.1562500       3.01620317E+19
   26.2265625       2.98024232E+19
   26.2968750       2.93689517E+19
   26.3671875       2.88624023E+19
   26.4375000       2.82863792E+19
   26.5078125       2.76465228E+19
   26.5781250       2.69495798E+19
   26.6484375       2.62027717E+19
   26.7187500       2.54133223E+19
   26.7890625       2.45884357E+19
   26.8593750       2.37354016E+19
   26.9296875       2.28616351E+19
   27.0000000       2.19745953E+19
   27.0703125       2.10816115E+19
   27.1406250       2.01897119E+19
   27.2109375       1.93054451E+19
   27.2812500       1.84347044E+19
   27.3515625       1.75825939E+19
   27.4218750       1.67533961E+19
   27.4921875       1.59505074E+19
   27.5625000       1.51764040E+19
   27.6328125       1.44326052E+19
   27.7031250       1.37196456E+19
   27.7734375       1.30370413E+19
   27.8437500       1.23832321E+19
   27.9140625       1.17555737E+19
   27.9843750       1.11504454E+19
   28.0546875       1.05633304E+19
   28.1250000       9.98881575E+18
   28.1953125       9.42041662E+18
   28.2656250       8.85049026E+18
   28.3359375       8.27026313E+18
   28.4062500       7.67032506E+18
   28.4765625       7.04158583E+18
   28.5468750       6.37679251E+18
   28.6171875       5.67224745E+18
   28.6875000       4.92954054E+18
   28.7578125       4.15694175E+18
   28.8281250       3.37037422E+18
   28.8984375       2.59363743E+18
   28.9687500       1.85776921E+18
   29.0390625       1.19929519E+18
   29.1093750       6.57484451E+17
   29.1796875       2.70707013E+17
   29.2500000       6.89570829E+16
   29.3203125       0.00000000    
   29.3906250       0.00000000    
   29.4609375       0.00000000    
   29.5312500       4.74778999E+15
   29.6015625       6.72024041E+16
   29.6718750       2.28725580E+17
   29.7421875       5.14616900E+17
   29.8125000       8.91699670E+17
   29.8828125       1.32947751E+18
   29.9531250       1.80116896E+18
   30.0234375       2.28381855E+18
   30.0937500       2.75799188E+18
   30.1640625       3.20751154E+18
   30.2343750       3.61947051E+18
   30.3046875       3.98450067E+18
   30.3750000       4.29708523E+18
   30.4453125       4.55564666E+18
   30.5156250       4.76220366E+18
   30.5859375       4.92162790E+18
   30.6562500       5.04066708E+18
   30.7265625       5.12707770E+18
   30.7968750       5.18904122E+18
   30.8671875       5.23491945E+18
   30.9375000       5.27315441E+18
   31.0078125       5.31213595E+18
   31.0781250       5.35980747E+18
   31.1484375       5.42309866E+18
   31.2187500       5.50726298E+18
   31.2890625       5.61541204E+18
   31.3593750       5.74831771E+18
   31.4296875       5.90456656E+18
   31.5000000       6.08090898E+18
   31.5703125       6.27274297E+18
   31.6406250       6.47454734E+18
   31.7109375       6.68030555E+18
   31.7812500       6.88389387E+18
   31.8515625       7.07956516E+18
   31.9218750       7.26242768E+18
   31.9921875       7.42887615E+18
   32.0625000       7.57679895E+18
   32.1328125       7.70550503E+18
   32.2031250       7.81526433E+18
   32.2734375       7.90656338E+18
   32.3437500       7.97918832E+18
   32.4140625       8.03152672E+18
   32.4843750       8.06031358E+18
   32.5546875       8.06112667E+18
   32.6250000       8.02953715E+18
   32.6953125       7.96268905E+18
   32.7656250       7.86070220E+18
   32.8359375       7.72735068E+18
   32.9062500       7.56966642E+18
   32.9765625       7.39656041E+18
   33.0468750       7.21685732E+18
   33.1171875       7.03741978E+18
   33.1875000       6.86195036E+18
   33.2578125       6.69086471E+18
   33.3281250       6.52216114E+18
   33.3984375       6.35287098E+18
   33.4687500       6.18053518E+18
   33.5390625       6.00422244E+18
   33.6093750       5.82487780E+18
   33.6796875       5.64502739E+18
   33.7500000       5.46805494E+18
   33.8203125       5.29732223E+18
   33.8906250       5.13532513E+18
   33.9609375       4.98306806E+18
   34.0312500       4.83979125E+18
   34.1015625       4.70314175E+18
   34.1718750       4.56975834E+18
   34.2421875       4.43617730E+18
   34.3125000       4.29990080E+18
   34.3828125       4.16046569E+18
   34.4531250       4.02031259E+18
   34.5234375       3.88533050E+18
   34.5937500       3.76493150E+18
   34.6640625       3.67162117E+18
   34.7343750       3.61997711E+18
   34.8046875       3.62509369E+18
   34.8750000       3.70060897E+18
   34.9453125       3.85665248E+18
   35.0156250       4.09807610E+18
   35.0859375       4.42348426E+18
   35.1562500       4.82533982E+18
   35.2265625       5.29122049E+18
   35.2968750       5.80580128E+18
   35.3671875       6.35302986E+18
   35.4375000       6.91784129E+18
   35.5078125       7.48718655E+18
   35.5781250       8.05024316E+18
   35.6484375       8.59818863E+18
   35.7187500       9.12381511E+18
   35.7890625       9.62139415E+18
   35.8593750       1.00867624E+19
   35.9296875       1.05176347E+19
   36.0000000       1.09138074E+19
   36.0703125       1.12771872E+19
   36.1406250       1.16113772E+19
   36.2109375       1.19209732E+19
   36.2812500       1.22107154E+19
   36.3515625       1.24849347E+19
   36.4218750       1.27473805E+19
   36.4921875       1.30015293E+19
   36.5625000       1.32510623E+19
   36.6328125       1.35003007E+19
   36.7031250       1.37541340E+19
   36.7734375       1.40174220E+19
   36.8437500       1.42938524E+19
   36.9140625       1.45847557E+19
   36.9843750       1.48880966E+19
   37.0546875       1.51980764E+19
   37.1250000       1.55053723E+19
   37.1953125       1.57980964E+19
   37.2656250       1.60631414E+19
   37.3359375       1.62876705E+19
   37.4062500       1.64604554E+19
   37.4765625       1.65729597E+19
   37.5468750       1.66200286E+19
   37.6171875       1.66001561E+19
   37.6875000       1.65152419E+19
   37.7578125       1.63699975E+19
   37.8281250       1.61710266E+19
   37.8984375       1.59257640E+19
   37.9687500       1.56414237E+19
   38.0390625       1.53241915E+19
   38.1093750       1.49787832E+19
   38.1796875       1.46083952E+19
   38.2500000       1.42150130E+19
   38.3203125       1.37999682E+19
   38.3906250       1.33645979E+19
   38.4609375       1.29106975E+19
   38.5312500       1.24406926E+19
   38.6015625       1.19575100E+19
   38.6718750       1.14643626E+19
   38.7421875       1.09645510E+19
   38.8125000       1.04614309E+19
   38.8828125       9.95863415E+18
   38.9531250       9.46040475E+18
   39.0234375       8.97176529E+18
   39.0937500       8.49831339E+18
   39.1640625       8.04550041E+18
   39.2343750       7.61761557E+18
   39.3046875       7.21671274E+18
   39.3750000       6.84196674E+18
   39.4453125       6.48969586E+18
   39.5156250       6.15418373E+18
   39.5859375       5.82894160E+18
   39.6562500       5.50805463E+18
   39.7265625       5.18713852E+18
   39.7968750       4.86383317E+18
   39.8671875       4.53775706E+18
   39.9375000       4.21022106E+18
   40.0078125       3.88386814E+18
   40.0781250       3.56249821E+18
   40.1484375       3.25102196E+18
   40.2187500       2.95554306E+18
   40.2890625       2.68338287E+18
   40.3593750       2.44303320E+18
   40.4296875       2.24382808E+18
   40.5000000       2.09536350E+18
   40.5703125       2.00658879E+18
   40.6406250       1.98478424E+18
   40.7109375       2.03451419E+18
   40.7812500       2.15683637E+18
   40.8515625       2.34885975E+18
   40.9218750       2.60376695E+18
   40.9921875       2.91116072E+18
   41.0625000       3.25763168E+18
   41.1328125       3.62740486E+18
   41.2031250       4.00308709E+18
   41.2734375       4.36658591E+18
   41.3437500       4.70030721E+18
   41.4140625       4.98859256E+18
   41.4843750       5.21918818E+18
   41.5546875       5.38438321E+18
   41.6250000       5.48147998E+18
   41.6953125       5.51242848E+18
   41.7656250       5.48268010E+18
   41.8359375       5.39954822E+18
   41.9062500       5.27048040E+18
   41.9765625       5.10163060E+18
   42.0468750       4.89695981E+18
   42.1171875       4.65788090E+18
   42.1875000       4.38332707E+18
   42.2578125       4.07007374E+18
   42.3281250       3.71332564E+18
   42.3984375       3.30771690E+18
   42.4687500       2.84923183E+18
   42.5390625       2.33855183E+18
   42.6093750       1.78628913E+18
   42.6796875       1.21998196E+18
   42.7500000       6.92222903E+17
   42.8203125       2.88600808E+17
   42.8906250       7.01580846E+16
   42.9609375       0.00000000    
   43.0312500       0.00000000    
   43.1015625       0.00000000    
   43.1718750       0.00000000    
   43.2421875       0.00000000    
   43.3125000       0.00000000    
   43.3828125       0.00000000    
   43.4531250       0.00000000    
   43.5234375       0.00000000    
   43.5937500       0.00000000    
   43.6640625       0.00000000    
   43.7343750       0.00000000    
   43.8046875       0.00000000    
   43.8750000       0.00000000    
   43.9453125       0.00000000    
   44.0156250       0.00000000    
   44.0859375       0.00000000    
   44.1562500       0.00000000    
   44.2265625       0.00000000    
   44.2968750       0.00000000    
   44.3671875       0.00000000    
   44.4375000       0.00000000    
   44.5078125       0.00000000    
   44.5781250       0.00000000    
   44.6484375       0.00000000    
   44.7187500       0.00000000    
   44.7890625       0.00000000    
   44.8593750       0.00000000    
   44.9296875       0.00000000    
   45.0000000       0.00000000    
   45.0703125       0.00000000    
   45.1406250       0.00000000    
   45.2109375       0.00000000    
   45.2812500       0.00000000    
   45.3515625       0.00000000    
   45.4218750       0.00000000    
   45.4921875       0.00000000    
   45.5625000       0.00000000    
   45.6328125       0.00000000    
   45.7031250       0.00000000    
   45.7734375       0.00000000    
   45.8437500       0.00000000    
   45.9140625       0.00000000    
   45.9843750       0.00000000    
   46.0546875       0.00000000    
   46.1250000       0.00000000    
   46.1953125       0.00000000    
   46.2656250       0.00000000    
   46.3359375       0.00000000    
   46.4062500       0.00000000    
   46.4765625       0.00000000    
   46.5468750       0.00000000    
   46.6171875       7.12022771E+16
   46.6875000       3.62365394E+17
   46.7578125       9.57005025E+17
   46.8281250       1.82067746E+18
   46.8984375       2.81105898E+18
   46.9687500       3.83394427E+18
   47.0390625       4.83443168E+18
   47.1093750       5.78678742E+18
   47.1796875       6.68494439E+18
   47.2500000       7.53457880E+18
   47.3203125       8.34740102E+18
   47.3906250       9.13716813E+18
   47.4609375       9.91724634E+18
   47.5312500       1.06990046E+19
   47.6015625       1.14909114E+19
   47.6718750       1.22977781E+19
   47.7421875       1.31203205E+19
   47.8125000       1.39549785E+19
   47.8828125       1.47943501E+19
   47.9531250       1.56280965E+19
   48.0234375       1.64444498E+19
   48.0937500       1.72319574E+19
   48.1640625       1.79813428E+19
   48.2343750       1.86868444E+19
   48.3046875       1.93469758E+19
   48.3750000       1.99643186E+19
   48.4453125       2.05446980E+19
   48.5156250       2.10956105E+19
   48.5859375       2.16243921E+19
   48.6562500       2.21362983E+19
   48.7265625       2.26331720E+19
   48.7968750       2.31127790E+19
   48.8671875       2.35691357E+19
   48.9375000       2.39935669E+19
   49.0078125       2.43764081E+19
   49.0781250       2.47087025E+19
   49.1484375       2.49836068E+19
   49.2187500       2.51971297E+19
   49.2890625       2.53484159E+19
   49.3593750       2.54394687E+19
   49.4296875       2.54747190E+19
   49.5000000       2.54603550E+19
   49.5703125       2.54039083E+19
   49.6406250       2.53137527E+19
   49.7109375       2.51985723E+19
   49.7812500       2.50665935E+19
   49.8515625       2.49246576E+19
   49.9218750       2.47772922E+19
   49.9921875       2.46259928E+19
   50.0625000       2.44690112E+19
   50.1328125       2.43019096E+19
   50.2031250       2.41187991E+19
   50.2734375       2.39139205E+19
   50.3437500       2.36829747E+19
   50.4140625       2.34241826E+19
   50.4843750       2.31385339E+19
   50.5546875       2.28295887E+19
   50.6250000       2.25027545E+19
   50.6953125       2.21645535E+19
   50.7656250       2.18219105E+19
   50.8359375       2.14815831E+19
   50.9062500       2.11497923E+19
   50.9765625       2.08321587E+19
   51.0468750       2.05337843E+19
   51.1171875       2.02593550E+19
   51.1875000       2.00129720E+19
   51.2578125       1.97978196E+19
   51.3281250       1.96156349E+19
   51.3984375       1.94662288E+19
   51.4687500       1.93471605E+19
   51.5390625       1.92537372E+19
   51.6093750       1.91791925E+19
   51.6796875       1.91150140E+19
   51.7500000       1.90512028E+19
   51.8203125       1.89766845E+19
   51.8906250       1.88798747E+19
   51.9609375       1.87496309E+19
   52.0312500       1.85764996E+19
   52.1015625       1.83543081E+19
   52.1718750       1.80817139E+19
   52.2421875       1.77633393E+19
   52.3125000       1.74100102E+19
   52.3828125       1.70378288E+19
   52.4531250       1.66660641E+19
   52.5234375       1.63140983E+19
   52.5937500       1.59981416E+19
   52.6640625       1.57286579E+19
   52.7343750       1.55093636E+19
   52.8046875       1.53380608E+19
   52.8750000       1.52090067E+19
   52.9453125       1.51159385E+19
   53.0156250       1.50547837E+19
   53.0859375       1.50252541E+19
   53.1562500       1.50310650E+19
   53.2265625       1.50789543E+19
   53.2968750       1.51769350E+19
   53.3671875       1.53322114E+19
   53.4375000       1.55492253E+19
   53.5078125       1.58281934E+19
   53.5781250       1.61643569E+19
   53.6484375       1.65480480E+19
   53.7187500       1.69654215E+19
   53.7890625       1.73997715E+19
   53.8593750       1.78330682E+19
   53.9296875       1.82475170E+19
   54.0000000       1.86268705E+19
   54.0703125       1.89575728E+19
   54.1406250       1.92296821E+19
   54.2109375       1.94375360E+19
   54.2812500       1.95800569E+19
   54.3515625       1.96605741E+19
   54.4218750       1.96861466E+19
   54.4921875       1.96662916E+19
   54.5625000       1.96114304E+19
   54.6328125       1.95314409E+19
   54.7031250       1.94346465E+19
   54.7734375       1.93274287E+19
   54.8437500       1.92143571E+19
   54.9140625       1.90986929E+19
   54.9843750       1.89829825E+19
   55.0546875       1.88695041E+19
   55.1250000       1.87604479E+19
   55.1953125       1.86579009E+19
   55.2656250       1.85637805E+19
   55.3359375       1.84796283E+19
   55.4062500       1.84062886E+19
   55.4765625       1.83435395E+19
   55.5468750       1.82896503E+19
   55.6171875       1.82409001E+19
   55.6875000       1.81912033E+19
   55.7578125       1.81320693E+19
   55.8281250       1.80530573E+19
   55.8984375       1.79427477E+19
   55.9687500       1.77900772E+19
   56.0390625       1.75858639E+19
   56.1093750       1.73242340E+19
   56.1796875       1.70035911E+19
   56.2500000       1.66269391E+19
   56.3203125       1.62014182E+19
   56.3906250       1.57372714E+19
   56.4609375       1.52462911E+19
   56.5312500       1.47402739E+19
   56.6015625       1.42297486E+19
   56.6718750       1.37234609E+19
   56.7421875       1.32283387E+19
   56.8125000       1.27498599E+19
   56.8828125       1.22922882E+19
   56.9531250       1.18587805E+19
   57.0234375       1.14511079E+19
   57.0937500       1.10692904E+19
   57.1640625       1.07112796E+19
   57.2343750       1.03729994E+19
   57.3046875       1.00486391E+19
   57.3750000       9.73120237E+18
   57.4453125       9.41303669E+18
   57.5156250       9.08636409E+18
   57.5859375       8.74356440E+18
   57.6562500       8.37741054E+18
   57.7265625       7.98123121E+18
   57.7968750       7.54938428E+18
   57.8671875       7.07786641E+18
   57.9375000       6.56506298E+18
   58.0078125       6.01229451E+18
   58.0781250       5.42410636E+18
   58.1484375       4.80808188E+18
   58.2187500       4.17438468E+18
   58.2890625       3.53513879E+18
   58.3593750       2.90404166E+18
   58.4296875       2.29612223E+18
   58.5000000       0.00000000    
   58.5703125       0.00000000    
   58.6406250       0.00000000    
   58.7109375       0.00000000    
   58.7812500       0.00000000    
   58.8515625       0.00000000    
   58.9218750       0.00000000    
   58.9921875       0.00000000    
   59.0625000       0.00000000    
   59.1328125       0.00000000    
   59.2031250       0.00000000    
   59.2734375       0.00000000    
   59.3437500       0.00000000    
   59.4140625       0.00000000    
   59.4843750       0.00000000    
   59.5546875       0.00000000    
   59.6250000       0.00000000    
   59.6953125       0.00000000    
   59.7656250       0.00000000    
   59.8359375       0.00000000    
   59.9062500       0.00000000    
   59.9765625       0.00000000    
   60.0468750       0.00000000    
   60.1171875       0.00000000    
   60.1875000       0.00000000    
   60.2578125       0.00000000    
   60.3281250       0.00000000    
   60.3984375       0.00000000    
   60.4687500       0.00000000    
   60.5390625       0.00000000    
   60.6093750       0.00000000    
   60.6796875       0.00000000    
   60.7500000       0.00000000    
   60.8203125       0.00000000    
   60.8906250       0.00000000    
   60.9609375       0.00000000    
   61.0312500       0.00000000    
   61.1015625       0.00000000    
   61.1718750       0.00000000    
   61.2421875       0.00000000    
   61.3125000       0.00000000    
   61.3828125       0.00000000    
   61.4531250       0.00000000    
   61.5234375       0.00000000    
   61.5937500       0.00000000    
   61.6640625       0.00000000    
   61.7343750       0.00000000    
   61.8046875       0.00000000    
   61.8750000       0.00000000    
   61.9453125       0.00000000    
   62.0156250       0.00000000    
   62.0859375       0.00000000    
   62.1562500       0.00000000    
   62.2265625       0.00000000    
   62.2968750       0.00000000    
   62.3671875       0.00000000    
   62.4375000       0.00000000    
   62.5078125       0.00000000    
   62.5781250       0.00000000    
   62.6484375       0.00000000    
   62.7187500       0.00000000    
   62.7890625       0.00000000    
   62.8593750       0.00000000    
   62.9296875       0.00000000    
   63.0000000       0.00000000    
   63.0703125       0.00000000    
   63.1406250       0.00000000    
   63.2109375       0.00000000    
   63.2812500       0.00000000    
   63.3515625       0.00000000    
   63.4218750       0.00000000    
   63.4921875       0.00000000    
   63.5625000       0.00000000    
   63.6328125       0.00000000    
   63.7031250       0.00000000    
   63.7734375       0.00000000    
   63.8437500       0.00000000    
   63.9140625       0.00000000    
   63.9843750       0.00000000    
   64.0546875       0.00000000    
   64.1250000       0.00000000    
   64.1953125       0.00000000    
   64.2656250       0.00000000    
   64.3359375       0.00000000    
   64.4062500       0.00000000    
   64.4765625       0.00000000    
   64.5468750       0.00000000    
   64.6171875       0.00000000    
   64.6875000       0.00000000    
   64.7578125       0.00000000    
   64.8281250       0.00000000    
   64.8984375       0.00000000    
   64.9687500       0.00000000    
   65.0390625       0.00000000    
   65.1093750       0.00000000    
   65.1796875       0.00000000    
   65.2500000       0.00000000    
   65.3203125       0.00000000    
   65.3906250       0.00000000    
   65.4609375       0.00000000    
   65.5312500       0.00000000    
   65.6015625       0.00000000    
   65.6718750       0.00000000    
   65.7421875       0.00000000    
   65.8125000       0.00000000    
   65.8828125       0.00000000    
   65.9531250       0.00000000    
   66.0234375       0.00000000    
   66.0937500       0.00000000    
   66.1640625       0.00000000    
   66.2343750       0.00000000    
   66.3046875       0.00000000    
   66.3750000       0.00000000    
   66.4453125       0.00000000    
   66.5156250       0.00000000    
   66.5859375       0.00000000    
   66.6562500       0.00000000    
   66.7265625       0.00000000    
   66.7968750       0.00000000    
   66.8671875       0.00000000    
   66.9375000       0.00000000    
   67.0078125       0.00000000    
   67.0781250       0.00000000    
   67.1484375       0.00000000    
   67.2187500       0.00000000    
   67.2890625       0.00000000    
   67.3593750       0.00000000    
   67.4296875       0.00000000    
   67.5000000       0.00000000    
   67.5703125       0.00000000    
   67.6406250       0.00000000    
   67.7109375       0.00000000    
   67.7812500       0.00000000    
   67.8515625       0.00000000    
   67.9218750       0.00000000    
   67.9921875       0.00000000    
   68.0625000       0.00000000    
   68.1328125       0.00000000    
   68.2031250       0.00000000    
   68.2734375       0.00000000    
   68.3437500       0.00000000    
   68.4140625       0.00000000    
   68.4843750       0.00000000    
   68.5546875       0.00000000    
   68.6250000       0.00000000    
   68.6953125       0.00000000    
   68.7656250       0.00000000    
   68.8359375       0.00000000    
   68.9062500       0.00000000    
   68.9765625       0.00000000    
   69.0468750       0.00000000    
   69.1171875       0.00000000    
   69.1875000       0.00000000    
   69.2578125       0.00000000    
   69.3281250       0.00000000    
   69.3984375       0.00000000    
   69.4687500       0.00000000    
   69.5390625       0.00000000    
   69.6093750       0.00000000    
   69.6796875       0.00000000    
   69.7500000       0.00000000    
   69.8203125       0.00000000    
   69.8906250       0.00000000    
   69.9609375       0.00000000    
   70.0312500       0.00000000    
   70.1015625       0.00000000    
   70.1718750       0.00000000    
   70.2421875       0.00000000    
   70.3125000       0.00000000    
   70.3828125       0.00000000    
   70.4531250       0.00000000    
   70.5234375       0.00000000    
   70.5937500       0.00000000    
   70.6640625       0.00000000    
   70.7343750       0.00000000    
   70.8046875       0.00000000    
   70.8750000       0.00000000    
   70.9453125       0.00000000    
   71.0156250       0.00000000    
   71.0859375       0.00000000    
   71.1562500       0.00000000    
   71.2265625       0.00000000    
   71.2968750       0.00000000    
   71.3671875       0.00000000    
   71.4375000       0.00000000    
   71.5078125       0.00000000    
   71.5781250       0.00000000    
   71.6484375       0.00000000    
   71.7187500       0.00000000    
   71.7890625       0.00000000    
   71.8593750       0.00000000    
   71.9296875       0.00000000    
   72.0000000       0.00000000    
   72.0703125       0.00000000    
   72.1406250       0.00000000    
   72.2109375       0.00000000    
   72.2812500       0.00000000    
   72.3515625       0.00000000    
   72.4218750       0.00000000    
   72.4921875       0.00000000    
   72.5625000       0.00000000    
   72.6328125       0.00000000    
   72.7031250       0.00000000    
   72.7734375       0.00000000    
   72.8437500       0.00000000    
   72.9140625       0.00000000    
   72.9843750       0.00000000    
   73.0546875       0.00000000    
   73.1250000       0.00000000    
   73.1953125       0.00000000    
   73.2656250       0.00000000    
   73.3359375       0.00000000    
   73.4062500       0.00000000    
   73.4765625       0.00000000    
   73.5468750       0.00000000    
   73.6171875       0.00000000    
   73.6875000       0.00000000    
   73.7578125       0.00000000    
   73.8281250       0.00000000    
   73.8984375       0.00000000    
   73.9687500       0.00000000    
   74.0390625       0.00000000    
   74.1093750       0.00000000    
   74.1796875       0.00000000    
   74.2500000       0.00000000    
   74.3203125       0.00000000    
   74.3906250       0.00000000    
   74.4609375       0.00000000    
   74.5312500       0.00000000    
   74.6015625       0.00000000    
   74.6718750       0.00000000    
   74.7421875       0.00000000    
   74.8125000       0.00000000    
   74.8828125       0.00000000    
   74.9531250       0.00000000    
   75.0234375       0.00000000    
   75.0937500       0.00000000    
   75.1640625       0.00000000    
   75.2343750       0.00000000    
   75.3046875       0.00000000    
   75.3750000       0.00000000    
   75.4453125       0.00000000    
   75.5156250       0.00000000    
   75.5859375       0.00000000    
   75.6562500       0.00000000    
   75.7265625       0.00000000    
   75.7968750       0.00000000    
   75.8671875       0.00000000    
   75.9375000       0.00000000    
   76.0078125       0.00000000    
   76.0781250       0.00000000    
   76.1484375       0.00000000    
   76.2187500       0.00000000    
   76.2890625       0.00000000    
   76.3593750       0.00000000    
   76.4296875       0.00000000    
   76.5000000       0.00000000    
   76.5703125       0.00000000    
   76.6406250       0.00000000    
   76.7109375       0.00000000    
   76.7812500       0.00000000    
   76.8515625       0.00000000    
   76.9218750       0.00000000    
   76.9921875       0.00000000    
   77.0625000       0.00000000    
   77.1328125       0.00000000    
   77.2031250       0.00000000    
   77.2734375       0.00000000    
   77.3437500       0.00000000    
   77.4140625       0.00000000    
   77.4843750       0.00000000    
   77.5546875       0.00000000    
   77.6250000       0.00000000    
   77.6953125       0.00000000    
   77.7656250       0.00000000    
   77.8359375       0.00000000    
   77.9062500       0.00000000    
   77.9765625       0.00000000    
   78.0468750       0.00000000    
   78.1171875       0.00000000    
   78.1875000       0.00000000    
   78.2578125       0.00000000    
   78.3281250       0.00000000    
   78.3984375       0.00000000    
   78.4687500       0.00000000    
   78.5390625       0.00000000    
   78.6093750       0.00000000    
   78.6796875       0.00000000    
   78.7500000       0.00000000    
   78.8203125       0.00000000    
   78.8906250       0.00000000    
   78.9609375       0.00000000    
   79.0312500       0.00000000    
   79.1015625       0.00000000    
   79.1718750       0.00000000    
   79.2421875       0.00000000    
   79.3125000       0.00000000    
   79.3828125       0.00000000    
   79.4531250       0.00000000    
   79.5234375       0.00000000    
   79.5937500       0.00000000    
   79.6640625       0.00000000    
   79.7343750       0.00000000    
   79.8046875       0.00000000    
   79.8750000       0.00000000    
   79.9453125       0.00000000    
   80.0156250       0.00000000    
   80.0859375       0.00000000    
   80.1562500       0.00000000    
   80.2265625       0.00000000    
   80.2968750       0.00000000    
   80.3671875       0.00000000    
   80.4375000       0.00000000    
   80.5078125       0.00000000    
   80.5781250       0.00000000    
   80.6484375       0.00000000    
   80.7187500       0.00000000    
   80.7890625       0.00000000    
   80.8593750       0.00000000    
