2012 10 28 03 04 08.0 52.788 -132.101
12. 5.675E+20 7.769 333 27 127 113 69 73
  -1.12500000       0.00000000    
  -1.05468750       0.00000000    
 -0.984375000       0.00000000    
 -0.914062500       0.00000000    
 -0.843750000       0.00000000    
 -0.773437500       0.00000000    
 -0.703125000       0.00000000    
 -0.632812500       0.00000000    
 -0.562500000       0.00000000    
 -0.492187500       0.00000000    
 -0.421875000       0.00000000    
 -0.351562500       0.00000000    
 -0.281250000       0.00000000    
 -0.210937500       0.00000000    
 -0.140625000       0.00000000    
  -7.03125000E-02   0.00000000    
   0.00000000       0.00000000    
   7.03125000E-02   6.30381352E+17
  0.140625000       6.81718031E+17
  0.210937500       7.45636628E+17
  0.281250000       8.22516680E+17
  0.351562500       9.11204112E+17
  0.421875000       1.00862888E+18
  0.492187500       1.11037920E+18
  0.562500000       1.21127850E+18
  0.632812500       1.30666223E+18
  0.703125000       1.39303588E+18
  0.773437500       1.46877848E+18
  0.843750000       1.53388290E+18
  0.914062500       1.58979293E+18
  0.984375000       1.63857002E+18
   1.05468750       1.68257096E+18
   1.12500000       1.72379907E+18
   1.19531250       1.76394760E+18
   1.26562500       1.80408967E+18
   1.33593750       1.84494560E+18
   1.40625000       1.88672223E+18
   1.47656250       1.92946822E+18
   1.54687500       1.97293178E+18
   1.61718750       2.01687885E+18
   1.68750000       2.06093435E+18
   1.75781250       2.10488499E+18
   1.82812500       2.14847073E+18
   1.89843750       2.19160884E+18
   1.96875000       2.23412833E+18
   2.03906250       2.27596845E+18
   2.10937500       2.31688843E+18
   2.17968750       2.35666464E+18
   2.25000000       2.39484270E+18
   2.32031250       2.43101856E+18
   2.39062500       2.46463530E+18
   2.46093750       2.49527567E+18
   2.53125000       2.52248721E+18
   2.60156250       2.54610417E+18
   2.67187500       2.56604601E+18
   2.74218750       2.58255243E+18
   2.81250000       2.59593074E+18
   2.88281250       2.60676807E+18
   2.95312500       2.61565927E+18
   3.02343750       2.62339983E+18
   3.09375000       2.63071708E+18
   3.16406250       2.63848184E+18
   3.23437500       2.64741042E+18
   3.30468750       2.65825298E+18
   3.37500000       2.67149660E+18
   3.44531250       2.68759290E+18
   3.51562500       2.70669114E+18
   3.58593750       2.72886554E+18
   3.65625000       2.75388328E+18
   3.72656250       2.78148954E+18
   3.79687500       2.81119999E+18
   3.86718750       2.84256686E+18
   3.93750000       2.87496672E+18
   4.00781250       2.90786933E+18
   4.07812500       2.94060674E+18
   4.14843750       2.97262287E+18
   4.21875000       3.00326104E+18
   4.28906250       3.03205834E+18
   4.35937500       3.05855300E+18
   4.42968750       3.08255369E+18
   4.50000000       3.10392325E+18
   4.57031250       3.12284694E+18
   4.64062500       3.13956832E+18
   4.71093750       3.15459727E+18
   4.78125000       3.16842940E+18
   4.85156250       3.18176840E+18
   4.92187500       3.19523384E+18
   4.99218750       3.20951485E+18
   5.06250000       3.22504160E+18
   5.13281250       3.24214670E+18
   5.20312500       3.26077738E+18
   5.27343750       3.28072692E+18
   5.34375000       3.30145958E+18
   5.41406250       3.32245146E+18
   5.48437500       3.34303679E+18
   5.55468750       3.36269496E+18
   5.62500000       3.38082013E+18
   5.69531250       3.39697526E+18
   5.76562500       3.41066418E+18
   5.83593750       3.42159910E+18
   5.90625000       3.42952877E+18
   5.97656250       3.43454969E+18
   6.04687500       3.43689385E+18
   6.11718750       3.43713300E+18
   6.18750000       3.43586911E+18
   6.25781250       3.43388229E+18
   6.32812500       3.43178910E+18
   6.39843750       3.43019151E+18
   6.46875000       3.42938391E+18
   6.53906250       3.42958485E+18
   6.60937500       3.43069261E+18
   6.67968750       3.43254116E+18
   6.75000000       3.43467724E+18
   6.82031250       3.43665114E+18
   6.89062500       3.43779050E+18
   6.96093750       3.43745653E+18
   7.03125000       3.43481275E+18
   7.10156250       3.42911096E+18
   7.17187500       3.41948006E+18
   7.24218750       3.40518834E+18
   7.31250000       3.38543588E+18
   7.38281250       3.35963227E+18
   7.45312500       3.32719640E+18
   7.52343750       3.28781959E+18
   7.59375000       3.24126874E+18
   7.66406250       3.18767332E+18
   7.73437500       3.12730574E+18
   7.80468750       3.06081992E+18
   7.87500000       2.98898525E+18
   7.94531250       2.91290125E+18
   8.01562500       2.83370012E+18
   8.08593750       2.75272412E+18
   8.15625000       2.67123546E+18
   8.22656250       2.59063714E+18
   8.29687500       2.51219798E+18
   8.36718750       2.43724867E+18
   8.43750000       2.36689944E+18
   8.50781250       2.30224005E+18
   8.57812500       2.24406571E+18
   8.64843750       2.19308053E+18
   8.71875000       2.14965505E+18
   8.78906250       2.11406935E+18
   8.85937500       2.08627150E+18
   8.92968750       2.06611030E+18
   9.00000000       2.05310116E+18
   9.07031250       2.04671588E+18
   9.14062500       2.04616461E+18
   9.21093750       2.05067866E+18
   9.28125000       2.05931766E+18
   9.35156250       2.07129189E+18
   9.42187500       2.08577493E+18
   9.49218750       2.10217855E+18
   9.56250000       2.11994720E+18
   9.63281250       2.13882115E+18
   9.70312500       2.15859559E+18
   9.77343750       2.17932262E+18
   9.84375000       2.20103371E+18
   9.91406250       2.22393008E+18
   9.98437500       2.24806931E+18
   10.0546875       2.27354252E+18
   10.1250000       2.30018643E+18
   10.1953125       2.32782335E+18
   10.2656250       2.35601043E+18
   10.3359375       2.38427227E+18
   10.4062500       2.41187221E+18
   10.4765625       2.43810354E+18
   10.5468750       2.46210093E+18
   10.6171875       2.48316125E+18
   10.6875000       2.50060803E+18
   10.7578125       2.51414934E+18
   10.8281250       2.52370547E+18
   10.8984375       2.52965905E+18
   10.9687500       2.53258292E+18
   11.0390625       2.53341663E+18
   11.1093750       2.53311784E+18
   11.1796875       2.53280063E+18
   11.2500000       2.53341195E+18
   11.3203125       2.53594743E+18
   11.3906250       2.54116186E+18
   11.4609375       2.54977819E+18
   11.5312500       2.56221064E+18
   11.6015625       2.57880914E+18
   11.6718750       2.59959761E+18
   11.7421875       2.62449715E+18
   11.8125000       2.65309737E+18
   11.8828125       2.68494087E+18
   11.9531250       2.71931738E+18
   12.0234375       2.75553612E+18
   12.0937500       2.79271281E+18
   12.1640625       2.83004782E+18
   12.2343750       2.86657937E+18
   12.3046875       2.90142702E+18
   12.3750000       2.93355585E+18
   12.4453125       2.96208048E+18
   12.5156250       2.98605753E+18
   12.5859375       3.00477946E+18
   12.6562500       3.01759152E+18
   12.7265625       3.02422817E+18
   12.7968750       3.02463252E+18
   12.8671875       3.01924821E+18
   12.9375000       3.00881082E+18
   13.0078125       2.99460733E+18
   13.0781250       2.97819437E+18
   13.1484375       2.96154749E+18
   13.2187500       2.94669309E+18
   13.2890625       2.93582002E+18
   13.3593750       2.93085297E+18
   13.4296875       2.93353990E+18
   13.5000000       2.94506966E+18
   13.5703125       2.96628116E+18
   13.6406250       2.99735363E+18
   13.7109375       3.03805810E+18
   13.7812500       3.08753970E+18
   13.8515625       3.14471156E+18
   13.9218750       3.20812369E+18
   13.9921875       3.27636543E+18
   14.0625000       3.34797387E+18
   14.1328125       3.42185583E+18
   14.2031250       3.49716496E+18
   14.2734375       3.57363407E+18
   14.3437500       3.65135470E+18
   14.4140625       3.73103768E+18
   14.4843750       3.81365388E+18
   14.5546875       3.90055598E+18
   14.6250000       3.99304827E+18
   14.6953125       4.09252137E+18
   14.7656250       4.20003629E+18
   14.8359375       4.31646110E+18
   14.9062500       4.44215589E+18
   14.9765625       4.57726141E+18
   15.0468750       4.72149919E+18
   15.1171875       4.87450393E+18
   15.1875000       5.03564836E+18
   15.2578125       5.20439315E+18
   15.3281250       5.38006598E+18
   15.3984375       5.56212531E+18
   15.4687500       5.74989386E+18
   15.5390625       5.94285595E+18
   15.6093750       6.14037057E+18
   15.6796875       6.34193524E+18
   15.7500000       6.54692269E+18
   15.8203125       6.75491291E+18
   15.8906250       6.96544025E+18
   15.9609375       7.17827491E+18
   16.0312500       7.39315247E+18
   16.1015625       7.61013559E+18
   16.1718750       7.82937271E+18
   16.2421875       8.05137236E+18
   16.3125000       8.27673266E+18
   16.3828125       8.50641019E+18
   16.4531250       8.74142365E+18
   16.5234375       8.98304738E+18
   16.5937500       9.23249468E+18
   16.6640625       9.49114600E+18
   16.7343750       9.76019210E+18
   16.8046875       1.00408051E+19
   16.8750000       1.03337567E+19
   16.9453125       1.06396464E+19
   17.0156250       1.09585256E+19
   17.0859375       1.12901021E+19
   17.1562500       1.16333916E+19
   17.2265625       1.19870407E+19
   17.2968750       1.23491121E+19
   17.3671875       1.27174243E+19
   17.4375000       1.30894056E+19
   17.5078125       1.34625171E+19
   17.5781250       1.38341103E+19
   17.6484375       1.42017925E+19
   17.7187500       1.45632140E+19
   17.7890625       1.49164475E+19
   17.8593750       1.52597327E+19
   17.9296875       1.55917797E+19
   18.0000000       1.59114583E+19
   18.0703125       1.62181615E+19
   18.1406250       1.65115145E+19
   18.2109375       1.67916052E+19
   18.2812500       1.70586414E+19
   18.3515625       1.73132246E+19
   18.4218750       1.75560396E+19
   18.4921875       1.77880475E+19
   18.5625000       1.80101236E+19
   18.6328125       1.82232958E+19
   18.7031250       1.84284163E+19
   18.7734375       1.86263889E+19
   18.8437500       1.88178930E+19
   18.9140625       1.90036973E+19
   18.9843750       1.91844284E+19
   19.0546875       1.93608670E+19
   19.1250000       1.95336311E+19
   19.1953125       1.97035298E+19
   19.2656250       1.98712318E+19
   19.3359375       2.00375087E+19
   19.4062500       2.02029038E+19
   19.4765625       2.03679867E+19
   19.5468750       2.05331422E+19
   19.6171875       2.06988539E+19
   19.6875000       2.08654739E+19
   19.7578125       2.10335365E+19
   19.8281250       2.12035562E+19
   19.8984375       2.13762213E+19
   19.9687500       2.15520904E+19
   20.0390625       2.17317792E+19
   20.1093750       2.19156065E+19
   20.1796875       2.21037615E+19
   20.2500000       2.22959210E+19
   20.3203125       2.24915967E+19
   20.3906250       2.26899552E+19
   20.4609375       2.28901806E+19
   20.5312500       2.30912901E+19
   20.6015625       2.32925667E+19
   20.6718750       2.34934167E+19
   20.7421875       2.36936905E+19
   20.8125000       2.38934058E+19
   20.8828125       2.40930178E+19
   20.9531250       2.42930915E+19
   21.0234375       2.44944780E+19
   21.0937500       2.46979207E+19
   21.1640625       2.49042726E+19
   21.2343750       2.51140990E+19
   21.3046875       2.53278683E+19
   21.3750000       2.55455452E+19
   21.4453125       2.57668439E+19
   21.5156250       2.59909683E+19
   21.5859375       2.62169070E+19
   21.6562500       2.64431425E+19
   21.7265625       2.66680740E+19
   21.7968750       2.68898521E+19
   21.8671875       2.71067703E+19
   21.9375000       2.73171003E+19
   22.0078125       2.75194676E+19
   22.0781250       2.77126672E+19
   22.1484375       2.78959734E+19
   22.2187500       2.80687968E+19
   22.2890625       2.82309286E+19
   22.3593750       2.83821466E+19
   22.4296875       2.85223762E+19
   22.5000000       2.86512631E+19
   22.5703125       2.87684601E+19
   22.6406250       2.88733689E+19
   22.7109375       2.89655167E+19
   22.7812500       2.90443011E+19
   22.8515625       2.91093526E+19
   22.9218750       2.91603766E+19
   22.9921875       2.91974499E+19
   23.0625000       2.92207068E+19
   23.1328125       2.92305980E+19
   23.2031250       2.92275677E+19
   23.2734375       2.92122779E+19
   23.3437500       2.91852189E+19
   23.4140625       2.91469867E+19
   23.4843750       2.90979881E+19
   23.5546875       2.90387420E+19
   23.6250000       2.89695541E+19
   23.6953125       2.88908709E+19
   23.7656250       2.88030551E+19
   23.8359375       2.87066741E+19
   23.9062500       2.86021919E+19
   23.9765625       2.84902308E+19
   24.0468750       2.83713406E+19
   24.1171875       2.82462646E+19
   24.1875000       2.81156954E+19
   24.2578125       2.79805764E+19
   24.3281250       2.78419412E+19
   24.3984375       2.77012037E+19
   24.4687500       2.75598747E+19
   24.5390625       2.74198321E+19
   24.6093750       2.72830023E+19
   24.6796875       2.71515512E+19
   24.7500000       2.70274252E+19
   24.8203125       2.69125196E+19
   24.8906250       2.68083585E+19
   24.9609375       2.67162524E+19
   25.0312500       2.66369666E+19
   25.1015625       2.65710003E+19
   25.1718750       2.65184261E+19
   25.2421875       2.64792373E+19
   25.3125000       2.64531898E+19
   25.3828125       2.64401210E+19
   25.4531250       2.64398418E+19
   25.5234375       2.64523894E+19
   25.5937500       2.64777727E+19
   25.6640625       2.65162314E+19
   25.7343750       2.65679503E+19
   25.8046875       2.66332547E+19
   25.8750000       2.67122546E+19
   25.9453125       2.68050094E+19
   26.0156250       2.69112772E+19
   26.0859375       2.70306863E+19
   26.1562500       2.71624452E+19
   26.2265625       2.73055444E+19
   26.2968750       2.74586031E+19
   26.3671875       2.76201257E+19
   26.4375000       2.77883004E+19
   26.5078125       2.79612976E+19
   26.5781250       2.81370831E+19
   26.6484375       2.83137262E+19
   26.7187500       2.84891489E+19
   26.7890625       2.86614248E+19
   26.8593750       2.88285484E+19
   26.9296875       2.89886922E+19
   27.0000000       2.91399059E+19
   27.0703125       2.92803333E+19
   27.1406250       2.94080768E+19
   27.2109375       2.95214584E+19
   27.2812500       2.96188399E+19
   27.3515625       2.96989394E+19
   27.4218750       2.97607913E+19
   27.4921875       2.98040483E+19
   27.5625000       2.98287719E+19
   27.6328125       2.98355801E+19
   27.7031250       2.98253392E+19
   27.7734375       2.97991752E+19
   27.8437500       2.97579963E+19
   27.9140625       2.97025326E+19
   27.9843750       2.96330017E+19
   28.0546875       2.95492497E+19
   28.1250000       2.94505201E+19
   28.1953125       2.93357157E+19
   28.2656250       2.92034027E+19
   28.3359375       2.90521648E+19
   28.4062500       2.88805465E+19
   28.4765625       2.86874129E+19
   28.5468750       2.84718778E+19
   28.6171875       2.82336180E+19
   28.6875000       2.79726643E+19
   28.7578125       2.76896105E+19
   28.8281250       2.73854042E+19
   28.8984375       2.70615540E+19
   28.9687500       2.67198236E+19
   29.0390625       2.63623944E+19
   29.1093750       2.59915577E+19
   29.1796875       2.56097984E+19
   29.2500000       2.52193795E+19
   29.3203125       2.48223502E+19
   29.3906250       2.44203248E+19
   29.4609375       2.40146006E+19
   29.5312500       2.36059715E+19
   29.6015625       2.31949608E+19
   29.6718750       2.27817908E+19
   29.7421875       2.23667801E+19
   29.8125000       2.19502719E+19
   29.8828125       2.15329567E+19
   29.9531250       2.11158173E+19
   30.0234375       2.07003691E+19
   30.0937500       2.02884173E+19
   30.1640625       1.98821851E+19
   30.2343750       1.94840497E+19
   30.3046875       1.90966082E+19
   30.3750000       1.87223103E+19
   30.4453125       1.83634759E+19
   30.5156250       1.80220060E+19
   30.5859375       1.76994863E+19
   30.6562500       1.73969150E+19
   30.7265625       1.71148265E+19
   30.7968750       1.68531416E+19
   30.8671875       1.66113997E+19
   30.9375000       1.63886100E+19
   31.0078125       1.61834917E+19
   31.0781250       1.59943702E+19
   31.1484375       1.58194753E+19
   31.2187500       1.56567795E+19
   31.2890625       1.55042772E+19
   31.3593750       1.53598498E+19
   31.4296875       1.52215620E+19
   31.5000000       1.50874766E+19
   31.5703125       1.49558925E+19
   31.6406250       1.48252430E+19
   31.7109375       1.46943583E+19
   31.7812500       1.45623102E+19
   31.8515625       1.44286118E+19
   31.9218750       1.42931025E+19
   31.9921875       1.41561462E+19
   32.0625000       1.40184324E+19
   32.1328125       1.38810660E+19
   32.2031250       1.37453071E+19
   32.2734375       1.36126159E+19
   32.3437500       1.34842622E+19
   32.4140625       1.33613511E+19
   32.4843750       1.32445137E+19
   32.5546875       1.31340270E+19
   32.6250000       1.30295910E+19
   32.6953125       1.29305789E+19
   32.7656250       1.28359901E+19
   32.8359375       1.27448263E+19
   32.9062500       1.26560682E+19
   32.9765625       1.25689748E+19
   33.0468750       1.24830194E+19
   33.1171875       1.23981107E+19
   33.1875000       1.23143433E+19
   33.2578125       1.22321130E+19
   33.3281250       1.21518201E+19
   33.3984375       1.20739670E+19
   33.4687500       1.19988527E+19
   33.5390625       1.19266819E+19
   33.6093750       1.18573599E+19
   33.6796875       1.17906492E+19
   33.7500000       1.17259858E+19
   33.8203125       1.16626342E+19
   33.8906250       1.15995662E+19
   33.9609375       1.15356912E+19
   34.0312500       1.14697227E+19
   34.1015625       1.14004172E+19
   34.1718750       1.13265047E+19
   34.2421875       1.12470012E+19
   34.3125000       1.11611260E+19
   34.3828125       1.10685560E+19
   34.4531250       1.09692898E+19
   34.5234375       1.08638368E+19
   34.5937500       1.07529378E+19
   34.6640625       1.06376376E+19
   34.7343750       1.05189816E+19
   34.8046875       1.03981013E+19
   34.8750000       1.02759323E+19
   34.9453125       1.01533841E+19
   35.0156250       1.00312085E+19
   35.0859375       9.91030952E+18
   35.1562500       9.79163373E+18
   35.2265625       9.67644449E+18
   35.2968750       9.56619097E+18
   35.3671875       9.46271373E+18
   35.4375000       9.36798750E+18
   35.5078125       9.28420692E+18
   35.5781250       9.21346709E+18
   35.6484375       9.15782355E+18
   35.7187500       9.11893602E+18
   35.7890625       9.09814426E+18
   35.8593750       9.09622396E+18
   35.9296875       9.11356326E+18
   36.0000000       9.14999283E+18
   36.0703125       9.20501459E+18
   36.1406250       9.27769561E+18
   36.2109375       9.36693527E+18
   36.2812500       9.47130421E+18
   36.3515625       9.58928511E+18
   36.4218750       9.71915612E+18
   36.4921875       9.85927349E+18
   36.5625000       1.00079648E+19
   36.6328125       1.01638107E+19
   36.7031250       1.03255214E+19
   36.7734375       1.04921755E+19
   36.8437500       1.06629637E+19
   36.9140625       1.08373034E+19
   36.9843750       1.10145271E+19
   37.0546875       1.11939772E+19
   37.1250000       1.13746523E+19
   37.1953125       1.15553405E+19
   37.2656250       1.17344081E+19
   37.3359375       1.19100584E+19
   37.4062500       1.20802034E+19
   37.4765625       1.22428102E+19
   37.5468750       1.23958941E+19
   37.6171875       1.25378795E+19
   37.6875000       1.26675152E+19
   37.7578125       1.27841613E+19
   37.8281250       1.28875825E+19
   37.8984375       1.29781185E+19
   37.9687500       1.30563465E+19
   38.0390625       1.31231595E+19
   38.1093750       1.31794369E+19
   38.1796875       1.32261111E+19
   38.2500000       1.32638200E+19
   38.3203125       1.32930032E+19
   38.3906250       1.33136883E+19
   38.4609375       1.33257115E+19
   38.5312500       1.33285977E+19
   38.6015625       1.33218533E+19
   38.6718750       1.33049626E+19
   38.7421875       1.32777519E+19
   38.8125000       1.32402882E+19
   38.8828125       1.31931500E+19
   38.9531250       1.31372079E+19
   39.0234375       1.30737584E+19
   39.0937500       1.30041538E+19
   39.1640625       1.29298213E+19
   39.2343750       1.28519066E+19
   39.3046875       1.27713234E+19
   39.3750000       1.26884181E+19
   39.4453125       1.26030861E+19
   39.5156250       1.25145919E+19
   39.5859375       1.24218360E+19
   39.6562500       1.23232724E+19
   39.7265625       1.22172751E+19
   39.7968750       1.21021618E+19
   39.8671875       1.19766019E+19
   39.9375000       1.18395687E+19
   40.0078125       1.16906168E+19
   40.0781250       1.15297351E+19
   40.1484375       1.13575219E+19
   40.2187500       1.11748941E+19
   40.2890625       1.09831723E+19
   40.3593750       1.07838099E+19
   40.4296875       1.05784992E+19
   40.5000000       1.03688905E+19
   40.5703125       1.01566914E+19
   40.6406250       9.94347629E+18
   40.7109375       9.73084833E+18
   40.7812500       9.52022698E+18
   40.8515625       9.31297784E+18
   40.9218750       9.11026143E+18
   40.9921875       8.91321465E+18
   41.0625000       8.72278803E+18
   41.1328125       8.53994255E+18
   41.2031250       8.36550008E+18
   41.2734375       8.20037982E+18
   41.3437500       8.04541025E+18
   41.4140625       7.90150232E+18
   41.4843750       7.76942954E+18
   41.5546875       7.64994176E+18
   41.6250000       7.54346450E+18
   41.6953125       7.45015775E+18
   41.7656250       7.36968614E+18
   41.8359375       7.30140812E+18
   41.9062500       7.24425496E+18
   41.9765625       7.19702488E+18
   42.0468750       7.15837265E+18
   42.1171875       7.12717401E+18
   42.1875000       7.10247788E+18
   42.2578125       7.08377738E+18
   42.3281250       7.07083283E+18
   42.3984375       7.06380531E+18
   42.4687500       7.06290206E+18
   42.5390625       7.06834574E+18
   42.6093750       7.07999287E+18
   42.6796875       7.09733381E+18
   42.7500000       7.11918716E+18
   42.8203125       7.14382996E+18
   42.8906250       7.16889718E+18
   42.9609375       7.19172854E+18
   43.0312500       7.20937515E+18
   43.1015625       7.21901127E+18
   43.1718750       7.21798762E+18
   43.2421875       7.20426022E+18
   43.3125000       7.17635077E+18
   43.3828125       7.13362045E+18
   43.4531250       7.07607696E+18
   43.5234375       7.00447511E+18
   43.5937500       6.91994795E+18
   43.6640625       6.82398258E+18
   43.7343750       6.71806717E+18
   43.8046875       6.60375480E+18
   43.8750000       6.48241214E+18
   43.9453125       6.35538447E+18
   44.0156250       6.22387683E+18
   44.0859375       6.08922129E+18
   44.1562500       5.95272462E+18
   44.2265625       5.81580683E+18
   44.2968750       5.67972028E+18
   44.3671875       5.54560460E+18
   44.4375000       5.41414369E+18
   44.5078125       5.28566795E+18
   44.5781250       5.15998608E+18
   44.6484375       5.03668410E+18
   44.7187500       4.91508031E+18
   44.7890625       4.79454855E+18
   44.8593750       4.67445989E+18
   44.9296875       4.55442208E+18
   45.0000000       4.43408740E+18
   45.0703125       4.31325080E+18
   45.1406250       4.19161843E+18
   45.2109375       4.06893052E+18
   45.2812500       3.94474426E+18
   45.3515625       3.81858629E+18
   45.4218750       3.68982084E+18
   45.4921875       3.55792782E+18
   45.5625000       3.42241109E+18
   45.6328125       3.28307905E+18
   45.7031250       3.13994847E+18
   45.7734375       2.99350314E+18
   45.8437500       2.84452097E+18
   45.9140625       2.69424439E+18
   45.9843750       2.54416655E+18
   46.0546875       2.39615195E+18
   46.1250000       2.25214424E+18
   46.1953125       2.11416405E+18
   46.2656250       0.00000000    
   46.3359375       0.00000000    
   46.4062500       0.00000000    
   46.4765625       0.00000000    
   46.5468750       0.00000000    
   46.6171875       0.00000000    
   46.6875000       0.00000000    
   46.7578125       0.00000000    
   46.8281250       0.00000000    
   46.8984375       0.00000000    
   46.9687500       0.00000000    
   47.0390625       0.00000000    
   47.1093750       0.00000000    
   47.1796875       0.00000000    
   47.2500000       0.00000000    
   47.3203125       0.00000000    
   47.3906250       0.00000000    
   47.4609375       0.00000000    
   47.5312500       0.00000000    
   47.6015625       0.00000000    
   47.6718750       0.00000000    
   47.7421875       0.00000000    
   47.8125000       0.00000000    
   47.8828125       0.00000000    
   47.9531250       0.00000000    
   48.0234375       0.00000000    
   48.0937500       0.00000000    
   48.1640625       0.00000000    
   48.2343750       0.00000000    
   48.3046875       0.00000000    
   48.3750000       0.00000000    
   48.4453125       0.00000000    
   48.5156250       0.00000000    
   48.5859375       0.00000000    
   48.6562500       0.00000000    
   48.7265625       0.00000000    
   48.7968750       0.00000000    
   48.8671875       0.00000000    
   48.9375000       0.00000000    
   49.0078125       0.00000000    
   49.0781250       0.00000000    
   49.1484375       0.00000000    
   49.2187500       0.00000000    
   49.2890625       0.00000000    
   49.3593750       0.00000000    
   49.4296875       0.00000000    
   49.5000000       0.00000000    
   49.5703125       0.00000000    
   49.6406250       0.00000000    
   49.7109375       0.00000000    
   49.7812500       0.00000000    
   49.8515625       0.00000000    
   49.9218750       0.00000000    
   49.9921875       0.00000000    
   50.0625000       0.00000000    
   50.1328125       0.00000000    
   50.2031250       0.00000000    
   50.2734375       0.00000000    
   50.3437500       0.00000000    
   50.4140625       0.00000000    
   50.4843750       0.00000000    
   50.5546875       0.00000000    
   50.6250000       0.00000000    
   50.6953125       0.00000000    
   50.7656250       0.00000000    
   50.8359375       0.00000000    
   50.9062500       0.00000000    
   50.9765625       0.00000000    
   51.0468750       0.00000000    
   51.1171875       0.00000000    
   51.1875000       0.00000000    
   51.2578125       0.00000000    
   51.3281250       0.00000000    
   51.3984375       0.00000000    
   51.4687500       0.00000000    
   51.5390625       0.00000000    
   51.6093750       0.00000000    
   51.6796875       0.00000000    
   51.7500000       0.00000000    
   51.8203125       0.00000000    
   51.8906250       0.00000000    
   51.9609375       0.00000000    
   52.0312500       0.00000000    
   52.1015625       0.00000000    
   52.1718750       0.00000000    
   52.2421875       0.00000000    
   52.3125000       0.00000000    
   52.3828125       0.00000000    
   52.4531250       0.00000000    
   52.5234375       0.00000000    
   52.5937500       0.00000000    
   52.6640625       0.00000000    
   52.7343750       0.00000000    
   52.8046875       0.00000000    
   52.8750000       0.00000000    
   52.9453125       0.00000000    
   53.0156250       0.00000000    
   53.0859375       0.00000000    
   53.1562500       0.00000000    
   53.2265625       0.00000000    
   53.2968750       0.00000000    
   53.3671875       0.00000000    
   53.4375000       0.00000000    
   53.5078125       0.00000000    
   53.5781250       0.00000000    
   53.6484375       0.00000000    
   53.7187500       0.00000000    
   53.7890625       0.00000000    
   53.8593750       0.00000000    
   53.9296875       0.00000000    
   54.0000000       0.00000000    
   54.0703125       0.00000000    
   54.1406250       0.00000000    
   54.2109375       0.00000000    
   54.2812500       0.00000000    
   54.3515625       0.00000000    
   54.4218750       0.00000000    
   54.4921875       0.00000000    
   54.5625000       0.00000000    
   54.6328125       0.00000000    
   54.7031250       0.00000000    
   54.7734375       0.00000000    
   54.8437500       0.00000000    
   54.9140625       0.00000000    
   54.9843750       0.00000000    
   55.0546875       0.00000000    
   55.1250000       0.00000000    
   55.1953125       0.00000000    
   55.2656250       0.00000000    
   55.3359375       0.00000000    
   55.4062500       0.00000000    
   55.4765625       0.00000000    
   55.5468750       0.00000000    
   55.6171875       0.00000000    
   55.6875000       0.00000000    
   55.7578125       0.00000000    
   55.8281250       0.00000000    
   55.8984375       0.00000000    
   55.9687500       0.00000000    
   56.0390625       0.00000000    
   56.1093750       0.00000000    
   56.1796875       0.00000000    
   56.2500000       0.00000000    
   56.3203125       0.00000000    
   56.3906250       0.00000000    
   56.4609375       0.00000000    
   56.5312500       0.00000000    
   56.6015625       0.00000000    
   56.6718750       0.00000000    
   56.7421875       0.00000000    
   56.8125000       0.00000000    
   56.8828125       0.00000000    
   56.9531250       0.00000000    
   57.0234375       0.00000000    
   57.0937500       0.00000000    
   57.1640625       0.00000000    
   57.2343750       0.00000000    
   57.3046875       0.00000000    
   57.3750000       0.00000000    
   57.4453125       0.00000000    
   57.5156250       0.00000000    
   57.5859375       0.00000000    
   57.6562500       0.00000000    
   57.7265625       0.00000000    
   57.7968750       0.00000000    
   57.8671875       0.00000000    
   57.9375000       0.00000000    
   58.0078125       0.00000000    
   58.0781250       0.00000000    
   58.1484375       0.00000000    
   58.2187500       0.00000000    
   58.2890625       0.00000000    
   58.3593750       0.00000000    
   58.4296875       0.00000000    
   58.5000000       0.00000000    
   58.5703125       0.00000000    
   58.6406250       0.00000000    
   58.7109375       0.00000000    
   58.7812500       0.00000000    
   58.8515625       0.00000000    
   58.9218750       0.00000000    
   58.9921875       0.00000000    
   59.0625000       0.00000000    
   59.1328125       0.00000000    
   59.2031250       0.00000000    
   59.2734375       0.00000000    
   59.3437500       0.00000000    
   59.4140625       0.00000000    
   59.4843750       0.00000000    
   59.5546875       0.00000000    
   59.6250000       0.00000000    
   59.6953125       0.00000000    
   59.7656250       0.00000000    
   59.8359375       0.00000000    
   59.9062500       0.00000000    
   59.9765625       0.00000000    
   60.0468750       0.00000000    
   60.1171875       0.00000000    
   60.1875000       0.00000000    
   60.2578125       0.00000000    
   60.3281250       0.00000000    
   60.3984375       0.00000000    
   60.4687500       0.00000000    
   60.5390625       0.00000000    
   60.6093750       0.00000000    
   60.6796875       0.00000000    
   60.7500000       0.00000000    
   60.8203125       0.00000000    
   60.8906250       0.00000000    
   60.9609375       0.00000000    
   61.0312500       0.00000000    
