2006 07 17 08 19 26.0 -9.280 107.420
22. 5.643E+20 7.768 287 9 91 105 81 90
  -1.12500000       0.00000000    
  -1.05468750       0.00000000    
 -0.984375000       0.00000000    
 -0.914062500       0.00000000    
 -0.843750000       0.00000000    
 -0.773437500       0.00000000    
 -0.703125000       0.00000000    
 -0.632812500       0.00000000    
 -0.562500000       0.00000000    
 -0.492187500       0.00000000    
 -0.421875000       0.00000000    
 -0.351562500       0.00000000    
 -0.281250000       0.00000000    
 -0.210937500       0.00000000    
 -0.140625000       0.00000000    
  -7.03125000E-02   0.00000000    
   0.00000000       0.00000000    
   7.03125000E-02   1.80809310E+17
  0.140625000       2.43579862E+17
  0.210937500       3.07825494E+17
  0.281250000       3.71947123E+17
  0.351562500       4.34916188E+17
  0.421875000       4.96122874E+17
  0.492187500       5.55184343E+17
  0.562500000       6.11841731E+17
  0.632812500       6.65843351E+17
  0.703125000       7.16935526E+17
  0.773437500       7.64828328E+17
  0.843750000       8.09240489E+17
  0.914062500       8.49904621E+17
  0.984375000       8.86616765E+17
   1.05468750       9.19204503E+17
   1.12500000       9.47523730E+17
   1.19531250       9.71407803E+17
   1.26562500       9.90685128E+17
   1.33593750       1.00517161E+18
   1.40625000       1.01473502E+18
   1.47656250       1.01932589E+18
   1.54687500       1.01905054E+18
   1.61718750       1.01415757E+18
   1.68750000       1.00504681E+18
   1.75781250       9.92209532E+17
   1.82812500       9.76234659E+17
   1.89843750       9.57755648E+17
   1.96875000       9.37470140E+17
   2.03906250       9.16122159E+17
   2.10937500       8.94550978E+17
   2.17968750       8.73663075E+17
   2.25000000       8.54426569E+17
   2.32031250       8.37799273E+17
   2.39062500       8.24695293E+17
   2.46093750       8.15902430E+17
   2.53125000       8.12067196E+17
   2.60156250       8.13662450E+17
   2.67187500       8.21028079E+17
   2.74218750       8.34358626E+17
   2.81250000       8.53737175E+17
   2.88281250       8.79112873E+17
   2.95312500       9.10335430E+17
   3.02343750       9.47127288E+17
   3.09375000       9.89120798E+17
   3.16406250       1.03585836E+18
   3.23437500       1.08686106E+18
   3.30468750       1.14163110E+18
   3.37500000       1.19968731E+18
   3.44531250       1.26054170E+18
   3.51562500       1.32371799E+18
   3.58593750       1.38870353E+18
   3.65625000       1.45495213E+18
   3.72656250       1.52184257E+18
   3.79687500       1.58871294E+18
   3.86718750       1.65483825E+18
   3.93750000       1.71947841E+18
   4.00781250       1.78187061E+18
   4.07812500       1.84130347E+18
   4.14843750       1.89710822E+18
   4.21875000       1.94871297E+18
   4.28906250       1.99563958E+18
   4.35937500       2.03757372E+18
   4.42968750       2.07435431E+18
   4.50000000       2.10600691E+18
   4.57031250       2.13270456E+18
   4.64062500       2.15477905E+18
   4.71093750       2.17265765E+18
   4.78125000       2.18684273E+18
   4.85156250       2.19784197E+18
   4.92187500       2.20616829E+18
   4.99218750       2.21228735E+18
   5.06250000       2.21664197E+18
   5.13281250       2.21962728E+18
   5.20312500       2.22164694E+18
   5.27343750       2.22309747E+18
   5.34375000       2.22440686E+18
   5.41406250       2.22601407E+18
   5.48437500       2.22841251E+18
   5.55468750       2.23212392E+18
   5.62500000       2.23770559E+18
   5.69531250       2.24570027E+18
   5.76562500       2.25663437E+18
   5.83593750       2.27096087E+18
   5.90625000       2.28906240E+18
   5.97656250       2.31121220E+18
   6.04687500       2.33761340E+18
   6.11718750       2.36837663E+18
   6.18750000       2.40354644E+18
   6.25781250       2.44307690E+18
   6.32812500       2.48687265E+18
   6.39843750       2.53475831E+18
   6.46875000       2.58650600E+18
   6.53906250       2.64180676E+18
   6.60937500       2.70031425E+18
   6.67968750       2.76161834E+18
   6.75000000       2.82526879E+18
   6.82031250       2.89074664E+18
   6.89062500       2.95751008E+18
   6.96093750       3.02498574E+18
   7.03125000       3.09261642E+18
   7.10156250       3.15986393E+18
   7.17187500       3.22626948E+18
   7.24218750       3.29143973E+18
   7.31250000       3.35508826E+18
   7.38281250       3.41700891E+18
   7.45312500       3.47713625E+18
   7.52343750       3.53552087E+18
   7.59375000       3.59237029E+18
   7.66406250       3.64799899E+18
   7.73437500       3.70284537E+18
   7.80468750       3.75738390E+18
   7.87500000       3.81207938E+18
   7.94531250       3.86726524E+18
   8.01562500       3.92311219E+18
   8.08593750       3.97955342E+18
   8.15625000       4.03631268E+18
   8.22656250       4.09290949E+18
   8.29687500       4.14876249E+18
   8.36718750       4.20322734E+18
   8.43750000       4.25568752E+18
   8.50781250       4.30555642E+18
   8.57812500       4.35234201E+18
   8.64843750       4.39561879E+18
   8.71875000       4.43505690E+18
   8.78906250       4.47037898E+18
   8.85937500       4.50138933E+18
   8.92968750       4.52792660E+18
   9.00000000       4.54985938E+18
   9.07031250       4.56702358E+18
   9.14062500       4.57924768E+18
   9.21093750       4.58634173E+18
   9.28125000       4.58816444E+18
   9.35156250       4.58464875E+18
   9.42187500       4.57588702E+18
   9.49218750       4.56211509E+18
   9.56250000       4.54372438E+18
   9.63281250       4.52116460E+18
   9.70312500       4.49491486E+18
   9.77343750       4.46539847E+18
   9.84375000       4.43298789E+18
   9.91406250       4.39798191E+18
   9.98437500       4.36069170E+18
   10.0546875       4.32148009E+18
   10.1250000       4.28084489E+18
   10.1953125       4.23942244E+18
   10.2656250       4.19802253E+18
   10.3359375       4.15756765E+18
   10.4062500       4.11906880E+18
   10.4765625       4.08352544E+18
   10.5468750       4.05189496E+18
   10.6171875       4.02500421E+18
   10.6875000       4.00353349E+18
   10.7578125       3.98795946E+18
   10.8281250       3.97859107E+18
   10.8984375       3.97554900E+18
   10.9687500       3.97881262E+18
   11.0390625       3.98822169E+18
   11.1093750       4.00355741E+18
   11.1796875       4.02457320E+18
   11.2500000       4.05106428E+18
   11.3203125       4.08286546E+18
   11.3906250       4.11987859E+18
   11.4609375       4.16201957E+18
   11.5312500       4.20919302E+18
   11.6015625       4.26122026E+18
   11.6718750       4.31784401E+18
   11.7421875       4.37870060E+18
   11.8125000       4.44335958E+18
   11.8828125       4.51131215E+18
   11.9531250       4.58201900E+18
   12.0234375       4.65488583E+18
   12.0937500       4.72927219E+18
   12.1640625       4.80444360E+18
   12.2343750       4.87960841E+18
   12.3046875       4.95390626E+18
   12.3750000       5.02647623E+18
   12.4453125       5.09647994E+18
   12.5156250       5.16318071E+18
   12.5859375       5.22596997E+18
   12.6562500       5.28439472E+18
   12.7265625       5.33812016E+18
   12.7968750       5.38693682E+18
   12.8671875       5.43069739E+18
   12.9375000       5.46932543E+18
   13.0078125       5.50277642E+18
   13.0781250       5.53109764E+18
   13.1484375       5.55442983E+18
   13.2187500       5.57304236E+18
   13.2890625       5.58728434E+18
   13.3593750       5.59757411E+18
   13.4296875       5.60433006E+18
   13.5000000       5.60796835E+18
   13.5703125       5.60886280E+18
   13.6406250       5.60738396E+18
   13.7109375       5.60389411E+18
   13.7812500       5.59877533E+18
   13.8515625       5.59238552E+18
   13.9218750       5.58506277E+18
   13.9921875       5.57706767E+18
   14.0625000       5.56857724E+18
   14.1328125       5.55965031E+18
   14.2031250       5.55027972E+18
   14.2734375       5.54041875E+18
   14.3437500       5.53005970E+18
   14.4140625       5.51924546E+18
   14.4843750       5.50810740E+18
   14.5546875       5.49681707E+18
   14.6250000       5.48555532E+18
   14.6953125       5.47443926E+18
   14.7656250       5.46351451E+18
   14.8359375       5.45274534E+18
   14.9062500       5.44206524E+18
   14.9765625       5.43137853E+18
   15.0468750       5.42062971E+18
   15.1171875       5.40977918E+18
   15.1875000       5.39882694E+18
   15.2578125       5.38776091E+18
   15.3281250       5.37657832E+18
   15.3984375       5.36525775E+18
   15.4687500       5.35378215E+18
   15.5390625       5.34212073E+18
   15.6093750       5.33025865E+18
   15.6796875       5.31819261E+18
   15.7500000       5.30595449E+18
   15.8203125       5.29356959E+18
   15.8906250       5.28107694E+18
   15.9609375       5.26848699E+18
   16.0312500       5.25580467E+18
   16.1015625       5.24299921E+18
   16.1718750       5.23005905E+18
   16.2421875       5.21699301E+18
   16.3125000       5.20386759E+18
   16.3828125       5.19077405E+18
   16.4531250       5.17781741E+18
   16.5234375       5.16505098E+18
   16.5937500       5.15244178E+18
   16.6640625       5.13979905E+18
   16.7343750       5.12678358E+18
   16.8046875       5.11291324E+18
   16.8750000       5.09762343E+18
   16.9453125       5.08030612E+18
   17.0156250       5.06038792E+18
   17.0859375       5.03736689E+18
   17.1562500       5.01086426E+18
   17.2265625       4.98061120E+18
   17.2968750       4.94646917E+18
   17.3671875       4.90838868E+18
   17.4375000       4.86639668E+18
   17.5078125       4.82053770E+18
   17.5781250       4.77087881E+18
   17.6484375       4.71748268E+18
   17.7187500       4.66044716E+18
   17.7890625       4.59990228E+18
   17.8593750       4.53607343E+18
   17.9296875       4.46930009E+18
   18.0000000       4.40007044E+18
   18.0703125       4.32897354E+18
   18.1406250       4.25666443E+18
   18.2109375       4.18377698E+18
   18.2812500       4.11087716E+18
   18.3515625       4.03839598E+18
   18.4218750       3.96664900E+18
   18.4921875       3.89584622E+18
   18.5625000       3.82616028E+18
   18.6328125       3.75776461E+18
   18.7031250       3.69090743E+18
   18.7734375       3.62594333E+18
   18.8437500       3.56336463E+18
   18.9140625       3.50376945E+18
   18.9843750       3.44783482E+18
   19.0546875       3.39625178E+18
   19.1250000       3.34967344E+18
   19.1953125       3.30863280E+18
   19.2656250       3.27350285E+18
   19.3359375       3.24443424E+18
   19.4062500       3.22134724E+18
   19.4765625       3.20391723E+18
   19.5468750       3.19163954E+18
   19.6171875       3.18388166E+18
   19.6875000       3.17997867E+18
   19.7578125       3.17927526E+18
   19.8281250       3.18117136E+18
   19.8984375       3.18510542E+18
   19.9687500       3.19054937E+18
   20.0390625       3.19696365E+18
   20.1093750       3.20379931E+18
   20.1796875       3.21049534E+18
   20.2500000       3.21651764E+18
   20.3203125       3.22137143E+18
   20.3906250       3.22464495E+18
   20.4609375       3.22600670E+18
   20.5312500       3.22521203E+18
   20.6015625       3.22207127E+18
   20.6718750       3.21644809E+18
   20.7421875       3.20823529E+18
   20.8125000       3.19736992E+18
   20.8828125       3.18381074E+18
   20.9531250       3.16755776E+18
   21.0234375       3.14862664E+18
   21.0937500       3.12705230E+18
   21.1640625       3.10285040E+18
   21.2343750       3.07602397E+18
   21.3046875       3.04654578E+18
   21.3750000       3.01440074E+18
   21.4453125       2.97960669E+18
   21.5156250       2.94229147E+18
   21.5859375       2.90272224E+18
   21.6562500       2.86135174E+18
   21.7265625       2.81879212E+18
   21.7968750       2.77579627E+18
   21.8671875       2.73318195E+18
   21.9375000       2.69177901E+18
   22.0078125       2.65233953E+18
   22.0781250       2.61550342E+18
   22.1484375       2.58174346E+18
   22.2187500       2.55135626E+18
   22.2890625       2.52442565E+18
   22.3593750       2.50083562E+18
   22.4296875       2.48026321E+18
   22.5000000       2.46222325E+18
   22.5703125       2.44610798E+18
   22.6406250       2.43127887E+18
   22.7109375       2.41714217E+18
   22.7812500       2.40322703E+18
   22.8515625       2.38921018E+18
   22.9218750       2.37493632E+18
   22.9921875       2.36037384E+18
   23.0625000       2.34559145E+18
   23.1328125       2.33070544E+18
   23.2031250       2.31588265E+18
   23.2734375       2.30133213E+18
   23.3437500       2.28733644E+18
   23.4140625       2.27424923E+18
   23.4843750       2.26250452E+18
   23.5546875       2.25257676E+18
   23.6250000       2.24493254E+18
   23.6953125       2.23995010E+18
   23.7656250       2.23787395E+18
   23.8359375       2.23876991E+18
   23.9062500       2.24254880E+18
   23.9765625       2.24898232E+18
   24.0468750       2.25777277E+18
   24.1171875       2.26857561E+18
   24.1875000       2.28103143E+18
   24.2578125       2.29473506E+18
   24.3281250       2.30923748E+18
   24.3984375       2.32402261E+18
   24.4687500       2.33854358E+18
   24.5390625       2.35225312E+18
   24.6093750       2.36469025E+18
   24.6796875       2.37552593E+18
   24.7500000       2.38461752E+18
   24.8203125       2.39199662E+18
   24.8906250       2.39786883E+18
   24.9609375       2.40255303E+18
   25.0312500       2.40644338E+18
   25.1015625       2.40993185E+18
   25.1718750       2.41336673E+18
   25.2421875       2.41697642E+18
   25.3125000       2.42083901E+18
   25.3828125       2.42483628E+18
   25.4531250       2.42868320E+18
   25.5234375       2.43195122E+18
   25.5937500       2.43416124E+18
   25.6640625       2.43484843E+18
   25.7343750       2.43366673E+18
   25.8046875       2.43041878E+18
   25.8750000       2.42508175E+18
   25.9453125       2.41775185E+18
   26.0156250       2.40861821E+18
   26.0859375       2.39789962E+18
   26.1562500       2.38584430E+18
   26.2265625       2.37271970E+18
   26.2968750       2.35885376E+18
   26.3671875       2.34463433E+18
   26.4375000       2.33053172E+18
   26.5078125       2.31705363E+18
   26.5781250       2.30474790E+18
   26.6484375       2.29415121E+18
   26.7187500       2.28577142E+18
   26.7890625       2.28003019E+18
   26.8593750       2.27724512E+18
   26.9296875       2.27758130E+18
   27.0000000       2.28104751E+18
   27.0703125       2.28748529E+18
   27.1406250       2.29662745E+18
   27.2109375       2.30813632E+18
   27.2812500       2.32168312E+18
   27.3515625       2.33698668E+18
   27.4218750       2.35387353E+18
   27.4921875       2.37227660E+18
   27.5625000       2.39224813E+18
   27.6328125       2.41392088E+18
   27.7031250       2.43750458E+18
   27.7734375       2.46324057E+18
   27.8437500       2.49139302E+18
   27.9140625       2.52220408E+18
   27.9843750       2.55589367E+18
   28.0546875       2.59261598E+18
   28.1250000       2.63244277E+18
   28.1953125       2.67530888E+18
   28.2656250       2.72099661E+18
   28.3359375       2.76909777E+18
   28.4062500       2.81903319E+18
   28.4765625       2.87005190E+18
   28.5468750       2.92129822E+18
   28.6171875       2.97183067E+18
   28.6875000       3.02068005E+18
   28.7578125       3.06684799E+18
   28.8281250       3.10937105E+18
   28.8984375       3.14733747E+18
   28.9687500       3.17995723E+18
   29.0390625       3.20658822E+18
   29.1093750       3.22680082E+18
   29.1796875       3.24037209E+18
   29.2500000       3.24728940E+18
   29.3203125       3.24769621E+18
   29.3906250       3.24187567E+18
   29.4609375       3.23020848E+18
   29.5312500       3.21318804E+18
   29.6015625       3.19142129E+18
   29.6718750       3.16568364E+18
   29.7421875       3.13691904E+18
   29.8125000       3.10624899E+18
   29.8828125       3.07491181E+18
   29.9531250       3.04421674E+18
   30.0234375       3.01545077E+18
   30.0937500       2.98982280E+18
   30.1640625       2.96837628E+18
   30.2343750       2.95196277E+18
   30.3046875       2.94119196E+18
   30.3750000       2.93643162E+18
   30.4453125       2.93778292E+18
   30.5156250       2.94510429E+18
   30.5859375       2.95800789E+18
   30.6562500       2.97589227E+18
   30.7265625       2.99794820E+18
   30.7968750       3.02321250E+18
   30.8671875       3.05059666E+18
   30.9375000       3.07895307E+18
   31.0078125       3.10711183E+18
   31.0781250       3.13396521E+18
   31.1484375       3.15850905E+18
   31.2187500       3.17990995E+18
   31.2890625       3.19751368E+18
   31.3593750       3.21086560E+18
   31.4296875       3.21966829E+18
   31.5000000       3.22375682E+18
   31.5703125       3.22302400E+18
   31.6406250       3.21741456E+18
   31.7109375       3.20690241E+18
   31.7812500       3.19152959E+18
   31.8515625       3.17141897E+18
   31.9218750       3.14681822E+18
   31.9921875       3.11807122E+18
   32.0625000       3.08560841E+18
   32.1328125       3.04986439E+18
   32.2031250       3.01124431E+18
   32.2734375       2.97006953E+18
   32.3437500       2.92658274E+18
   32.4140625       2.88095026E+18
   32.4843750       2.83332657E+18
   32.5546875       2.78389307E+18
   32.6250000       2.73292411E+18
   32.6953125       2.68079682E+18
   32.7656250       2.62800431E+18
   32.8359375       2.57510901E+18
   32.9062500       2.52269144E+18
   32.9765625       2.47125601E+18
   33.0468750       2.42117821E+18
   33.1171875       2.37264356E+18
   33.1875000       2.32564961E+18
   33.2578125       2.28001136E+18
   33.3281250       2.23542039E+18
   33.3984375       2.19147593E+18
   33.4687500       2.14774643E+18
   33.5390625       2.10379084E+18
   33.6093750       2.05921046E+18
   33.6796875       2.01366030E+18
   33.7500000       1.96687100E+18
   33.8203125       1.91862236E+18
   33.8906250       1.86873683E+18
   33.9609375       1.81704824E+18
   34.0312500       1.76342424E+18
   34.1015625       1.70778881E+18
   34.1718750       1.65019790E+18
   34.2421875       1.59088255E+18
   34.3125000       1.53029451E+18
   34.3828125       1.46907851E+18
   34.4531250       1.40803844E+18
   34.5234375       1.34804634E+18
   34.5937500       1.28998003E+18
   34.6640625       1.23464532E+18
   34.7343750       1.18276046E+18
   34.8046875       1.13493164E+18
   34.8750000       1.09167472E+18
   34.9453125       1.05341632E+18
   35.0156250       1.02052292E+18
   35.0859375       9.93297911E+17
   35.1562500       9.72000371E+17
   35.2265625       9.56832264E+17
   35.2968750       9.47953708E+17
   35.3671875       9.45456442E+17
   35.4375000       9.49365687E+17
   35.5078125       9.59603996E+17
   35.5781250       9.75998539E+17
   35.6484375       9.98247431E+17
   35.7187500       1.02592757E+18
   35.7890625       1.05847675E+18
   35.8593750       1.09523370E+18
   35.9296875       1.13545782E+18
   36.0000000       1.17839760E+18
   36.0703125       1.22333739E+18
   36.1406250       1.26968071E+18
   36.2109375       1.31697304E+18
   36.2812500       1.36494157E+18
   36.3515625       1.41347099E+18
   36.4218750       1.46260555E+18
   36.4921875       1.51248119E+18
   36.5625000       1.56328412E+18
   36.6328125       1.61515661E+18
   36.7031250       1.66815430E+18
   36.7734375       1.72216836E+18
   36.8437500       1.77691428E+18
   36.9140625       1.83191117E+18
   36.9843750       1.88653298E+18
   37.0546875       1.94003384E+18
   37.1250000       1.99162416E+18
   37.1953125       2.04051409E+18
   37.2656250       2.08599250E+18
   37.3359375       2.12744862E+18
   37.4062500       2.16440953E+18
   37.4765625       2.19652063E+18
   37.5468750       2.22356312E+18
   37.6171875       2.24541894E+18
   37.6875000       2.26208176E+18
   37.7578125       2.27361674E+18
   37.8281250       2.28017848E+18
   37.8984375       2.28196945E+18
   37.9687500       2.27924665E+18
   38.0390625       2.27230584E+18
   38.1093750       2.26152788E+18
   38.1796875       2.24740163E+18
   38.2500000       2.23058185E+18
   38.3203125       2.21189799E+18
   38.3906250       2.19237190E+18
   38.4609375       2.17316260E+18
   38.5312500       2.15550953E+18
   38.6015625       2.14063300E+18
   38.6718750       2.12968008E+18
   38.7421875       2.12364761E+18
   38.8125000       2.12336462E+18
   38.8828125       2.12944135E+18
   38.9531250       2.14227567E+18
   39.0234375       2.16200407E+18
   39.0937500       2.18851247E+18
   39.1640625       2.22142498E+18
   39.2343750       2.26018029E+18
   39.3046875       2.30408035E+18
   39.3750000       2.35237929E+18
   39.4453125       2.40431417E+18
   39.5156250       2.45915011E+18
   39.5859375       2.51615402E+18
   39.6562500       2.57459884E+18
   39.7265625       2.63373304E+18
   39.7968750       2.69281310E+18
   39.8671875       2.75110041E+18
   39.9375000       2.80790366E+18
   40.0078125       2.86257028E+18
   40.0781250       2.91453210E+18
   40.1484375       2.96328362E+18
   40.2187500       3.00840538E+18
   40.2890625       3.04954498E+18
   40.3593750       3.08646768E+18
   40.4296875       3.11905308E+18
   40.5000000       3.14731190E+18
   40.5703125       3.17132963E+18
   40.6406250       3.19122722E+18
   40.7109375       3.20705387E+18
   40.7812500       3.21873755E+18
   40.8515625       3.22602786E+18
   40.9218750       3.22854492E+18
   40.9921875       3.22582693E+18
   41.0625000       3.21744920E+18
   41.1328125       3.20308903E+18
   41.2031250       3.18262437E+18
   41.2734375       3.15613466E+18
   41.3437500       3.12390522E+18
   41.4140625       3.08636982E+18
   41.4843750       3.04410954E+18
   41.5546875       2.99781131E+18
   41.6250000       2.94828106E+18
   41.6953125       2.89641297E+18
   41.7656250       2.84318726E+18
   41.8359375       2.78961328E+18
   41.9062500       2.73669928E+18
   41.9765625       2.68538975E+18
   42.0468750       2.63657501E+18
   42.1171875       2.59106760E+18
   42.1875000       2.54963277E+18
   42.2578125       2.51295966E+18
   42.3281250       2.48168103E+18
   42.3984375       2.45631887E+18
   42.4687500       2.43728110E+18
   42.5390625       2.42481814E+18
   42.6093750       2.41906137E+18
   42.6796875       2.42002702E+18
   42.7500000       2.42766422E+18
   42.8203125       2.44186167E+18
   42.8906250       2.46249016E+18
   42.9609375       2.48938229E+18
   43.0312500       2.52235554E+18
   43.1015625       2.56119249E+18
   43.1718750       2.60568808E+18
   43.2421875       2.65564329E+18
   43.3125000       2.71090777E+18
   43.3828125       2.77136414E+18
   43.4531250       2.83696320E+18
   43.5234375       2.90768461E+18
   43.5937500       2.98353855E+18
   43.6640625       3.06450686E+18
   43.7343750       3.15055134E+18
   43.8046875       3.24155874E+18
   43.8750000       3.33733637E+18
   43.9453125       3.43755521E+18
   44.0156250       3.54174988E+18
   44.0859375       3.64926947E+18
   44.1562500       3.75929265E+18
   44.2265625       3.87080787E+18
   44.2968750       3.98268950E+18
   44.3671875       4.09372011E+18
   44.4375000       4.20267759E+18
   44.5078125       4.30834615E+18
   44.5781250       4.40960183E+18
   44.6484375       4.50540860E+18
   44.7187500       4.59486459E+18
   44.7890625       4.67720317E+18
   44.8593750       4.75187375E+18
   44.9296875       4.81855473E+18
   45.0000000       4.87720103E+18
   45.0703125       4.92800452E+18
   45.1406250       4.97139345E+18
   45.2109375       5.00794176E+18
   45.2812500       5.03833996E+18
   45.3515625       5.06331922E+18
   45.4218750       5.08366733E+18
   45.4921875       5.10020178E+18
   45.5625000       5.11380934E+18
   45.6328125       5.12540094E+18
   45.7031250       5.13591667E+18
   45.7734375       5.14623394E+18
   45.8437500       5.15711306E+18
   45.9140625       5.16910048E+18
   45.9843750       5.18253871E+18
   46.0546875       5.19756684E+18
   46.1250000       5.21420849E+18
   46.1953125       5.23241421E+18
   46.2656250       5.25216748E+18
   46.3359375       5.27352110E+18
   46.4062500       5.29666087E+18
   46.4765625       5.32190346E+18
   46.5468750       5.34974254E+18
   46.6171875       5.38081474E+18
   46.6875000       5.41589301E+18
   46.7578125       5.45579484E+18
   46.8281250       5.50134431E+18
   46.8984375       5.55324565E+18
   46.9687500       5.61202335E+18
   47.0390625       5.67790938E+18
   47.1093750       5.75084823E+18
   47.1796875       5.83049466E+18
   47.2500000       5.91626701E+18
   47.3203125       6.00736540E+18
   47.3906250       6.10284809E+18
   47.4609375       6.20164250E+18
   47.5312500       6.30260626E+18
   47.6015625       6.40453703E+18
   47.6718750       6.50625615E+18
   47.7421875       6.60661903E+18
   47.8125000       6.70458441E+18
   47.8828125       6.79918584E+18
   47.9531250       6.88958494E+18
   48.0234375       6.97505493E+18
   48.0937500       7.05502021E+18
   48.1640625       7.12904153E+18
   48.2343750       7.19687700E+18
   48.3046875       7.25848154E+18
   48.3750000       7.31402666E+18
   48.4453125       7.36384334E+18
   48.5156250       7.40838895E+18
   48.5859375       7.44817148E+18
   48.6562500       7.48372254E+18
   48.7265625       7.51553801E+18
   48.7968750       7.54409178E+18
   48.8671875       7.56978022E+18
   48.9375000       7.59290844E+18
   49.0078125       7.61358696E+18
   49.0781250       7.63171021E+18
   49.1484375       7.64690326E+18
   49.2187500       7.65853224E+18
   49.2890625       7.66571755E+18
   49.3593750       7.66743334E+18
   49.4296875       7.66261253E+18
   49.5000000       7.65029141E+18
   49.5703125       7.62968821E+18
   49.6406250       7.60030981E+18
   49.7109375       7.56197368E+18
   49.7812500       7.51483047E+18
   49.8515625       7.45931613E+18
   49.9218750       7.39613764E+18
   49.9921875       7.32622959E+18
   50.0625000       7.25072888E+18
   50.1328125       7.17091588E+18
   50.2031250       7.08818972E+18
   50.2734375       7.00400232E+18
   50.3437500       6.91983360E+18
   50.4140625       6.83712064E+18
   50.4843750       6.75725817E+18
   50.5546875       6.68156614E+18
   50.6250000       6.61130075E+18
   50.6953125       6.54759779E+18
   50.7656250       6.49145948E+18
   50.8359375       6.44368789E+18
   50.9062500       6.40485424E+18
   50.9765625       6.37523835E+18
   51.0468750       6.35485175E+18
   51.1171875       6.34344102E+18
   51.1875000       6.34055865E+18
   51.2578125       6.34557902E+18
   51.3281250       6.35777041E+18
   51.3984375       6.37631697E+18
   51.4687500       6.40035614E+18
   51.5390625       6.42895499E+18
   51.6093750       6.46113110E+18
   51.6796875       6.49584818E+18
   51.7500000       6.53203530E+18
   51.8203125       6.56858362E+18
   51.8906250       6.60439801E+18
   51.9609375       6.63842570E+18
   52.0312500       6.66972550E+18
   52.1015625       6.69748981E+18
   52.1718750       6.72109963E+18
   52.2421875       6.74011073E+18
   52.3125000       6.75424990E+18
   52.3828125       6.76334066E+18
   52.4531250       6.76727911E+18
   52.5234375       6.76598114E+18
   52.5937500       6.75938517E+18
   52.6640625       6.74741644E+18
   52.7343750       6.73002051E+18
   52.8046875       6.70716277E+18
   52.8750000       6.67886299E+18
   52.9453125       6.64518440E+18
   53.0156250       6.60627818E+18
   53.0859375       6.56239997E+18
   53.1562500       6.51396538E+18
   53.2265625       6.46155661E+18
   53.2968750       6.40595980E+18
   53.3671875       6.34813704E+18
   53.4375000       6.28920871E+18
   53.5078125       6.23034361E+18
   53.5781250       6.17268577E+18
   53.6484375       6.11724124E+18
   53.7187500       6.06479399E+18
   53.7890625       6.01582064E+18
   53.8593750       5.97049602E+18
   53.9296875       5.92871623E+18
   54.0000000       5.89019869E+18
   54.0703125       5.85453988E+18
   54.1406250       5.82132143E+18
   54.2109375       5.79014753E+18
   54.2812500       5.76069491E+18
   54.3515625       5.73269365E+18
   54.4218750       5.70593923E+18
   54.4921875       5.68025849E+18
   54.5625000       5.65550958E+18
   54.6328125       5.63154298E+18
   54.7031250       5.60821959E+18
   54.7734375       5.58541407E+18
   54.8437500       5.56306209E+18
   54.9140625       5.54118731E+18
   54.9843750       5.51998543E+18
   55.0546875       5.49987426E+18
   55.1250000       5.48155035E+18
   55.1953125       5.46594718E+18
   55.2656250       5.45419395E+18
   55.3359375       5.44747538E+18
   55.4062500       5.44692233E+18
   55.4765625       5.45344573E+18
   55.5468750       5.46765637E+18
   55.6171875       5.48978019E+18
   55.6875000       5.51965777E+18
   55.7578125       5.55674045E+18
   55.8281250       5.60016786E+18
   55.8984375       5.64883005E+18
   55.9687500       5.70147192E+18
   56.0390625       5.75674437E+18
   56.1093750       5.81329830E+18
   56.1796875       5.86982639E+18
   56.2500000       5.92511973E+18
   56.3203125       5.97805681E+18
   56.3906250       6.02762060E+18
   56.4609375       6.07287100E+18
   56.5312500       6.11296029E+18
   56.6015625       6.14709573E+18
   56.6718750       6.17456428E+18
   56.7421875       6.19472383E+18
   56.8125000       6.20702571E+18
   56.8828125       6.21099110E+18
   56.9531250       6.20624946E+18
   57.0234375       6.19254734E+18
   57.0937500       6.16980120E+18
   57.1640625       6.13810668E+18
   57.2343750       6.09776284E+18
   57.3046875       6.04926394E+18
   57.3750000       5.99328725E+18
   57.4453125       5.93062443E+18
   57.5156250       5.86214135E+18
   57.5859375       5.78871102E+18
   57.6562500       5.71118775E+18
   57.7265625       5.63034561E+18
   57.7968750       5.54688773E+18
   57.8671875       5.46143204E+18
   57.9375000       5.37455357E+18
   58.0078125       5.28679440E+18
   58.0781250       5.19871803E+18
   58.1484375       5.11092202E+18
   58.2187500       5.02405071E+18
   58.2890625       4.93873740E+18
   58.3593750       4.85555495E+18
   58.4296875       4.77495525E+18
   58.5000000       4.69724617E+18
   58.5703125       4.62257338E+18
   58.6406250       4.55096411E+18
   58.7109375       4.48237933E+18
   58.7812500       4.41679923E+18
   58.8515625       4.35425819E+18
   58.9218750       4.29489830E+18
   58.9921875       4.23896202E+18
   59.0625000       4.18679212E+18
   59.1328125       4.13877067E+18
   59.2031250       4.09528087E+18
   59.2734375       4.05664238E+18
   59.3437500       4.02306302E+18
   59.4140625       3.99457192E+18
   59.4843750       3.97100087E+18
   59.5546875       3.95197657E+18
   59.6250000       3.93697483E+18
   59.6953125       3.92537333E+18
   59.7656250       3.91654783E+18
   59.8359375       3.90992849E+18
   59.9062500       3.90506013E+18
   59.9765625       3.90158870E+18
   60.0468750       3.89925526E+18
   60.1171875       3.89784789E+18
   60.1875000       3.89718845E+18
   60.2578125       3.89708785E+18
   60.3281250       3.89736190E+18
   60.3984375       3.89781133E+18
   60.4687500       3.89823986E+18
   60.5390625       3.89842128E+18
   60.6093750       3.89810792E+18
   60.6796875       3.89701583E+18
   60.7500000       3.89484704E+18
   60.8203125       3.89130167E+18
   60.8906250       3.88612242E+18
   60.9609375       3.87912265E+18
   61.0312500       3.87022238E+18
   61.1015625       3.85942270E+18
   61.1718750       3.84679124E+18
   61.2421875       3.83239478E+18
   61.3125000       3.81626742E+18
   61.3828125       3.79836022E+18
   61.4531250       3.77856269E+18
   61.5234375       3.75672144E+18
   61.5937500       3.73271251E+18
   61.6640625       3.70647514E+18
   61.7343750       3.67807695E+18
   61.8046875       3.64773153E+18
   61.8750000       3.61582947E+18
   61.9453125       3.58291587E+18
   62.0156250       3.54969000E+18
   62.0859375       3.51696386E+18
   62.1562500       3.48562696E+18
   62.2265625       3.45657456E+18
   62.2968750       3.43065605E+18
   62.3671875       3.40860204E+18
   62.4375000       3.39099419E+18
   62.5078125       3.37821732E+18
   62.5781250       3.37048033E+18
   62.6484375       3.36782116E+18
   62.7187500       3.37015762E+18
   62.7890625       3.37731599E+18
   62.8593750       3.38908901E+18
   62.9296875       3.40526778E+18
   63.0000000       3.42568048E+18
   63.0703125       3.45017046E+18
   63.1406250       3.47859118E+18
   63.2109375       3.51074777E+18
   63.2812500       3.54637882E+18
   63.3515625       3.58510665E+18
   63.4218750       3.62645021E+18
   63.4921875       3.66982842E+18
   63.5625000       3.71460850E+18
   63.6328125       3.76013598E+18
   63.7031250       3.80580035E+18
   63.7734375       3.85106586E+18
   63.8437500       3.89550703E+18
   63.9140625       3.93879260E+18
   63.9843750       3.98068729E+18
   64.0546875       4.02102397E+18
   64.1250000       4.05971084E+18
   64.1953125       4.09670528E+18
   64.2656250       4.13203891E+18
   64.3359375       4.16580134E+18
   64.4062500       4.19814952E+18
   64.4765625       4.22927203E+18
   64.5468750       4.25937446E+18
   64.6171875       4.28862779E+18
   64.6875000       4.31714692E+18
   64.7578125       4.34493433E+18
   64.8281250       4.37188995E+18
   64.8984375       4.39779060E+18
   64.9687500       4.42233637E+18
   65.0390625       4.44514547E+18
   65.1093750       4.46582288E+18
   65.1796875       4.48398956E+18
   65.2500000       4.49933215E+18
   65.3203125       4.51160352E+18
   65.3906250       4.52064591E+18
   65.4609375       4.52636502E+18
   65.5312500       4.52874106E+18
   65.6015625       4.52779466E+18
   65.6718750       4.52361761E+18
   65.7421875       4.51636138E+18
   65.8125000       4.50627886E+18
   65.8828125       4.49371639E+18
   65.9531250       4.47915254E+18
   66.0234375       4.46318131E+18
   66.0937500       4.44650281E+18
   66.1640625       4.42985758E+18
   66.2343750       4.41398228E+18
   66.3046875       4.39954597E+18
   66.3750000       4.38712616E+18
   66.4453125       4.37718905E+18
   66.5156250       4.37012661E+18
   66.5859375       4.36628932E+18
   66.6562500       4.36604852E+18
   66.7265625       4.36979786E+18
   66.7968750       4.37798042E+18
   66.8671875       4.39104015E+18
   66.9375000       4.40939127E+18
   67.0078125       4.43334688E+18
   67.0781250       4.46310626E+18
   67.1484375       4.49872219E+18
   67.2187500       4.54013145E+18
   67.2890625       4.58713805E+18
   67.3593750       4.63945144E+18
   67.4296875       4.69669476E+18
   67.5000000       4.75841914E+18
   67.5703125       4.82408858E+18
   67.6406250       4.89309777E+18
   67.7109375       4.96473425E+18
   67.7812500       5.03817613E+18
   67.8515625       5.11245584E+18
   67.9218750       5.18648321E+18
   67.9921875       5.25905867E+18
   68.0625000       5.32893868E+18
   68.1328125       5.39488354E+18
   68.2031250       5.45574316E+18
   68.2734375       5.51048950E+18
   68.3437500       5.55826547E+18
   68.4140625       5.59835697E+18
   68.4843750       5.63020707E+18
   68.5546875       5.65340402E+18
   68.6250000       5.66770262E+18
   68.6953125       5.67302370E+18
   68.7656250       5.66950252E+18
   68.8359375       5.65749145E+18
   68.9062500       5.63757765E+18
   68.9765625       5.61051921E+18
   69.0468750       5.57721281E+18
   69.1171875       5.53860621E+18
   69.1875000       5.49565763E+18
   69.2578125       5.44927254E+18
   69.3281250       5.40032118E+18
   69.3984375       5.34963864E+18
   69.4687500       5.29805395E+18
   69.5390625       5.24637471E+18
   69.6093750       5.19538046E+18
   69.6796875       5.14580348E+18
   69.7500000       5.09830952E+18
   69.8203125       5.05346264E+18
   69.8906250       5.01171364E+18
   69.9609375       4.97337697E+18
   70.0312500       4.93863625E+18
   70.1015625       4.90752776E+18
   70.1718750       4.87997070E+18
   70.2421875       4.85578914E+18
   70.3125000       4.83476263E+18
   70.3828125       4.81664873E+18
   70.4531250       4.80122533E+18
   70.5234375       4.78830332E+18
   70.5937500       4.77774526E+18
   70.6640625       4.76945109E+18
   70.7343750       4.76337629E+18
   70.8046875       4.75953185E+18
   70.8750000       4.75800298E+18
   70.9453125       4.75892162E+18
   71.0156250       4.76244995E+18
   71.0859375       4.76873476E+18
   71.1562500       4.77788160E+18
   71.2265625       4.78991081E+18
   71.2968750       4.80478170E+18
   71.3671875       4.82239533E+18
   71.4375000       4.84265493E+18
   71.5078125       4.86547804E+18
   71.5781250       4.89085312E+18
   71.6484375       4.91885603E+18
   71.7187500       4.94965775E+18
   71.7890625       4.98348588E+18
   71.8593750       5.02058285E+18
   71.9296875       5.06112954E+18
   72.0000000       5.10517927E+18
   72.0703125       5.15255558E+18
   72.1406250       5.20281975E+18
   72.2109375       5.25523732E+18
   72.2812500       5.30881762E+18
   72.3515625       5.36235614E+18
   72.4218750       5.41454666E+18
   72.4921875       5.46406976E+18
   72.5625000       5.50970774E+18
   72.6328125       5.55039847E+18
   72.7031250       5.58530851E+18
   72.7734375       5.61384249E+18
   72.8437500       5.63565350E+18
   72.9140625       5.65059641E+18
   72.9843750       5.65869377E+18
   73.0546875       5.66007860E+18
   73.1250000       5.65495983E+18
   73.1953125       5.64357603E+18
   73.2656250       5.62619770E+18
   73.3359375       5.60313819E+18
   73.4062500       5.57479828E+18
   73.4765625       5.54169693E+18
   73.5468750       5.50451365E+18
   73.6171875       5.46409175E+18
   73.6875000       5.42142795E+18
   73.7578125       5.37760472E+18
   73.8281250       5.33374080E+18
   73.8984375       5.29090823E+18
   73.9687500       5.25008446E+18
   74.0390625       5.21206994E+18
   74.1093750       5.17747381E+18
   74.1796875       5.14668914E+18
   74.2500000       5.11991603E+18
   74.3203125       5.09715064E+18
   74.3906250       5.07822090E+18
   74.4609375       5.06280135E+18
   74.5312500       5.05047032E+18
   74.6015625       5.04074459E+18
   74.6718750       5.03314312E+18
   74.7421875       5.02721510E+18
   74.8125000       5.02255372E+18
   74.8828125       5.01876261E+18
   74.9531250       5.01545967E+18
   75.0234375       5.01224965E+18
   75.0937500       5.00874880E+18
   75.1640625       5.00458825E+18
   75.2343750       4.99945518E+18
   75.3046875       4.99312035E+18
   75.3750000       4.98548259E+18
   75.4453125       4.97656280E+18
   75.5156250       4.96651052E+18
   75.5859375       4.95555663E+18
   75.6562500       4.94397328E+18
   75.7265625       4.93198475E+18
   75.7968750       4.91973399E+18
   75.8671875       4.90725344E+18
   75.9375000       4.89448811E+18
   76.0078125       4.88132035E+18
   76.0781250       4.86762814E+18
   76.1484375       4.85332954E+18
   76.2187500       4.83841466E+18
   76.2890625       4.82294069E+18
   76.3593750       4.80703955E+18
   76.4296875       4.79092620E+18
   76.5000000       4.77491567E+18
   76.5703125       4.75942025E+18
   76.6406250       4.74493693E+18
   76.7109375       4.73199183E+18
   76.7812500       4.72107533E+18
   76.8515625       4.71253432E+18
   76.9218750       4.70649801E+18
   76.9921875       4.70281079E+18
   77.0625000       4.70101969E+18
   77.1328125       4.70038087E+18
   77.2031250       4.69995261E+18
   77.2734375       4.69870302E+18
   77.3437500       4.69566287E+18
   77.4140625       4.69003777E+18
   77.4843750       4.68132249E+18
   77.5546875       4.66934551E+18
   77.6250000       4.65429154E+18
   77.6953125       4.63664053E+18
   77.7656250       4.61710661E+18
   77.8359375       4.59652265E+18
   77.9062500       4.57576168E+18
   77.9765625       4.55562000E+18
   78.0468750       4.53677052E+18
   78.1171875       4.51970830E+18
   78.1875000       4.50476566E+18
   78.2578125       4.49210808E+18
   78.3281250       4.48179274E+18
   78.3984375       4.47379984E+18
   78.4687500       4.46809255E+18
   78.5390625       4.46462029E+18
   78.6093750       4.46335585E+18
   78.6796875       4.46429099E+18
   78.7500000       4.46745621E+18
   78.8203125       4.47288834E+18
   78.8906250       4.48061544E+18
   78.9609375       4.49060890E+18
   79.0312500       4.50276647E+18
   79.1015625       4.51686688E+18
   79.1718750       4.53257863E+18
   79.2421875       4.54947208E+18
   79.3125000       4.56706124E+18
   79.3828125       4.58482825E+18
   79.4531250       4.60227172E+18
   79.5234375       4.61892300E+18
   79.5937500       4.63438489E+18
   79.6640625       4.64831570E+18
   79.7343750       4.66045156E+18
   79.8046875       4.67059125E+18
   79.8750000       4.67860230E+18
   79.9453125       4.68438353E+18
   80.0156250       4.68786348E+18
   80.0859375       4.68899598E+18
   80.1562500       4.68780576E+18
   80.2265625       4.68442036E+18
   80.2968750       4.67915590E+18
   80.3671875       4.67254564E+18
   80.4375000       4.66537902E+18
   80.5078125       4.65863516E+18
   80.5781250       4.65341963E+18
   80.6484375       4.65082204E+18
   80.7187500       4.65179345E+18
   80.7890625       4.65699304E+18
   80.8593750       4.66670503E+18
   80.9296875       4.68079087E+18
   81.0000000       4.69871731E+18
   81.0703125       4.71959594E+18
   81.1406250       4.74228216E+18
   81.2109375       4.76547471E+18
   81.2812500       4.78783658E+18
   81.3515625       4.80808024E+18
   81.4218750       4.82507044E+18
   81.4921875       4.83787040E+18
   81.5625000       4.84579458E+18
   81.6328125       4.84839713E+18
   81.7031250       4.84548507E+18
   81.7734375       4.83710185E+18
   81.8437500       4.82352343E+18
   81.9140625       4.80521491E+18
   81.9843750       4.78279532E+18
   82.0546875       4.75700352E+18
   82.1250000       4.72865921E+18
   82.1953125       4.69861396E+18
   82.2656250       4.66771988E+18
   82.3359375       4.63678457E+18
   82.4062500       4.60654992E+18
   82.4765625       4.57766163E+18
   82.5468750       4.55067797E+18
   82.6171875       4.52606375E+18
   82.6875000       4.50421013E+18
   82.7578125       4.48541425E+18
   82.8281250       4.46988998E+18
   82.8984375       4.45775824E+18
   82.9687500       4.44906825E+18
   83.0390625       4.44379169E+18
   83.1093750       4.44184611E+18
   83.1796875       4.44311219E+18
   83.2500000       4.44746241E+18
   83.3203125       4.45474695E+18
   83.3906250       4.46479621E+18
   83.4609375       4.47737847E+18
   83.5312500       4.49217378E+18
   83.6015625       4.50870768E+18
   83.6718750       4.52636227E+18
   83.7421875       4.54437227E+18
   83.8125000       4.56191607E+18
   83.8828125       4.57816851E+18
   83.9531250       4.59240553E+18
   84.0234375       4.60404909E+18
   84.0937500       4.61271461E+18
   84.1640625       4.61819623E+18
   84.2343750       4.62046562E+18
   84.3046875       4.61965968E+18
   84.3750000       4.61608187E+18
   84.4453125       4.61018244E+18
   84.5156250       4.60254468E+18
   84.5859375       4.59383902E+18
   84.6562500       4.58478619E+18
   84.7265625       4.57609538E+18
   84.7968750       4.56844058E+18
   84.8671875       4.56243449E+18
   84.9375000       4.55862826E+18
   85.0078125       4.55749714E+18
   85.0781250       4.55945702E+18
   85.1484375       4.56487816E+18
   85.2187500       4.57413467E+18
   85.2890625       4.58761469E+18
   85.3593750       4.60574453E+18
   85.4296875       4.62895000E+18
   85.5000000       4.65758953E+18
   85.5703125       4.69183107E+18
   85.6406250       4.73155148E+18
   85.7109375       4.77626147E+18
   85.7812500       4.82511607E+18
   85.8515625       4.87696299E+18
   85.9218750       4.93046687E+18
   85.9921875       4.98422750E+18
   86.0625000       5.03690235E+18
   86.1328125       5.08726108E+18
   86.2031250       5.13423057E+18
   86.2734375       5.17688062E+18
   86.3437500       5.21441300E+18
   86.4140625       5.24610478E+18
   86.4843750       5.27130009E+18
   86.5546875       5.28939310E+18
   86.6250000       5.29985165E+18
   86.6953125       5.30222330E+18
   86.7656250       5.29617379E+18
   86.8359375       5.28151675E+18
   86.9062500       5.25826922E+18
   86.9765625       5.22666596E+18
   87.0468750       5.18720834E+18
   87.1171875       5.14066711E+18
   87.1875000       5.08810826E+18
   87.2578125       5.03084624E+18
   87.3281250       4.97041763E+18
   87.3984375       4.90851073E+18
   87.4687500       4.84687705E+18
   87.5390625       4.78721755E+18
   87.6093750       4.73109078E+18
   87.6796875       4.67983045E+18
   87.7500000       4.63450968E+18
   87.8203125       4.59589593E+18
   87.8906250       4.56445182E+18
   87.9609375       4.54033596E+18
   88.0312500       4.52343399E+18
   88.1015625       4.51336741E+18
   88.1718750       4.50955046E+18
   88.2421875       4.51122749E+18
   88.3125000       4.51754363E+18
   88.3828125       4.52757723E+18
   88.4531250       4.54040111E+18
   88.5234375       4.55509745E+18
   88.5937500       4.57078968E+18
   88.6640625       4.58663310E+18
   88.7343750       4.60184347E+18
   88.8046875       4.61571463E+18
   88.8750000       4.62765533E+18
   88.9453125       4.63719194E+18
   89.0156250       4.64396878E+18
   89.0859375       4.64771921E+18
   89.1562500       4.64824093E+18
   89.2265625       4.64533052E+18
   89.2968750       4.63876369E+18
   89.3671875       4.62825896E+18
   89.4375000       4.61348317E+18
   89.5078125       4.59404435E+18
   89.5781250       4.56954174E+18
   89.6484375       4.53959819E+18
   89.7187500       4.50393470E+18
   89.7890625       4.46238251E+18
   89.8593750       4.41491577E+18
   89.9296875       4.36164828E+18
   90.0000000       4.30283815E+18
   90.0703125       4.23885262E+18
   90.1406250       4.17017300E+18
   90.2109375       4.09737846E+18
   90.2812500       4.02118670E+18
   90.3515625       3.94244985E+18
   90.4218750       3.86216626E+18
   90.4921875       3.78145111E+18
   90.5625000       3.70147346E+18
   90.6328125       3.62334546E+18
   90.7031250       3.54801517E+18
   90.7734375       3.47617528E+18
   90.8437500       3.40823096E+18
   90.9140625       3.34430041E+18
   90.9843750       3.28427779E+18
   91.0546875       3.22791490E+18
   91.1250000       3.17492036E+18
   91.1953125       3.12501875E+18
   91.2656250       3.07799347E+18
   91.3359375       3.03369332E+18
   91.4062500       2.99202155E+18
   91.4765625       2.95290285E+18
   91.5468750       2.91627180E+18
   91.6171875       2.88206324E+18
   91.6875000       2.85024668E+18
   91.7578125       2.82083941E+18
   91.8281250       2.79394453E+18
   91.8984375       2.76974291E+18
   91.9687500       2.74847670E+18
   92.0390625       2.73037764E+18
   92.1093750       2.71560983E+18
   92.1796875       2.70422878E+18
   92.2500000       2.69618998E+18
   92.3203125       2.69137632E+18
   92.3906250       2.68965833E+18
   92.4609375       2.69093844E+18
   92.5312500       2.69518915E+18
   92.6015625       2.70243905E+18
   92.6718750       2.71275165E+18
   92.7421875       2.72616541E+18
   92.8125000       2.74264929E+18
   92.8828125       2.76204083E+18
   92.9531250       2.78402584E+18
   93.0234375       2.80813401E+18
   93.0937500       2.83378479E+18
   93.1640625       2.86033552E+18
   93.2343750       2.88716305E+18
   93.3046875       2.91372451E+18
   93.3750000       2.93961608E+18
   93.4453125       2.96456950E+18
   93.5156250       2.98844429E+18
   93.5859375       3.01117422E+18
   93.6562500       3.03272108E+18
   93.7265625       3.05300569E+18
   93.7968750       3.07188678E+18
   93.8671875       3.08913207E+18
   93.9375000       3.10445569E+18
   94.0078125       3.11754565E+18
   94.0781250       3.12815511E+18
   94.1484375       3.13616835E+18
   94.2187500       3.14168268E+18
   94.2890625       3.14502739E+18
   94.3593750       3.14676654E+18
   94.4296875       3.14765055E+18
   94.5000000       3.14856177E+18
   94.5703125       3.15042022E+18
   94.6406250       3.15411650E+18
   94.7109375       3.16044172E+18
   94.7812500       3.17004925E+18
   94.8515625       3.18341354E+18
   94.9218750       3.20082293E+18
   94.9921875       3.22235440E+18
   95.0625000       3.24788286E+18
   95.1328125       3.27707681E+18
   95.2031250       3.30944066E+18
   95.2734375       3.34435016E+18
   95.3437500       3.38111508E+18
   95.4140625       3.41901140E+18
   95.4843750       3.45734175E+18
   95.5546875       3.49547034E+18
   95.6250000       3.53288754E+18
   95.6953125       3.56923657E+18
   95.7656250       3.60435855E+18
   95.8359375       3.63829222E+18
   95.9062500       3.67126795E+18
   95.9765625       3.70364554E+18
   96.0468750       3.73588130E+18
   96.1171875       3.76846011E+18
   96.1875000       3.80187784E+18
   96.2578125       3.83659519E+18
   96.3281250       3.87304235E+18
   96.3984375       3.91158408E+18
   96.4687500       3.95249279E+18
   96.5390625       3.99586357E+18
   96.6093750       4.04156148E+18
   96.6796875       4.08916868E+18
   96.7500000       4.13800541E+18
   96.8203125       4.18717365E+18
   96.8906250       4.23568135E+18
   96.9609375       4.28256426E+18
   97.0312500       4.32702796E+18
   97.1015625       4.36852517E+18
   97.1718750       4.40683161E+18
   97.2421875       4.44202972E+18
   97.3125000       4.47447521E+18
   97.3828125       4.50469721E+18
   97.4531250       4.53331915E+18
   97.5234375       4.56096280E+18
   97.5937500       4.58818368E+18
   97.6640625       4.61539027E+18
   97.7343750       4.64280165E+18
   97.8046875       4.67040544E+18
   97.8750000       4.69794435E+18
   97.9453125       4.72490658E+18
   98.0156250       4.75057743E+18
   98.0859375       4.77409873E+18
   98.1562500       4.79458593E+18
   98.2265625       4.81120725E+18
   98.2968750       4.82329913E+18
   98.3671875       4.83041791E+18
   98.4375000       4.83237834E+18
   98.5078125       4.82924968E+18
   98.5781250       4.82136454E+18
   98.6484375       4.80931279E+18
   98.7187500       4.79395206E+18
   98.7890625       4.77636372E+18
   98.8593750       4.75781001E+18
   98.9296875       4.73965378E+18
   99.0000000       4.72327820E+18
   99.0703125       4.70997081E+18
   99.1406250       4.70084871E+18
   99.2109375       4.69676788E+18
   99.2812500       4.69828630E+18
   99.3515625       4.70561345E+18
   99.4218750       4.71862507E+18
   99.4921875       4.73687586E+18
   99.5625000       4.75968248E+18
   99.6328125       4.78617686E+18
   99.7031250       4.81541728E+18
   99.7734375       4.84645704E+18
   99.8437500       4.87841874E+18
   99.9140625       4.91050909E+18
   99.9843750       4.94204253E+18
   100.054688       4.97243139E+18
   100.125000       5.00119241E+18
   100.195312       5.02792814E+18
   100.265625       5.05232410E+18
   100.335938       5.07411257E+18
   100.406250       5.09306320E+18
   100.476562       5.10893960E+18
   100.546875       5.12150482E+18
   100.617188       5.13050762E+18
   100.687500       5.13570281E+18
   100.757812       5.13683366E+18
   100.828125       5.13362804E+18
   100.898438       5.12579237E+18
   100.968750       5.11302649E+18
   101.039062       5.09502528E+18
   101.109375       5.07154686E+18
   101.179688       5.04247742E+18
   101.250000       5.00792032E+18
   101.320312       4.96823895E+18
   101.390625       4.92408421E+18
   101.460938       4.87635551E+18
   101.531250       4.82613532E+18
   101.601562       4.77455942E+18
   101.671875       4.72271470E+18
   101.742188       4.67152639E+18
   101.812500       4.62171356E+18
   101.882812       4.57375177E+18
   101.953125       4.52789609E+18
   102.023438       4.48421799E+18
   102.093750       4.44264298E+18
   102.164062       4.40296050E+18
   102.234375       4.36483934E+18
   102.304688       4.32783775E+18
   102.375000       4.29145656E+18
   102.445312       4.25520676E+18
   102.515625       4.21873651E+18
   102.585938       4.18193558E+18
   102.656250       4.14504064E+18
   102.726562       4.10863608E+18
   102.796875       4.07361774E+18
   102.867188       4.04107824E+18
   102.937500       4.01218857E+18
   103.007812       3.98805924E+18
   103.078125       3.96965012E+18
   103.148438       3.95770722E+18
   103.218750       3.95273798E+18
   103.289062       3.95498318E+18
   103.359375       3.96442441E+18
   103.429688       3.98080769E+18
   103.500000       4.00369814E+18
   103.570312       4.03252294E+18
   103.640625       4.06664106E+18
   103.710938       4.10536971E+18
   103.781250       4.14802251E+18
   103.851562       4.19388947E+18
   103.921875       4.24226166E+18
   103.992188       4.29243677E+18
   104.062500       4.34378039E+18
   104.132812       4.39575348E+18
   104.203125       4.44797451E+18
   104.273438       4.50021670E+18
   104.343750       4.55240887E+18
   104.414062       4.60456503E+18
   104.484375       4.65673466E+18
   104.554688       4.70895706E+18
   104.625000       4.76125423E+18
   104.695312       4.81361848E+18
   104.765625       4.86604924E+18
   104.835938       4.91854157E+18
   104.906250       4.97108833E+18
   104.976562       5.02361695E+18
   105.046875       5.07596470E+18
   105.117188       5.12782976E+18
   105.187500       5.17878498E+18
   105.257812       5.22828004E+18
   105.328125       5.27571408E+18
   105.398438       5.32051423E+18
   105.468750       5.36224619E+18
   105.539062       5.40066038E+18
   105.609375       5.43574305E+18
   105.679688       5.46768771E+18
   105.750000       5.49685280E+18
   105.820312       5.52365175E+18
   105.890625       5.54847927E+18
   105.960938       5.57163114E+18
   106.031250       5.59328272E+18
   106.101562       5.61345656E+18
   106.171875       5.63205645E+18
   106.242188       5.64888282E+18
   106.312500       5.66367840E+18
   106.382812       5.67614192E+18
   106.453125       5.68596935E+18
   106.523438       5.69287868E+18
   106.593750       5.69663736E+18
   106.664062       5.69704748E+18
   106.734375       5.69395291E+18
   106.804688       5.68723599E+18
   106.875000       5.67684231E+18
   106.945312       5.66278395E+18
   107.015625       5.64517527E+18
   107.085938       5.62424332E+18
   107.156250       5.60034104E+18
   107.226562       5.57388404E+18
   107.296875       5.54530498E+18
   107.367188       5.51496341E+18
   107.437500       5.48310671E+18
   107.507812       5.44981514E+18
   107.578125       5.41501945E+18
   107.648438       5.37854865E+18
   107.718750       5.34020428E+18
   107.789062       5.29979998E+18
   107.859375       5.25721699E+18
   107.929688       5.21242289E+18
   108.000000       5.16550068E+18
   108.070312       5.11664498E+18
   108.140625       5.06616915E+18
   108.210938       5.01450200E+18
   108.281250       4.96218174E+18
   108.351562       4.90979935E+18
   108.421875       4.85794694E+18
   108.492188       4.80714015E+18
   108.562500       4.75776054E+18
   108.632812       4.70998841E+18
   108.703125       4.66377428E+18
   108.773438       4.61885099E+18
   108.843750       4.57477871E+18
   108.914062       4.53098791E+18
   108.984375       4.48684142E+18
   109.054688       4.44168200E+18
   109.125000       4.39488047E+18
   109.195312       4.34585819E+18
   109.265625       4.29412012E+18
   109.335938       4.23928528E+18
   109.406250       4.18112908E+18
   109.476562       4.11958942E+18
   109.546875       4.05477458E+18
   109.617188       3.98694379E+18
   109.687500       3.91650495E+18
   109.757812       3.84397374E+18
   109.828125       3.76996671E+18
   109.898438       3.69518095E+18
   109.968750       3.62037678E+18
   110.039062       3.54632825E+18
   110.109375       3.47376268E+18
   110.179688       3.40330680E+18
   110.250000       3.33545126E+18
   110.320312       3.27052922E+18
   110.390625       3.20874162E+18
   110.460938       3.15020774E+18
   110.531250       3.09503177E+18
   110.601562       3.04334153E+18
   110.671875       2.99530442E+18
   110.742188       2.95112192E+18
   110.812500       2.91101998E+18
   110.882812       2.87521796E+18
   110.953125       2.84390799E+18
   111.023438       2.81723301E+18
   111.093750       2.79526835E+18
   111.164062       2.77798430E+18
   111.234375       2.76522776E+18
   111.304688       2.75672029E+18
   111.375000       2.75208310E+18
   111.445312       2.75085852E+18
   111.515625       2.75253885E+18
   111.585938       2.75656664E+18
   111.656250       2.76234127E+18
   111.726562       2.76918656E+18
   111.796875       2.77634767E+18
   111.867188       2.78299147E+18
   111.937500       2.78825071E+18
   112.007812       2.79126777E+18
   112.078125       2.79126695E+18
   112.148438       2.78761739E+18
   112.218750       2.77989250E+18
   112.289062       2.76789875E+18
   112.359375       2.75169497E+18
   112.429688       2.73160937E+18
   112.500000       2.70825437E+18
   112.570312       2.68251425E+18
   112.640625       2.65552399E+18
   112.710938       2.62860740E+18
   112.781250       2.60320593E+18
   112.851562       2.58076380E+18
   112.921875       2.56263203E+18
   112.992188       2.54996703E+18
   113.062500       2.54366710E+18
   113.132812       2.54431334E+18
   113.203125       2.55215286E+18
   113.273438       2.56709110E+18
   113.343750       2.58872179E+18
   113.414062       2.61635361E+18
   113.484375       2.64907508E+18
   113.554688       2.68582323E+18
   113.625000       2.72548482E+18
   113.695312       2.76697544E+18
   113.765625       2.80932203E+18
   113.835938       2.85169803E+18
   113.906250       2.89344869E+18
   113.976562       2.93406602E+18
   114.046875       2.97317675E+18
   114.117188       3.01050984E+18
   114.187500       3.04589295E+18
   114.257812       3.07921090E+18
   114.328125       3.11038893E+18
   114.398438       3.13934677E+18
   114.468750       3.16597804E+18
   114.539062       3.19010187E+18
   114.609375       3.21145851E+18
   114.679688       3.22970903E+18
   114.750000       3.24447520E+18
   114.820312       3.25535761E+18
   114.890625       3.26198409E+18
   114.960938       3.26404403E+18
   115.031250       3.26134555E+18
   115.101562       3.25385073E+18
   115.171875       3.24172807E+18
   115.242188       3.22536843E+18
   115.312500       3.20540268E+18
   115.382812       3.18266422E+18
   115.453125       3.15816573E+18
   115.523438       3.13304629E+18
   115.593750       3.10854037E+18
   115.664062       3.08591462E+18
   115.734375       3.06642853E+18
   115.804688       3.05126461E+18
   115.875000       3.04147759E+18
   115.945312       3.03790307E+18
   116.015625       3.04109606E+18
   116.085938       3.05126269E+18
   116.156250       3.06823200E+18
   116.226562       3.09143362E+18
   116.296875       3.11993819E+18
   116.367188       3.15250764E+18
   116.437500       3.18771373E+18
   116.507812       3.22404077E+18
   116.578125       3.26003493E+18
   116.648438       3.29442683E+18
   116.718750       3.32625769E+18
   116.789062       3.35493955E+18
   116.859375       3.38028687E+18
   116.929688       3.40248491E+18
   117.000000       3.42203973E+18
   117.070312       3.43965720E+18
   117.140625       3.45614465E+18
   117.210938       3.47228081E+18
   117.281250       3.48872978E+18
   117.351562       3.50595170E+18
   117.421875       3.52417391E+18
   117.492188       3.54337468E+18
   117.562500       3.56331515E+18
   117.632812       3.58355936E+18
   117.703125       3.60353061E+18
   117.773438       3.62255876E+18
   117.843750       3.63995413E+18
   117.914062       3.65504933E+18
   117.984375       3.66726188E+18
   118.054688       3.67612642E+18
   118.125000       3.68134360E+18
   118.195312       3.68278259E+18
   118.265625       3.68049065E+18
   118.335938       3.67467506E+18
   118.406250       3.66568601E+18
   118.476562       3.65396329E+18
   118.546875       3.63998877E+18
   118.617188       3.62422507E+18
   118.687500       3.60708313E+18
   118.757812       3.58888209E+18
   118.828125       3.56984900E+18
   118.898438       3.55011854E+18
   118.968750       3.52974376E+18
   119.039062       3.50869279E+18
   119.109375       3.48685841E+18
   119.179688       3.46407461E+18
   119.250000       3.44015445E+18
   119.320312       3.41490280E+18
   119.390625       3.38815360E+18
   119.460938       3.35977411E+18
   119.531250       3.32968570E+18
   119.601562       3.29784741E+18
   119.671875       3.26426366E+18
   119.742188       3.22898115E+18
   119.812500       3.19210821E+18
   119.882812       3.15381744E+18
   119.953125       3.11436394E+18
   120.023438       3.07409130E+18
   120.093750       3.03345390E+18
   120.164062       2.99299984E+18
   120.234375       2.95336822E+18
   120.304688       2.91526382E+18
   120.375000       2.87943706E+18
   120.445312       2.84662818E+18
   120.515625       2.81752383E+18
   120.585938       2.79270923E+18
   120.656250       2.77265277E+18
   120.726562       2.75768951E+18
   120.796875       2.74805559E+18
   120.867188       2.74391401E+18
   120.937500       2.74540219E+18
   121.007812       2.75263945E+18
   121.078125       2.76573216E+18
   121.148438       2.78474025E+18
   121.218750       2.80965353E+18
   121.289062       2.84034200E+18
   121.359375       2.87654369E+18
   121.429688       2.91785894E+18
   121.500000       2.96377702E+18
   121.570312       3.01368138E+18
   121.640625       3.06687905E+18
   121.710938       3.12260203E+18
   121.781250       3.18002925E+18
   121.851562       3.23827642E+18
   121.921875       3.29642052E+18
   121.992188       3.35349700E+18
   122.062500       3.40852948E+18
   122.132812       3.46053005E+18
   122.203125       3.50854545E+18
   122.273438       3.55169908E+18
   122.343750       3.58927929E+18
   122.414062       3.62080064E+18
   122.484375       3.64608144E+18
   122.554688       3.66525967E+18
   122.625000       3.67878449E+18
   122.695312       3.68732604E+18
   122.765625       3.69168203E+18
   122.835938       3.69266032E+18
   122.906250       3.69101051E+18
   122.976562       3.68736563E+18
   123.046875       3.68225455E+18
   123.117188       3.67611570E+18
   123.187500       3.66933666E+18
   123.257812       3.66225470E+18
   123.328125       3.65517330E+18
   123.398438       3.64835880E+18
   123.468750       3.64206547E+18
   123.539062       3.63653135E+18
   123.609375       3.63201511E+18
   123.679688       3.62881526E+18
   123.750000       3.62729821E+18
   123.820312       3.62789084E+18
   123.890625       3.63108025E+18
   123.960938       3.63739255E+18
   124.031250       3.64738683E+18
   124.101562       3.66162139E+18
   124.171875       3.68063029E+18
   124.242188       3.70487810E+18
   124.312500       3.73472104E+18
   124.382812       3.77034219E+18
   124.453125       3.81171544E+18
   124.523438       3.85857443E+18
   124.593750       3.91042657E+18
   124.664062       3.96655747E+18
   124.734375       4.02608090E+18
   124.804688       4.08796719E+18
   124.875000       4.15109840E+18
   124.945312       4.21429805E+18
   125.015625       4.27639325E+18
   125.085938       4.33627952E+18
   125.156250       4.39301432E+18
   125.226562       4.44588076E+18
   125.296875       4.49447890E+18
   125.367188       4.53876421E+18
   125.437500       4.57906901E+18
   125.507812       4.61604558E+18
   125.578125       4.65059004E+18
   125.648438       4.68371557E+18
   125.718750       4.71643099E+18
   125.789062       4.74959831E+18
   125.859375       4.78385195E+18
   125.929688       4.81953935E+18
   126.000000       4.85674407E+18
   126.070312       4.89530724E+18
   126.140625       4.93490780E+18
   126.210938       4.97511474E+18
   126.281250       5.01545967E+18
   126.351562       5.05545771E+18
   126.421875       5.09465310E+18
   126.492188       5.13262638E+18
   126.562500       5.16903726E+18
   126.632812       5.20360590E+18
   126.703125       5.23613551E+18
   126.773438       5.26647983E+18
   126.843750       5.29453607E+18
   126.914062       5.32016623E+18
   126.984375       5.34316911E+18
   127.054688       5.36322750E+18
   127.125000       5.37991589E+18
   127.195312       5.39268452E+18
   127.265625       5.40090942E+18
   127.335938       5.40392263E+18
   127.406250       5.40108369E+18
   127.476562       5.39181536E+18
   127.546875       5.37566573E+18
   127.617188       5.35234289E+18
   127.687500       5.32178141E+18
   127.757812       5.28415393E+18
   127.828125       5.23992222E+18
   127.898438       5.18984717E+18
   127.968750       5.13500572E+18
   128.039062       5.07672446E+18
   128.109375       5.01650861E+18
   128.179688       4.95591892E+18
   128.250000       4.89646008E+18
   128.320312       4.83944655E+18
   128.390625       4.78593277E+18
   128.460938       4.73667960E+18
   128.531250       4.69219996E+18
   128.601562       4.65280775E+18
   128.671875       4.61870365E+18
   128.742188       4.59003856E+18
   128.812500       4.56695404E+18
   128.882812       4.54957021E+18
   128.953125       4.53796404E+18
   129.023438       4.53214103E+18
   129.093750       4.53201596E+18
   129.164062       4.53739147E+18
   129.234375       4.54795063E+18
   129.304688       4.56326518E+18
   129.375000       4.58282686E+18
   129.445312       4.60605734E+18
   129.515625       4.63236178E+18
   129.585938       4.66114315E+18
   129.656250       4.69183932E+18
   129.726562       4.72388623E+18
   129.796875       4.75668466E+18
   129.867188       4.78953037E+18
   129.937500       4.82156740E+18
   130.007812       4.85173085E+18
   130.078125       4.87875794E+18
   130.148438       4.90123856E+18
   130.218750       4.91772189E+18
   130.289062       4.92682034E+18
   130.359375       4.92732942E+18
   130.429688       4.91832442E+18
   130.500000       4.89925504E+18
   130.570312       4.86996845E+18
   130.640625       4.83073842E+18
   130.710938       4.78225216E+18
   130.781250       4.72559487E+18
   130.851562       4.66216790E+18
   130.921875       4.59361527E+18
   130.992188       4.52170446E+18
   131.062500       4.44822630E+18
   131.132812       4.37486331E+18
   131.203125       4.30310038E+18
   131.273438       4.23415028E+18
   131.343750       4.16892780E+18
   131.414062       4.10802283E+18
   131.484375       4.05170887E+18
   131.554688       3.99997602E+18
   131.625000       3.95259669E+18
   131.695312       3.90918797E+18
   131.765625       3.86930676E+18
   131.835938       3.83253744E+18
   131.906250       3.79858508E+18
   131.976562       3.76731057E+18
   132.046875       3.73874553E+18
   132.117188       3.71306094E+18
   132.187500       3.69053222E+18
   132.257812       3.67148263E+18
   132.328125       3.65626017E+18
   132.398438       3.64523729E+18
   132.468750       3.63882714E+18
   132.539062       3.63746429E+18
   132.609375       3.64157481E+18
   132.679688       3.65150918E+18
   132.750000       3.66747436E+18
   132.820312       3.68944508E+18
   132.890625       3.71712611E+18
   132.960938       3.74994351E+18
   133.031250       3.78709765E+18
   133.101562       3.82761576E+18
   133.171875       3.87043761E+18
   133.242188       3.91447910E+18
   133.312500       3.95869816E+18
   133.382812       4.00213107E+18
   133.453125       4.04393450E+18
   133.523438       4.08341714E+18
   133.593750       4.12006881E+18
   133.664062       4.15355278E+18
   133.734375       4.18369452E+18
   133.804688       4.21045911E+18
   133.875000       4.23393615E+18
   133.945312       4.25431615E+18
   134.015625       4.27187233E+18
   134.085938       4.28692684E+18
   134.156250       4.29982879E+18
   134.226562       4.31089894E+18
   134.296875       4.32041137E+18
   134.367188       4.32856095E+18
   134.437500       4.33545791E+18
   134.507812       4.34109813E+18
   134.578125       4.34535434E+18
   134.648438       4.34797063E+18
   134.718750       4.34858526E+18
   134.789062       4.34673203E+18
   134.859375       4.34186916E+18
   134.929688       4.33341062E+18
   135.000000       4.32077201E+18
   135.070312       4.30340028E+18
   135.140625       4.28082785E+18
   135.210938       4.25271196E+18
   135.281250       4.21889813E+18
   135.351562       4.17944161E+18
   135.421875       4.13464008E+18
   135.492188       4.08503452E+18
   135.562500       4.03139952E+18
   135.632812       3.97469440E+18
   135.703125       3.91600137E+18
   135.773438       3.85646831E+18
   135.843750       3.79725989E+18
   135.914062       3.73948797E+18
   135.984375       3.68414983E+18
   136.054688       3.63205277E+18
   136.125000       3.58375562E+18
   136.195312       3.53951705E+18
   136.265625       3.49930268E+18
   136.335938       3.46284755E+18
   136.406250       3.42979706E+18
   136.476562       3.39984224E+18
   136.546875       3.37285225E+18
   136.617188       3.34894639E+18
   136.687500       3.32850510E+18
   136.757812       3.31209489E+18
   136.828125       3.30036007E+18
   136.898438       3.29390896E+18
   136.968750       3.29321929E+18
   137.039062       3.29855852E+18
   137.109375       3.30994012E+18
   137.179688       3.32712301E+18
   137.250000       3.34964871E+18
   137.320312       3.37688058E+18
   137.390625       3.40807016E+18
   137.460938       3.44241065E+18
   137.531250       3.47910383E+18
   137.601562       3.51738773E+18
   137.671875       3.55656222E+18
   137.742188       3.59600088E+18
   137.812500       3.63515944E+18
   137.882812       3.67356895E+18
   137.953125       3.71082975E+18
   138.023438       3.74660374E+18
   138.093750       3.78059844E+18
   138.164062       3.81251644E+18
   138.234375       3.84200039E+18
   138.304688       3.86857669E+18
   138.375000       3.89162987E+18
   138.445312       3.91039029E+18
   138.515625       3.92398245E+18
   138.585938       3.93150614E+18
   138.656250       3.93216804E+18
   138.726562       3.92537828E+18
   138.796875       3.91084329E+18
   138.867188       3.88860182E+18
   138.937500       3.85901891E+18
   139.007812       3.82273200E+18
   139.078125       3.78057480E+18
   139.148438       3.73352642E+18
   139.218750       3.68265944E+18
   139.289062       3.62907749E+18
   139.359375       3.57385205E+18
   139.429688       3.51797102E+18
   139.500000       3.46230357E+18
   139.570312       3.40757235E+18
   139.640625       3.35435297E+18
   139.710938       3.30309236E+18
   139.781250       3.25413935E+18
   139.851562       3.20776498E+18
   139.921875       3.16417291E+18
   139.992188       3.12350500E+18
   140.062500       3.08584316E+18
   140.132812       3.05120167E+18
   140.203125       3.01952391E+18
   140.273438       2.99070241E+18
   140.343750       2.96461238E+18
   140.414062       2.94112543E+18
   140.484375       2.92011542E+18
   140.554688       2.90145506E+18
   140.625000       2.88500031E+18
   140.695312       2.87056043E+18
   140.765625       2.85786107E+18
   140.835938       2.84653005E+18
   140.906250       2.83610586E+18
   140.976562       2.82605275E+18
   141.046875       2.81579980E+18
   141.117188       2.80479451E+18
   141.187500       2.79254650E+18
   141.257812       2.77864923E+18
   141.328125       2.76278108E+18
   141.398438       2.74471060E+18
   141.468750       2.72429569E+18
   141.539062       2.70146131E+18
   141.609375       2.67615935E+18
   141.679688       2.64832631E+18
   141.750000       2.61785252E+18
   141.820312       2.58455711E+18
   141.890625       2.54819269E+18
   141.960938       2.50849070E+18
   142.031250       2.46523151E+18
   142.101562       2.41831233E+18
   142.171875       2.36779307E+18
   142.242188       2.31392909E+18
   142.312500       2.25715416E+18
   142.382812       2.19802847E+18
   142.453125       2.13715401E+18
   142.523438       2.07510417E+18
   142.593750       2.01237071E+18
   142.664062       1.94931853E+18
   142.734375       1.88615021E+18
   142.804688       1.82288720E+18
   142.875000       1.75936718E+18
   142.945312       1.69524338E+18
   143.015625       1.63000345E+18
   143.085938       1.56302312E+18
   143.156250       1.49363789E+18
   143.226562       1.42122268E+18
   143.296875       1.34525468E+18
   143.367188       1.26537735E+18
   143.437500       1.18143047E+18
   143.507812       1.09345476E+18
   143.578125       1.00165076E+18
   143.648438       9.06355953E+17
   143.718750       8.08023467E+17
   143.789062       7.07230755E+17
   143.859375       6.04714078E+17
   143.929688       0.00000000    
   144.000000       0.00000000    
   144.070312       0.00000000    
   144.140625       0.00000000    
   144.210938       0.00000000    
   144.281250       0.00000000    
   144.351562       0.00000000    
   144.421875       0.00000000    
   144.492188       0.00000000    
   144.562500       0.00000000    
   144.632812       0.00000000    
   144.703125       0.00000000    
   144.773438       0.00000000    
   144.843750       0.00000000    
   144.914062       0.00000000    
   144.984375       0.00000000    
   145.054688       0.00000000    
   145.125000       0.00000000    
   145.195312       0.00000000    
   145.265625       0.00000000    
   145.335938       0.00000000    
   145.406250       0.00000000    
   145.476562       0.00000000    
   145.546875       0.00000000    
   145.617188       0.00000000    
   145.687500       0.00000000    
   145.757812       0.00000000    
   145.828125       0.00000000    
   145.898438       0.00000000    
   145.968750       0.00000000    
   146.039062       0.00000000    
   146.109375       0.00000000    
   146.179688       0.00000000    
   146.250000       0.00000000    
   146.320312       0.00000000    
   146.390625       0.00000000    
   146.460938       0.00000000    
   146.531250       0.00000000    
   146.601562       0.00000000    
   146.671875       0.00000000    
   146.742188       0.00000000    
   146.812500       0.00000000    
   146.882812       0.00000000    
   146.953125       0.00000000    
   147.023438       0.00000000    
   147.093750       0.00000000    
   147.164062       0.00000000    
   147.234375       0.00000000    
   147.304688       0.00000000    
   147.375000       0.00000000    
   147.445312       0.00000000    
   147.515625       0.00000000    
   147.585938       0.00000000    
   147.656250       0.00000000    
   147.726562       0.00000000    
   147.796875       0.00000000    
   147.867188       0.00000000    
   147.937500       0.00000000    
   148.007812       0.00000000    
   148.078125       0.00000000    
   148.148438       0.00000000    
   148.218750       0.00000000    
   148.289062       0.00000000    
   148.359375       0.00000000    
   148.429688       0.00000000    
   148.500000       0.00000000    
   148.570312       0.00000000    
   148.640625       0.00000000    
   148.710938       0.00000000    
   148.781250       0.00000000    
   148.851562       0.00000000    
   148.921875       0.00000000    
   148.992188       0.00000000    
   149.062500       0.00000000    
   149.132812       0.00000000    
   149.203125       0.00000000    
   149.273438       0.00000000    
   149.343750       0.00000000    
   149.414062       0.00000000    
   149.484375       0.00000000    
   149.554688       0.00000000    
   149.625000       0.00000000    
   149.695312       0.00000000    
   149.765625       0.00000000    
   149.835938       0.00000000    
   149.906250       0.00000000    
   149.976562       0.00000000    
   150.046875       0.00000000    
   150.117188       0.00000000    
   150.187500       0.00000000    
   150.257812       0.00000000    
   150.328125       0.00000000    
   150.398438       0.00000000    
   150.468750       0.00000000    
   150.539062       0.00000000    
   150.609375       0.00000000    
   150.679688       0.00000000    
   150.750000       0.00000000    
   150.820312       0.00000000    
   150.890625       0.00000000    
   150.960938       0.00000000    
   151.031250       0.00000000    
   151.101562       0.00000000    
   151.171875       0.00000000    
   151.242188       0.00000000    
   151.312500       0.00000000    
   151.382812       0.00000000    
   151.453125       0.00000000    
   151.523438       0.00000000    
   151.593750       0.00000000    
   151.664062       0.00000000    
   151.734375       0.00000000    
   151.804688       0.00000000    
   151.875000       0.00000000    
   151.945312       0.00000000    
   152.015625       0.00000000    
   152.085938       0.00000000    
   152.156250       0.00000000    
   152.226562       0.00000000    
   152.296875       0.00000000    
   152.367188       0.00000000    
   152.437500       0.00000000    
   152.507812       0.00000000    
   152.578125       0.00000000    
   152.648438       0.00000000    
   152.718750       0.00000000    
   152.789062       0.00000000    
   152.859375       0.00000000    
   152.929688       0.00000000    
   153.000000       0.00000000    
   153.070312       0.00000000    
   153.140625       0.00000000    
   153.210938       0.00000000    
   153.281250       0.00000000    
   153.351562       0.00000000    
   153.421875       0.00000000    
   153.492188       0.00000000    
   153.562500       0.00000000    
   153.632812       0.00000000    
   153.703125       0.00000000    
   153.773438       0.00000000    
   153.843750       0.00000000    
   153.914062       0.00000000    
   153.984375       0.00000000    
   154.054688       0.00000000    
   154.125000       0.00000000    
   154.195312       0.00000000    
   154.265625       0.00000000    
   154.335938       0.00000000    
   154.406250       0.00000000    
   154.476562       0.00000000    
   154.546875       0.00000000    
   154.617188       0.00000000    
   154.687500       0.00000000    
   154.757812       0.00000000    
   154.828125       0.00000000    
   154.898438       0.00000000    
   154.968750       0.00000000    
   155.039062       0.00000000    
   155.109375       0.00000000    
   155.179688       0.00000000    
   155.250000       0.00000000    
   155.320312       0.00000000    
   155.390625       0.00000000    
   155.460938       0.00000000    
   155.531250       0.00000000    
   155.601562       0.00000000    
   155.671875       0.00000000    
   155.742188       0.00000000    
   155.812500       0.00000000    
   155.882812       0.00000000    
   155.953125       0.00000000    
   156.023438       0.00000000    
   156.093750       0.00000000    
   156.164062       0.00000000    
   156.234375       0.00000000    
   156.304688       0.00000000    
   156.375000       0.00000000    
   156.445312       0.00000000    
   156.515625       0.00000000    
   156.585938       0.00000000    
   156.656250       0.00000000    
   156.726562       0.00000000    
   156.796875       0.00000000    
   156.867188       0.00000000    
   156.937500       0.00000000    
   157.007812       0.00000000    
   157.078125       0.00000000    
   157.148438       0.00000000    
   157.218750       0.00000000    
   157.289062       0.00000000    
   157.359375       0.00000000    
   157.429688       0.00000000    
   157.500000       0.00000000    
   157.570312       0.00000000    
   157.640625       0.00000000    
   157.710938       0.00000000    
   157.781250       0.00000000    
   157.851562       0.00000000    
   157.921875       0.00000000    
   157.992188       0.00000000    
   158.062500       0.00000000    
   158.132812       0.00000000    
   158.203125       0.00000000    
   158.273438       0.00000000    
   158.343750       0.00000000    
   158.414062       0.00000000    
   158.484375       0.00000000    
   158.554688       0.00000000    
   158.625000       0.00000000    
   158.695312       0.00000000    
   158.765625       0.00000000    
   158.835938       0.00000000    
   158.906250       0.00000000    
   158.976562       0.00000000    
   159.046875       0.00000000    
   159.117188       0.00000000    
   159.187500       0.00000000    
   159.257812       0.00000000    
   159.328125       0.00000000    
   159.398438       0.00000000    
   159.468750       0.00000000    
   159.539062       0.00000000    
   159.609375       0.00000000    
   159.679688       0.00000000    
   159.750000       0.00000000    
   159.820312       0.00000000    
   159.890625       0.00000000    
   159.960938       0.00000000    
   160.031250       0.00000000    
   160.101562       0.00000000    
   160.171875       0.00000000    
   160.242188       0.00000000    
   160.312500       0.00000000    
   160.382812       0.00000000    
   160.453125       0.00000000    
   160.523438       0.00000000    
   160.593750       0.00000000    
   160.664062       0.00000000    
   160.734375       0.00000000    
   160.804688       0.00000000    
   160.875000       0.00000000    
   160.945312       0.00000000    
   161.015625       0.00000000    
   161.085938       0.00000000    
   161.156250       0.00000000    
   161.226562       0.00000000    
   161.296875       0.00000000    
   161.367188       0.00000000    
   161.437500       0.00000000    
   161.507812       0.00000000    
   161.578125       0.00000000    
   161.648438       0.00000000    
   161.718750       0.00000000    
   161.789062       0.00000000    
   161.859375       0.00000000    
   161.929688       0.00000000    
   162.000000       0.00000000    
   162.070312       0.00000000    
   162.140625       0.00000000    
   162.210938       0.00000000    
   162.281250       0.00000000    
   162.351562       0.00000000    
   162.421875       0.00000000    
   162.492188       0.00000000    
   162.562500       0.00000000    
   162.632812       0.00000000    
   162.703125       0.00000000    
   162.773438       0.00000000    
   162.843750       0.00000000    
   162.914062       0.00000000    
   162.984375       0.00000000    
   163.054688       0.00000000    
   163.125000       0.00000000    
   163.195312       0.00000000    
   163.265625       0.00000000    
   163.335938       0.00000000    
   163.406250       0.00000000    
   163.476562       0.00000000    
   163.546875       0.00000000    
   163.617188       0.00000000    
   163.687500       0.00000000    
   163.757812       0.00000000    
   163.828125       0.00000000    
   163.898438       0.00000000    
   163.968750       0.00000000    
   164.039062       0.00000000    
   164.109375       0.00000000    
   164.179688       0.00000000    
   164.250000       0.00000000    
   164.320312       0.00000000    
   164.390625       0.00000000    
   164.460938       0.00000000    
   164.531250       0.00000000    
   164.601562       0.00000000    
   164.671875       0.00000000    
   164.742188       0.00000000    
   164.812500       0.00000000    
   164.882812       0.00000000    
   164.953125       0.00000000    
   165.023438       0.00000000    
   165.093750       0.00000000    
   165.164062       0.00000000    
   165.234375       0.00000000    
   165.304688       0.00000000    
   165.375000       0.00000000    
   165.445312       0.00000000    
   165.515625       0.00000000    
   165.585938       0.00000000    
   165.656250       0.00000000    
   165.726562       0.00000000    
   165.796875       0.00000000    
   165.867188       0.00000000    
   165.937500       0.00000000    
   166.007812       0.00000000    
   166.078125       0.00000000    
   166.148438       0.00000000    
   166.218750       0.00000000    
   166.289062       0.00000000    
   166.359375       0.00000000    
   166.429688       0.00000000    
   166.500000       0.00000000    
   166.570312       0.00000000    
   166.640625       0.00000000    
   166.710938       0.00000000    
   166.781250       0.00000000    
   166.851562       0.00000000    
   166.921875       0.00000000    
   166.992188       0.00000000    
   167.062500       0.00000000    
   167.132812       0.00000000    
   167.203125       0.00000000    
   167.273438       0.00000000    
   167.343750       0.00000000    
   167.414062       0.00000000    
   167.484375       0.00000000    
   167.554688       0.00000000    
   167.625000       0.00000000    
   167.695312       0.00000000    
   167.765625       0.00000000    
   167.835938       0.00000000    
   167.906250       0.00000000    
   167.976562       0.00000000    
   168.046875       0.00000000    
   168.117188       0.00000000    
   168.187500       0.00000000    
   168.257812       0.00000000    
   168.328125       0.00000000    
   168.398438       0.00000000    
   168.468750       0.00000000    
   168.539062       0.00000000    
   168.609375       0.00000000    
   168.679688       0.00000000    
   168.750000       0.00000000    
   168.820312       0.00000000    
   168.890625       0.00000000    
   168.960938       0.00000000    
   169.031250       0.00000000    
   169.101562       0.00000000    
   169.171875       0.00000000    
   169.242188       0.00000000    
   169.312500       0.00000000    
   169.382812       0.00000000    
   169.453125       0.00000000    
   169.523438       0.00000000    
   169.593750       0.00000000    
   169.664062       0.00000000    
   169.734375       0.00000000    
   169.804688       0.00000000    
   169.875000       0.00000000    
   169.945312       0.00000000    
   170.015625       0.00000000    
   170.085938       0.00000000    
   170.156250       0.00000000    
   170.226562       0.00000000    
   170.296875       0.00000000    
   170.367188       0.00000000    
   170.437500       0.00000000    
   170.507812       0.00000000    
   170.578125       0.00000000    
   170.648438       0.00000000    
   170.718750       0.00000000    
   170.789062       0.00000000    
   170.859375       0.00000000    
   170.929688       0.00000000    
   171.000000       0.00000000    
   171.070312       0.00000000    
   171.140625       0.00000000    
   171.210938       0.00000000    
   171.281250       0.00000000    
   171.351562       0.00000000    
   171.421875       0.00000000    
   171.492188       0.00000000    
   171.562500       0.00000000    
   171.632812       0.00000000    
   171.703125       0.00000000    
   171.773438       0.00000000    
   171.843750       0.00000000    
   171.914062       0.00000000    
   171.984375       0.00000000    
   172.054688       0.00000000    
   172.125000       0.00000000    
   172.195312       0.00000000    
   172.265625       0.00000000    
   172.335938       0.00000000    
   172.406250       0.00000000    
   172.476562       0.00000000    
   172.546875       0.00000000    
   172.617188       0.00000000    
   172.687500       0.00000000    
   172.757812       0.00000000    
