2015 11 24 22 45 38.0 -10.537 -70.944
619. 2.258E+20 7.503 357 40 -75 157 51 -103
  -1.12500000       0.00000000    
  -1.05468750       4.84437642E+17
 -0.984375000       4.86737717E+17
 -0.914062500       4.86719232E+17
 -0.843750000       4.84607207E+17
 -0.773437500       4.81373784E+17
 -0.703125000       4.78424138E+17
 -0.632812500       4.77189077E+17
 -0.562500000       4.78399021E+17
 -0.492187500       4.82333314E+17
 -0.421875000       4.89075485E+17
 -0.351562500       4.99318845E+17
 -0.281250000       5.17913476E+17
 -0.210937500       5.51046022E+17
 -0.140625000       6.03647139E+17
  -7.03125000E-02   6.75584131E+17
   0.00000000       7.64474080E+17
   7.03125000E-02   8.68236229E+17
  0.140625000       9.85256221E+17
  0.210937500       1.11422227E+18
  0.281250000       1.25396456E+18
  0.351562500       1.40336936E+18
  0.421875000       1.56272598E+18
  0.492187500       1.74803107E+18
  0.562500000       1.96864506E+18
  0.632812500       2.22764835E+18
  0.703125000       2.50890164E+18
  0.773437500       2.80043907E+18
  0.843750000       3.10903131E+18
  0.914062500       3.44960613E+18
  0.984375000       3.83056465E+18
   1.05468750       4.24185126E+18
   1.12500000       4.66707831E+18
   1.19531250       5.09818418E+18
   1.26562500       5.53065234E+18
   1.33593750       5.95937556E+18
   1.40625000       6.37669135E+18
   1.47656250       6.77289652E+18
   1.54687500       7.13872603E+18
   1.61718750       7.46829749E+18
   1.68750000       7.76104191E+18
   1.75781250       8.07954184E+18
   1.82812500       8.46270735E+18
   1.89843750       8.92042745E+18
   1.96875000       9.38468469E+18
   2.03906250       9.80306755E+18
   2.10937500       1.01495237E+19
   2.17968750       1.04199486E+19
   2.25000000       1.06272263E+19
   2.32031250       1.07952273E+19
   2.39062500       1.09524453E+19
   2.46093750       1.11263936E+19
   2.53125000       1.13398011E+19
   2.60156250       1.16082897E+19
   2.67187500       1.19386699E+19
   2.74218750       1.23273340E+19
   2.81250000       1.27596334E+19
   2.88281250       1.32118999E+19
   2.95312500       1.36567766E+19
   3.02343750       1.40702744E+19
   3.09375000       1.44373936E+19
   3.16406250       1.47533537E+19
   3.23437500       1.50200479E+19
   3.30468750       1.52402042E+19
   3.37500000       1.54134895E+19
   3.44531250       1.55371658E+19
   3.51562500       1.56107012E+19
   3.58593750       1.56403165E+19
   3.65625000       1.56397525E+19
   3.72656250       1.56262560E+19
   3.79687500       1.56146968E+19
   3.86718750       1.56140800E+19
   3.93750000       1.56291246E+19
   4.00781250       1.56657229E+19
   4.07812500       1.57362137E+19
   4.14843750       1.58599637E+19
   4.21875000       1.60580056E+19
   4.28906250       1.63439754E+19
   4.35937500       1.67160226E+19
   4.42968750       1.71534820E+19
   4.50000000       1.76199476E+19
   4.57031250       1.80717600E+19
   4.64062500       1.84694952E+19
   4.71093750       1.87888307E+19
   4.78125000       1.90273192E+19
   4.85156250       1.92045143E+19
   4.92187500       1.93553717E+19
   4.99218750       1.95192803E+19
   5.06250000       1.97288428E+19
   5.13281250       2.00017922E+19
   5.20312500       2.03380932E+19
   5.27343750       2.07222691E+19
   5.34375000       2.11300142E+19
   5.41406250       2.15370688E+19
   5.48437500       2.19274592E+19
   5.55468750       2.22979903E+19
   5.62500000       2.26573700E+19
   5.69531250       2.30207432E+19
   5.76562500       2.34025816E+19
   5.83593750       2.38111733E+19
   5.90625000       2.42468460E+19
   5.97656250       2.47039658E+19
   6.04687500       2.51756981E+19
   6.11718750       2.56592457E+19
   6.18750000       2.61592222E+19
   6.25781250       2.66866711E+19
   6.32812500       2.72529262E+19
   6.39843750       2.78601117E+19
   6.46875000       2.84926696E+19
   6.53906250       2.91143532E+19
   6.60937500       2.96726324E+19
   6.67968750       3.01084701E+19
   6.75000000       3.03676513E+19
   6.82031250       3.04101805E+19
   6.89062500       3.02164883E+19
   6.96093750       2.97902736E+19
   7.03125000       2.91583865E+19
   7.10156250       2.83673670E+19
   7.17187500       2.74772090E+19
   7.24218750       2.65531926E+19
   7.31250000       2.56572710E+19
   7.38281250       2.48401161E+19
   7.45312500       2.41350763E+19
   7.52343750       2.35552818E+19
   7.59375000       2.30951824E+19
   7.66406250       2.27360335E+19
   7.73437500       2.24530610E+19
   7.80468750       2.22211608E+19
   7.87500000       2.20174455E+19
   7.94531250       2.18213256E+19
   8.01562500       2.16145976E+19
   8.08593750       2.13830734E+19
   8.15625000       2.11196305E+19
   8.22656250       2.08264193E+19
   8.29687500       2.05144549E+19
   8.36718750       2.02002430E+19
   8.43750000       1.99011297E+19
   8.50781250       1.96315866E+19
   8.57812500       1.94019382E+19
   8.64843750       1.92193577E+19
   8.71875000       1.90898770E+19
   8.78906250       1.90198095E+19
   8.85937500       1.90157501E+19
   8.92968750       1.90832426E+19
   9.00000000       1.92249168E+19
   9.07031250       1.94388532E+19
   9.14062500       1.97178939E+19
   9.21093750       2.00497617E+19
   9.28125000       2.04175923E+19
   9.35156250       2.08004906E+19
   9.42187500       2.11743773E+19
   9.49218750       2.15134337E+19
   9.56250000       2.17925646E+19
   9.63281250       2.19910308E+19
   9.70312500       2.20966961E+19
   9.77343750       2.21097165E+19
   9.84375000       2.20439723E+19
   9.91406250       2.19248490E+19
   9.98437500       2.17832891E+19
   10.0546875       2.16472619E+19
   10.1250000       2.15330622E+19
   10.1953125       2.14389814E+19
   10.2656250       2.13437263E+19
   10.3359375       2.12105689E+19
   10.4062500       2.09966083E+19
   10.4765625       2.06645030E+19
   10.5468750       2.01935074E+19
   10.6171875       1.95866803E+19
   10.6875000       1.88722815E+19
   10.7578125       1.80989861E+19
   10.8281250       1.73267463E+19
   10.8984375       1.66163134E+19
   10.9687500       1.60201560E+19
   11.0390625       1.55755663E+19
   11.1093750       1.52995042E+19
   11.1796875       1.51851935E+19
   11.2500000       1.52018928E+19
   11.3203125       1.52991326E+19
   11.3906250       1.54152575E+19
   11.4609375       1.54877714E+19
   11.5312500       1.54623913E+19
   11.6015625       1.52988907E+19
   11.6718750       1.49740707E+19
   11.7421875       1.44833081E+19
   11.8125000       1.38412780E+19
   11.8828125       1.30807436E+19
   11.9531250       1.22479086E+19
   12.0234375       1.13941499E+19
   12.0937500       1.05664057E+19
   12.1640625       9.79932591E+18
   12.2343750       9.11178370E+18
   12.3046875       8.50807650E+18
   12.3750000       7.98242473E+18
   12.4453125       7.52425714E+18
   12.5156250       7.12238674E+18
   12.5859375       6.76745119E+18
   12.6562500       6.45326794E+18
   12.7265625       6.17738508E+18
   12.7968750       5.94067617E+18
   12.8671875       5.55375968E+18
   12.9375000       5.40329261E+18
   13.0078125       5.11378295E+18
   13.0781250       5.04494363E+18
   13.1484375       4.99710882E+18
   13.2187500       4.96344563E+18
   13.2890625       4.93742184E+18
   13.3593750       4.91365039E+18
   13.4296875       4.88916427E+18
   13.5000000       4.86476446E+18
   13.5703125       4.84552630E+18
   13.6406250       4.83980939E+18
   13.7109375       4.85708822E+18
   13.7812500       4.90544749E+18
   13.8515625       4.98945677E+18
   13.9218750       5.10864493E+18
   13.9921875       5.25682007E+18
   14.0625000       5.42258189E+18
   14.1328125       5.59133494E+18
   14.2031250       5.74822535E+18
   14.2734375       5.88100567E+18
   14.3437500       5.98176657E+18
   14.4140625       6.04733814E+18
   14.4843750       6.07863904E+18
   14.5546875       6.07946367E+18
   14.6250000       6.05484506E+18
   14.6953125       6.00923402E+18
   14.7656250       5.94500440E+18
   14.8359375       5.86199237E+18
   14.9062500       5.75827928E+18
   14.9765625       5.63161280E+18
   15.0468750       5.48028316E+18
   15.1171875       5.30283793E+18
   15.1875000       5.09698131E+18
   15.2578125       4.85898048E+18
   15.3281250       4.58464353E+18
   15.3984375       4.27208563E+18
   15.4687500       3.92506740E+18
   15.5390625       3.55512929E+18
   15.6093750       3.18102458E+18
   15.6796875       2.82521492E+18
   15.7500000       2.35713578E+18
   15.8203125       2.11355808E+18
   15.8906250       1.32175165E+18
   15.9609375       1.25599220E+18
   16.0312500       8.54551570E+17
   16.1015625       8.54045382E+17
   16.1718750       8.49854044E+17
   16.2421875       8.42935917E+17
   16.3125000       8.36044109E+17
   16.3828125       8.32690873E+17
   16.4531250       6.70636191E+17
   16.5234375       6.84806834E+17
   16.5937500       7.02878476E+17
   16.6640625       7.23279708E+17
   16.7343750       5.95750584E+17
   16.8046875       6.32386930E+17
   16.8750000       6.61518903E+17
   16.9453125       6.77937567E+17
   17.0156250       6.78753885E+17
   17.0859375       6.64101037E+17
   17.1562500       6.37078340E+17
   17.2265625       6.03037735E+17
   17.2968750       5.68382400E+17
   17.3671875       5.39105051E+17
   17.4375000       5.19365794E+17
   17.5078125       5.10520326E+17
   17.5781250       5.10947761E+17
   17.6484375       5.16812350E+17
   17.7187500       5.23499064E+17
   17.7890625       5.27199195E+17
   17.8593750       5.26037939E+17
   17.9296875       5.20398132E+17
   18.0000000       5.12424508E+17
   18.0703125       5.05031117E+17
   18.1406250       5.00842149E+17
   18.2109375       5.01456364E+17
   18.2812500       5.07219523E+17
   18.3515625       5.17471404E+17
   18.4218750       5.31034567E+17
   18.4921875       5.46651102E+17
   18.5625000       5.63127593E+17
   18.6328125       5.79163902E+17
   18.7031250       5.93047847E+17
   18.7734375       6.02551613E+17
   18.8437500       6.05252220E+17
   18.9140625       5.99230676E+17
   18.9843750       5.83792365E+17
   19.0546875       5.59796520E+17
   19.1250000       5.29370422E+17
   19.1953125       4.95138879E+17
   19.2656250       4.59310812E+17
   19.3359375       4.23022599E+17
   19.4062500       3.86173704E+17
   19.4765625       3.47806005E+17
   19.5468750       3.06843940E+17
   19.6171875       2.62924309E+17
   19.6875000       2.17005851E+17
   19.7578125       0.00000000    
   19.8281250       0.00000000    
   19.8984375       0.00000000    
   19.9687500       0.00000000    
   20.0390625       0.00000000    
   20.1093750       0.00000000    
