2011 03 11 05 46 24.0 38.300 142.370
15. 4.354E+22 9.026 197 14 84 24 76 92
  -1.12500000       0.00000000    
  -1.05468750       0.00000000    
 -0.984375000       0.00000000    
 -0.914062500       0.00000000    
 -0.843750000       0.00000000    
 -0.773437500       0.00000000    
 -0.703125000       0.00000000    
 -0.632812500       0.00000000    
 -0.562500000       0.00000000    
 -0.492187500       0.00000000    
 -0.421875000       0.00000000    
 -0.351562500       0.00000000    
 -0.281250000       0.00000000    
 -0.210937500       0.00000000    
 -0.140625000       0.00000000    
  -7.03125000E-02   0.00000000    
   0.00000000       0.00000000    
   7.03125000E-02   1.30476417E+19
  0.140625000       1.31977888E+19
  0.210937500       1.33634115E+19
  0.281250000       1.35425242E+19
  0.351562500       1.37346210E+19
  0.421875000       1.39396403E+19
  0.492187500       1.41591193E+19
  0.562500000       1.43950745E+19
  0.632812500       1.46517258E+19
  0.703125000       1.49336032E+19
  0.773437500       1.52460800E+19
  0.843750000       1.55934784E+19
  0.914062500       1.59805252E+19
  0.984375000       1.64103639E+19
   1.05468750       1.68847504E+19
   1.12500000       1.74021871E+19
   1.19531250       1.79589578E+19
   1.26562500       1.85475473E+19
   1.33593750       1.91578994E+19
   1.40625000       1.97770520E+19
   1.47656250       2.03918945E+19
   1.54687500       2.09890041E+19
   1.61718750       2.15569898E+19
   1.68750000       2.20865168E+19
   1.75781250       2.25729451E+19
   1.82812500       2.30150588E+19
   1.89843750       2.34159605E+19
   1.96875000       2.37810643E+19
   2.03906250       2.41193335E+19
   2.10937500       2.44407141E+19
   2.17968750       2.47563707E+19
   2.25000000       2.50765749E+19
   2.32031250       2.54115081E+19
   2.39062500       2.57693794E+19
   2.46093750       2.61568737E+19
   2.53125000       2.65778085E+19
   2.60156250       2.70346446E+19
   2.67187500       2.75269839E+19
   2.74218750       2.80528803E+19
   2.81250000       2.86080567E+19
   2.88281250       2.91884053E+19
   2.95312500       2.97887585E+19
   3.02343750       3.04042453E+19
   3.09375000       3.10291615E+19
   3.16406250       3.16592345E+19
   3.23437500       3.22901122E+19
   3.30468750       3.29183270E+19
   3.37500000       3.35399821E+19
   3.44531250       3.41523815E+19
   3.51562500       3.47525037E+19
   3.58593750       3.53381190E+19
   3.65625000       3.59066963E+19
   3.72656250       3.64573757E+19
   3.79687500       3.69893700E+19
   3.86718750       3.75031366E+19
   3.93750000       3.79988316E+19
   4.00781250       3.84783198E+19
   4.07812500       3.89432417E+19
   4.14843750       3.93958623E+19
   4.21875000       3.98372590E+19
   4.28906250       4.02690768E+19
   4.35937500       4.06919270E+19
   4.42968750       4.11065748E+19
   4.50000000       4.15127036E+19
   4.57031250       4.19107928E+19
   4.64062500       4.23006928E+19
   4.71093750       4.26827643E+19
   4.78125000       4.30566159E+19
   4.85156250       4.34228500E+19
   4.92187500       4.37815547E+19
   4.99218750       4.41333764E+19
   5.06250000       4.44785395E+19
   5.13281250       4.48188559E+19
   5.20312500       4.51565291E+19
   5.27343750       4.54950908E+19
   5.34375000       4.58377777E+19
   5.41406250       4.61890057E+19
   5.48437500       4.65524119E+19
   5.55468750       4.69313432E+19
   5.62500000       4.73272686E+19
   5.69531250       4.77411203E+19
   5.76562500       4.81721113E+19
   5.83593750       4.86189044E+19
   5.90625000       4.90789005E+19
   5.97656250       4.95504107E+19
   6.04687500       5.00313283E+19
   6.11718750       5.05204087E+19
   6.18750000       5.10159278E+19
   6.25781250       5.15176789E+19
   6.32812500       5.20253762E+19
   6.39843750       5.25396222E+19
   6.46875000       5.30603641E+19
   6.53906250       5.35888817E+19
   6.60937500       5.41260987E+19
   6.67968750       5.46735763E+19
   6.75000000       5.52319039E+19
   6.82031250       5.58021327E+19
   6.89062500       5.63839282E+19
   6.96093750       5.69765914E+19
   7.03125000       5.75776020E+19
   7.10156250       5.81846908E+19
   7.17187500       5.87944228E+19
   7.24218750       5.94038909E+19
   7.31250000       6.00095942E+19
   7.38281250       6.06101915E+19
   7.45312500       6.12045567E+19
   7.52343750       6.17928438E+19
   7.59375000       6.23742435E+19
   7.66406250       6.29489275E+19
   7.73437500       6.35159324E+19
   7.80468750       6.40742512E+19
   7.87500000       6.46213770E+19
   7.94531250       6.51555989E+19
   8.01562500       6.56749466E+19
   8.08593750       6.61788440E+19
   8.15625000       6.66671019E+19
   8.22656250       6.71421393E+19
   8.29687500       6.76069513E+19
   8.36718750       6.80661381E+19
   8.43750000       6.85237197E+19
   8.50781250       6.89850968E+19
   8.57812500       6.94548213E+19
   8.64843750       6.99375421E+19
   8.71875000       7.04360299E+19
   8.78906250       7.09532358E+19
   8.85937500       7.14904176E+19
   8.92968750       7.20483098E+19
   9.00000000       7.26255182E+19
   9.07031250       7.32203804E+19
   9.14062500       7.38293031E+19
   9.21093750       7.44480643E+19
   9.28125000       7.50704318E+19
   9.35156250       7.56903013E+19
   9.42187500       7.63001080E+19
   9.49218750       7.68923226E+19
   9.56250000       7.74582896E+19
   9.63281250       7.79909634E+19
   9.70312500       7.84835446E+19
   9.77343750       7.89311602E+19
   9.84375000       7.93294385E+19
   9.91406250       7.96772008E+19
   9.98437500       7.99750981E+19
   10.0546875       8.02267543E+19
   10.1250000       8.04370249E+19
   10.1953125       8.06134746E+19
   10.2656250       8.07644507E+19
   10.3359375       8.08996115E+19
   10.4062500       8.10281312E+19
   10.4765625       8.11602309E+19
   10.5468750       8.13048475E+19
   10.6171875       8.14704603E+19
   10.6875000       8.16632883E+19
   10.7578125       8.18892775E+19
   10.8281250       8.21526237E+19
   10.8984375       8.24570125E+19
   10.9687500       8.28044054E+19
   11.0390625       8.31976084E+19
   11.1093750       8.36388820E+19
   11.1796875       8.41312872E+19
   11.2500000       8.46769177E+19
   11.3203125       8.52782010E+19
   11.3906250       8.59357881E+19
   11.4609375       8.66488698E+19
   11.5312500       8.74132855E+19
   11.6015625       8.82233353E+19
   11.6718750       8.90701263E+19
   11.7421875       8.99436576E+19
   11.8125000       9.08319310E+19
   11.8828125       9.17247784E+19
   11.9531250       9.26127792E+19
   12.0234375       9.34893802E+19
   12.0937500       9.43493479E+19
   12.1640625       9.51915386E+19
   12.2343750       9.60170079E+19
   12.3046875       9.68297845E+19
   12.3750000       9.76344335E+19
   12.4453125       9.84369627E+19
   12.5156250       9.92420603E+19
   12.5859375       1.00053306E+20
   12.6562500       1.00871070E+20
   12.7265625       1.01694569E+20
   12.7968750       1.02520391E+20
   12.8671875       1.03344681E+20
   12.9375000       1.04162181E+20
   13.0078125       1.04969478E+20
   13.0781250       1.05763686E+20
   13.1484375       1.06543838E+20
   13.2187500       1.07309001E+20
   13.2890625       1.08060100E+20
   13.3593750       1.08797687E+20
   13.4296875       1.09522749E+20
   13.5000000       1.10234353E+20
   13.5703125       1.10931602E+20
   13.6406250       1.11611654E+20
   13.7109375       1.12271431E+20
   13.7812500       1.12906342E+20
   13.8515625       1.13513053E+20
   13.9218750       1.14088229E+20
   13.9921875       1.14630200E+20
   14.0625000       1.15137612E+20
   14.1328125       1.15611968E+20
   14.2031250       1.16055836E+20
   14.2734375       1.16473826E+20
   14.3437500       1.16870645E+20
   14.4140625       1.17253363E+20
   14.4843750       1.17629396E+20
   14.5546875       1.18007100E+20
   14.6250000       1.18392905E+20
   14.6953125       1.18792318E+20
   14.7656250       1.19207291E+20
   14.8359375       1.19636901E+20
   14.9062500       1.20076011E+20
   14.9765625       1.20518112E+20
   15.0468750       1.20954767E+20
   15.1171875       1.21378317E+20
   15.1875000       1.21781512E+20
   15.2578125       1.22160615E+20
   15.3281250       1.22514095E+20
   15.3984375       1.22843306E+20
   15.4687500       1.23149999E+20
   15.5390625       1.23437465E+20
   15.6093750       1.23708032E+20
   15.6796875       1.23963576E+20
   15.7500000       1.24203631E+20
   15.8203125       1.24427201E+20
   15.8906250       1.24631385E+20
   15.9609375       1.24812918E+20
   16.0312500       1.24967105E+20
   16.1015625       1.25090928E+20
   16.1718750       1.25182381E+20
   16.2421875       1.25242845E+20
   16.3125000       1.25276402E+20
   16.3828125       1.25292798E+20
   16.4531250       1.25304743E+20
   16.5234375       1.25328167E+20
   16.5937500       1.25377953E+20
   16.6640625       1.25468913E+20
   16.7343750       1.25612263E+20
   16.8046875       1.25816210E+20
   16.8750000       1.26083954E+20
   16.9453125       1.26416341E+20
   17.0156250       1.26811162E+20
   17.0859375       1.27265049E+20
   17.1562500       1.27772962E+20
   17.2265625       1.28330977E+20
   17.2968750       1.28934829E+20
   17.3671875       1.29581905E+20
   17.4375000       1.30269355E+20
   17.5078125       1.30997047E+20
   17.5781250       1.31765218E+20
   17.6484375       1.32575470E+20
   17.7187500       1.33428023E+20
   17.7890625       1.34323588E+20
   17.8593750       1.35260944E+20
   17.9296875       1.36238252E+20
   18.0000000       1.37251562E+20
   18.0703125       1.38297355E+20
   18.1406250       1.39371262E+20
   18.2109375       1.40469806E+20
   18.2812500       1.41588598E+20
   18.3515625       1.42724561E+20
   18.4218750       1.43873489E+20
   18.4921875       1.45031257E+20
   18.5625000       1.46191866E+20
   18.6328125       1.47350743E+20
   18.7031250       1.48503119E+20
   18.7734375       1.49646013E+20
   18.8437500       1.50776434E+20
   18.9140625       1.51894523E+20
   18.9843750       1.53001898E+20
   19.0546875       1.54103468E+20
   19.1250000       1.55205179E+20
   19.1953125       1.56316178E+20
   19.2656250       1.57446318E+20
   19.3359375       1.58606787E+20
   19.4062500       1.59807049E+20
   19.4765625       1.61056164E+20
   19.5468750       1.62359358E+20
   19.6171875       1.63718425E+20
   19.6875000       1.65129318E+20
   19.7578125       1.66584860E+20
   19.8281250       1.68073951E+20
   19.8984375       1.69584838E+20
   19.9687500       1.71104803E+20
   20.0390625       1.72624821E+20
   20.1093750       1.74138857E+20
   20.1796875       1.75645786E+20
   20.2500000       1.77147068E+20
   20.3203125       1.78647981E+20
   20.3906250       1.80154136E+20
   20.4609375       1.81671198E+20
   20.5312500       1.83201314E+20
   20.6015625       1.84744623E+20
   20.6718750       1.86297028E+20
   20.7421875       1.87852547E+20
   20.8125000       1.89402489E+20
   20.8828125       1.90940644E+20
   20.9531250       1.92462438E+20
   21.0234375       1.93967573E+20
   21.0937500       1.95457332E+20
   21.1640625       1.96936817E+20
   21.2343750       1.98411940E+20
   21.3046875       1.99889560E+20
   21.3750000       2.01374728E+20
   21.4453125       2.02872333E+20
   21.5156250       2.04385331E+20
   21.5859375       2.05916168E+20
   21.6562500       2.07464967E+20
   21.7265625       2.09032149E+20
   21.7968750       2.10616044E+20
   21.8671875       2.12214875E+20
   21.9375000       2.13824489E+20
   22.0078125       2.15442337E+20
   22.0781250       2.17065779E+20
   22.1484375       2.18693953E+20
   22.2187500       2.20325224E+20
   22.2890625       2.21959134E+20
   22.3593750       2.23593571E+20
   22.4296875       2.25225686E+20
   22.5000000       2.26849585E+20
   22.5703125       2.28459270E+20
   22.6406250       2.30047704E+20
   22.7109375       2.31609978E+20
   22.7812500       2.33142099E+20
   22.8515625       2.34644437E+20
   22.9218750       2.36119295E+20
   22.9921875       2.37571952E+20
   23.0625000       2.39006929E+20
   23.1328125       2.40429838E+20
   23.2031250       2.41844514E+20
   23.2734375       2.43253472E+20
   23.3437500       2.44655147E+20
   23.4140625       2.46046372E+20
   23.4843750       2.47420815E+20
   23.5546875       2.48771296E+20
   23.6250000       2.50088511E+20
   23.6953125       2.51365036E+20
   23.7656250       2.52594958E+20
   23.8359375       2.53775921E+20
   23.9062500       2.54908172E+20
   23.9765625       2.55995897E+20
   24.0468750       2.57044532E+20
   24.1171875       2.58060375E+20
   24.1875000       2.59047367E+20
   24.2578125       2.60008939E+20
   24.3281250       2.60946549E+20
   24.3984375       2.61861308E+20
   24.4687500       2.62752633E+20
   24.5390625       2.63621476E+20
   24.6093750       2.64469068E+20
   24.6796875       2.65298575E+20
   24.7500000       2.66113163E+20
   24.8203125       2.66918340E+20
   24.8906250       2.67719981E+20
   24.9609375       2.68526055E+20
   25.0312500       2.69343951E+20
   25.1015625       2.70182500E+20
   25.1718750       2.71048968E+20
   25.2421875       2.71949916E+20
   25.3125000       2.72887597E+20
   25.3828125       2.73862539E+20
   25.4531250       2.74871556E+20
   25.5234375       2.75909583E+20
   25.5937500       2.76967859E+20
   25.6640625       2.78038097E+20
   25.7343750       2.79112100E+20
   25.8046875       2.80185012E+20
   25.8750000       2.81254054E+20
   25.9453125       2.82321407E+20
   26.0156250       2.83391804E+20
   26.0859375       2.84472896E+20
   26.1562500       2.85570983E+20
   26.2265625       2.86692151E+20
   26.2968750       2.87838528E+20
   26.3671875       2.89009516E+20
   26.4375000       2.90199857E+20
   26.5078125       2.91403215E+20
   26.5781250       2.92612150E+20
   26.6484375       2.93820856E+20
   26.7187500       2.95023775E+20
   26.7890625       2.96218566E+20
   26.8593750       2.97403962E+20
   26.9296875       2.98580563E+20
   27.0000000       2.99747980E+20
   27.0703125       3.00906180E+20
   27.1406250       3.02053542E+20
   27.2109375       3.03188414E+20
   27.2812500       3.04307171E+20
   27.3515625       3.05407140E+20
   27.4218750       3.06484943E+20
   27.4921875       3.07538152E+20
   27.5625000       3.08563038E+20
   27.6328125       3.09557137E+20
   27.7031250       3.10517670E+20
   27.7734375       3.11443266E+20
   27.8437500       3.12331601E+20
   27.9140625       3.13182077E+20
   27.9843750       3.13994942E+20
   28.0546875       3.14772305E+20
   28.1250000       3.15515997E+20
   28.1953125       3.16229290E+20
   28.2656250       3.16915210E+20
   28.3359375       3.17577450E+20
   28.4062500       3.18218439E+20
   28.4765625       3.18841624E+20
   28.5468750       3.19449294E+20
   28.6171875       3.20043311E+20
   28.6875000       3.20622868E+20
   28.7578125       3.21186874E+20
   28.8281250       3.21731985E+20
   28.8984375       3.22254614E+20
   28.9687500       3.22749236E+20
   29.0390625       3.23211277E+20
   29.1093750       3.23635812E+20
   29.1796875       3.24020060E+20
   29.2500000       3.24360891E+20
   29.3203125       3.24657460E+20
   29.3906250       3.24909627E+20
   29.4609375       3.25118657E+20
   29.5312500       3.25285079E+20
   29.6015625       3.25410722E+20
   29.6718750       3.25496115E+20
   29.7421875       3.25541538E+20
   29.8125000       3.25544634E+20
   29.8828125       3.25503187E+20
   29.9531250       3.25414135E+20
   30.0234375       3.25275509E+20
   30.0937500       3.25085126E+20
   30.1640625       3.24843410E+20
   30.2343750       3.24552400E+20
   30.3046875       3.24216354E+20
   30.3750000       3.23839353E+20
   30.4453125       3.23426218E+20
   30.5156250       3.22980468E+20
   30.5859375       3.22505795E+20
   30.6562500       3.22004277E+20
   30.7265625       3.21479678E+20
   30.7968750       3.20936256E+20
   30.8671875       3.20380694E+20
   30.9375000       3.19819961E+20
   31.0078125       3.19263344E+20
   31.0781250       3.18719816E+20
   31.1484375       3.18198947E+20
   31.2187500       3.17707421E+20
   31.2890625       3.17250587E+20
   31.3593750       3.16830450E+20
   31.4296875       3.16446870E+20
   31.5000000       3.16095519E+20
   31.5703125       3.15770380E+20
   31.6406250       3.15463397E+20
   31.7109375       3.15166406E+20
   31.7812500       3.14870505E+20
   31.8515625       3.14569256E+20
   31.9218750       3.14257312E+20
   31.9921875       3.13932384E+20
   32.0625000       3.13592538E+20
   32.1328125       3.13239287E+20
   32.2031250       3.12875586E+20
   32.2734375       3.12507135E+20
   32.3437500       3.12139846E+20
   32.4140625       3.11781282E+20
   32.4843750       3.11438656E+20
   32.5546875       3.11118514E+20
   32.6250000       3.10823774E+20
   32.6953125       3.10554720E+20
   32.7656250       3.10308007E+20
   32.8359375       3.10078077E+20
   32.9062500       3.09856626E+20
   32.9765625       3.09636407E+20
   33.0468750       3.09410876E+20
   33.1171875       3.09176231E+20
   33.1875000       3.08929483E+20
   33.2578125       3.08670245E+20
   33.3281250       3.08398621E+20
   33.3984375       3.08115317E+20
   33.4687500       3.07819064E+20
   33.5390625       3.07508070E+20
   33.6093750       3.07179060E+20
   33.6796875       3.06828730E+20
   33.7500000       3.06452855E+20
   33.8203125       3.06048657E+20
   33.8906250       3.05613567E+20
   33.9609375       3.05146811E+20
   34.0312500       3.04647545E+20
   34.1015625       3.04117000E+20
   34.1718750       3.03556407E+20
   34.2421875       3.02968723E+20
   34.3125000       3.02356585E+20
   34.3828125       3.01724920E+20
   34.4531250       3.01078794E+20
   34.5234375       3.00424505E+20
   34.5937500       2.99766171E+20
   34.6640625       2.99107414E+20
   34.7343750       2.98448797E+20
   34.8046875       2.97789196E+20
   34.8750000       2.97123472E+20
   34.9453125       2.96445610E+20
   35.0156250       2.95747658E+20
   35.0859375       2.95022455E+20
   35.1562500       2.94262930E+20
   35.2265625       2.93464843E+20
   35.2968750       2.92625819E+20
   35.3671875       2.91746333E+20
   35.4375000       2.90827423E+20
   35.5078125       2.89872167E+20
   35.5781250       2.88883838E+20
   35.6484375       2.87866535E+20
   35.7187500       2.86823107E+20
   35.7890625       2.85756862E+20
   35.8593750       2.84670298E+20
   35.9296875       2.83565878E+20
   36.0000000       2.82444605E+20
   36.0703125       2.81307904E+20
   36.1406250       2.80156284E+20
   36.2109375       2.78991400E+20
   36.2812500       2.77813797E+20
   36.3515625       2.76625972E+20
   36.4218750       2.75430231E+20
   36.4921875       2.74230866E+20
   36.5625000       2.73031748E+20
   36.6328125       2.71839437E+20
   36.7031250       2.70661394E+20
   36.7734375       2.69507171E+20
   36.8437500       2.68385687E+20
   36.9140625       2.67306811E+20
   36.9843750       2.66279128E+20
   37.0546875       2.65310467E+20
   37.1250000       2.64405402E+20
   37.1953125       2.63566325E+20
   37.2656250       2.62791899E+20
   37.3359375       2.62078466E+20
   37.4062500       2.61418706E+20
   37.4765625       2.60805073E+20
   37.5468750       2.60229298E+20
   37.6171875       2.59684890E+20
   37.6875000       2.59166343E+20
   37.7578125       2.58672249E+20
   37.8281250       2.58203716E+20
   37.8984375       2.57765618E+20
   37.9687500       2.57363602E+20
   38.0390625       2.57005108E+20
   38.1093750       2.56697069E+20
   38.1796875       2.56445958E+20
   38.2500000       2.56255505E+20
   38.3203125       2.56128349E+20
   38.3906250       2.56064630E+20
   38.4609375       2.56063768E+20
   38.5312500       2.56122948E+20
   38.6015625       2.56239918E+20
   38.6718750       2.56411759E+20
   38.7421875       2.56636411E+20
   38.8125000       2.56910743E+20
   38.8828125       2.57233542E+20
   38.9531250       2.57603137E+20
   39.0234375       2.58018682E+20
   39.0937500       2.58477187E+20
   39.1640625       2.58975661E+20
   39.2343750       2.59509743E+20
   39.3046875       2.60074927E+20
   39.3750000       2.60665215E+20
   39.4453125       2.61276139E+20
   39.5156250       2.61903582E+20
   39.5859375       2.62545837E+20
   39.6562500       2.63201357E+20
   39.7265625       2.63871461E+20
   39.7968750       2.64557486E+20
   39.8671875       2.65261543E+20
   39.9375000       2.65984212E+20
   40.0078125       2.66726919E+20
   40.0781250       2.67490420E+20
   40.1484375       2.68276545E+20
   40.2187500       2.69086014E+20
   40.2890625       2.69921062E+20
   40.3593750       2.70783378E+20
   40.4296875       2.71674493E+20
   40.5000000       2.72593720E+20
   40.5703125       2.73539405E+20
   40.6406250       2.74507468E+20
   40.7109375       2.75493053E+20
   40.7812500       2.76489140E+20
   40.8515625       2.77490030E+20
   40.9218750       2.78489811E+20
   40.9921875       2.79484456E+20
   41.0625000       2.80469636E+20
   41.1328125       2.81442730E+20
   41.2031250       2.82401663E+20
   41.2734375       2.83345343E+20
   41.3437500       2.84272046E+20
   41.4140625       2.85181193E+20
   41.4843750       2.86072413E+20
   41.5546875       2.86946868E+20
   41.6250000       2.87805718E+20
   41.6953125       2.88652149E+20
   41.7656250       2.89489431E+20
   41.8359375       2.90321735E+20
   41.9062500       2.91151823E+20
   41.9765625       2.91982754E+20
   42.0468750       2.92815568E+20
   42.1171875       2.93650599E+20
   42.1875000       2.94484803E+20
   42.2578125       2.95314925E+20
   42.3281250       2.96136199E+20
   42.3984375       2.96944454E+20
   42.4687500       2.97734836E+20
   42.5390625       2.98505409E+20
   42.6093750       2.99255962E+20
   42.6796875       2.99989732E+20
   42.7500000       3.00710906E+20
   42.8203125       3.01426310E+20
   42.8906250       3.02142664E+20
   42.9609375       3.02866793E+20
   43.0312500       3.03603273E+20
   43.1015625       3.04356289E+20
   43.1718750       3.05127882E+20
   43.2421875       3.05919460E+20
   43.3125000       3.06729650E+20
   43.3828125       3.07558665E+20
   43.4531250       3.08406115E+20
   43.5234375       3.09273516E+20
   43.5937500       3.10161464E+20
   43.6640625       3.11072950E+20
   43.7343750       3.12010825E+20
   43.8046875       3.12979838E+20
   43.8750000       3.13983753E+20
   43.9453125       3.15027638E+20
   44.0156250       3.16116243E+20
   44.0859375       3.17255372E+20
   44.1562500       3.18449494E+20
   44.2265625       3.19703888E+20
   44.2968750       3.21022035E+20
   44.3671875       3.22405590E+20
   44.4375000       3.23851351E+20
   44.5078125       3.25353583E+20
   44.5781250       3.26902610E+20
   44.6484375       3.28486998E+20
   44.7187500       3.30092637E+20
   44.7890625       3.31707001E+20
   44.8593750       3.33318973E+20
   44.9296875       3.34920953E+20
   45.0000000       3.36507662E+20
   45.0703125       3.38078258E+20
   45.1406250       3.39634427E+20
   45.2109375       3.41181167E+20
   45.2812500       3.42724072E+20
   45.3515625       3.44270953E+20
   45.4218750       3.45829199E+20
   45.4921875       3.47406479E+20
   45.5625000       3.49007614E+20
   45.6328125       3.50637671E+20
   45.7031250       3.52300308E+20
   45.7734375       3.53999538E+20
   45.8437500       3.55737505E+20
   45.9140625       3.57517764E+20
   45.9843750       3.59343833E+20
   46.0546875       3.61220638E+20
   46.1250000       3.63151521E+20
   46.1953125       3.65139965E+20
   46.2656250       3.67187309E+20
   46.3359375       3.69293516E+20
   46.4062500       3.71455173E+20
   46.4765625       3.73668481E+20
   46.5468750       3.75927459E+20
   46.6171875       3.78226793E+20
   46.6875000       3.80559728E+20
   46.7578125       3.82922323E+20
   46.8281250       3.85311764E+20
   46.8984375       3.87728579E+20
   46.9687500       3.90172943E+20
   47.0390625       3.92647811E+20
   47.1093750       3.95155753E+20
   47.1796875       3.97700076E+20
   47.2500000       4.00282081E+20
   47.3203125       4.02903035E+20
   47.3906250       4.05563255E+20
   47.4609375       4.08263234E+20
   47.5312500       4.11001774E+20
   47.6015625       4.13779264E+20
   47.6718750       4.16594787E+20
   47.7421875       4.19447959E+20
   47.8125000       4.22335399E+20
   47.8828125       4.25254647E+20
   47.9531250       4.28201514E+20
   48.0234375       4.31172341E+20
   48.0937500       4.34160304E+20
   48.1640625       4.37159173E+20
   48.2343750       4.40161315E+20
   48.3046875       4.43160185E+20
   48.3750000       4.46147373E+20
   48.4453125       4.49115808E+20
   48.5156250       4.52057257E+20
   48.5859375       4.54964858E+20
   48.6562500       4.57830133E+20
   48.7265625       4.60646536E+20
   48.7968750       4.63407313E+20
   48.8671875       4.66108347E+20
   48.9375000       4.68744712E+20
   49.0078125       4.71315282E+20
   49.0781250       4.73820198E+20
   49.1484375       4.76262627E+20
   49.2187500       4.78645524E+20
   49.2890625       4.80974026E+20
   49.3593750       4.83253093E+20
   49.4296875       4.85489095E+20
   49.5000000       4.87686676E+20
   49.5703125       4.89852098E+20
   49.6406250       4.91991132E+20
   49.7109375       4.94111448E+20
   49.7812500       4.96219696E+20
   49.8515625       4.98325023E+20
   49.9218750       5.00435768E+20
   49.9921875       5.02561116E+20
   50.0625000       5.04706342E+20
   50.1328125       5.06877007E+20
   50.2031250       5.09075643E+20
   50.2734375       5.11304080E+20
   50.3437500       5.13559715E+20
   50.4140625       5.15839522E+20
   50.4843750       5.18138645E+20
   50.5546875       5.20452615E+20
   50.6250000       5.22774889E+20
   50.6953125       5.25100365E+20
   50.7656250       5.27423097E+20
   50.8359375       5.29738686E+20
   50.9062500       5.32041397E+20
   50.9765625       5.34327713E+20
   51.0468750       5.36593763E+20
   51.1171875       5.38837611E+20
   51.1875000       5.41055739E+20
   51.2578125       5.43247233E+20
   51.3281250       5.45411353E+20
   51.3984375       5.47549789E+20
   51.4687500       5.49662857E+20
   51.5390625       5.51752351E+20
   51.6093750       5.53818905E+20
   51.6796875       5.55863856E+20
   51.7500000       5.57885726E+20
   51.8203125       5.59883354E+20
   51.8906250       5.61854242E+20
   51.9609375       5.63797299E+20
   52.0312500       5.65710906E+20
   52.1015625       5.67597035E+20
   52.1718750       5.69459731E+20
   52.2421875       5.71306945E+20
   52.3125000       5.73147475E+20
   52.3828125       5.74993247E+20
   52.4531250       5.76856752E+20
   52.5234375       5.78751044E+20
   52.5937500       5.80685023E+20
   52.6640625       5.82665516E+20
   52.7343750       5.84694036E+20
   52.8046875       5.86769773E+20
   52.8750000       5.88886500E+20
   52.9453125       5.91037215E+20
   53.0156250       5.93213087E+20
   53.0859375       5.95407959E+20
   53.1562500       5.97615497E+20
   53.2265625       5.99834153E+20
   53.2968750       6.02064420E+20
   53.3671875       6.04310309E+20
   53.4375000       6.06575479E+20
   53.5078125       6.08865770E+20
   53.5781250       6.11186391E+20
   53.6484375       6.13543462E+20
   53.7187500       6.15939940E+20
   53.7890625       6.18379061E+20
   53.8593750       6.20861952E+20
   53.9296875       6.23389034E+20
   54.0000000       6.25957142E+20
   54.0703125       6.28562193E+20
   54.1406250       6.31197713E+20
   54.2109375       6.33856737E+20
   54.2812500       6.36529342E+20
   54.3515625       6.39206450E+20
   54.4218750       6.41877718E+20
   54.4921875       6.44534490E+20
   54.5625000       6.47166774E+20
   54.6328125       6.49768095E+20
   54.7031250       6.52333810E+20
   54.7734375       6.54863848E+20
   54.8437500       6.57358279E+20
   54.9140625       6.59819567E+20
   54.9843750       6.62249892E+20
   55.0546875       6.64652281E+20
   55.1250000       6.67026733E+20
   55.1953125       6.69372476E+20
   55.2656250       6.71686200E+20
   55.3359375       6.73964458E+20
   55.4062500       6.76201410E+20
   55.4765625       6.78393397E+20
   55.5468750       6.80537251E+20
   55.6171875       6.82633325E+20
   55.6875000       6.84682251E+20
   55.7578125       6.86689027E+20
   55.8281250       6.88660759E+20
   55.8984375       6.90608637E+20
   55.9687500       6.92543496E+20
   56.0390625       6.94478073E+20
   56.1093750       6.96423276E+20
   56.1796875       6.98388816E+20
   56.2500000       7.00378844E+20
   56.3203125       7.02392938E+20
   56.3906250       7.04424273E+20
   56.4609375       7.06460955E+20
   56.5312500       7.08484901E+20
   56.6015625       7.10476196E+20
   56.6718750       7.12413659E+20
   56.7421875       7.14278993E+20
   56.8125000       7.16054889E+20
   56.8828125       7.17730158E+20
   56.9531250       7.19299451E+20
   57.0234375       7.20765232E+20
   57.0937500       7.22133834E+20
   57.1640625       7.23417782E+20
   57.2343750       7.24632769E+20
   57.3046875       7.25798497E+20
   57.3750000       7.26932490E+20
   57.4453125       7.28052408E+20
   57.5156250       7.29171975E+20
   57.5859375       7.30302238E+20
   57.6562500       7.31448052E+20
   57.7265625       7.32611459E+20
   57.7968750       7.33790416E+20
   57.8671875       7.34981478E+20
   57.9375000       7.36176832E+20
   58.0078125       7.37369089E+20
   58.0781250       7.38549947E+20
   58.1484375       7.39713494E+20
   58.2187500       7.40853327E+20
   58.2890625       7.41966068E+20
   58.3593750       7.43049888E+20
   58.4296875       7.44106545E+20
   58.5000000       7.45138362E+20
   58.5703125       7.46149983E+20
   58.6406250       7.47147249E+20
   58.7109375       7.48137829E+20
   58.7812500       7.49128692E+20
   58.8515625       7.50128843E+20
   58.9218750       7.51146515E+20
   58.9921875       7.52190858E+20
   59.0625000       7.53267781E+20
   59.1328125       7.54382915E+20
   59.2031250       7.55541043E+20
   59.2734375       7.56748360E+20
   59.3437500       7.58009368E+20
   59.4140625       7.59329626E+20
   59.4843750       7.60713991E+20
   59.5546875       7.62168653E+20
   59.6250000       7.63697062E+20
   59.6953125       7.65302596E+20
   59.7656250       7.66986731E+20
   59.8359375       7.68750523E+20
   59.9062500       7.70592073E+20
   59.9765625       7.72510185E+20
   60.0468750       7.74501902E+20
   60.1171875       7.76564902E+20
   60.1875000       7.78694401E+20
   60.2578125       7.80885754E+20
   60.3281250       7.83134317E+20
   60.3984375       7.85437486E+20
   60.4687500       7.87792094E+20
   60.5390625       7.90197017E+20
   60.6093750       7.92652112E+20
   60.6796875       7.95159139E+20
   60.7500000       7.97719506E+20
   60.8203125       8.00335605E+20
   60.8906250       8.03007647E+20
   60.9609375       8.05734998E+20
   61.0312500       8.08512030E+20
   61.1015625       8.11332058E+20
   61.1718750       8.14184455E+20
   61.2421875       8.17059018E+20
   61.3125000       8.19942589E+20
   61.3828125       8.22824329E+20
   61.4531250       8.25694741E+20
   61.5234375       8.28547912E+20
   61.5937500       8.31377228E+20
   61.6640625       8.34178467E+20
   61.7343750       8.36948181E+20
   61.8046875       8.39685736E+20
   61.8750000       8.42390148E+20
   61.9453125       8.45062119E+20
   62.0156250       8.47702565E+20
   62.0859375       8.50313879E+20
   62.1562500       8.52896342E+20
   62.2265625       8.55451501E+20
   62.2968750       8.57980202E+20
   62.3671875       8.60484978E+20
   62.4375000       8.62966813E+20
   62.5078125       8.65429156E+20
   62.5781250       8.67876651E+20
   62.6484375       8.70317743E+20
   62.7187500       8.72761157E+20
   62.7890625       8.75218293E+20
   62.8593750       8.77701887E+20
   62.9296875       8.80226788E+20
   63.0000000       8.82806014E+20
   63.0703125       8.85452512E+20
   63.1406250       8.88176908E+20
   63.2109375       8.90987506E+20
   63.2812500       8.93887543E+20
   63.3515625       8.96877440E+20
   63.4218750       8.99952695E+20
   63.4921875       9.03106411E+20
   63.5625000       9.06325711E+20
   63.6328125       9.09596450E+20
   63.7031250       9.12903077E+20
   63.7734375       9.16232504E+20
   63.8437500       9.19570727E+20
   63.9140625       9.22905994E+20
   63.9843750       9.26228243E+20
   64.0546875       9.29530297E+20
   64.1250000       9.32804062E+20
   64.1953125       9.36043276E+20
   64.2656250       9.39240409E+20
   64.3359375       9.42390325E+20
   64.4062500       9.45486198E+20
   64.4765625       9.48523524E+20
   64.5468750       9.51499630E+20
   64.6171875       9.54414585E+20
   64.6875000       9.57267826E+20
   64.7578125       9.60059073E+20
   64.8281250       9.62787269E+20
   64.8984375       9.65451500E+20
   64.9687500       9.68047262E+20
   65.0390625       9.70570122E+20
   65.1093750       9.73013607E+20
   65.1796875       9.75374267E+20
   65.2500000       9.77647248E+20
   65.3203125       9.79830508E+20
   65.3906250       9.81923275E+20
   65.4609375       9.83928080E+20
   65.5312500       9.85847247E+20
   65.6015625       9.87686193E+20
   65.6718750       9.89450549E+20
   65.7421875       9.91148899E+20
   65.8125000       9.92787927E+20
   65.8828125       9.94375235E+20
   65.9531250       9.95919196E+20
   66.0234375       9.97430365E+20
   66.0937500       9.98917538E+20
   66.1640625       1.00038923E+21
   66.2343750       1.00185304E+21
   66.3046875       1.00331699E+21
   66.3750000       1.00478678E+21
   66.4453125       1.00626629E+21
   66.5156250       1.00775867E+21
   66.5859375       1.00926639E+21
   66.6562500       1.01078867E+21
   66.7265625       1.01232391E+21
   66.7968750       1.01386667E+21
   66.8671875       1.01541106E+21
   66.9375000       1.01694601E+21
   67.0078125       1.01845922E+21
   67.0781250       1.01993703E+21
   67.1484375       1.02136791E+21
   67.2187500       1.02273968E+21
   67.2890625       1.02404277E+21
   67.3593750       1.02526951E+21
   67.4296875       1.02641715E+21
   67.5000000       1.02748373E+21
   67.5703125       1.02847135E+21
   67.6406250       1.02938270E+21
   67.7109375       1.03022361E+21
   67.7812500       1.03099787E+21
   67.8515625       1.03171085E+21
   67.9218750       1.03236655E+21
   67.9921875       1.03297010E+21
   68.0625000       1.03352313E+21
   68.1328125       1.03402605E+21
   68.2031250       1.03447831E+21
   68.2734375       1.03488110E+21
   68.3437500       1.03523435E+21
   68.4140625       1.03553891E+21
   68.4843750       1.03579681E+21
   68.5546875       1.03601305E+21
   68.6250000       1.03619306E+21
   68.6953125       1.03634337E+21
   68.7656250       1.03647045E+21
   68.8359375       1.03658072E+21
   68.9062500       1.03667895E+21
   68.9765625       1.03676903E+21
   69.0468750       1.03685551E+21
   69.1171875       1.03694467E+21
   69.1875000       1.03704142E+21
   69.2578125       1.03715282E+21
   69.3281250       1.03728532E+21
   69.3984375       1.03744794E+21
   69.4687500       1.03764737E+21
   69.5390625       1.03788972E+21
   69.6093750       1.03817844E+21
   69.6796875       1.03851677E+21
   69.7500000       1.03890373E+21
   69.8203125       1.03933566E+21
   69.8906250       1.03980635E+21
   69.9609375       1.04030942E+21
   70.0312500       1.04083542E+21
   70.1015625       1.04137755E+21
   70.1718750       1.04193008E+21
   70.2421875       1.04249113E+21
   70.3125000       1.04305732E+21
   70.3828125       1.04362730E+21
   70.4531250       1.04419771E+21
   70.5234375       1.04476672E+21
   70.5937500       1.04532840E+21
   70.6640625       1.04587411E+21
   70.7343750       1.04639315E+21
   70.8046875       1.04687475E+21
   70.8750000       1.04730731E+21
   70.9453125       1.04767935E+21
   71.0156250       1.04798137E+21
   71.0859375       1.04820768E+21
   71.1562500       1.04835383E+21
   71.2265625       1.04841928E+21
   71.2968750       1.04840689E+21
   71.3671875       1.04832428E+21
   71.4375000       1.04817918E+21
   71.5078125       1.04798102E+21
   71.5781250       1.04773860E+21
   71.6484375       1.04746282E+21
   71.7187500       1.04716122E+21
   71.7890625       1.04683971E+21
   71.8593750       1.04650081E+21
   71.9296875       1.04614439E+21
   72.0000000       1.04576532E+21
   72.0703125       1.04535401E+21
   72.1406250       1.04489866E+21
   72.2109375       1.04438644E+21
   72.2812500       1.04380323E+21
   72.3515625       1.04313866E+21
   72.4218750       1.04238551E+21
   72.4921875       1.04154340E+21
   72.5625000       1.04061426E+21
   72.6328125       1.03960348E+21
   72.7031250       1.03851903E+21
   72.7734375       1.03737061E+21
   72.8437500       1.03616765E+21
   72.9140625       1.03491812E+21
   72.9843750       1.03362952E+21
   73.0546875       1.03230941E+21
   73.1250000       1.03096346E+21
   73.1953125       1.02959648E+21
   73.2656250       1.02821162E+21
   73.3359375       1.02681164E+21
   73.4062500       1.02539624E+21
   73.4765625       1.02396374E+21
   73.5468750       1.02251176E+21
   73.6171875       1.02103746E+21
   73.6875000       1.01953734E+21
   73.7578125       1.01800731E+21
   73.8281250       1.01644372E+21
   73.8984375       1.01484536E+21
   73.9687500       1.01321070E+21
   74.0390625       1.01153796E+21
   74.1093750       1.00982561E+21
   74.1796875       1.00807420E+21
   74.2500000       1.00628332E+21
   74.3203125       1.00445246E+21
   74.3906250       1.00258164E+21
   74.4609375       1.00067176E+21
   74.5312500       9.98723390E+20
   74.6015625       9.96737655E+20
   74.6718750       9.94718424E+20
   74.7421875       9.92673930E+20
   74.8125000       9.90614518E+20
   74.8828125       9.88553559E+20
   74.9531250       9.86507376E+20
   75.0234375       9.84495393E+20
   75.0937500       9.82535553E+20
   75.1640625       9.80641438E+20
   75.2343750       9.78821772E+20
   75.3046875       9.77079372E+20
   75.3750000       9.75410718E+20
   75.4453125       9.73805818E+20
   75.5156250       9.72250317E+20
   75.5859375       9.70727185E+20
   75.6562500       9.69216580E+20
   75.7265625       9.67698867E+20
   75.7968750       9.66156384E+20
   75.8671875       9.64576183E+20
   75.9375000       9.62949258E+20
   76.0078125       9.61270541E+20
   76.0781250       9.59538837E+20
   76.1484375       9.57757381E+20
   76.2187500       9.55930398E+20
   76.2890625       9.54062108E+20
   76.3593750       9.52157789E+20
   76.4296875       9.50223141E+20
   76.5000000       9.48264145E+20
   76.5703125       9.46285869E+20
   76.6406250       9.44292885E+20
   76.7109375       9.42289346E+20
   76.7812500       9.40276659E+20
   76.8515625       9.38254332E+20
   76.9218750       9.36220394E+20
   76.9921875       9.34173297E+20
   77.0625000       9.32109241E+20
   77.1328125       9.30022878E+20
   77.2031250       9.27908086E+20
   77.2734375       9.25759376E+20
   77.3437500       9.23570134E+20
   77.4140625       9.21331564E+20
   77.4843750       9.19035291E+20
   77.5546875       9.16673857E+20
   77.6250000       9.14240083E+20
   77.6953125       9.11727638E+20
   77.7656250       9.09130820E+20
   77.8359375       9.06444704E+20
   77.9062500       9.03662606E+20
   77.9765625       9.00776713E+20
   78.0468750       8.97778090E+20
   78.1171875       8.94659347E+20
   78.1875000       8.91412955E+20
   78.2578125       8.88032582E+20
   78.3281250       8.84515341E+20
   78.3984375       8.80862710E+20
   78.4687500       8.77080390E+20
   78.5390625       8.73175910E+20
   78.6093750       8.69160670E+20
   78.6796875       8.65049165E+20
   78.7500000       8.60857158E+20
   78.8203125       8.56601960E+20
   78.8906250       8.52300881E+20
   78.9609375       8.47971304E+20
   79.0312500       8.43628286E+20
   79.1015625       8.39283227E+20
   79.1718750       8.34944360E+20
   79.2421875       8.30617527E+20
   79.3125000       8.26304275E+20
   79.3828125       8.22002211E+20
   79.4531250       8.17708029E+20
   79.5234375       8.13418702E+20
   79.5937500       8.09131627E+20
   79.6640625       8.04844130E+20
   79.7343750       8.00555155E+20
   79.8046875       7.96265476E+20
   79.8750000       7.91977416E+20
   79.9453125       7.87693437E+20
   80.0156250       7.83415933E+20
   80.0859375       7.79146872E+20
   80.1562500       7.74886256E+20
   80.2265625       7.70631339E+20
   80.2968750       7.66378323E+20
   80.3671875       7.62123406E+20
   80.4375000       7.57863071E+20
   80.5078125       7.53593729E+20
   80.5781250       7.49314395E+20
   80.6484375       7.45027249E+20
   80.7187500       7.40736726E+20
   80.7890625       7.36448103E+20
   80.8593750       7.32167784E+20
   80.9296875       7.27903297E+20
   81.0000000       7.23661891E+20
   81.0703125       7.19450744E+20
   81.1406250       7.15276189E+20
   81.2109375       7.11145051E+20
   81.2812500       7.07062608E+20
   81.3515625       7.03031887E+20
   81.4218750       6.99054575E+20
   81.4921875       6.95131306E+20
   81.5625000       6.91261447E+20
   81.6328125       6.87442113E+20
   81.7031250       6.83671123E+20
   81.7734375       6.79947490E+20
   81.8437500       6.76271498E+20
   81.9140625       6.72642652E+20
   81.9843750       6.69060531E+20
   82.0546875       6.65525627E+20
   82.1250000       6.62039701E+20
   82.1953125       6.58604721E+20
   82.2656250       6.55224840E+20
   82.3359375       6.51905827E+20
   82.4062500       6.48653525E+20
   82.4765625       6.45472154E+20
   82.5468750       6.42363896E+20
   82.6171875       6.39328470E+20
   82.6875000       6.36362005E+20
   82.7578125       6.33456268E+20
   82.8281250       6.30600564E+20
   82.8984375       6.27783281E+20
   82.9687500       6.24992668E+20
   83.0390625       6.22216410E+20
   83.1093750       6.19443952E+20
   83.1796875       6.16667271E+20
   83.2500000       6.13881373E+20
   83.3203125       6.11082878E+20
   83.3906250       6.08271084E+20
   83.4609375       6.05446905E+20
   83.5312500       6.02611115E+20
   83.6015625       5.99762869E+20
   83.6718750       5.96898721E+20
   83.7421875       5.94013461E+20
   83.8125000       5.91098084E+20
   83.8828125       5.88139431E+20
   83.9531250       5.85123250E+20
   84.0234375       5.82036490E+20
   84.0937500       5.78868278E+20
   84.1640625       5.75608868E+20
   84.2343750       5.72252174E+20
   84.3046875       5.68795520E+20
   84.3750000       5.65239506E+20
   84.4453125       5.61586805E+20
   84.5156250       5.57842731E+20
   84.5859375       5.54015304E+20
   84.6562500       5.50113920E+20
   84.7265625       5.46148958E+20
   84.7968750       5.42131747E+20
   84.8671875       5.38074743E+20
   84.9375000       5.33990858E+20
   85.0078125       5.29890471E+20
   85.0781250       5.25782942E+20
   85.1484375       5.21674991E+20
   85.2187500       5.17571332E+20
   85.2890625       5.13472317E+20
   85.3593750       5.09376364E+20
   85.4296875       5.05280445E+20
   85.5000000       5.01181536E+20
   85.5703125       4.97076083E+20
   85.6406250       4.92961623E+20
   85.7109375       4.88837451E+20
   85.7812500       4.84703569E+20
   85.8515625       4.80559906E+20
   85.9218750       4.76406848E+20
   85.9921875       4.72245451E+20
   86.0625000       4.68077088E+20
   86.1328125       4.63901372E+20
   86.2031250       4.59718865E+20
   86.2734375       4.55531327E+20
   86.3437500       4.51341959E+20
   86.4140625       4.47154279E+20
   86.4843750       4.42973004E+20
   86.5546875       4.38804782E+20
   86.6250000       4.34658726E+20
   86.6953125       4.30545074E+20
   86.7656250       4.26476881E+20
   86.8359375       4.22469346E+20
   86.9062500       4.18539393E+20
   86.9765625       4.14703346E+20
   87.0468750       4.10976828E+20
   87.1171875       4.07372858E+20
   87.1875000       4.03900653E+20
   87.2578125       4.00562536E+20
   87.3281250       3.97355410E+20
   87.3984375       3.94271500E+20
   87.4687500       3.91300074E+20
   87.5390625       3.88427059E+20
   87.6093750       3.85638099E+20
   87.6796875       3.82919473E+20
   87.7500000       3.80259499E+20
   87.8203125       3.77648432E+20
   87.8906250       3.75079832E+20
   87.9609375       3.72551202E+20
   88.0312500       3.70063561E+20
   88.1015625       3.67619901E+20
   88.1718750       3.65225041E+20
   88.2421875       3.62883979E+20
   88.3125000       3.60600231E+20
   88.3828125       3.58372955E+20
   88.4531250       3.56198561E+20
   88.5234375       3.54071208E+20
   88.5937500       3.51984599E+20
   88.6640625       3.49930993E+20
   88.7343750       3.47903775E+20
   88.8046875       3.45897808E+20
   88.8750000       3.43910138E+20
   88.9453125       3.41938581E+20
   89.0156250       3.39983245E+20
   89.0859375       3.38045466E+20
   89.1562500       3.36128375E+20
   89.2265625       3.34235033E+20
   89.2968750       3.32370051E+20
   89.3671875       3.30538493E+20
   89.4375000       3.28746553E+20
   89.5078125       3.26998558E+20
   89.5781250       3.25298449E+20
   89.6484375       3.23648337E+20
   89.7187500       3.22048926E+20
   89.7890625       3.20497542E+20
   89.8593750       3.18989082E+20
   89.9296875       3.17516370E+20
   90.0000000       3.16070890E+20
   90.0703125       3.14642510E+20
   90.1406250       3.13221449E+20
   90.2109375       3.11799085E+20
   90.2812500       3.10368453E+20
   90.3515625       3.08923994E+20
   90.4218750       3.07462506E+20
   90.4921875       3.05982651E+20
   90.5625000       3.04484430E+20
   90.6328125       3.02966084E+20
   90.7031250       3.01424586E+20
   90.7734375       2.99853780E+20
   90.8437500       2.98245045E+20
   90.9140625       2.96584061E+20
   90.9843750       2.94853254E+20
   91.0546875       2.93032656E+20
   91.1250000       2.91102388E+20
   91.1953125       2.89044085E+20
   91.2656250       2.86844411E+20
   91.3359375       2.84496399E+20
   91.4062500       2.82001053E+20
   91.4765625       2.79366025E+20
   91.5468750       2.76606603E+20
   91.6171875       2.73744055E+20
   91.6875000       2.70804735E+20
   91.7578125       2.67816157E+20
   91.8281250       2.64806310E+20
   91.8984375       2.61801424E+20
   91.9687500       2.58825583E+20
   92.0390625       2.55897310E+20
   92.1093750       2.53030400E+20
   92.1796875       2.50233559E+20
   92.2500000       2.47511573E+20
   92.3203125       2.44865462E+20
   92.3906250       2.42294803E+20
   92.4609375       2.39799000E+20
   92.5312500       2.37378966E+20
   92.6015625       2.35036109E+20
   92.6718750       2.32773948E+20
   92.7421875       2.30597002E+20
   92.8125000       2.28510376E+20
   92.8828125       2.26516618E+20
   92.9531250       2.24616099E+20
   93.0234375       2.22806268E+20
   93.0937500       2.21082339E+20
   93.1640625       2.19435622E+20
   93.2343750       2.17855422E+20
   93.3046875       2.16329704E+20
   93.3750000       2.14846490E+20
   93.4453125       2.13393674E+20
   93.5156250       2.11960544E+20
   93.5859375       2.10538234E+20
   93.6562500       2.09120374E+20
   93.7265625       2.07702320E+20
   93.7968750       2.06282438E+20
   93.8671875       2.04862027E+20
   93.9375000       2.03445838E+20
   94.0078125       2.02039994E+20
   94.0781250       2.00652815E+20
   94.1484375       1.99293906E+20
   94.2187500       1.97974492E+20
   94.2890625       1.96705427E+20
   94.3593750       1.95497759E+20
   94.4296875       1.94362236E+20
   94.5000000       1.93309221E+20
   94.5703125       1.92346910E+20
   94.6406250       1.91481375E+20
   94.7109375       1.90715482E+20
   94.7812500       1.90049002E+20
   94.8515625       1.89477519E+20
   94.9218750       1.88993945E+20
   94.9921875       1.88589220E+20
   95.0625000       1.88253772E+20
   95.1328125       1.87977082E+20
   95.2031250       1.87749175E+20
   95.2734375       1.87560816E+20
   95.3437500       1.87403981E+20
   95.4140625       1.87269894E+20
   95.4843750       1.87149721E+20
   95.5546875       1.87034440E+20
   95.6250000       1.86915534E+20
   95.6953125       1.86784613E+20
   95.7656250       1.86634411E+20
   95.8359375       1.86459017E+20
   95.9062500       1.86254332E+20
   95.9765625       1.86016890E+20
   96.0468750       1.85745355E+20
   96.1171875       1.85440447E+20
   96.1875000       1.85105914E+20
   96.2578125       1.84747121E+20
   96.3281250       1.84372214E+20
   96.3984375       1.83991203E+20
   96.4687500       1.83615961E+20
   96.5390625       1.83257591E+20
   96.6093750       1.82925785E+20
   96.6796875       1.82627368E+20
   96.7500000       1.82365509E+20
   96.8203125       1.82138147E+20
   96.8906250       1.81938230E+20
   96.9609375       1.81753899E+20
   97.0312500       1.81569550E+20
   97.1015625       1.81366202E+20
   97.1718750       1.81123958E+20
   97.2421875       1.80824081E+20
   97.3125000       1.80451215E+20
   97.3828125       1.79993255E+20
   97.4531250       1.79443781E+20
   97.5234375       1.78802211E+20
   97.5937500       1.78074511E+20
   97.6640625       1.77270671E+20
   97.7343750       1.76404203E+20
   97.8046875       1.75490377E+20
   97.8750000       1.74544691E+20
   97.9453125       1.73580182E+20
   98.0156250       1.72606736E+20
   98.0859375       1.71630106E+20
   98.1562500       1.70652244E+20
   98.2265625       1.69670372E+20
   98.2968750       1.68678911E+20
   98.3671875       1.67669964E+20
   98.4375000       1.66634805E+20
   98.5078125       1.65563265E+20
   98.5781250       1.64445897E+20
   98.6484375       1.63275031E+20
   98.7187500       1.62046675E+20
   98.7890625       1.60760246E+20
   98.8593750       1.59419985E+20
   98.9296875       1.58034794E+20
   99.0000000       1.56617796E+20
   99.0703125       1.55183980E+20
   99.1406250       1.53748880E+20
   99.2109375       1.52326693E+20
   99.2812500       1.50928906E+20
   99.3515625       1.49562450E+20
   99.4218750       1.48230299E+20
   99.4921875       1.46931847E+20
   99.5625000       1.45664206E+20
   99.6328125       1.44421547E+20
   99.7031250       1.43197193E+20
   99.7734375       1.41984185E+20
   99.8437500       1.40776833E+20
   99.9140625       1.39569763E+20
   99.9843750       1.38359069E+20
   100.054688       1.37142710E+20
   100.125000       1.35921232E+20
   100.195312       1.34697290E+20
   100.265625       1.33476023E+20
   100.335938       1.32264405E+20
   100.406250       1.31070679E+20
   100.476562       1.29901995E+20
   100.546875       1.28764660E+20
   100.617188       1.27662870E+20
   100.687500       1.26599282E+20
   100.757812       1.25573455E+20
   100.828125       1.24582980E+20
   100.898438       1.23623731E+20
   100.968750       1.22691090E+20
   101.039062       1.21779251E+20
   101.109375       1.20882499E+20
   101.179688       1.19995844E+20
   101.250000       1.19116199E+20
   101.320312       1.18242026E+20
   101.390625       1.17374256E+20
   101.460938       1.16516144E+20
   101.531250       1.15673180E+20
   101.601562       1.14851413E+20
   101.671875       1.14057170E+20
   101.742188       1.13295912E+20
   101.812500       1.12572003E+20
   101.882812       1.11886752E+20
   101.953125       1.11240072E+20
   102.023438       1.10630934E+20
   102.093750       1.10059240E+20
   102.164062       1.09524746E+20
   102.234375       1.09028004E+20
   102.304688       1.08569991E+20
   102.375000       1.08152309E+20
   102.445312       1.07775880E+20
   102.515625       1.07441145E+20
   102.585938       1.07147320E+20
   102.656250       1.06892128E+20
   102.726562       1.06669877E+20
   102.796875       1.06471921E+20
   102.867188       1.06286130E+20
   102.937500       1.06098131E+20
   103.007812       1.05891370E+20
   103.078125       1.05649689E+20
   103.148438       1.05359418E+20
   103.218750       1.05011655E+20
   103.289062       1.04602074E+20
   103.359375       1.04131888E+20
   103.429688       1.03606910E+20
   103.500000       1.03036976E+20
   103.570312       1.02433485E+20
   103.640625       1.01808312E+20
   103.710938       1.01172002E+20
   103.781250       1.00532359E+20
   103.851562       9.98925753E+19
   103.921875       9.92514545E+19
   103.992188       9.86039565E+19
   104.062500       9.79428157E+19
   104.132812       9.72587260E+19
   104.203125       9.65429791E+19
   104.273438       9.57884591E+19
   104.343750       9.49912340E+19
   104.414062       9.41493775E+19
   104.484375       9.32630304E+19
   104.554688       9.23340926E+19
   104.625000       9.13657923E+19
   104.695312       9.03618854E+19
   104.765625       8.93265588E+19
   104.835938       8.82641667E+19
   104.906250       8.71791159E+19
   104.976562       8.60748544E+19
   105.046875       8.49547599E+19
   105.117188       8.38223509E+19
   105.187500       8.26823596E+19
   105.257812       8.15400110E+19
   105.328125       8.04018757E+19
   105.398438       7.92753953E+19
   105.468750       7.81688644E+19
   105.539062       7.70891967E+19
   105.609375       7.60414589E+19
   105.679688       7.50284041E+19
   105.750000       7.40510614E+19
   105.820312       7.31090702E+19
   105.890625       7.22023865E+19
   105.960938       7.13329191E+19
   106.031250       7.05058753E+19
   106.101562       0.00000000    
   106.171875       0.00000000    
   106.242188       0.00000000    
   106.312500       0.00000000    
   106.382812       0.00000000    
   106.453125       0.00000000    
   106.523438       0.00000000    
   106.593750       0.00000000    
   106.664062       0.00000000    
   106.734375       0.00000000    
   106.804688       0.00000000    
   106.875000       0.00000000    
   106.945312       0.00000000    
   107.015625       0.00000000    
   107.085938       0.00000000    
   107.156250       0.00000000    
   107.226562       0.00000000    
   107.296875       0.00000000    
   107.367188       0.00000000    
   107.437500       0.00000000    
   107.507812       0.00000000    
   107.578125       0.00000000    
   107.648438       0.00000000    
   107.718750       0.00000000    
   107.789062       0.00000000    
   107.859375       0.00000000    
   107.929688       0.00000000    
   108.000000       0.00000000    
   108.070312       0.00000000    
   108.140625       0.00000000    
   108.210938       0.00000000    
   108.281250       0.00000000    
   108.351562       0.00000000    
   108.421875       0.00000000    
   108.492188       0.00000000    
   108.562500       0.00000000    
   108.632812       0.00000000    
   108.703125       0.00000000    
   108.773438       0.00000000    
   108.843750       0.00000000    
   108.914062       0.00000000    
   108.984375       0.00000000    
   109.054688       0.00000000    
   109.125000       0.00000000    
   109.195312       0.00000000    
   109.265625       0.00000000    
   109.335938       0.00000000    
   109.406250       0.00000000    
   109.476562       0.00000000    
   109.546875       0.00000000    
   109.617188       0.00000000    
   109.687500       0.00000000    
   109.757812       0.00000000    
   109.828125       0.00000000    
   109.898438       0.00000000    
   109.968750       0.00000000    
   110.039062       0.00000000    
   110.109375       0.00000000    
   110.179688       0.00000000    
   110.250000       0.00000000    
   110.320312       0.00000000    
   110.390625       0.00000000    
   110.460938       0.00000000    
   110.531250       0.00000000    
   110.601562       0.00000000    
   110.671875       0.00000000    
   110.742188       0.00000000    
   110.812500       0.00000000    
   110.882812       0.00000000    
   110.953125       0.00000000    
   111.023438       0.00000000    
   111.093750       0.00000000    
   111.164062       0.00000000    
   111.234375       0.00000000    
   111.304688       0.00000000    
   111.375000       0.00000000    
   111.445312       0.00000000    
   111.515625       0.00000000    
   111.585938       0.00000000    
   111.656250       0.00000000    
   111.726562       0.00000000    
   111.796875       0.00000000    
   111.867188       0.00000000    
   111.937500       0.00000000    
   112.007812       0.00000000    
   112.078125       0.00000000    
   112.148438       0.00000000    
   112.218750       0.00000000    
   112.289062       0.00000000    
   112.359375       0.00000000    
   112.429688       0.00000000    
   112.500000       0.00000000    
   112.570312       0.00000000    
   112.640625       0.00000000    
   112.710938       0.00000000    
   112.781250       0.00000000    
   112.851562       0.00000000    
   112.921875       0.00000000    
   112.992188       0.00000000    
   113.062500       0.00000000    
   113.132812       0.00000000    
   113.203125       0.00000000    
   113.273438       0.00000000    
   113.343750       0.00000000    
   113.414062       0.00000000    
   113.484375       0.00000000    
   113.554688       0.00000000    
   113.625000       0.00000000    
   113.695312       0.00000000    
   113.765625       0.00000000    
   113.835938       0.00000000    
   113.906250       0.00000000    
   113.976562       0.00000000    
   114.046875       0.00000000    
   114.117188       0.00000000    
   114.187500       0.00000000    
   114.257812       0.00000000    
   114.328125       0.00000000    
   114.398438       0.00000000    
   114.468750       0.00000000    
   114.539062       0.00000000    
   114.609375       0.00000000    
   114.679688       0.00000000    
   114.750000       0.00000000    
   114.820312       0.00000000    
   114.890625       0.00000000    
   114.960938       0.00000000    
   115.031250       0.00000000    
   115.101562       0.00000000    
   115.171875       0.00000000    
   115.242188       0.00000000    
   115.312500       0.00000000    
   115.382812       0.00000000    
   115.453125       0.00000000    
   115.523438       0.00000000    
   115.593750       0.00000000    
   115.664062       0.00000000    
   115.734375       0.00000000    
   115.804688       0.00000000    
   115.875000       0.00000000    
   115.945312       0.00000000    
   116.015625       0.00000000    
   116.085938       0.00000000    
   116.156250       0.00000000    
   116.226562       0.00000000    
   116.296875       0.00000000    
   116.367188       0.00000000    
   116.437500       0.00000000    
   116.507812       0.00000000    
   116.578125       0.00000000    
   116.648438       0.00000000    
   116.718750       0.00000000    
   116.789062       0.00000000    
   116.859375       0.00000000    
   116.929688       0.00000000    
   117.000000       0.00000000    
   117.070312       0.00000000    
   117.140625       0.00000000    
   117.210938       0.00000000    
   117.281250       0.00000000    
   117.351562       0.00000000    
   117.421875       0.00000000    
   117.492188       0.00000000    
   117.562500       0.00000000    
   117.632812       0.00000000    
   117.703125       0.00000000    
   117.773438       0.00000000    
   117.843750       0.00000000    
   117.914062       0.00000000    
   117.984375       0.00000000    
   118.054688       0.00000000    
   118.125000       0.00000000    
   118.195312       0.00000000    
   118.265625       0.00000000    
   118.335938       0.00000000    
   118.406250       0.00000000    
   118.476562       0.00000000    
   118.546875       0.00000000    
   118.617188       0.00000000    
   118.687500       0.00000000    
   118.757812       0.00000000    
   118.828125       0.00000000    
   118.898438       0.00000000    
   118.968750       0.00000000    
   119.039062       0.00000000    
   119.109375       0.00000000    
   119.179688       0.00000000    
   119.250000       0.00000000    
   119.320312       0.00000000    
   119.390625       0.00000000    
   119.460938       0.00000000    
   119.531250       0.00000000    
   119.601562       0.00000000    
   119.671875       0.00000000    
   119.742188       0.00000000    
   119.812500       0.00000000    
   119.882812       0.00000000    
   119.953125       0.00000000    
   120.023438       0.00000000    
   120.093750       0.00000000    
   120.164062       0.00000000    
   120.234375       0.00000000    
   120.304688       0.00000000    
   120.375000       0.00000000    
   120.445312       0.00000000    
   120.515625       0.00000000    
   120.585938       0.00000000    
   120.656250       0.00000000    
   120.726562       0.00000000    
   120.796875       0.00000000    
   120.867188       0.00000000    
   120.937500       0.00000000    
   121.007812       0.00000000    
   121.078125       0.00000000    
   121.148438       0.00000000    
   121.218750       0.00000000    
   121.289062       0.00000000    
   121.359375       0.00000000    
   121.429688       0.00000000    
   121.500000       0.00000000    
   121.570312       0.00000000    
   121.640625       0.00000000    
   121.710938       0.00000000    
   121.781250       0.00000000    
   121.851562       0.00000000    
   121.921875       0.00000000    
   121.992188       0.00000000    
   122.062500       0.00000000    
   122.132812       0.00000000    
   122.203125       0.00000000    
   122.273438       0.00000000    
   122.343750       0.00000000    
   122.414062       0.00000000    
   122.484375       0.00000000    
   122.554688       0.00000000    
   122.625000       0.00000000    
   122.695312       0.00000000    
   122.765625       0.00000000    
   122.835938       0.00000000    
   122.906250       0.00000000    
   122.976562       0.00000000    
   123.046875       0.00000000    
   123.117188       0.00000000    
   123.187500       0.00000000    
   123.257812       0.00000000    
   123.328125       0.00000000    
   123.398438       0.00000000    
   123.468750       0.00000000    
   123.539062       0.00000000    
   123.609375       0.00000000    
   123.679688       0.00000000    
   123.750000       0.00000000    
   123.820312       0.00000000    
   123.890625       0.00000000    
   123.960938       0.00000000    
   124.031250       0.00000000    
   124.101562       0.00000000    
   124.171875       0.00000000    
   124.242188       0.00000000    
   124.312500       0.00000000    
   124.382812       0.00000000    
   124.453125       0.00000000    
   124.523438       0.00000000    
   124.593750       0.00000000    
   124.664062       0.00000000    
   124.734375       0.00000000    
   124.804688       0.00000000    
   124.875000       0.00000000    
   124.945312       0.00000000    
   125.015625       0.00000000    
   125.085938       0.00000000    
   125.156250       0.00000000    
   125.226562       0.00000000    
   125.296875       0.00000000    
   125.367188       0.00000000    
   125.437500       0.00000000    
   125.507812       0.00000000    
   125.578125       0.00000000    
   125.648438       0.00000000    
   125.718750       0.00000000    
   125.789062       0.00000000    
   125.859375       0.00000000    
   125.929688       0.00000000    
   126.000000       0.00000000    
   126.070312       0.00000000    
   126.140625       0.00000000    
   126.210938       0.00000000    
   126.281250       0.00000000    
   126.351562       0.00000000    
   126.421875       0.00000000    
   126.492188       0.00000000    
   126.562500       0.00000000    
   126.632812       0.00000000    
   126.703125       0.00000000    
   126.773438       0.00000000    
   126.843750       0.00000000    
   126.914062       0.00000000    
   126.984375       0.00000000    
   127.054688       0.00000000    
   127.125000       0.00000000    
   127.195312       0.00000000    
   127.265625       0.00000000    
   127.335938       0.00000000    
   127.406250       0.00000000    
   127.476562       0.00000000    
   127.546875       0.00000000    
   127.617188       0.00000000    
   127.687500       0.00000000    
   127.757812       0.00000000    
   127.828125       0.00000000    
   127.898438       0.00000000    
   127.968750       0.00000000    
   128.039062       0.00000000    
   128.109375       0.00000000    
   128.179688       0.00000000    
   128.250000       0.00000000    
   128.320312       0.00000000    
   128.390625       0.00000000    
   128.460938       0.00000000    
   128.531250       0.00000000    
   128.601562       0.00000000    
   128.671875       0.00000000    
   128.742188       0.00000000    
   128.812500       0.00000000    
   128.882812       0.00000000    
   128.953125       0.00000000    
   129.023438       0.00000000    
   129.093750       0.00000000    
   129.164062       0.00000000    
   129.234375       0.00000000    
   129.304688       0.00000000    
   129.375000       0.00000000    
   129.445312       0.00000000    
   129.515625       0.00000000    
   129.585938       0.00000000    
   129.656250       0.00000000    
   129.726562       0.00000000    
   129.796875       0.00000000    
   129.867188       0.00000000    
   129.937500       0.00000000    
   130.007812       0.00000000    
   130.078125       0.00000000    
   130.148438       0.00000000    
   130.218750       0.00000000    
   130.289062       0.00000000    
   130.359375       0.00000000    
   130.429688       0.00000000    
   130.500000       0.00000000    
   130.570312       0.00000000    
   130.640625       0.00000000    
   130.710938       0.00000000    
   130.781250       0.00000000    
   130.851562       0.00000000    
   130.921875       0.00000000    
   130.992188       0.00000000    
   131.062500       0.00000000    
   131.132812       0.00000000    
   131.203125       0.00000000    
   131.273438       0.00000000    
   131.343750       0.00000000    
   131.414062       0.00000000    
   131.484375       0.00000000    
   131.554688       0.00000000    
   131.625000       0.00000000    
   131.695312       0.00000000    
   131.765625       0.00000000    
   131.835938       0.00000000    
   131.906250       0.00000000    
   131.976562       0.00000000    
   132.046875       0.00000000    
   132.117188       0.00000000    
   132.187500       0.00000000    
   132.257812       0.00000000    
   132.328125       0.00000000    
   132.398438       0.00000000    
   132.468750       0.00000000    
   132.539062       0.00000000    
   132.609375       0.00000000    
   132.679688       0.00000000    
   132.750000       0.00000000    
   132.820312       0.00000000    
   132.890625       0.00000000    
   132.960938       0.00000000    
   133.031250       0.00000000    
   133.101562       0.00000000    
   133.171875       0.00000000    
   133.242188       0.00000000    
   133.312500       0.00000000    
   133.382812       0.00000000    
   133.453125       0.00000000    
   133.523438       0.00000000    
   133.593750       0.00000000    
   133.664062       0.00000000    
   133.734375       0.00000000    
   133.804688       0.00000000    
   133.875000       0.00000000    
   133.945312       0.00000000    
   134.015625       0.00000000    
   134.085938       0.00000000    
   134.156250       0.00000000    
   134.226562       0.00000000    
   134.296875       0.00000000    
   134.367188       0.00000000    
   134.437500       0.00000000    
   134.507812       0.00000000    
   134.578125       0.00000000    
   134.648438       0.00000000    
   134.718750       0.00000000    
   134.789062       0.00000000    
   134.859375       0.00000000    
   134.929688       0.00000000    
   135.000000       0.00000000    
   135.070312       0.00000000    
   135.140625       0.00000000    
   135.210938       0.00000000    
   135.281250       0.00000000    
   135.351562       0.00000000    
   135.421875       0.00000000    
   135.492188       0.00000000    
   135.562500       0.00000000    
   135.632812       0.00000000    
   135.703125       0.00000000    
   135.773438       0.00000000    
   135.843750       0.00000000    
   135.914062       0.00000000    
   135.984375       0.00000000    
   136.054688       0.00000000    
   136.125000       0.00000000    
   136.195312       0.00000000    
   136.265625       0.00000000    
   136.335938       0.00000000    
   136.406250       0.00000000    
   136.476562       0.00000000    
   136.546875       0.00000000    
   136.617188       0.00000000    
   136.687500       0.00000000    
   136.757812       0.00000000    
   136.828125       0.00000000    
   136.898438       0.00000000    
   136.968750       0.00000000    
   137.039062       0.00000000    
   137.109375       0.00000000    
   137.179688       0.00000000    
   137.250000       0.00000000    
   137.320312       0.00000000    
   137.390625       0.00000000    
   137.460938       0.00000000    
   137.531250       0.00000000    
   137.601562       0.00000000    
   137.671875       0.00000000    
   137.742188       0.00000000    
   137.812500       0.00000000    
   137.882812       0.00000000    
   137.953125       0.00000000    
   138.023438       0.00000000    
   138.093750       0.00000000    
   138.164062       0.00000000    
   138.234375       0.00000000    
   138.304688       0.00000000    
   138.375000       0.00000000    
   138.445312       0.00000000    
   138.515625       0.00000000    
   138.585938       0.00000000    
   138.656250       0.00000000    
   138.726562       0.00000000    
   138.796875       0.00000000    
   138.867188       0.00000000    
   138.937500       0.00000000    
   139.007812       0.00000000    
   139.078125       0.00000000    
   139.148438       0.00000000    
   139.218750       0.00000000    
   139.289062       0.00000000    
   139.359375       0.00000000    
   139.429688       0.00000000    
   139.500000       0.00000000    
   139.570312       0.00000000    
   139.640625       0.00000000    
   139.710938       0.00000000    
   139.781250       0.00000000    
   139.851562       0.00000000    
   139.921875       0.00000000    
   139.992188       0.00000000    
   140.062500       0.00000000    
   140.132812       0.00000000    
   140.203125       0.00000000    
   140.273438       0.00000000    
   140.343750       0.00000000    
   140.414062       0.00000000    
   140.484375       0.00000000    
   140.554688       0.00000000    
   140.625000       0.00000000    
   140.695312       0.00000000    
   140.765625       0.00000000    
   140.835938       0.00000000    
   140.906250       0.00000000    
   140.976562       0.00000000    
   141.046875       0.00000000    
   141.117188       0.00000000    
   141.187500       0.00000000    
   141.257812       0.00000000    
   141.328125       0.00000000    
   141.398438       0.00000000    
   141.468750       0.00000000    
   141.539062       0.00000000    
   141.609375       0.00000000    
   141.679688       0.00000000    
   141.750000       0.00000000    
   141.820312       0.00000000    
   141.890625       0.00000000    
   141.960938       0.00000000    
   142.031250       0.00000000    
   142.101562       0.00000000    
   142.171875       0.00000000    
   142.242188       0.00000000    
   142.312500       0.00000000    
   142.382812       0.00000000    
   142.453125       0.00000000    
   142.523438       0.00000000    
