2012 08 31 12 47 33.0 10.811 126.638
36. 3.219E+20 7.605 350 40 71 194 52 105
  -1.12500000       0.00000000    
  -1.05468750       0.00000000    
 -0.984375000       0.00000000    
 -0.914062500       0.00000000    
 -0.843750000       0.00000000    
 -0.773437500       0.00000000    
 -0.703125000       0.00000000    
 -0.632812500       0.00000000    
 -0.562500000       0.00000000    
 -0.492187500       0.00000000    
 -0.421875000       0.00000000    
 -0.351562500       0.00000000    
 -0.281250000       0.00000000    
 -0.210937500       0.00000000    
 -0.140625000       0.00000000    
  -7.03125000E-02   0.00000000    
   0.00000000       0.00000000    
   7.03125000E-02   9.12666325E+17
  0.140625000       1.00949818E+18
  0.210937500       1.12587201E+18
  0.281250000       1.26335879E+18
  0.351562500       1.42333045E+18
  0.421875000       1.60623531E+18
  0.492187500       1.81209371E+18
  0.562500000       2.04014699E+18
  0.632812500       2.28960570E+18
  0.703125000       2.55935795E+18
  0.773437500       2.84868317E+18
  0.843750000       3.15683312E+18
  0.914062500       3.48348868E+18
  0.984375000       3.82808552E+18
   1.05468750       4.19022672E+18
   1.12500000       4.56917093E+18
   1.19531250       4.96439945E+18
   1.26562500       5.37511597E+18
   1.33593750       5.80068085E+18
   1.40625000       6.23991321E+18
   1.47656250       6.69129187E+18
   1.54687500       7.15212468E+18
   1.61718750       7.61878820E+18
   1.68750000       8.08610428E+18
   1.75781250       8.54773094E+18
   1.82812500       8.99569232E+18
   1.89843750       9.42108182E+18
   1.96875000       9.81404837E+18
   2.03906250       1.01649916E+19
   2.10937500       1.04648988E+19
   2.17968750       1.07069090E+19
   2.25000000       1.08869199E+19
   2.32031250       1.10050240E+19
   2.39062500       1.10654454E+19
   2.46093750       1.10768562E+19
   2.53125000       1.10510616E+19
   2.60156250       1.10022389E+19
   2.67187500       1.09450940E+19
   2.74218750       1.08942735E+19
   2.81250000       1.08631947E+19
   2.88281250       1.08640831E+19
   2.95312500       1.09069893E+19
   3.02343750       1.09996177E+19
   3.09375000       1.11460023E+19
   3.16406250       1.13461694E+19
   3.23437500       1.15950978E+19
   3.30468750       1.18833589E+19
   3.37500000       1.21975202E+19
   3.44531250       1.25221983E+19
   3.51562500       1.28414096E+19
   3.58593750       1.31409111E+19
   3.65625000       1.34092216E+19
   3.72656250       1.36391174E+19
   3.79687500       1.38276298E+19
   3.86718750       1.39766136E+19
   3.93750000       1.40920601E+19
   4.00781250       1.41839826E+19
   4.07812500       1.42649077E+19
   4.14843750       1.43489599E+19
   4.21875000       1.44497862E+19
   4.28906250       1.45794472E+19
   4.35937500       1.47465587E+19
   4.42968750       1.49560673E+19
   4.50000000       1.52088297E+19
   4.57031250       1.55029512E+19
   4.64062500       1.58346508E+19
   4.71093750       1.62003484E+19
   4.78125000       1.65975920E+19
   4.85156250       1.70264906E+19
   4.92187500       1.74895829E+19
   4.99218750       1.79920850E+19
   5.06250000       1.85408205E+19
   5.13281250       1.91436805E+19
   5.20312500       1.98078977E+19
   5.27343750       2.05391917E+19
   5.34375000       2.13401265E+19
   5.41406250       2.22096885E+19
   5.48437500       2.31421051E+19
   5.55468750       2.41270213E+19
   5.62500000       2.51491251E+19
   5.69531250       2.61890432E+19
   5.76562500       2.72237540E+19
   5.83593750       2.82284525E+19
   5.90625000       2.91781359E+19
   5.97656250       3.00505720E+19
   6.04687500       3.08285314E+19
   6.11718750       3.15026706E+19
   6.18750000       3.20727982E+19
   6.25781250       3.25488163E+19
   6.32812500       3.29491837E+19
   6.39843750       3.32991341E+19
   6.46875000       3.36273603E+19
   6.53906250       3.39634568E+19
   6.60937500       3.43345310E+19
   6.67968750       3.47632042E+19
   6.75000000       3.52651224E+19
   6.82031250       3.58480637E+19
   6.89062500       3.65106668E+19
   6.96093750       3.72428734E+19
   7.03125000       3.80263194E+19
   7.10156250       3.88365803E+19
   7.17187500       3.96450028E+19
   7.24218750       4.04218957E+19
   7.31250000       4.11387773E+19
   7.38281250       4.17711988E+19
   7.45312500       4.22998264E+19
   7.52343750       4.27115583E+19
   7.59375000       4.29989575E+19
   7.66406250       4.31601371E+19
   7.73437500       4.31974765E+19
   7.80468750       4.31173793E+19
   7.87500000       4.29295123E+19
   7.94531250       4.26472149E+19
   8.01562500       4.22868126E+19
   8.08593750       4.18675116E+19
   8.15625000       4.14098949E+19
   8.22656250       4.09350158E+19
   8.29687500       4.04624017E+19
   8.36718750       4.00090863E+19
   8.43750000       3.95881405E+19
   8.50781250       3.92088221E+19
   8.57812500       3.88760088E+19
   8.64843750       3.85909318E+19
   8.71875000       3.83508644E+19
   8.78906250       3.81499968E+19
   8.85937500       3.79792031E+19
   8.92968750       3.78271802E+19
   9.00000000       3.76809012E+19
   9.07031250       3.75274138E+19
   9.14062500       3.73545969E+19
   9.21093750       3.71526474E+19
   9.28125000       3.69142909E+19
   9.35156250       3.66357450E+19
   9.42187500       3.63162753E+19
   9.49218750       3.59586592E+19
   9.56250000       3.55686030E+19
   9.63281250       3.51553692E+19
   9.70312500       3.47311732E+19
   9.77343750       3.43111158E+19
   9.84375000       3.39112652E+19
   9.91406250       3.35471135E+19
   9.98437500       3.32304871E+19
   10.0546875       3.29678688E+19
   10.1250000       3.27585482E+19
   10.1953125       3.25952773E+19
   10.2656250       3.24649588E+19
   10.3359375       3.23513308E+19
   10.4062500       3.22370058E+19
   10.4765625       3.21064080E+19
   10.5468750       3.19469327E+19
   10.6171875       3.17501817E+19
   10.6875000       3.15113304E+19
   10.7578125       3.12291429E+19
   10.8281250       3.09045407E+19
   10.8984375       3.05401955E+19
   10.9687500       3.01389353E+19
   11.0390625       2.97035353E+19
   11.1093750       2.92356008E+19
   11.1796875       2.87360157E+19
   11.2500000       2.82047470E+19
   11.3203125       2.76421841E+19
   11.3906250       2.70493956E+19
   11.4609375       2.64293040E+19
   11.5312500       2.57864372E+19
   11.6015625       2.51275065E+19
   11.6718750       2.44605097E+19
   11.7421875       2.37947422E+19
   11.8125000       2.31394531E+19
   11.8828125       2.25036363E+19
   11.9531250       2.18942826E+19
   12.0234375       2.13156646E+19
   12.0937500       2.07675888E+19
   12.1640625       2.02455825E+19
   12.2343750       1.97409154E+19
   12.3046875       1.92427333E+19
   12.3750000       1.87395660E+19
   12.4453125       1.82219225E+19
   12.5156250       1.76831179E+19
   12.5859375       1.71203471E+19
   12.6562500       1.65337885E+19
   12.7265625       1.59264721E+19
   12.7968750       1.53027917E+19
   12.8671875       1.46684208E+19
   12.9375000       1.40293385E+19
   13.0078125       1.33924749E+19
   13.0781250       1.27650628E+19
   13.1484375       1.21549383E+19
   13.2187500       1.15691834E+19
   13.2890625       1.10138553E+19
   13.3593750       1.04925548E+19
   13.4296875       1.00065981E+19
   13.5000000       9.55448337E+18
   13.5703125       9.13312137E+18
   13.6406250       8.73809708E+18
   13.7109375       8.36502564E+18
   13.7812500       8.00939795E+18
   13.8515625       7.66742015E+18
   13.9218750       7.33559798E+18
   13.9921875       7.01173353E+18
   14.0625000       6.69493235E+18
   14.1328125       6.38687118E+18
   14.2031250       6.09142031E+18
   14.2734375       5.81471227E+18
   14.3437500       5.56324846E+18
   14.4140625       5.34287060E+18
   14.4843750       5.15659903E+18
   14.5546875       5.00420287E+18
   14.6250000       4.88127472E+18
   14.6953125       4.78025544E+18
   14.7656250       4.69078598E+18
   14.8359375       4.60151636E+18
   14.9062500       4.50076646E+18
   14.9765625       4.37831495E+18
   15.0468750       4.22582643E+18
   15.1171875       4.03830720E+18
   15.1875000       3.81414097E+18
   15.2578125       3.55614551E+18
   15.3281250       3.27104132E+18
   15.3984375       2.96964072E+18
   15.4687500       0.00000000    
   15.5390625       0.00000000    
   15.6093750       0.00000000    
   15.6796875       0.00000000    
   15.7500000       0.00000000    
   15.8203125       0.00000000    
   15.8906250       0.00000000    
   15.9609375       0.00000000    
   16.0312500       0.00000000    
   16.1015625       0.00000000    
   16.1718750       0.00000000    
   16.2421875       0.00000000    
   16.3125000       0.00000000    
   16.3828125       0.00000000    
   16.4531250       0.00000000    
   16.5234375       0.00000000    
   16.5937500       0.00000000    
   16.6640625       0.00000000    
   16.7343750       0.00000000    
   16.8046875       0.00000000    
   16.8750000       0.00000000    
   16.9453125       0.00000000    
   17.0156250       0.00000000    
   17.0859375       0.00000000    
   17.1562500       0.00000000    
   17.2265625       0.00000000    
   17.2968750       0.00000000    
   17.3671875       0.00000000    
   17.4375000       0.00000000    
   17.5078125       0.00000000    
   17.5781250       0.00000000    
   17.6484375       0.00000000    
   17.7187500       0.00000000    
   17.7890625       0.00000000    
   17.8593750       0.00000000    
   17.9296875       0.00000000    
   18.0000000       0.00000000    
   18.0703125       0.00000000    
   18.1406250       0.00000000    
   18.2109375       0.00000000    
   18.2812500       0.00000000    
   18.3515625       0.00000000    
   18.4218750       0.00000000    
   18.4921875       0.00000000    
   18.5625000       0.00000000    
   18.6328125       0.00000000    
   18.7031250       0.00000000    
   18.7734375       0.00000000    
   18.8437500       0.00000000    
   18.9140625       0.00000000    
   18.9843750       0.00000000    
   19.0546875       0.00000000    
   19.1250000       0.00000000    
   19.1953125       0.00000000    
   19.2656250       0.00000000    
   19.3359375       0.00000000    
   19.4062500       0.00000000    
   19.4765625       0.00000000    
   19.5468750       0.00000000    
   19.6171875       0.00000000    
   19.6875000       0.00000000    
   19.7578125       0.00000000    
   19.8281250       0.00000000    
   19.8984375       0.00000000    
   19.9687500       0.00000000    
   20.0390625       0.00000000    
   20.1093750       0.00000000    
   20.1796875       0.00000000    
   20.2500000       0.00000000    
   20.3203125       0.00000000    
   20.3906250       0.00000000    
   20.4609375       0.00000000    
   20.5312500       0.00000000    
   20.6015625       0.00000000    
   20.6718750       0.00000000    
   20.7421875       0.00000000    
   20.8125000       0.00000000    
   20.8828125       0.00000000    
   20.9531250       0.00000000    
   21.0234375       0.00000000    
   21.0937500       0.00000000    
   21.1640625       0.00000000    
   21.2343750       0.00000000    
   21.3046875       0.00000000    
   21.3750000       0.00000000    
   21.4453125       0.00000000    
   21.5156250       0.00000000    
   21.5859375       0.00000000    
   21.6562500       0.00000000    
   21.7265625       0.00000000    
   21.7968750       0.00000000    
   21.8671875       0.00000000    
   21.9375000       0.00000000    
   22.0078125       0.00000000    
   22.0781250       0.00000000    
   22.1484375       0.00000000    
   22.2187500       0.00000000    
   22.2890625       0.00000000    
   22.3593750       0.00000000    
   22.4296875       0.00000000    
   22.5000000       0.00000000    
   22.5703125       0.00000000    
