2016 11 13 11 02 56.0 -42.737 173.054
22. 9.291E+20 7.912 225 28 150 342 77 66
  -1.12500000       0.00000000    
  -1.05468750       3.29556380E+17
 -0.984375000       3.40992228E+17
 -0.914062500       3.56266850E+17
 -0.843750000       3.71643829E+17
 -0.773437500       3.75221159E+17
 -0.703125000       3.72848173E+17
 -0.632812500       3.69962917E+17
 -0.562500000       3.71977943E+17
 -0.492187500       3.79564745E+17
 -0.421875000       3.91571206E+17
 -0.351562500       4.05157803E+17
 -0.281250000       4.20495131E+17
 -0.210937500       4.37827592E+17
 -0.140625000       4.57330179E+17
  -7.03125000E-02   4.79035604E+17
   0.00000000       6.20192659E+17
   7.03125000E-02   6.51368762E+17
  0.140625000       6.87873647E+17
  0.210937500       7.29931410E+17
  0.281250000       7.73490075E+17
  0.351562500       8.18690036E+17
  0.421875000       8.63871168E+17
  0.492187500       9.07732679E+17
  0.562500000       9.49408293E+17
  0.632812500       9.88526787E+17
  0.703125000       1.02524408E+18
  0.773437500       1.05932606E+18
  0.843750000       1.09027992E+18
  0.914062500       1.11741704E+18
  0.984375000       1.14065391E+18
   1.05468750       1.16027311E+18
   1.12500000       1.17672648E+18
   1.19531250       1.19065207E+18
   1.26562500       1.20283425E+18
   1.33593750       1.21417214E+18
   1.40625000       1.22557036E+18
   1.47656250       1.23784091E+18
   1.54687500       1.25155663E+18
   1.61718750       1.26730246E+18
   1.68750000       1.28582030E+18
   1.75781250       1.30731644E+18
   1.82812500       1.33130229E+18
   1.89843750       1.35662775E+18
   1.96875000       1.38239961E+18
   2.03906250       1.40804723E+18
   2.10937500       1.56146470E+18
   2.17968750       1.58698877E+18
   2.25000000       1.61283444E+18
   2.32031250       1.63906631E+18
   2.39062500       1.66565484E+18
   2.46093750       1.69251096E+18
   2.53125000       1.71954163E+18
   2.60156250       1.74674382E+18
   2.67187500       1.77426157E+18
   2.74218750       1.80243202E+18
   2.81250000       1.83174679E+18
   2.88281250       1.86285307E+18
   2.95312500       1.90756994E+18
   3.02343750       1.97260646E+18
   3.09375000       2.06006052E+18
   3.16406250       2.15768670E+18
   3.23437500       2.25630630E+18
   3.30468750       2.35017147E+18
   3.37500000       2.43626818E+18
   3.44531250       2.51358639E+18
   3.51562500       2.58239437E+18
   3.58593750       2.64363250E+18
   3.65625000       2.69842309E+18
   3.72656250       2.74776065E+18
   3.79687500       2.79232935E+18
   3.86718750       2.83245575E+18
   3.93750000       2.86810439E+18
   4.00781250       2.89891573E+18
   4.07812500       2.92421605E+18
   4.14843750       2.94305865E+18
   4.21875000       2.95427147E+18
   4.28906250       2.95661700E+18
   4.35937500       2.94908260E+18
   4.42968750       2.93139118E+18
   4.50000000       2.90469642E+18
   4.57031250       2.87244554E+18
   4.64062500       2.84128208E+18
   4.71093750       2.82190924E+18
   4.78125000       2.81696143E+18
   4.85156250       2.82213189E+18
   4.92187500       2.82789855E+18
   4.99218750       2.83059318E+18
   5.06250000       2.82996673E+18
   5.13281250       2.82594280E+18
   5.20312500       2.81870334E+18
   5.27343750       2.80873077E+18
   5.34375000       2.79680299E+18
   5.41406250       2.78389830E+18
   5.48437500       2.77107277E+18
   5.55468750       2.75930524E+18
   5.62500000       2.74938215E+18
   5.69531250       2.74181339E+18
   5.76562500       2.73682023E+18
   5.83593750       2.73435485E+18
   5.90625000       2.73417068E+18
   5.97656250       2.73589142E+18
   6.04687500       2.73909814E+18
   6.11718750       2.74340053E+18
   6.18750000       2.74849100E+18
   6.25781250       2.75414798E+18
   6.32812500       2.76020629E+18
   6.39843750       2.76647681E+18
   6.46875000       2.77267063E+18
   6.53906250       2.77831415E+18
   6.60937500       2.78273694E+18
   6.67968750       2.78511710E+18
   6.75000000       2.78460995E+18
   6.82031250       2.78049888E+18
   6.89062500       2.77234848E+18
   6.96093750       2.76009414E+18
   7.03125000       2.74406354E+18
   7.10156250       2.72490235E+18
   7.17187500       2.70344703E+18
   7.24218750       2.68055575E+18
   7.31250000       2.65694209E+18
   7.38281250       2.63303458E+18
   7.45312500       2.60889755E+18
   7.52343750       2.58422863E+18
   7.59375000       2.55843931E+18
   7.66406250       2.53078824E+18
   7.73437500       2.50056130E+18
   7.80468750       2.46724225E+18
   7.87500000       2.43247046E+18
   7.94531250       2.39896312E+18
   8.01562500       2.36911468E+18
   8.08593750       2.34337731E+18
   8.15625000       2.32155778E+18
   8.22656250       2.30429861E+18
   8.29687500       2.29283881E+18
   8.36718750       2.28871399E+18
   8.43750000       2.29345536E+18
   8.50781250       2.30829904E+18
   8.57812500       2.33397621E+18
   8.64843750       2.37058528E+18
   8.71875000       2.41758170E+18
   8.78906250       2.47382997E+18
   8.85937500       2.53773688E+18
   8.92968750       2.60739727E+18
   9.00000000       2.68075256E+18
   9.07031250       2.75571534E+18
   9.14062500       2.83027460E+18
   9.21093750       2.90257023E+18
   9.28125000       2.97097195E+18
   9.35156250       3.03411003E+18
   9.42187500       3.09276321E+18
   9.49218750       3.15331551E+18
   9.56250000       3.21928428E+18
   9.63281250       3.29028415E+18
   9.70312500       3.35928153E+18
   9.77343750       3.42164912E+18
   9.84375000       3.47478412E+18
   9.91406250       3.51769504E+18
   9.98437500       3.55063833E+18
   10.0546875       3.57485452E+18
   10.1250000       3.59236865E+18
   10.1953125       3.60585196E+18
   10.2656250       3.61846940E+18
   10.3359375       3.63152116E+18
   10.4062500       3.64370402E+18
   10.4765625       3.65252595E+18
   10.5468750       3.65640035E+18
   10.6171875       3.65517522E+18
   10.6875000       3.64855012E+18
   10.7578125       3.63610419E+18
   10.8281250       3.61730502E+18
   10.8984375       3.59157920E+18
   10.9687500       3.55835718E+18
   11.0390625       3.51717662E+18
   11.1093750       3.46773515E+18
   11.1796875       3.41148304E+18
   11.2500000       3.35170424E+18
   11.3203125       3.29109531E+18
   11.3906250       3.23041739E+18
   11.4609375       3.16862786E+18
   11.5312500       3.10549967E+18
   11.6015625       3.04163124E+18
   11.6718750       2.97836947E+18
   11.7421875       2.91771353E+18
   11.8125000       2.86215356E+18
   11.8828125       2.81447406E+18
   11.9531250       2.77749831E+18
   12.0234375       2.75381676E+18
   12.0937500       2.74550307E+18
   12.1640625       2.75234314E+18
   12.2343750       2.77236717E+18
   12.3046875       2.80452596E+18
   12.3750000       2.84851247E+18
   12.4453125       2.90435887E+18
   12.5156250       2.97037107E+18
   12.5859375       3.04507739E+18
   12.6562500       3.12714301E+18
   12.7265625       3.21511054E+18
   12.7968750       3.30752724E+18
   12.8671875       3.40310421E+18
   12.9375000       3.50063172E+18
   13.0078125       3.59892806E+18
   13.0781250       3.69680686E+18
   13.1484375       3.79310236E+18
   13.2187500       3.88668867E+18
   13.2890625       3.97651822E+18
   13.3593750       4.06163773E+18
   13.4296875       4.14122451E+18
   13.5000000       4.21461251E+18
   13.5703125       4.28133500E+18
   13.6406250       4.34114788E+18
   13.7109375       4.39407727E+18
   13.7812500       4.44043818E+18
   13.8515625       4.48084771E+18
   13.9218750       4.51621542E+18
   13.9921875       4.54773622E+18
   14.0625000       4.57682765E+18
   14.1328125       4.60505266E+18
   14.2031250       4.63396322E+18
   14.2734375       4.66496011E+18
   14.3437500       4.69912633E+18
   14.4140625       4.73711666E+18
   14.4843750       4.77906137E+18
   14.5546875       4.82457786E+18
   14.6250000       4.87281398E+18
   14.6953125       4.92255699E+18
   14.7656250       4.97236047E+18
   14.8359375       5.02067796E+18
   14.9062500       5.06596244E+18
   14.9765625       5.10673178E+18
   15.0468750       5.14160060E+18
   15.1171875       5.16932148E+18
   15.1875000       5.18881307E+18
   15.2578125       5.19921006E+18
   15.3281250       5.19993463E+18
   15.3984375       5.19079549E+18
   15.4687500       5.17211039E+18
   15.5390625       5.14484031E+18
   15.6093750       5.11066254E+18
   15.6796875       5.07197237E+18
   15.7500000       5.03175828E+18
   15.8203125       4.99335179E+18
   15.8906250       4.96009926E+18
   15.9609375       4.93502435E+18
   16.0312500       4.92052124E+18
   16.1015625       4.91816114E+18
   16.1718750       4.92860210E+18
   16.2421875       4.95161048E+18
   16.3125000       4.98615109E+18
   16.3828125       5.03054442E+18
   16.4531250       5.08262609E+18
   16.5234375       5.13994913E+18
   16.5937500       5.19995992E+18
   16.6640625       5.26017853E+18
   16.7343750       5.31832125E+18
   16.8046875       5.37238094E+18
   16.8750000       5.42067754E+18
   16.9453125       5.46184600E+18
   17.0156250       5.49483135E+18
   17.0859375       5.51888372E+18
   17.1562500       5.53354735E+18
   17.2265625       5.53866888E+18
   17.2968750       5.53434505E+18
   17.3671875       5.52086229E+18
   17.4375000       5.49857684E+18
   17.5078125       5.46783669E+18
   17.5781250       5.42891343E+18
   17.6484375       5.38205004E+18
   17.7187500       5.32757199E+18
   17.7890625       5.26381241E+18
   17.8593750       5.18884716E+18
   17.9296875       5.10068392E+18
   18.0000000       4.99956788E+18
   18.0703125       4.88638580E+18
   18.1406250       4.76250053E+18
   18.2109375       4.62959706E+18
   18.2812500       4.48956821E+18
   18.3515625       4.34442883E+18
   18.4218750       4.19635732E+18
   18.4921875       4.04778884E+18
   18.5625000       3.90159777E+18
   18.6328125       3.76124374E+18
   18.7031250       3.62729931E+18
   18.7734375       3.49903248E+18
   18.8437500       3.37499575E+18
   18.9140625       3.25649890E+18
   18.9843750       3.14593064E+18
   19.0546875       3.04600702E+18
   19.1250000       2.95963956E+18
   19.1953125       2.88969440E+18
   19.2656250       2.83871115E+18
   19.3359375       2.80665131E+18
   19.4062500       2.79149620E+18
   19.4765625       2.78985380E+18
   19.5468750       2.79897342E+18
   19.6171875       2.81609557E+18
   19.6875000       2.83803193E+18
   19.7578125       2.86148836E+18
   19.8281250       2.88348409E+18
   19.8984375       2.90169530E+18
   19.9687500       2.91484491E+18
   20.0390625       2.92424656E+18
   20.1093750       2.93342363E+18
   20.1796875       2.94652843E+18
   20.2500000       2.96742080E+18
   20.3203125       2.99696551E+18
   20.3906250       3.03151024E+18
   20.4609375       3.06572264E+18
   20.5312500       3.09535585E+18
   20.6015625       3.11986782E+18
   20.6718750       3.13934759E+18
   20.7421875       3.15489249E+18
   20.8125000       3.16729003E+18
   20.8828125       3.17646243E+18
   20.9531250       3.18117714E+18
   21.0234375       3.18049874E+18
   21.0937500       3.17380189E+18
   21.1640625       3.16079879E+18
   21.2343750       3.14424701E+18
   21.3046875       3.12673399E+18
   21.3750000       3.11063082E+18
   21.4453125       3.09555707E+18
   21.5156250       3.08182801E+18
   21.5859375       3.07079634E+18
   21.6562500       3.06505386E+18
   21.7265625       3.06877434E+18
   21.7968750       3.08809688E+18
   21.8671875       3.12776286E+18
   21.9375000       3.18348446E+18
   22.0078125       3.24885922E+18
   22.0781250       3.31866942E+18
   22.1484375       3.39218111E+18
   22.2187500       3.46672663E+18
   22.2890625       3.53870313E+18
   22.3593750       3.60728105E+18
   22.4296875       3.67317093E+18
   22.5000000       3.73721556E+18
   22.5703125       3.80040037E+18
   22.6406250       3.86382570E+18
   22.7109375       3.92872904E+18
   22.7812500       3.99643202E+18
   22.8515625       4.06831534E+18
   22.9218750       4.14572069E+18
   22.9921875       4.22989325E+18
   23.0625000       4.32186740E+18
   23.1328125       4.42238695E+18
   23.2031250       4.53180045E+18
   23.2734375       4.65003314E+18
   23.3437500       4.77653140E+18
   23.4140625       4.91028534E+18
   23.4843750       5.05432356E+18
   23.5546875       5.21093745E+18
   23.6250000       5.38008412E+18
   23.6953125       5.55547601E+18
   23.7656250       5.72997950E+18
   23.8359375       5.89784744E+18
   23.9062500       6.05472411E+18
   23.9765625       6.19765897E+18
   24.0468750       6.32503959E+18
   24.1171875       6.43651688E+18
   24.1875000       6.53283795E+18
   24.2578125       6.61564492E+18
   24.3281250       6.68718244E+18
   24.3984375       6.75006021E+18
   24.4687500       6.80696929E+18
   24.5390625       6.86049516E+18
   24.6093750       6.91294241E+18
   24.6796875       6.96626378E+18
   24.7500000       7.02200517E+18
   24.8203125       7.08132932E+18
   24.8906250       7.14504162E+18
   24.9609375       7.21369128E+18
   25.0312500       7.28764608E+18
   25.1015625       7.36719355E+18
   25.1718750       7.45257393E+18
   25.2421875       7.54250628E+18
   25.3125000       7.63453046E+18
   25.3828125       7.72579597E+18
   25.4531250       7.81453205E+18
   25.5234375       7.89969693E+18
   25.5937500       7.98019272E+18
   25.6640625       8.05492323E+18
   25.7343750       8.12284886E+18
   25.8046875       8.18309220E+18
   25.8750000       8.23499849E+18
   25.9453125       8.27828902E+18
   26.0156250       8.31475542E+18
   26.0859375       8.34624213E+18
   26.1562500       8.37457930E+18
   26.2265625       8.39990600E+18
   26.2968750       8.42264280E+18
   26.3671875       8.44338838E+18
   26.4375000       8.46275188E+18
   26.5078125       8.48122093E+18
   26.5781250       8.49901378E+18
   26.6484375       8.51600288E+18
   26.7187500       8.53166762E+18
   26.7890625       8.54510640E+18
   26.8593750       8.55507732E+18
   26.9296875       8.56013508E+18
   27.0000000       8.55877443E+18
   27.0703125       8.54964519E+18
   27.1406250       8.53173634E+18
   27.2109375       8.50457566E+18
   27.2812500       8.46833575E+18
   27.3515625       8.42826350E+18
   27.4218750       8.39043755E+18
   27.4921875       8.35941098E+18
   27.5625000       8.33636852E+18
   27.6328125       8.31964935E+18
   27.7031250       8.30768061E+18
   27.7734375       8.29691309E+18
   27.8437500       8.28578384E+18
   27.9140625       8.27424886E+18
   27.9843750       8.26327409E+18
   28.0546875       8.25441752E+18
   28.1250000       8.24946147E+18
   28.1953125       8.25015801E+18
   28.2656250       8.25802996E+18
   28.3359375       8.27428075E+18
   28.4062500       8.29975148E+18
   28.4765625       8.33491222E+18
   28.5468750       8.37984046E+18
   28.6171875       8.43424155E+18
   28.6875000       8.49742938E+18
   28.7578125       8.56834513E+18
   28.8281250       8.64556988E+18
   28.8984375       8.72740103E+18
   28.9687500       8.81192709E+18
   29.0390625       8.89716948E+18
   29.1093750       8.98119031E+18
   29.1796875       9.06226390E+18
   29.2500000       9.13900871E+18
   29.3203125       9.21056053E+18
   29.3906250       9.27665107E+18
   29.4609375       9.33768936E+18
   29.5312500       9.39473422E+18
   29.6015625       9.44943603E+18
   29.6718750       9.50387944E+18
   29.7421875       9.56043392E+18
   29.8125000       9.62158766E+18
   29.8828125       9.68976288E+18
   29.9531250       9.76712342E+18
   30.0234375       9.85537242E+18
   30.0937500       9.95556762E+18
   30.1640625       1.00679410E+19
   30.2343750       1.01917691E+19
   30.3046875       1.03253686E+19
   30.3750000       1.04662028E+19
   30.4453125       1.06110866E+19
   30.5156250       1.07564739E+19
   30.5859375       1.08987507E+19
   30.6562500       1.10345173E+19
   30.7265625       1.11608248E+19
   30.7968750       1.12753059E+19
   30.8671875       1.13762785E+19
   30.9375000       1.14627562E+19
   31.0078125       1.15344102E+19
   31.0781250       1.15914749E+19
   31.1484375       1.16346021E+19
   31.2187500       1.16647354E+19
   31.2890625       1.16829455E+19
   31.3593750       1.16903133E+19
   31.4296875       1.16878097E+19
   31.5000000       1.16762604E+19
   31.5703125       1.16563021E+19
   31.6406250       1.16283712E+19
   31.7109375       1.15927459E+19
   31.7812500       1.15495703E+19
   31.8515625       1.14989136E+19
   31.9218750       1.14407780E+19
   31.9921875       1.13750965E+19
   32.0625000       1.13017239E+19
   32.1328125       1.12204359E+19
   32.2031250       1.11309422E+19
   32.2734375       1.10329978E+19
   32.3437500       1.09265518E+19
   32.4140625       1.08119409E+19
   32.4843750       1.06900447E+19
   32.5546875       1.05623474E+19
   32.6250000       1.04309162E+19
   32.6953125       1.02982590E+19
   32.7656250       1.01670631E+19
   32.8359375       1.00399320E+19
   32.9062500       9.91908032E+18
   32.9765625       9.80611760E+18
   33.0468750       9.70188390E+18
   33.1171875       9.60642649E+18
   33.1875000       9.51909998E+18
   33.2578125       9.43879495E+18
   33.3281250       9.36421728E+18
   33.3984375       9.29417729E+18
   33.4687500       9.22777668E+18
   33.5390625       9.16449264E+18
   33.6093750       9.10412395E+18
   33.6796875       9.04666787E+18
   33.7500000       8.99216893E+18
   33.8203125       8.94061173E+18
   33.8906250       8.89185939E+18
   33.9609375       8.84567165E+18
   34.0312500       8.80177475E+18
   34.1015625       8.75992459E+18
   34.1718750       8.71995129E+18
   34.2421875       8.68175866E+18
   34.3125000       8.64530270E+18
   34.3828125       8.61054549E+18
   34.4531250       8.57741006E+18
   34.5234375       8.54573917E+18
   34.5937500       8.51527116E+18
   34.6640625       8.48564042E+18
   34.7343750       8.45637362E+18
   34.8046875       8.42692595E+18
   34.8750000       8.39671412E+18
   34.9453125       8.36515153E+18
   35.0156250       8.33165491E+18
   35.0859375       8.29565030E+18
   35.1562500       8.25655057E+18
   35.2265625       8.21376802E+18
   35.2968750       8.16669628E+18
   35.3671875       8.11477404E+18
   35.4375000       8.05752632E+18
   35.5078125       7.99465240E+18
   35.5781250       7.92608740E+18
   35.6484375       7.85204024E+18
   35.7187500       7.77300020E+18
   35.7890625       7.68968526E+18
   35.8593750       7.60293874E+18
   35.9296875       7.51362266E+18
   36.0000000       7.42246875E+18
   36.0703125       7.32998882E+18
   36.1406250       7.23636651E+18
   36.2109375       7.14144897E+18
   36.2812500       7.04476066E+18
   36.3515625       6.94559076E+18
   36.4218750       6.84309264E+18
   36.4921875       6.73643122E+18
   36.5625000       6.62490555E+18
   36.6328125       6.50806320E+18
   36.7031250       6.38576617E+18
   36.7734375       6.25823822E+18
   36.8437500       6.12608791E+18
   36.9140625       5.99032791E+18
   36.9843750       5.85236614E+18
   37.0546875       5.71400800E+18
   37.1250000       5.57739203E+18
   37.1953125       5.44492397E+18
   37.2656250       5.31912719E+18
   37.3359375       5.20250419E+18
   37.4062500       5.09461846E+18
   37.4765625       4.99350792E+18
   37.5468750       4.89655079E+18
   37.6171875       4.80348318E+18
   37.6875000       4.71525781E+18
   37.7578125       4.63364711E+18
   37.8281250       4.56164779E+18
   37.8984375       4.50391519E+18
   37.9687500       4.46710024E+18
   38.0390625       4.45084478E+18
   38.1093750       4.44959766E+18
   38.1796875       4.45464305E+18
   38.2500000       4.46262468E+18
   38.3203125       4.47309972E+18
   38.3906250       4.48579029E+18
   38.4609375       4.50052622E+18
   38.5312500       4.51715193E+18
   38.6015625       4.53542472E+18
   38.6718750       4.55492840E+18
   38.7421875       4.57505222E+18
   38.8125000       4.59500615E+18
   38.8828125       4.61388944E+18
   38.9531250       4.63126997E+18
   39.0234375       4.64785995E+18
   39.0937500       4.66437407E+18
   39.1640625       4.68106080E+18
   39.2343750       4.69710323E+18
   39.3046875       4.71177456E+18
   39.3750000       4.72312042E+18
   39.4453125       4.72908417E+18
   39.5156250       4.72751627E+18
   39.5859375       4.71835459E+18
   39.6562500       4.70180034E+18
   39.7265625       4.67808058E+18
   39.7968750       4.64666313E+18
   39.8671875       4.60710133E+18
   39.9375000       4.55947241E+18
   40.0078125       4.50443553E+18
   40.0781250       4.44324249E+18
   40.1484375       4.37762748E+18
   40.2187500       4.30966227E+18
   40.2890625       4.24155247E+18
   40.3593750       4.17545478E+18
   40.4296875       4.11330379E+18
   40.5000000       4.05670368E+18
   40.5703125       4.00850246E+18
   40.6406250       3.97155914E+18
   40.7109375       3.94685917E+18
   40.7812500       3.93233242E+18
   40.8515625       3.92447586E+18
   40.9218750       3.92059568E+18
   40.9921875       3.91871277E+18
   41.0625000       3.91750330E+18
   41.1328125       3.91634387E+18
   41.2031250       3.91539059E+18
   41.2734375       3.91569818E+18
   41.3437500       3.91928012E+18
   41.4140625       3.92911800E+18
   41.4843750       3.94910025E+18
   41.5546875       3.98395696E+18
   41.6250000       4.03728080E+18
   41.6953125       4.10679770E+18
   41.7656250       4.18824018E+18
   41.8359375       4.27699495E+18
   41.9062500       4.37254719E+18
   41.9765625       4.47436306E+18
   42.0468750       4.58192114E+18
   42.1171875       4.69472004E+18
   42.1875000       4.81222594E+18
   42.2578125       4.93380664E+18
   42.3281250       5.05863145E+18
   42.3984375       5.18562174E+18
   42.4687500       5.31341468E+18
   42.5390625       5.44039673E+18
   42.6093750       5.56479987E+18
   42.6796875       5.68486984E+18
   42.7500000       5.79908546E+18
   42.8203125       5.90637690E+18
   42.8906250       6.00628788E+18
   42.9609375       6.09907401E+18
   43.0312500       6.18567485E+18
   43.1015625       6.26760660E+18
   43.1718750       6.34677859E+18
   43.2421875       6.42530406E+18
   43.3125000       6.50529628E+18
   43.3828125       6.58870303E+18
   43.4531250       6.67715984E+18
   43.5234375       6.77192785E+18
   43.5937500       6.87388886E+18
   43.6640625       6.98359044E+18
   43.7343750       7.10130030E+18
   43.8046875       7.22707674E+18
   43.8750000       7.36078010E+18
   43.9453125       7.50208164E+18
   44.0156250       7.65042060E+18
   44.0859375       7.80500094E+18
   44.1562500       7.96478911E+18
   44.2265625       8.12856412E+18
   44.2968750       8.29496476E+18
   44.3671875       8.46397619E+18
   44.4375000       8.63746483E+18
   44.5078125       8.81606730E+18
   44.5781250       8.99812663E+18
   44.6484375       9.17944270E+18
   44.7187500       9.35660756E+18
   44.7890625       9.52682075E+18
   44.8593750       9.68774418E+18
   44.9296875       9.83746687E+18
   45.0000000       9.97456278E+18
   45.0703125       1.00982128E+19
   45.1406250       1.02083266E+19
   45.2109375       1.03056411E+19
   45.2812500       1.03916911E+19
   45.3515625       1.04686833E+19
   45.4218750       1.05392291E+19
   45.4921875       1.06060486E+19
   45.5625000       1.06716378E+19
   45.6328125       1.07379856E+19
   45.7031250       1.08063422E+19
   45.7734375       1.08771233E+19
   45.8437500       1.09499769E+19
   45.9140625       1.10239246E+19
   45.9843750       1.10976226E+19
   46.0546875       1.11696066E+19
   46.1250000       1.12385438E+19
   46.1953125       1.13034061E+19
   46.2656250       1.13635868E+19
   46.3359375       1.14189208E+19
   46.4062500       1.14696314E+19
   46.4765625       1.15161968E+19
   46.5468750       1.15591514E+19
   46.6171875       1.15988955E+19
   46.6875000       1.16355554E+19
   46.7578125       1.16689498E+19
   46.8281250       1.16986366E+19
   46.8984375       1.17240452E+19
   46.9687500       1.17446413E+19
   47.0390625       1.17600377E+19
   47.1093750       1.17700378E+19
   47.1796875       1.17746260E+19
   47.2500000       1.17739081E+19
   47.3203125       1.17680202E+19
   47.3906250       1.17570569E+19
   47.4609375       1.17409942E+19
   47.5312500       1.17196714E+19
   47.6015625       1.16928136E+19
   47.6718750       1.16600888E+19
   47.7421875       1.16211738E+19
   47.8125000       1.15758695E+19
   47.8828125       1.15241518E+19
   47.9531250       1.14661888E+19
   48.0234375       1.14023237E+19
   48.0937500       1.13329984E+19
   48.1640625       1.12586670E+19
   48.2343750       1.11796891E+19
   48.3046875       1.10962593E+19
   48.3750000       1.10083522E+19
   48.4453125       1.09157238E+19
   48.5156250       1.08179025E+19
   48.5859375       1.07142130E+19
   48.6562500       1.06038265E+19
   48.7265625       1.04858698E+19
   48.7968750       1.03595326E+19
   48.8671875       1.02242355E+19
   48.9375000       1.00797432E+19
   49.0078125       9.92627333E+18
   49.0781250       9.76453297E+18
   49.1484375       9.59576013E+18
   49.2187500       9.42173603E+18
   49.2890625       9.24484990E+18
   49.3593750       9.06815233E+18
   49.4296875       8.89544929E+18
   49.5000000       8.73138236E+18
   49.5703125       8.58148924E+18
   49.6406250       8.45046264E+18
   49.7109375       8.33621349E+18
   49.7812500       8.23451581E+18
   49.8515625       8.14039047E+18
   49.9218750       8.05365714E+18
   49.9921875       7.97396069E+18
   50.0625000       7.90087945E+18
   50.1328125       7.83403959E+18
   50.2031250       7.77322065E+18
   50.2734375       7.71843694E+18
   50.3437500       7.67000620E+18
   50.4140625       7.62856231E+18
   50.4843750       7.59501841E+18
   50.5546875       7.57044872E+18
   50.6250000       7.55590383E+18
   50.6953125       7.55217099E+18
   50.7656250       7.55952177E+18
   50.8359375       7.57752518E+18
   50.9062500       7.60495249E+18
   50.9765625       7.63983175E+18
   51.0468750       7.67964782E+18
   51.1171875       7.72169204E+18
   51.1875000       7.76340861E+18
   51.2578125       7.80214551E+18
   51.3281250       7.83602421E+18
   51.3984375       7.86418545E+18
   51.4687500       7.88743187E+18
   51.5390625       7.90755074E+18
   51.6093750       7.92709621E+18
   51.6796875       7.94921728E+18
   51.7500000       7.97754950E+18
   51.8203125       8.01621052E+18
   51.8906250       8.06985954E+18
   51.9609375       8.14001333E+18
   52.0312500       8.22527441E+18
   52.1015625       8.32248224E+18
   52.1718750       8.43006010E+18
   52.2421875       8.54742857E+18
   52.3125000       8.67345954E+18
   52.3828125       8.80655982E+18
   52.4531250       8.94480582E+18
   52.5234375       9.08619147E+18
   52.5937500       9.22886410E+18
   52.6640625       9.37134871E+18
   52.7343750       9.51265575E+18
   52.8046875       9.65227723E+18
   52.8750000       9.79008342E+18
   52.9453125       9.92611830E+18
   53.0156250       1.00603599E+19
   53.0859375       1.01950160E+19
   53.1562500       1.03309354E+19
   53.2265625       1.04676674E+19
   53.2968750       1.06011613E+19
   53.3671875       1.07274864E+19
   53.4375000       1.08429944E+19
   53.5078125       1.09444321E+19
   53.5781250       1.10289614E+19
   53.6484375       1.10941262E+19
   53.7187500       1.11377779E+19
   53.7890625       1.11579858E+19
   53.8593750       1.11530325E+19
   53.9296875       1.11215293E+19
   54.0000000       1.10626505E+19
   54.0703125       1.09764301E+19
   54.1406250       1.08640347E+19
   54.2109375       1.07279470E+19
   54.2812500       1.05719176E+19
   54.3515625       1.04007588E+19
   54.4218750       1.02199023E+19
   54.4921875       1.00348820E+19
   54.5625000       9.85075777E+18
   54.6328125       9.67160774E+18
   54.7031250       9.50014880E+18
   54.7734375       9.33760910E+18
   54.8437500       9.18385229E+18
   54.9140625       9.03775468E+18
   54.9843750       8.89769339E+18
   55.0546875       8.76211262E+18
   55.1250000       8.62994802E+18
   55.1953125       8.50087140E+18
   55.2656250       8.37527034E+18
   55.3359375       8.25405523E+18
   55.4062500       8.13832448E+18
   55.4765625       8.02904897E+18
   55.5468750       7.92680594E+18
   55.6171875       7.83172237E+18
   55.6875000       7.74356188E+18
   55.7578125       7.66199406E+18
   55.8281250       7.58691171E+18
   55.8984375       7.51879586E+18
   55.9687500       7.45570643E+18
   56.0390625       7.39399415E+18
   56.1093750       7.32934726E+18
   56.1796875       7.25986912E+18
   56.2500000       7.18527000E+18
   56.3203125       7.10561259E+18
   56.3906250       7.02123826E+18
   56.4609375       6.93272098E+18
   56.5312500       6.84080566E+18
   56.6015625       6.74635046E+18
   56.6718750       6.65020641E+18
   56.7421875       6.55311899E+18
   56.8125000       6.45561870E+18
   56.8828125       6.35797711E+18
   56.9531250       6.26016676E+18
   57.0234375       6.16189241E+18
   57.0937500       6.06263840E+18
   57.1640625       5.96176150E+18
   57.2343750       5.85858938E+18
   57.3046875       5.75258216E+18
   57.3750000       5.64347323E+18
   57.4453125       5.53141045E+18
   57.5156250       5.41699747E+18
   57.5859375       5.30128377E+18
   57.6562500       5.18561515E+18
   57.7265625       5.07145835E+18
   57.7968750       4.96017898E+18
   57.8671875       4.85291502E+18
   57.9375000       4.75051091E+18
   58.0078125       4.65358016E+18
   58.0781250       4.56261949E+18
   58.1484375       4.47816160E+18
   58.2187500       4.40086181E+18
   58.2890625       4.33152056E+18
   58.3593750       4.27099162E+18
   58.4296875       4.22004795E+18
   58.5000000       4.17921566E+18
   58.5703125       4.14865611E+18
   58.6406250       4.12812080E+18
   58.7109375       4.11703141E+18
   58.7812500       4.11618726E+18
   58.8515625       4.13085804E+18
   58.9218750       4.16467407E+18
   58.9921875       4.21878763E+18
   59.0625000       4.28970283E+18
   59.1328125       4.37924569E+18
   59.2031250       4.49515180E+18
   59.2734375       4.64531073E+18
   59.3437500       4.83518155E+18
   59.4140625       5.05879747E+18
   59.4843750       5.30478296E+18
   59.5546875       5.55893673E+18
   59.6250000       5.81221033E+18
   59.6953125       6.05996713E+18
   59.7656250       6.29853147E+18
   59.8359375       6.52524747E+18
   59.9062500       6.73847521E+18
   59.9765625       6.94421253E+18
   60.0468750       7.14747154E+18
   60.1171875       7.35200545E+18
   60.1875000       7.55405775E+18
   60.2578125       7.75124746E+18
   60.3281250       7.94301109E+18
   60.3984375       8.13030685E+18
   60.4687500       8.31529143E+18
   60.5390625       8.50093627E+18
   60.6093750       8.69068669E+18
   60.6796875       8.88808641E+18
   60.7500000       9.09647960E+18
   60.8203125       9.31870739E+18
   60.8906250       9.55692318E+18
   60.9609375       9.81243319E+18
   61.0312500       1.00856497E+19
   61.1015625       1.03760440E+19
   61.1718750       1.06821843E+19
   61.2421875       1.10017881E+19
   61.3125000       1.13319077E+19
   61.3828125       1.16690630E+19
   61.4531250       1.20095136E+19
   61.5234375       1.23494826E+19
   61.5937500       1.26855044E+19
   61.6640625       1.30146816E+19
   61.7343750       1.33349155E+19
   61.8046875       1.36520927E+19
   61.8750000       1.39788126E+19
   61.9453125       1.43243869E+19
   62.0156250       1.46884616E+19
   62.0859375       1.50629487E+19
   62.1562500       1.54424088E+19
   62.2265625       1.58235182E+19
   62.2968750       1.62044396E+19
   62.3671875       1.65842472E+19
   62.4375000       1.69625012E+19
   62.5078125       1.73388729E+19
   62.5781250       1.77129399E+19
   62.6484375       1.80840823E+19
   62.7187500       1.84514742E+19
   62.7890625       1.88141547E+19
   62.8593750       1.91711001E+19
   62.9296875       1.95213935E+19
   63.0000000       1.98644236E+19
   63.0703125       2.02000275E+19
   63.1406250       2.05286474E+19
   63.2109375       2.08513760E+19
   63.2812500       2.11699991E+19
   63.3515625       2.14868278E+19
   63.4218750       2.18044833E+19
   63.4921875       2.21255890E+19
   63.5625000       2.24524409E+19
   63.6328125       2.27866660E+19
   63.7031250       2.31290055E+19
   63.7734375       2.34792682E+19
   63.8437500       2.38365303E+19
   63.9140625       2.41994857E+19
   63.9843750       2.45668699E+19
   64.0546875       2.49378583E+19
   64.1250000       2.53123278E+19
   64.1953125       2.56909028E+19
   64.2656250       2.60747995E+19
   64.3359375       2.64655198E+19
   64.4062500       2.68644995E+19
   64.4765625       2.72728274E+19
   64.5468750       2.76910288E+19
   64.6171875       2.81190225E+19
   64.6875000       2.85563071E+19
   64.7578125       2.90021854E+19
   64.8281250       2.94559913E+19
   64.8984375       2.99172540E+19
   64.9687500       3.03857669E+19
   65.0390625       3.08614772E+19
   65.1093750       3.13442815E+19
   65.1796875       3.18337885E+19
   65.2500000       3.23292043E+19
   65.3203125       3.28292534E+19
   65.3906250       3.33322557E+19
   65.4609375       3.38363225E+19
   65.5312500       3.43395799E+19
   65.6015625       3.48404075E+19
   65.6718750       3.53375802E+19
   65.7421875       3.58303462E+19
   65.8125000       3.63184414E+19
   65.8828125       3.68020044E+19
   65.9531250       3.72813299E+19
   66.0234375       3.77567323E+19
   66.0937500       3.82283568E+19
   66.1640625       3.86961902E+19
   66.2343750       3.91600698E+19
   66.3046875       3.96198020E+19
   66.3750000       4.00753253E+19
   66.4453125       4.05267496E+19
   66.5156250       4.09743959E+19
   66.5859375       4.14186074E+19
   66.6562500       4.18596611E+19
   66.7265625       4.22976186E+19
   66.7968750       4.27322072E+19
   66.8671875       4.31628551E+19
   66.9375000       4.35887839E+19
   67.0078125       4.40092151E+19
   67.0781250       4.44234627E+19
   67.1484375       4.48309418E+19
   67.2187500       4.52311464E+19
   67.2890625       4.56234346E+19
   67.3593750       4.60067727E+19
   67.4296875       4.63795071E+19
   67.5000000       4.67393245E+19
   67.5703125       4.70833617E+19
   67.6406250       4.74084961E+19
   67.7109375       4.77118249E+19
   67.7812500       4.79911537E+19
   67.8515625       4.82453959E+19
   67.9218750       4.84747409E+19
   67.9921875       4.86805519E+19
   68.0625000       4.88650675E+19
   68.1328125       4.90310014E+19
   68.2031250       4.91810056E+19
   68.2734375       4.93172307E+19
   68.3437500       4.94411192E+19
   68.4140625       4.95532474E+19
   68.4843750       4.96534129E+19
   68.5546875       4.97408373E+19
   68.6250000       4.98145134E+19
   68.6953125       4.98735088E+19
   68.7656250       4.99172562E+19
   68.8359375       4.99456939E+19
   68.9062500       4.99592531E+19
   68.9765625       4.99589232E+19
   69.0468750       4.99459710E+19
   69.1171875       4.99218785E+19
   69.1875000       4.98881939E+19
   69.2578125       4.98465224E+19
   69.3281250       4.97984605E+19
   69.3984375       4.97455960E+19
   69.4687500       4.96893758E+19
   69.5390625       4.96309609E+19
   69.6093750       4.95709320E+19
   69.6796875       4.95089635E+19
   69.7500000       4.94436965E+19
   69.8203125       4.93726900E+19
   69.8906250       4.92925972E+19
   69.9609375       4.91995741E+19
   70.0312500       4.90897417E+19
   70.1015625       4.89596079E+19
   70.1718750       4.88064284E+19
   70.2421875       4.86282855E+19
   70.3125000       4.84241941E+19
   70.3828125       4.81940312E+19
   70.4531250       4.79383287E+19
   70.5234375       4.76581512E+19
   70.5937500       4.73548883E+19
   70.6640625       4.70301893E+19
   70.7343750       4.66858487E+19
   70.8046875       4.63237443E+19
   70.8750000       4.59457674E+19
   70.9453125       4.55538267E+19
   71.0156250       4.51496770E+19
   71.0859375       4.47348708E+19
   71.1562500       4.43106529E+19
   71.2265625       4.38779554E+19
   71.2968750       4.34374911E+19
   71.3671875       4.29897700E+19
   71.4375000       4.25352890E+19
   71.5078125       4.20746728E+19
   71.5781250       4.16087789E+19
   71.6484375       4.11387773E+19
   71.7187500       4.06660797E+19
   71.7890625       4.01923133E+19
   71.8593750       3.97192506E+19
   71.9296875       3.92486992E+19
   72.0000000       3.87824095E+19
   72.0703125       3.83221276E+19
   72.1406250       3.78695290E+19
   72.2109375       3.74261927E+19
   72.2812500       3.69935701E+19
   72.3515625       3.65729211E+19
   72.4218750       3.61651804E+19
   72.4921875       3.57707372E+19
   72.5625000       3.53893892E+19
   72.6328125       3.50202700E+19
   72.7031250       3.46619084E+19
   72.7734375       3.43123230E+19
   72.8437500       3.39692644E+19
   72.9140625       3.36304433E+19
   72.9843750       3.32937596E+19
   73.0546875       3.29574300E+19
   73.1250000       3.26200559E+19
   73.1953125       3.22807004E+19
   73.2656250       3.19388513E+19
   73.3359375       3.15944292E+19
   73.4062500       3.12477774E+19
   73.4765625       3.08996940E+19
   73.5468750       3.05513731E+19
   73.6171875       3.02043673E+19
   73.6875000       2.98604158E+19
   73.7578125       2.95213374E+19
   73.8281250       2.91887418E+19
   73.8984375       2.88637921E+19
   73.9687500       2.85469458E+19
   74.0390625       2.82377940E+19
   74.1093750       2.79350346E+19
   74.1796875       2.76366096E+19
   74.2500000       2.73399724E+19
   74.3203125       2.70425764E+19
   74.3906250       2.67422756E+19
   74.4609375       2.64377747E+19
   74.5312500       2.61289109E+19
   74.6015625       2.58167947E+19
   74.6718750       2.55036560E+19
   74.7421875       2.51924986E+19
   74.8125000       2.48865969E+19
   74.8828125       2.45890031E+19
   74.9531250       2.43019909E+19
   75.0234375       2.40268030E+19
   75.0937500       2.37635161E+19
   75.1640625       2.35112574E+19
   75.2343750       2.32685094E+19
   75.3046875       2.30335262E+19
   75.3750000       2.28046870E+19
   75.4453125       2.25807627E+19
   75.5156250       2.23609637E+19
   75.5859375       2.21448525E+19
   75.6562500       2.19321761E+19
   75.7265625       2.17226246E+19
   75.7968750       2.15156064E+19
   75.8671875       2.13100967E+19
   75.9375000       2.11045342E+19
   76.0078125       2.08969596E+19
   76.0781250       2.06852200E+19
   76.1484375       2.04672990E+19
   76.2187500       2.02415957E+19
   76.2890625       2.00072084E+19
   76.3593750       1.97639040E+19
   76.4296875       1.95120609E+19
   76.5000000       1.92524002E+19
   76.5703125       1.89857840E+19
   76.6406250       1.87129886E+19
   76.7109375       1.84345560E+19
   76.7812500       1.81507786E+19
   76.8515625       1.78617115E+19
   76.9218750       1.75672678E+19
   76.9921875       1.72673309E+19
   77.0625000       1.69618536E+19
   77.1328125       1.66510272E+19
   77.2031250       1.63352881E+19
   77.2734375       1.60153093E+19
   77.3437500       1.56918946E+19
   77.4140625       1.53658839E+19
   77.4843750       1.50380579E+19
   77.5546875       1.47090862E+19
   77.6250000       1.43795516E+19
   77.6953125       1.40500478E+19
   77.7656250       1.37212223E+19
   77.8359375       1.30246982E+19
   77.9062500       1.27233517E+19
   77.9765625       1.24243110E+19
   78.0468750       1.21284599E+19
   78.1171875       1.18367748E+19
   78.1875000       1.15502586E+19
   78.2578125       1.09776472E+19
   78.3281250       1.07296216E+19
   78.3984375       1.04878368E+19
   78.4687500       1.02525028E+19
   78.5390625       1.00235746E+19
   78.6093750       9.80069591E+18
   78.6796875       9.58320261E+18
   78.7500000       9.37017773E+18
   78.8203125       9.16053055E+18
   78.8906250       8.95310438E+18
   78.9609375       8.74681511E+18
   79.0312500       8.54080511E+18
   79.1015625       8.33459831E+18
   79.1718750       8.12816994E+18
   79.2421875       7.92196643E+18
   79.3125000       7.71680911E+18
   79.3828125       7.51377494E+18
   79.4531250       7.31399643E+18
   79.5234375       7.11848237E+18
   79.5937500       6.67761779E+18
   79.6640625       6.53184784E+18
   79.7343750       6.12871465E+18
   79.8046875       6.00711856E+18
   79.8750000       5.88618987E+18
   79.9453125       5.76473727E+18
   80.0156250       5.64150895E+18
   80.0859375       5.51531525E+18
   80.1562500       5.38519685E+18
   80.2265625       5.25058199E+18
   80.2968750       5.11141020E+18
   80.3671875       4.96816198E+18
   80.4375000       4.82181094E+18
   80.5078125       4.67368528E+18
   80.5781250       4.52527045E+18
   80.6484375       4.37797822E+18
   80.7187500       4.23294137E+18
   80.7890625       4.09089299E+18
   80.8593750       3.95211538E+18
   80.9296875       3.81647056E+18
   81.0000000       3.68349370E+18
   81.0703125       3.55253719E+18
   81.1406250       3.42288855E+18
   81.2109375       2.96229076E+18
   81.2812500       2.56931156E+18
   81.3515625       2.46498247E+18
   81.4218750       2.35813716E+18
   81.4921875       2.03781808E+18
   81.5625000       1.95604191E+18
   81.6328125       1.52417820E+18
   81.7031250       1.47944182E+18
   81.7734375       1.43802226E+18
   81.8437500       1.39944177E+18
   81.9140625       1.36310250E+18
   81.9843750       1.11527739E+18
   82.0546875       1.09689108E+18
   82.1250000       1.08478944E+18
   82.1953125       1.07888644E+18
   82.2656250       1.07883421E+18
   82.3359375       1.08400590E+18
   82.4062500       1.09354224E+18
   82.4765625       1.10641168E+18
   82.5468750       1.12150502E+18
   82.6171875       1.13770715E+18
   82.6875000       1.15398652E+18
   82.7578125       1.16945088E+18
   82.8281250       1.18339571E+18
   82.8984375       9.45239426E+17
   82.9687500       9.60159249E+17
   83.0390625       9.73453582E+17
   83.1093750       9.84977494E+17
   83.1796875       9.94621861E+17
   83.2500000       1.00229796E+18
   83.3203125       1.00787819E+18
   83.3906250       1.01120634E+18
   83.4609375       1.01207544E+18
   83.5312500       1.01028014E+18
   83.6015625       1.00562708E+18
   83.6718750       9.97991726E+17
   83.7421875       9.87303374E+17
   83.8125000       9.73573154E+17
   83.8828125       9.56860714E+17
   83.9531250       9.37287208E+17
   84.0234375       6.15096972E+17
   84.0937500       6.10905084E+17
   84.1640625       6.05695736E+17
   84.2343750       5.99572555E+17
   84.3046875       5.92690369E+17
   84.3750000       5.85256708E+17
   84.4453125       5.77499447E+17
   84.5156250       5.69657558E+17
   84.5859375       5.61936307E+17
   84.6562500       5.54491823E+17
   84.7265625       5.47392345E+17
   84.7968750       5.40620384E+17
   84.8671875       5.34052967E+17
   84.9375000       5.27484897E+17
   85.0078125       5.20634767E+17
   85.0781250       5.13188737E+17
   85.1484375       5.04814650E+17
   85.2187500       4.95202514E+17
   85.2890625       4.84075112E+17
   85.3593750       4.71223299E+17
   85.4296875       4.56504171E+17
   85.5000000       4.39860383E+17
   85.5703125       4.21307258E+17
   85.6406250       4.00944852E+17
   85.7109375       3.78930052E+17
   85.7812500       3.55472418E+17
   85.8515625       3.30795873E+17
   85.9218750       3.05130042E+17
   85.9921875       2.78670449E+17
   86.0625000       0.00000000    
   86.1328125       0.00000000    
   86.2031250       0.00000000    
   86.2734375       0.00000000    
   86.3437500       0.00000000    
   86.4140625       0.00000000    
   86.4843750       0.00000000    
   86.5546875       0.00000000    
   86.6250000       0.00000000    
   86.6953125       0.00000000    
   86.7656250       0.00000000    
   86.8359375       0.00000000    
   86.9062500       0.00000000    
   86.9765625       0.00000000    
   87.0468750       0.00000000    
   87.1171875       0.00000000    
   87.1875000       0.00000000    
   87.2578125       0.00000000    
   87.3281250       0.00000000    
   87.3984375       0.00000000    
   87.4687500       0.00000000    
   87.5390625       0.00000000    
   87.6093750       0.00000000    
   87.6796875       0.00000000    
   87.7500000       0.00000000    
   87.8203125       0.00000000    
   87.8906250       0.00000000    
   87.9609375       0.00000000    
   88.0312500       0.00000000    
   88.1015625       0.00000000    
   88.1718750       0.00000000    
   88.2421875       0.00000000    
   88.3125000       0.00000000    
   88.3828125       0.00000000    
   88.4531250       0.00000000    
   88.5234375       0.00000000    
   88.5937500       0.00000000    
   88.6640625       0.00000000    
   88.7343750       0.00000000    
   88.8046875       0.00000000    
   88.8750000       0.00000000    
   88.9453125       0.00000000    
   89.0156250       0.00000000    
   89.0859375       0.00000000    
   89.1562500       0.00000000    
   89.2265625       0.00000000    
   89.2968750       0.00000000    
   89.3671875       0.00000000    
   89.4375000       0.00000000    
   89.5078125       0.00000000    
   89.5781250       0.00000000    
   89.6484375       0.00000000    
   89.7187500       0.00000000    
   89.7890625       0.00000000    
   89.8593750       0.00000000    
   89.9296875       0.00000000    
   90.0000000       0.00000000    
   90.0703125       0.00000000    
   90.1406250       0.00000000    
   90.2109375       0.00000000    
   90.2812500       0.00000000    
   90.3515625       0.00000000    
   90.4218750       0.00000000    
   90.4921875       0.00000000    
   90.5625000       0.00000000    
   90.6328125       0.00000000    
   90.7031250       0.00000000    
   90.7734375       0.00000000    
   90.8437500       0.00000000    
   90.9140625       0.00000000    
   90.9843750       0.00000000    
   91.0546875       0.00000000    
   91.1250000       0.00000000    
   91.1953125       0.00000000    
   91.2656250       0.00000000    
   91.3359375       0.00000000    
   91.4062500       0.00000000    
   91.4765625       0.00000000    
   91.5468750       0.00000000    
   91.6171875       0.00000000    
   91.6875000       0.00000000    
   91.7578125       0.00000000    
   91.8281250       0.00000000    
   91.8984375       0.00000000    
   91.9687500       0.00000000    
   92.0390625       0.00000000    
   92.1093750       0.00000000    
   92.1796875       0.00000000    
   92.2500000       0.00000000    
   92.3203125       0.00000000    
   92.3906250       0.00000000    
   92.4609375       0.00000000    
   92.5312500       0.00000000    
   92.6015625       0.00000000    
   92.6718750       0.00000000    
   92.7421875       0.00000000    
   92.8125000       0.00000000    
   92.8828125       0.00000000    
   92.9531250       0.00000000    
   93.0234375       0.00000000    
   93.0937500       0.00000000    
   93.1640625       0.00000000    
   93.2343750       0.00000000    
   93.3046875       0.00000000    
   93.3750000       0.00000000    
   93.4453125       0.00000000    
   93.5156250       0.00000000    
   93.5859375       0.00000000    
   93.6562500       0.00000000    
   93.7265625       0.00000000    
   93.7968750       0.00000000    
   93.8671875       0.00000000    
   93.9375000       0.00000000    
   94.0078125       0.00000000    
   94.0781250       0.00000000    
   94.1484375       0.00000000    
   94.2187500       0.00000000    
   94.2890625       0.00000000    
   94.3593750       0.00000000    
   94.4296875       0.00000000    
   94.5000000       0.00000000    
   94.5703125       0.00000000    
   94.6406250       0.00000000    
   94.7109375       0.00000000    
   94.7812500       0.00000000    
   94.8515625       0.00000000    
   94.9218750       0.00000000    
   94.9921875       0.00000000    
   95.0625000       0.00000000    
   95.1328125       0.00000000    
   95.2031250       0.00000000    
   95.2734375       0.00000000    
   95.3437500       0.00000000    
   95.4140625       0.00000000    
   95.4843750       0.00000000    
   95.5546875       0.00000000    
   95.6250000       0.00000000    
   95.6953125       0.00000000    
