2016 11 13 11 02 56.0 -42.737 173.054
22. 9.291E+20 7.912 225 28 150 342 77 66
  -1.12500000       0.00000000    
  -1.05468750       0.00000000    
 -0.984375000       0.00000000    
 -0.914062500       0.00000000    
 -0.843750000       0.00000000    
 -0.773437500       0.00000000    
 -0.703125000       0.00000000    
 -0.632812500       0.00000000    
 -0.562500000       0.00000000    
 -0.492187500       0.00000000    
 -0.421875000       0.00000000    
 -0.351562500       0.00000000    
 -0.281250000       0.00000000    
 -0.210937500       0.00000000    
 -0.140625000       0.00000000    
  -7.03125000E-02   0.00000000    
   0.00000000       0.00000000    
   7.03125000E-02   1.06178381E+18
  0.140625000       1.17507859E+18
  0.210937500       1.28590922E+18
  0.281250000       1.39240215E+18
  0.351562500       1.49258813E+18
  0.421875000       1.58475483E+18
  0.492187500       1.66736898E+18
  0.562500000       1.73943702E+18
  0.632812500       1.80042404E+18
  0.703125000       1.85055902E+18
  0.773437500       1.89062770E+18
  0.843750000       1.92212390E+18
  0.914062500       1.94689603E+18
  0.984375000       1.96719164E+18
   1.05468750       1.98520233E+18
   1.12500000       2.00306046E+18
   1.19531250       2.02242492E+18
   1.26562500       2.04459547E+18
   1.33593750       2.07023691E+18
   1.40625000       2.09963221E+18
   1.47656250       2.13254651E+18
   1.54687500       2.16857489E+18
   1.61718750       2.20703416E+18
   1.68750000       2.24725938E+18
   1.75781250       2.28843375E+18
   1.82812500       2.32984068E+18
   1.89843750       2.37064465E+18
   1.96875000       2.41013444E+18
   2.03906250       2.44754120E+18
   2.10937500       2.48234596E+18
   2.17968750       2.51410893E+18
   2.25000000       2.54272344E+18
   2.32031250       2.56817521E+18
   2.39062500       2.59073389E+18
   2.46093750       2.61063863E+18
   2.53125000       2.62822752E+18
   2.60156250       2.64364404E+18
   2.67187500       2.65705286E+18
   2.74218750       2.66844902E+18
   2.81250000       2.67795348E+18
   2.88281250       2.68568442E+18
   2.95312500       2.69206846E+18
   3.02343750       2.69763996E+18
   3.09375000       2.70324747E+18
   3.16406250       2.70974256E+18
   3.23437500       2.71812331E+18
   3.30468750       2.72918605E+18
   3.37500000       2.74365974E+18
   3.44531250       2.76191796E+18
   3.51562500       2.78420698E+18
   3.58593750       2.81043913E+18
   3.65625000       2.84045965E+18
   3.72656250       2.87386144E+18
   3.79687500       2.91022943E+18
   3.86718750       2.94890146E+18
   3.93750000       2.98913561E+18
   4.00781250       3.02983486E+18
   4.07812500       3.06973449E+18
   4.14843750       3.10718413E+18
   4.21875000       3.14042594E+18
   4.28906250       3.16751268E+18
   4.35937500       3.18674314E+18
   4.42968750       3.19666458E+18
   4.50000000       3.19650240E+18
   4.57031250       3.18608618E+18
   4.64062500       3.16613059E+18
   4.71093750       3.13792867E+18
   4.78125000       3.10334463E+18
   4.85156250       3.06427706E+18
   4.92187500       3.02254180E+18
   4.99218750       2.97936700E+18
   5.06250000       2.93545938E+18
   5.13281250       2.89080656E+18
   5.20312500       2.84509684E+18
   5.27343750       2.79779365E+18
   5.34375000       2.74868918E+18
   5.41406250       2.69796404E+18
   5.48437500       2.64657864E+18
   5.55468750       2.59603849E+18
   5.62500000       2.54843183E+18
   5.69531250       2.50590740E+18
   5.76562500       2.47054600E+18
   5.83593750       2.44383639E+18
   5.90625000       2.42668099E+18
   5.97656250       2.41914796E+18
   6.04687500       2.42079503E+18
   6.11718750       2.43066534E+18
   6.18750000       2.44772619E+18
   6.25781250       2.47080796E+18
   6.32812500       2.49885265E+18
   6.39843750       2.53054690E+18
   6.46875000       2.56428212E+18
   6.53906250       2.59767181E+18
   6.60937500       2.62766319E+18
   6.67968750       2.65041566E+18
   6.75000000       2.66186900E+18
   6.82031250       2.65803418E+18
   6.89062500       2.63576769E+18
   6.96093750       2.59297745E+18
   7.03125000       2.52907795E+18
   7.10156250       2.44480781E+18
   7.17187500       2.34232096E+18
   7.24218750       2.22470056E+18
   7.31250000       2.09582186E+18
   7.38281250       1.95974960E+18
   7.45312500       1.82059637E+18
   7.52343750       1.68198547E+18
   7.59375000       1.54706275E+18
   7.66406250       1.41819257E+18
   7.73437500       1.29724038E+18
   7.80468750       1.18550416E+18
   7.87500000       1.08414520E+18
   7.94531250       9.94194219E+17
   8.01562500       9.16957376E+17
   8.08593750       8.53887258E+17
   8.15625000       8.06764320E+17
   8.22656250       7.77358707E+17
   8.29687500       7.67444273E+17
   8.36718750       7.78349435E+17
   8.43750000       8.10932981E+17
   8.50781250       8.65199859E+17
   8.57812500       9.40423290E+17
   8.64843750       1.03491614E+18
   8.71875000       1.14633509E+18
   8.78906250       1.27164196E+18
   8.85937500       1.40757816E+18
   8.92968750       1.55068317E+18
   9.00000000       1.69774587E+18
   9.07031250       1.84576817E+18
   9.14062500       1.99234764E+18
   9.21093750       2.13551863E+18
   9.28125000       2.27397683E+18
   9.35156250       2.40680402E+18
   9.42187500       2.53360877E+18
   9.49218750       2.65418396E+18
   9.56250000       2.76861811E+18
   9.63281250       2.87697388E+18
   9.70312500       2.97946073E+18
   9.77343750       3.07615728E+18
   9.84375000       3.16720564E+18
   9.91406250       3.25256045E+18
   9.98437500       3.33221787E+18
   10.0546875       3.40595717E+18
   10.1250000       3.47354058E+18
   10.1953125       3.53446946E+18
   10.2656250       3.58824053E+18
   10.3359375       3.63417153E+18
   10.4062500       3.67170281E+18
   10.4765625       3.70028049E+18
   10.5468750       3.71967670E+18
   10.6171875       3.72984581E+18
   10.6875000       3.73115340E+18
   10.7578125       3.72413797E+18
   10.8281250       3.70967884E+18
   10.8984375       3.68869054E+18
   10.9687500       3.66225965E+18
   11.0390625       3.63135843E+18
   11.1093750       3.59706301E+18
   11.1796875       3.56031266E+18
   11.2500000       3.52213184E+18
   11.3203125       3.48340265E+18
   11.3906250       3.44510006E+18
   11.4609375       3.40804459E+18
   11.5312500       3.37306308E+18
   11.6015625       3.34070940E+18
   11.6718750       3.31144205E+18
   11.7421875       3.28539682E+18
   11.8125000       3.26264133E+18
   11.8828125       3.24305133E+18
   11.9531250       3.22668730E+18
   12.0234375       3.21370811E+18
   12.0937500       3.20471136E+18
   12.1640625       3.20055603E+18
   12.2343750       3.20258628E+18
   12.3046875       3.21230348E+18
   12.3750000       3.23141904E+18
   12.4453125       3.26143076E+18
   12.5156250       3.30366520E+18
   12.5859375       3.35887471E+18
   12.6562500       3.42733195E+18
   12.7265625       3.50855095E+18
   12.7968750       3.60153472E+18
   12.8671875       3.70464115E+18
   12.9375000       3.81594252E+18
   13.0078125       3.93318372E+18
   13.0781250       4.05422235E+18
   13.1484375       4.17698777E+18
   13.2187500       4.29987029E+18
   13.2890625       4.42160437E+18
   13.3593750       4.54156082E+18
   13.4296875       4.65948454E+18
   13.5000000       4.77560231E+18
   13.5703125       4.89021760E+18
   13.6406250       5.00376582E+18
   13.7109375       5.11643662E+18
   13.7812500       5.22831193E+18
   13.8515625       5.33916524E+18
   13.9218750       5.44883548E+18
   13.9921875       5.55721874E+18
   14.0625000       5.66471304E+18
   14.1328125       5.77214797E+18
   14.2031250       5.88104306E+18
   14.2734375       5.99320039E+18
   14.3437500       6.11056996E+18
   14.4140625       6.23454209E+18
   14.4843750       6.36573087E+18
   14.5546875       6.50339138E+18
   14.6250000       6.64550325E+18
   14.6953125       6.78865747E+18
   14.7656250       6.92867258E+18
   14.8359375       7.06091689E+18
   14.9062500       7.18115838E+18
   14.9765625       7.28589676E+18
   15.0468750       7.37299402E+18
   15.1171875       7.44159860E+18
   15.1875000       7.49224321E+18
   15.2578125       7.52628189E+18
   15.3281250       7.54567507E+18
   15.3984375       7.55229358E+18
   15.4687500       7.54778449E+18
   15.5390625       7.53312965E+18
   15.6093750       7.50889586E+18
   15.6796875       7.47516394E+18
   15.7500000       7.43200096E+18
   15.8203125       7.37948554E+18
   15.8906250       7.31814763E+18
   15.9609375       7.24884047E+18
   16.0312500       7.17289940E+18
   16.1015625       7.09174829E+18
   16.1718750       7.00690503E+18
   16.2421875       6.91953344E+18
   16.3125000       6.83049114E+18
   16.3828125       6.74002662E+18
   16.4531250       6.64804697E+18
   16.5234375       6.55405302E+18
   16.5937500       6.45760441E+18
   16.6640625       6.35837239E+18
   16.7343750       6.25663293E+18
   16.8046875       6.15320297E+18
   16.8750000       6.04962897E+18
   16.9453125       5.94777297E+18
   17.0156250       5.84969158E+18
   17.0859375       5.75704398E+18
   17.1562500       5.67094837E+18
   17.2265625       5.59156858E+18
   17.2968750       5.51831472E+18
   17.3671875       5.44979975E+18
   17.4375000       5.38434582E+18
   17.5078125       5.32012335E+18
   17.5781250       5.25569692E+18
   17.6484375       5.19002474E+18
   17.7187500       5.12274782E+18
   17.7890625       5.05388046E+18
   17.8593750       4.98383607E+18
   17.9296875       4.91293626E+18
   18.0000000       4.84134101E+18
   18.0703125       4.76861711E+18
   18.1406250       4.69387231E+18
   18.2109375       4.61558873E+18
   18.2812500       4.53200001E+18
   18.3515625       4.44113005E+18
   18.4218750       4.34128862E+18
   18.4921875       4.23111288E+18
   18.5625000       4.10994560E+18
   18.6328125       3.97767133E+18
   18.7031250       3.83487473E+18
   18.7734375       3.68246785E+18
   18.8437500       3.52169176E+18
   18.9140625       3.35369408E+18
   18.9843750       3.17959934E+18
   19.0546875       3.00023628E+18
   19.1250000       2.81639134E+18
   19.1953125       2.62873137E+18
   19.2656250       2.43821871E+18
   19.3359375       2.24609500E+18
   19.4062500       2.05423943E+18
   19.4765625       1.86501801E+18
   19.5468750       1.68145468E+18
   19.6171875       1.50687052E+18
   19.6875000       1.34485651E+18
   19.7578125       1.19878488E+18
   19.8281250       1.07174009E+18
   19.8984375       9.66049951E+17
   19.9687500       8.83305792E+17
   20.0390625       8.24046857E+17
   20.1093750       7.87970506E+17
   20.1796875       7.73744681E+17
   20.2500000       7.79291579E+17
   20.3203125       8.01659700E+17
   20.3906250       8.37371975E+17
   20.4609375       8.82351553E+17
   20.5312500       9.32340780E+17
   20.6015625       9.82975215E+17
   20.6718750       1.03036231E+18
   20.7421875       1.07124793E+18
   20.8125000       1.10356250E+18
   20.8828125       1.12641949E+18
   20.9531250       1.14037635E+18
   21.0234375       1.14703637E+18
   21.0937500       1.14893894E+18
   21.1640625       1.14889502E+18
   21.2343750       1.14978906E+18
   21.3046875       1.15396329E+18
   21.3750000       1.16318572E+18
   21.4453125       1.17832558E+18
   21.5156250       1.19965982E+18
   21.5859375       1.22683727E+18
   21.6562500       1.25937911E+18
   21.7265625       1.29676594E+18
   21.7968750       1.33893358E+18
   21.8671875       1.38620901E+18
   21.9375000       1.43953587E+18
   22.0078125       1.50013257E+18
   22.0781250       1.56950268E+18
   22.1484375       1.64894790E+18
   22.2187500       1.73958023E+18
   22.2890625       1.84197884E+18
   22.3593750       1.95645848E+18
   22.4296875       2.08293269E+18
   22.5000000       2.22129524E+18
   22.5703125       2.37134751E+18
   22.6406250       2.53318298E+18
   22.7109375       2.70700148E+18
   22.7812500       2.89328733E+18
   22.8515625       3.09245424E+18
   22.9218750       3.30492415E+18
   22.9921875       3.53071600E+18
   23.0625000       3.76953900E+18
   23.1328125       4.02047587E+18
   23.2031250       4.28224017E+18
   23.2734375       4.55296550E+18
   23.3437500       4.83053831E+18
   23.4140625       5.11247838E+18
   23.4843750       5.39636459E+18
   23.5546875       5.67976811E+18
   23.6250000       5.96064055E+18
   23.6953125       6.23721610E+18
   23.7656250       6.50839250E+18
   23.8359375       6.77357547E+18
   23.9062500       7.03294971E+18
   23.9765625       7.28722552E+18
   24.0468750       7.53782401E+18
   24.1171875       7.78649011E+18
   24.1875000       8.03532718E+18
   24.2578125       8.28629236E+18
   24.3281250       8.54122293E+18
   24.3984375       8.80137563E+18
   24.4687500       9.06754595E+18
   24.5390625       9.33973335E+18
   24.6093750       9.61746119E+18
   24.6796875       9.89956289E+18
   24.7500000       1.01844705E+19
   24.8203125       1.04699983E+19
   24.8906250       1.07536866E+19
   24.9609375       1.10326657E+19
   25.0312500       1.13040351E+19
   25.1015625       1.15647711E+19
   25.1718750       1.18121766E+19
   25.2421875       1.20437865E+19
   25.3125000       1.22577042E+19
   25.3828125       1.24524266E+19
   25.4531250       1.26271522E+19
   25.5234375       1.27815511E+19
   25.5937500       1.29160214E+19
   25.6640625       1.30313535E+19
   25.7343750       1.31289077E+19
   25.8046875       1.32102056E+19
   25.8750000       1.32769405E+19
   25.9453125       1.33305318E+19
   26.0156250       1.33722428E+19
   26.0859375       1.34028961E+19
   26.1562500       1.34231634E+19
   26.2265625       1.34334142E+19
   26.2968750       1.34340926E+19
   26.3671875       1.34255724E+19
   26.4375000       1.34083981E+19
   26.5078125       1.33829653E+19
   26.5781250       1.33496347E+19
   26.6484375       1.33083546E+19
   26.7187500       1.32587435E+19
   26.7890625       1.31997998E+19
   26.8593750       1.31301886E+19
   26.9296875       1.30481618E+19
   27.0000000       1.29520007E+19
   27.0703125       1.28400022E+19
   27.1406250       1.27109646E+19
   27.2109375       1.25641798E+19
   27.2812500       1.23998237E+19
   27.3515625       1.22187958E+19
   27.4218750       1.20229068E+19
   27.4921875       1.18145548E+19
   27.5625000       1.15967295E+19
   27.6328125       1.13725236E+19
   27.7031250       1.11451215E+19
   27.7734375       1.09174028E+19
   27.8437500       1.06920865E+19
   27.9140625       1.04715014E+19
   27.9843750       1.02579025E+19
   28.0546875       1.00533802E+19
   28.1250000       9.86013001E+18
   28.1953125       9.68021472E+18
   28.2656250       9.51568270E+18
   28.3359375       9.36818761E+18
   28.4062500       9.23900269E+18
   28.4765625       9.12862657E+18
   28.5468750       9.03692565E+18
   28.6171875       8.96291807E+18
   28.6875000       8.90508541E+18
   28.7578125       8.86127922E+18
   28.8281250       8.82915699E+18
   28.8984375       8.80613596E+18
   28.9687500       8.78983075E+18
   29.0390625       8.77797252E+18
   29.1093750       8.76878665E+18
   29.1796875       8.76083663E+18
   29.2500000       8.75323241E+18
   29.3203125       8.74532142E+18
   29.3906250       8.73683319E+18
   29.4609375       8.72758190E+18
   29.5312500       8.71762967E+18
   29.6015625       8.70704852E+18
   29.6718750       8.69614467E+18
   29.7421875       8.68524081E+18
   29.8125000       8.67485482E+18
   29.8828125       8.66540562E+18
   29.9531250       8.65736489E+18
   30.0234375       8.65096628E+18
   30.0937500       8.64637472E+18
   30.1640625       8.64344288E+18
   30.2343750       8.64195689E+18
   30.3046875       8.64146265E+18
   30.3750000       8.64153192E+18
   30.4453125       8.64156766E+18
   30.5156250       8.64104814E+18
   30.5859375       8.63933125E+18
   30.6562500       8.63585020E+18
   30.7265625       8.62985346E+18
   30.7968750       8.62061262E+18
   30.8671875       8.60715184E+18
   30.9375000       8.58846345E+18
   31.0078125       8.56328518E+18
   31.0781250       8.53041253E+18
   31.1484375       8.48860525E+18
   31.2187500       8.43700242E+18
   31.2890625       8.37509497E+18
   31.3593750       8.30314787E+18
   31.4296875       8.22209353E+18
   31.5000000       8.13373842E+18
   31.5703125       8.04041957E+18
   31.6406250       7.94501880E+18
   31.7109375       7.85050148E+18
   31.7812500       7.75983740E+18
   31.8515625       7.67553949E+18
   31.9218750       7.59969463E+18
   31.9921875       7.53366456E+18
   32.0625000       7.47830635E+18
   32.1328125       7.43383990E+18
   32.2031250       7.40021463E+18
   32.2734375       7.37703583E+18
   32.3437500       7.36389227E+18
   32.4140625       7.36019241E+18
   32.4843750       7.36542663E+18
   32.5546875       7.37895228E+18
   32.6250000       7.40021298E+18
   32.6953125       7.42853420E+18
   32.7656250       7.46339037E+18
   32.8359375       7.50425482E+18
   32.9062500       7.55086202E+18
   32.9765625       7.60300966E+18
   33.0468750       7.66076590E+18
   33.1171875       7.72418683E+18
   33.1875000       7.79343188E+18
   33.2578125       7.86844771E+18
   33.3281250       7.94913317E+18
   33.3984375       8.03511388E+18
   33.4687500       8.12600831E+18
   33.5390625       8.22128209E+18
   33.6093750       8.32059602E+18
   33.6796875       8.42365435E+18
   33.7500000       8.53043397E+18
   33.8203125       8.64090025E+18
   33.8906250       8.75514611E+18
   33.9609375       8.87304784E+18
   34.0312500       8.99435366E+18
   34.1015625       9.11833459E+18
   34.1718750       9.24394830E+18
   34.2421875       9.36960269E+18
   34.3125000       9.49342639E+18
   34.3828125       9.61316870E+18
   34.4531250       9.72660971E+18
   34.5234375       9.83154930E+18
   34.5937500       9.92621945E+18
   34.6640625       1.00091919E+19
   34.7343750       1.00797036E+19
   34.8046875       1.01374719E+19
   34.8750000       1.01828675E+19
   34.9453125       1.02165928E+19
   35.0156250       1.02397738E+19
   35.0859375       1.02535924E+19
   35.1562500       1.02593154E+19
   35.2265625       1.02579212E+19
   35.2968750       1.02501829E+19
   35.3671875       1.02363884E+19
   35.4375000       1.02165378E+19
   35.5078125       1.01901594E+19
   35.5781250       1.01566188E+19
   35.6484375       1.01150133E+19
   35.7187500       1.00644973E+19
   35.7890625       1.00041429E+19
   35.8593750       9.93327062E+18
   35.9296875       9.85130093E+18
   36.0000000       9.75801726E+18
   36.0703125       9.65337014E+18
   36.1406250       9.53770042E+18
   36.2109375       9.41155785E+18
   36.2812500       9.27588361E+18
   36.3515625       9.13176568E+18
   36.4218750       8.98058063E+18
   36.4921875       8.82368966E+18
   36.5625000       8.66255569E+18
   36.6328125       8.49843049E+18
   36.7031250       8.33252738E+18
   36.7734375       8.16581502E+18
   36.8437500       7.99924286E+18
   36.9140625       7.83356405E+18
   36.9843750       7.66954605E+18
   37.0546875       7.50778205E+18
   37.1250000       7.34885370E+18
   37.1953125       7.19310732E+18
   37.2656250       7.04085740E+18
   37.3359375       6.89221937E+18
   37.4062500       6.74735486E+18
   37.4765625       6.60631006E+18
   37.5468750       6.46924879E+18
   37.6171875       6.33626946E+18
   37.6875000       6.20758042E+18
   37.7578125       6.08327458E+18
   37.8281250       5.96351028E+18
   37.8984375       5.84828421E+18
   37.9687500       5.73759087E+18
   38.0390625       5.63116365E+18
   38.1093750       5.52862594E+18
   38.1796875       5.42922129E+18
   38.2500000       5.33199478E+18
   38.3203125       5.23560719E+18
   38.3906250       5.13866270E+18
   38.4609375       5.03967807E+18
   38.5312500       4.93749660E+18
   38.6015625       4.83124969E+18
   38.6718750       4.72068445E+18
   38.7421875       4.60598533E+18
   38.8125000       4.48791812E+18
   38.8828125       4.36750373E+18
   38.9531250       4.24607531E+18
   39.0234375       4.12490968E+18
   39.0937500       4.00528831E+18
   39.1640625       3.88817246E+18
   39.2343750       3.77433012E+18
   39.3046875       3.66409529E+18
   39.3750000       3.55756498E+18
   39.4453125       3.45442996E+18
   39.5156250       3.35426253E+18
   39.5859375       3.25642029E+18
   39.6562500       3.16037300E+18
   39.7265625       3.06561571E+18
   39.7968750       2.97195464E+18
   39.8671875       2.87934992E+18
   39.9375000       2.78808469E+18
   40.0078125       2.69850830E+18
   40.0781250       2.61115842E+18
   40.1484375       2.52647431E+18
   40.2187500       2.44493700E+18
   40.2890625       2.36680653E+18
   40.3593750       2.29231077E+18
   40.4296875       2.22139790E+18
   40.5000000       2.15392500E+18
   40.5703125       2.08944098E+18
   40.6406250       2.02743732E+18
   40.7109375       1.96719590E+18
   40.7812500       1.90809688E+18
   40.8515625       1.84954115E+18
   40.9218750       1.79132970E+18
   40.9921875       1.73360177E+18
   41.0625000       1.67716466E+18
   41.1328125       1.62333120E+18
   41.2031250       1.57409947E+18
   41.2734375       1.53178586E+18
   41.3437500       1.49901492E+18
   41.4140625       1.47825284E+18
   41.4843750       1.47181960E+18
   41.5546875       1.48151729E+18
   41.6250000       1.50879329E+18
   41.6953125       1.55457242E+18
   41.7656250       1.61960262E+18
   41.8359375       1.70437222E+18
   41.9062500       1.80941640E+18
   41.9765625       1.93513813E+18
   42.0468750       2.08197914E+18
   42.1171875       2.25006877E+18
   42.1875000       2.43925033E+18
   42.2578125       2.64867458E+18
   42.3281250       2.87689691E+18
   42.3984375       3.12158855E+18
   42.4687500       3.37981326E+18
   42.5390625       3.64794978E+18
   42.6093750       3.92219822E+18
   42.6796875       4.19859758E+18
   42.7500000       4.47350434E+18
   42.8203125       4.74355540E+18
   42.8906250       5.00608524E+18
   42.9609375       5.25898885E+18
   43.0312500       5.50098642E+18
   43.1015625       5.73138138E+18
   43.1718750       5.95024962E+18
   43.2421875       6.15810844E+18
   43.3125000       6.35603043E+18
   43.3828125       6.54529047E+18
   43.4531250       6.72751528E+18
   43.5234375       6.90436403E+18
   43.5937500       7.07768389E+18
   43.6640625       7.24920496E+18
   43.7343750       7.42073592E+18
   43.8046875       7.59384138E+18
   43.8750000       7.76997544E+18
   43.9453125       7.95013043E+18
   44.0156250       8.13502760E+18
   44.0859375       8.32484399E+18
   44.1562500       8.51945810E+18
   44.2265625       8.71828333E+18
   44.2968750       8.92063306E+18
   44.3671875       9.12562106E+18
   44.4375000       9.33250186E+18
   44.5078125       9.54047889E+18
   44.5781250       9.74893969E+18
   44.6484375       9.95712013E+18
   44.7187500       1.01642120E+19
   44.7890625       1.03689829E+19
   44.8593750       1.05699923E+19
   44.9296875       1.07653535E+19
   45.0000000       1.09530424E+19
   45.0703125       1.11307465E+19
   45.1406250       1.12962582E+19
   45.2109375       1.14474180E+19
   45.2812500       1.15824798E+19
   45.3515625       1.17000308E+19
   45.4218750       1.17993749E+19
   45.4921875       1.18803925E+19
   45.5625000       1.19438376E+19
   45.6328125       1.19910572E+19
   45.7031250       1.20241690E+19
   45.7734375       1.20456842E+19
   45.8437500       1.20585661E+19
   45.9140625       1.20658108E+19
   45.9843750       1.20705651E+19
   46.0546875       1.20758021E+19
   46.1250000       1.20844904E+19
   46.1953125       1.20992876E+19
   46.2656250       1.21227358E+19
   46.3359375       1.21569394E+19
   46.4062500       1.22036621E+19
   46.4765625       1.22639010E+19
   46.5468750       1.23379575E+19
   46.6171875       1.24250564E+19
   46.6875000       1.25235144E+19
   46.7578125       1.26304848E+19
   46.8281250       1.27423205E+19
   46.8984375       1.28544938E+19
   46.9687500       1.29620513E+19
   47.0390625       1.30595736E+19
   47.1093750       1.31417126E+19
   47.1796875       1.32032237E+19
   47.2500000       1.32394768E+19
   47.3203125       1.32464697E+19
   47.3906250       1.32212920E+19
   47.4609375       1.31621108E+19
   47.5312500       1.30684928E+19
   47.6015625       1.29412024E+19
   47.6718750       1.27823944E+19
   47.7421875       1.25952927E+19
   47.8125000       1.23842624E+19
   47.8828125       1.21543820E+19
   47.9531250       1.19114416E+19
   48.0234375       1.16614643E+19
   48.0937500       1.14106415E+19
   48.1640625       1.11647654E+19
   48.2343750       1.09291720E+19
   48.3046875       1.07082372E+19
   48.3750000       1.05053608E+19
   48.4453125       1.03225956E+19
   48.5156250       1.01607915E+19
   48.5859375       1.00194481E+19
   48.6562500       9.89705381E+18
   48.7265625       9.79105869E+18
   48.7968750       9.69832917E+18
   48.8671875       9.61519840E+18
   48.9375000       9.53792252E+18
   49.0078125       9.46269284E+18
   49.0781250       9.38603049E+18
   49.1484375       9.30472380E+18
   49.2187500       9.21611306E+18
   49.2890625       9.11789204E+18
   49.3593750       9.00835044E+18
   49.4296875       8.88616446E+18
   49.5000000       8.75063426E+18
   49.5703125       8.60147946E+18
   49.6406250       8.43910963E+18
   49.7109375       8.26441593E+18
   49.7812500       8.07898384E+18
   49.8515625       7.88479525E+18
   49.9218750       7.68435263E+18
   49.9921875       7.48032560E+18
   50.0625000       7.27562897E+18
   50.1328125       7.07307034E+18
   50.2031250       6.87546116E+18
   50.2734375       6.68533416E+18
   50.3437500       6.50513190E+18
   50.4140625       6.33699568E+18
   50.4843750       6.18304921E+18
   50.5546875       6.04524962E+18
   50.6250000       5.92567498E+18
   50.6953125       5.82632091E+18
   50.7656250       5.74931167E+18
   50.8359375       5.69659393E+18
   50.9062500       5.66998685E+18
   50.9765625       5.67074991E+18
   51.0468750       5.69958790E+18
   51.1171875       5.75625893E+18
   51.1875000       5.83969427E+18
   51.2578125       5.94780815E+18
   51.3281250       6.07788587E+18
   51.3984375       6.22660857E+18
   51.4687500       6.39057983E+18
   51.5390625       6.56639669E+18
   51.6093750       6.75115313E+18
   51.6796875       6.94235655E+18
   51.7500000       7.13820046E+18
   51.8203125       7.33725495E+18
   51.8906250       7.53860136E+18
   51.9609375       7.74144367E+18
   52.0312500       7.94517603E+18
   52.1015625       8.14900624E+18
   52.1718750       8.35213662E+18
   52.2421875       8.55351767E+18
   52.3125000       8.75214279E+18
   52.3828125       8.94696471E+18
   52.4531250       9.13731876E+18
   52.5234375       9.32287344E+18
   52.5937500       9.50397510E+18
   52.6640625       9.68142308E+18
   52.7343750       9.85661047E+18
   52.8046875       1.00310634E+19
   52.8750000       1.02063662E+19
   52.9453125       1.03835778E+19
   53.0156250       1.05632358E+19
   53.0859375       1.07449961E+19
   53.1562500       1.09278789E+19
   53.2265625       1.11101901E+19
   53.2968750       1.12900262E+19
   53.3671875       1.14653114E+19
   53.4375000       1.16342525E+19
   53.5078125       1.17952540E+19
   53.5781250       1.19472230E+19
   53.6484375       1.20893261E+19
   53.7187500       1.22212026E+19
   53.7890625       1.23426612E+19
   53.8593750       1.24539428E+19
   53.9296875       1.25554640E+19
   54.0000000       1.26480110E+19
   54.0703125       1.27323831E+19
   54.1406250       1.28095249E+19
   54.2109375       1.28801245E+19
   54.2812500       1.29446790E+19
   54.3515625       1.30031082E+19
   54.4218750       1.30548831E+19
   54.4921875       1.30987899E+19
   54.5625000       1.31332233E+19
   54.6328125       1.31560711E+19
   54.7031250       1.31651960E+19
   54.7734375       1.31584725E+19
   54.8437500       1.31342931E+19
   54.9140625       1.30916134E+19
   54.9843750       1.30303871E+19
   55.0546875       1.29514894E+19
   55.1250000       1.28569061E+19
   55.1953125       1.27493519E+19
   55.2656250       1.26322099E+19
   55.3359375       1.25089140E+19
   55.4062500       1.23827417E+19
   55.4765625       1.22561561E+19
   55.5468750       1.21307095E+19
   55.6171875       1.20066890E+19
   55.6875000       1.18833392E+19
   55.7578125       1.17588393E+19
   55.8281250       1.16308297E+19
   55.8984375       1.14965541E+19
   55.9687500       1.13534229E+19
   56.0390625       1.11990526E+19
   56.1093750       1.10317080E+19
   56.1796875       1.08502160E+19
   56.2500000       1.06542138E+19
   56.3203125       1.04439190E+19
   56.3906250       1.02203058E+19
   56.4609375       9.98483222E+18
   56.5312500       9.73955866E+18
   56.6015625       9.48679193E+18
   56.6718750       9.22917416E+18
   56.7421875       8.96932383E+18
   56.8125000       8.70991220E+18
   56.8828125       8.45330653E+18
   56.9531250       8.20169099E+18
   57.0234375       7.95674839E+18
   57.0937500       7.71979703E+18
   57.1640625       7.49151093E+18
   57.2343750       7.27214572E+18
   57.3046875       7.06136769E+18
   57.3750000       6.85858311E+18
   57.4453125       6.66286014E+18
   57.5156250       6.47332303E+18
   57.5859375       6.28909271E+18
   57.6562500       6.10960568E+18
   57.7265625       5.93443589E+18
   57.7968750       5.76350966E+18
   57.8671875       5.59684404E+18
   57.9375000       5.43470950E+18
   58.0078125       5.27739303E+18
   58.0781250       5.12543503E+18
   58.1484375       4.97946221E+18
   58.2187500       4.84047350E+18
   58.2890625       4.70967449E+18
   58.3593750       4.58876395E+18
   58.4296875       4.47969322E+18
   58.5000000       4.38483368E+18
   58.5703125       4.30664109E+18
   58.6406250       4.24778175E+18
   58.7109375       4.21075625E+18
   58.7812500       4.19797938E+18
   58.8515625       4.21141238E+18
   58.9218750       4.25267623E+18
   58.9921875       4.32270852E+18
   59.0625000       4.42188007E+18
   59.1328125       4.54967549E+18
   59.2031250       4.70488942E+18
   59.2734375       4.88534622E+18
   59.3437500       5.08816268E+18
   59.4140625       5.30957958E+18
   59.4843750       5.54536765E+18
   59.5546875       5.79077205E+18
   59.6250000       6.04095053E+18
   59.6953125       6.29095858E+18
   59.7656250       6.53624313E+18
   59.8359375       6.77263648E+18
   59.9062500       6.99681096E+18
   59.9765625       7.20625089E+18
   60.0468750       7.39970336E+18
   60.1171875       7.57708592E+18
   60.1875000       7.73978231E+18
   60.2578125       7.89036042E+18
   60.3281250       8.03266142E+18
   60.3984375       8.17124111E+18
   60.4687500       8.31118585E+18
   60.5390625       8.45734833E+18
   60.6093750       8.61414859E+18
   60.6796875       8.78484227E+18
   60.7500000       8.97144369E+18
   60.8203125       9.17427774E+18
   60.8906250       9.39235048E+18
   60.9609375       9.62336337E+18
   61.0312500       9.86440821E+18
   61.1015625       1.01122414E+19
   61.1718750       1.03641274E+19
   61.2421875       1.06180333E+19
   61.3125000       1.08731804E+19
   61.3828125       1.11298603E+19
   61.4531250       1.13896035E+19
   61.5234375       1.16545517E+19
   61.5937500       1.19272646E+19
   61.6640625       1.22099139E+19
   61.7343750       1.25041707E+19
   61.8046875       1.28106332E+19
   61.8750000       1.31289759E+19
   61.9453125       1.34577529E+19
   62.0156250       1.37949523E+19
   62.0859375       1.41380879E+19
   62.1562500       1.44848540E+19
   62.2265625       1.48331980E+19
   62.2968750       1.51818542E+19
   62.3671875       1.55302191E+19
   62.4375000       1.58785840E+19
   62.5078125       1.62277097E+19
   62.5781250       1.65789366E+19
   62.6484375       1.69336742E+19
   62.7187500       1.72934542E+19
   62.7890625       1.76594432E+19
   62.8593750       1.80326735E+19
   62.9296875       1.84136576E+19
   63.0000000       1.88025834E+19
   63.0703125       1.91989112E+19
   63.1406250       1.96016887E+19
   63.2109375       2.00092996E+19
   63.2812500       2.04198199E+19
   63.3515625       2.08308723E+19
   63.4218750       2.12401281E+19
   63.4921875       2.16452564E+19
   63.5625000       2.20444077E+19
   63.6328125       2.24360537E+19
   63.7031250       2.28194314E+19
   63.7734375       2.31942572E+19
   63.8437500       2.35609751E+19
   63.9140625       2.39202889E+19
   63.9843750       2.42733992E+19
   64.0546875       2.46215310E+19
   64.1250000       2.49660388E+19
   64.1953125       2.53078835E+19
   64.2656250       2.56478415E+19
   64.3359375       2.59861459E+19
   64.4062500       2.63227834E+19
   64.4765625       2.66573230E+19
   64.5468750       2.69893755E+19
   64.6171875       2.73185693E+19
   64.6875000       2.76449901E+19
   64.7578125       2.79689986E+19
   64.8281250       2.82915513E+19
   64.8984375       2.86138006E+19
   64.9687500       2.89372351E+19
   65.0390625       2.92631369E+19
   65.1093750       2.95928409E+19
   65.1796875       2.99273563E+19
   65.2500000       3.02676024E+19
   65.3203125       3.06140519E+19
   65.3906250       3.09670237E+19
   65.4609375       3.13264057E+19
   65.5312500       3.16918856E+19
   65.6015625       3.20626563E+19
   65.6718750       3.24377261E+19
   65.7421875       3.28157602E+19
   65.8125000       3.31954809E+19
   65.8828125       3.35754721E+19
   65.9531250       3.39546321E+19
   66.0234375       3.43319845E+19
   66.0937500       3.47069905E+19
   66.1640625       3.50792236E+19
   66.2343750       3.54487189E+19
   66.3046875       3.58157117E+19
   66.3750000       3.61808903E+19
   66.4453125       3.65450001E+19
   66.5156250       3.69090352E+19
   66.5859375       3.72738488E+19
   66.6562500       3.76402501E+19
   66.7265625       3.80085557E+19
   66.7968750       3.83787480E+19
   66.8671875       3.87502686E+19
   66.9375000       3.91222642E+19
   67.0078125       3.94934241E+19
   67.0781250       3.98624334E+19
   67.1484375       4.02278231E+19
   67.2187500       4.05883750E+19
   67.2890625       4.09428136E+19
   67.3593750       4.12901933E+19
   67.4296875       4.16296741E+19
   67.5000000       4.19608866E+19
   67.5703125       4.22835844E+19
   67.6406250       4.25980184E+19
   67.7109375       4.29047381E+19
   67.7812500       4.32048520E+19
   67.8515625       4.34996179E+19
   67.9218750       4.37905223E+19
   67.9921875       4.40788010E+19
   68.0625000       4.43654525E+19
   68.1328125       4.46505735E+19
   68.2031250       4.49335262E+19
   68.2734375       4.52125822E+19
   68.3437500       4.54853315E+19
   68.4140625       4.57484930E+19
   68.4843750       4.59986275E+19
   68.5546875       4.62323309E+19
   68.6250000       4.64469424E+19
   68.6953125       4.66405092E+19
   68.7656250       4.68122133E+19
   68.8359375       4.69621867E+19
   68.9062500       4.70915772E+19
   68.9765625       4.72018934E+19
   69.0468750       4.72949429E+19
   69.1171875       4.73721682E+19
   69.1875000       4.74347084E+19
   69.2578125       4.74828890E+19
   69.3281250       4.75165209E+19
   69.3984375       4.75347640E+19
   69.4687500       4.75366332E+19
   69.5390625       4.75208002E+19
   69.6093750       4.74861348E+19
   69.6796875       4.74317354E+19
   69.7500000       4.73572984E+19
   69.8203125       4.72629559E+19
   69.8906250       4.71495303E+19
   69.9609375       4.70183542E+19
   70.0312500       4.68714638E+19
   70.1015625       4.67110143E+19
   70.1718750       4.65393717E+19
   70.2421875       4.63585108E+19
   70.3125000       4.61700502E+19
   70.3828125       4.59747945E+19
   70.4531250       4.57729022E+19
   70.5234375       4.55638234E+19
   70.5937500       4.53466523E+19
   70.6640625       4.51201089E+19
   70.7343750       4.48829135E+19
   70.8046875       4.46338433E+19
   70.8750000       4.43720716E+19
   70.9453125       4.40970133E+19
   71.0156250       4.38085411E+19
   71.0859375       4.35068571E+19
   71.1562500       4.31927706E+19
   71.2265625       4.28673899E+19
   71.2968750       4.25323027E+19
   71.3671875       4.21892991E+19
   71.4375000       4.18404856E+19
   71.5078125       4.14878635E+19
   71.5781250       4.11333985E+19
   71.6484375       4.07787752E+19
   71.7187500       4.04254933E+19
   71.7890625       4.00745864E+19
   71.8593750       3.97267141E+19
   71.9296875       3.93820128E+19
   72.0000000       3.90402670E+19
   72.0703125       3.87006894E+19
   72.1406250       3.83620487E+19
   72.2109375       3.80226382E+19
   72.2812500       3.76806329E+19
   72.3515625       3.73340449E+19
   72.4218750       3.69810752E+19
   72.4921875       3.66201584E+19
   72.5625000       3.62502629E+19
   72.6328125       3.58707928E+19
   72.7031250       3.54817768E+19
   72.7734375       3.50836854E+19
   72.8437500       3.46775874E+19
   72.9140625       3.42647911E+19
   72.9843750       3.38468624E+19
   73.0546875       3.34253602E+19
   73.1250000       3.30018877E+19
   73.1953125       3.25777797E+19
   73.2656250       3.21541070E+19
   73.3359375       3.17314834E+19
   73.4062500       3.13101967E+19
   73.4765625       3.08899963E+19
   73.5468750       3.04701786E+19
   73.6171875       3.00494967E+19
   73.6875000       2.96263870E+19
   73.7578125       2.91989321E+19
   73.8281250       2.87652055E+19
   73.8984375       2.83234657E+19
   73.9687500       2.78726703E+19
   74.0390625       2.74125511E+19
   74.1093750       2.69439107E+19
   74.1796875       2.64685654E+19
   74.2500000       2.59894004E+19
   74.3203125       2.55099364E+19
   74.3906250       2.50340458E+19
   74.4609375       2.45655087E+19
   74.5312500       2.41078700E+19
   74.6015625       2.36640917E+19
   74.6718750       2.32365356E+19
   74.7421875       2.28268312E+19
   74.8125000       2.24361109E+19
   74.8828125       2.20648850E+19
   74.9531250       2.17133008E+19
   75.0234375       2.13811053E+19
   75.0937500       2.10679028E+19
   75.1640625       2.07729918E+19
   75.2343750       2.04954465E+19
   75.3046875       2.02339892E+19
   75.3750000       1.99870983E+19
   75.4453125       1.97528341E+19
   75.5156250       1.95288988E+19
   75.5859375       1.93125853E+19
   75.6562500       1.91010041E+19
   75.7265625       1.88910677E+19
   75.7968750       1.86797416E+19
   75.8671875       1.84640900E+19
   75.9375000       1.82415763E+19
   76.0078125       1.80100027E+19
   76.0781250       1.77677286E+19
   76.1484375       1.75136358E+19
   76.2187500       1.72473649E+19
   76.2890625       1.69691973E+19
   76.3593750       1.66801587E+19
   76.4296875       1.63819118E+19
   76.5000000       1.60768270E+19
   76.5703125       1.57676543E+19
   76.6406250       1.54573072E+19
   76.7109375       1.51484522E+19
   76.7812500       1.48433322E+19
   76.8515625       1.45433382E+19
   76.9218750       1.42489054E+19
   76.9921875       1.39593436E+19
   77.0625000       1.36730912E+19
   77.1328125       1.33877822E+19
   77.2031250       1.31007195E+19
   77.2734375       1.28091983E+19
   77.3437500       1.25110965E+19
   77.4140625       1.22050749E+19
   77.4843750       1.18908532E+19
   77.5546875       1.15691383E+19
   77.6250000       1.12416257E+19
   77.6953125       1.09105649E+19
   77.7656250       1.05784783E+19
   77.8359375       1.02476969E+19
   77.9062500       9.92023041E+18
   77.9765625       9.59750396E+18
   78.0468750       9.28046088E+18
   78.1171875       8.96958606E+18
   78.1875000       8.66524124E+18
   78.2578125       8.36768701E+18
   78.3281250       8.07729279E+18
   78.3984375       7.79441869E+18
   78.4687500       7.51947426E+18
   78.5390625       7.25261234E+18
   78.6093750       6.99364877E+18
   78.6796875       6.74188040E+18
   78.7500000       6.49624730E+18
   78.8203125       6.25530527E+18
   78.8906250       6.01745122E+18
   78.9609375       5.78099080E+18
   79.0312500       5.54445231E+18
   79.1015625       5.30659496E+18
   79.1718750       5.06663094E+18
   79.2421875       4.82418533E+18
   79.3125000       4.57948902E+18
   79.3828125       4.33321931E+18
   79.4531250       4.08652188E+18
   79.5234375       3.84075300E+18
   79.5937500       3.59744619E+18
   79.6640625       3.35800032E+18
   79.7343750       0.00000000    
   79.8046875       0.00000000    
   79.8750000       0.00000000    
   79.9453125       0.00000000    
   80.0156250       0.00000000    
   80.0859375       0.00000000    
   80.1562500       0.00000000    
   80.2265625       0.00000000    
   80.2968750       0.00000000    
   80.3671875       0.00000000    
   80.4375000       0.00000000    
   80.5078125       0.00000000    
   80.5781250       0.00000000    
   80.6484375       0.00000000    
   80.7187500       0.00000000    
   80.7890625       0.00000000    
   80.8593750       0.00000000    
   80.9296875       0.00000000    
   81.0000000       0.00000000    
   81.0703125       0.00000000    
   81.1406250       0.00000000    
   81.2109375       0.00000000    
   81.2812500       0.00000000    
   81.3515625       0.00000000    
   81.4218750       0.00000000    
   81.4921875       0.00000000    
   81.5625000       0.00000000    
   81.6328125       0.00000000    
   81.7031250       0.00000000    
   81.7734375       0.00000000    
   81.8437500       0.00000000    
   81.9140625       0.00000000    
   81.9843750       0.00000000    
   82.0546875       0.00000000    
   82.1250000       0.00000000    
   82.1953125       0.00000000    
   82.2656250       0.00000000    
   82.3359375       0.00000000    
   82.4062500       0.00000000    
   82.4765625       0.00000000    
   82.5468750       0.00000000    
   82.6171875       0.00000000    
   82.6875000       0.00000000    
   82.7578125       0.00000000    
   82.8281250       0.00000000    
   82.8984375       0.00000000    
   82.9687500       0.00000000    
   83.0390625       0.00000000    
   83.1093750       0.00000000    
   83.1796875       0.00000000    
   83.2500000       0.00000000    
   83.3203125       0.00000000    
   83.3906250       0.00000000    
   83.4609375       0.00000000    
   83.5312500       0.00000000    
   83.6015625       0.00000000    
   83.6718750       0.00000000    
   83.7421875       0.00000000    
   83.8125000       0.00000000    
   83.8828125       0.00000000    
   83.9531250       0.00000000    
   84.0234375       0.00000000    
   84.0937500       0.00000000    
   84.1640625       0.00000000    
   84.2343750       0.00000000    
   84.3046875       0.00000000    
   84.3750000       0.00000000    
   84.4453125       0.00000000    
   84.5156250       0.00000000    
   84.5859375       0.00000000    
   84.6562500       0.00000000    
   84.7265625       0.00000000    
   84.7968750       0.00000000    
   84.8671875       0.00000000    
   84.9375000       0.00000000    
   85.0078125       0.00000000    
   85.0781250       0.00000000    
   85.1484375       0.00000000    
   85.2187500       0.00000000    
   85.2890625       0.00000000    
   85.3593750       0.00000000    
   85.4296875       0.00000000    
   85.5000000       0.00000000    
   85.5703125       0.00000000    
   85.6406250       0.00000000    
   85.7109375       0.00000000    
   85.7812500       0.00000000    
   85.8515625       0.00000000    
   85.9218750       0.00000000    
   85.9921875       0.00000000    
   86.0625000       0.00000000    
   86.1328125       0.00000000    
   86.2031250       0.00000000    
   86.2734375       0.00000000    
   86.3437500       0.00000000    
   86.4140625       0.00000000    
   86.4843750       0.00000000    
   86.5546875       0.00000000    
   86.6250000       0.00000000    
   86.6953125       0.00000000    
   86.7656250       0.00000000    
   86.8359375       0.00000000    
   86.9062500       0.00000000    
   86.9765625       0.00000000    
   87.0468750       0.00000000    
   87.1171875       0.00000000    
   87.1875000       0.00000000    
   87.2578125       0.00000000    
   87.3281250       0.00000000    
   87.3984375       0.00000000    
   87.4687500       0.00000000    
   87.5390625       0.00000000    
   87.6093750       0.00000000    
   87.6796875       0.00000000    
   87.7500000       0.00000000    
   87.8203125       0.00000000    
   87.8906250       0.00000000    
   87.9609375       0.00000000    
   88.0312500       0.00000000    
   88.1015625       0.00000000    
   88.1718750       0.00000000    
   88.2421875       0.00000000    
   88.3125000       0.00000000    
   88.3828125       0.00000000    
   88.4531250       0.00000000    
   88.5234375       0.00000000    
   88.5937500       0.00000000    
   88.6640625       0.00000000    
   88.7343750       0.00000000    
   88.8046875       0.00000000    
   88.8750000       0.00000000    
   88.9453125       0.00000000    
   89.0156250       0.00000000    
   89.0859375       0.00000000    
   89.1562500       0.00000000    
   89.2265625       0.00000000    
   89.2968750       0.00000000    
   89.3671875       0.00000000    
   89.4375000       0.00000000    
   89.5078125       0.00000000    
   89.5781250       0.00000000    
   89.6484375       0.00000000    
   89.7187500       0.00000000    
   89.7890625       0.00000000    
   89.8593750       0.00000000    
   89.9296875       0.00000000    
   90.0000000       0.00000000    
   90.0703125       0.00000000    
   90.1406250       0.00000000    
   90.2109375       0.00000000    
   90.2812500       0.00000000    
   90.3515625       0.00000000    
   90.4218750       0.00000000    
   90.4921875       0.00000000    
   90.5625000       0.00000000    
   90.6328125       0.00000000    
   90.7031250       0.00000000    
   90.7734375       0.00000000    
   90.8437500       0.00000000    
   90.9140625       0.00000000    
   90.9843750       0.00000000    
   91.0546875       0.00000000    
   91.1250000       0.00000000    
   91.1953125       0.00000000    
   91.2656250       0.00000000    
   91.3359375       0.00000000    
   91.4062500       0.00000000    
   91.4765625       0.00000000    
   91.5468750       0.00000000    
   91.6171875       0.00000000    
   91.6875000       0.00000000    
   91.7578125       0.00000000    
   91.8281250       0.00000000    
   91.8984375       0.00000000    
   91.9687500       0.00000000    
   92.0390625       0.00000000    
   92.1093750       0.00000000    
   92.1796875       0.00000000    
   92.2500000       0.00000000    
   92.3203125       0.00000000    
   92.3906250       0.00000000    
   92.4609375       0.00000000    
   92.5312500       0.00000000    
   92.6015625       0.00000000    
   92.6718750       0.00000000    
   92.7421875       0.00000000    
   92.8125000       0.00000000    
   92.8828125       0.00000000    
   92.9531250       0.00000000    
   93.0234375       0.00000000    
   93.0937500       0.00000000    
   93.1640625       0.00000000    
   93.2343750       0.00000000    
   93.3046875       0.00000000    
   93.3750000       0.00000000    
   93.4453125       0.00000000    
   93.5156250       0.00000000    
   93.5859375       0.00000000    
   93.6562500       0.00000000    
   93.7265625       0.00000000    
   93.7968750       0.00000000    
   93.8671875       0.00000000    
   93.9375000       0.00000000    
   94.0078125       0.00000000    
   94.0781250       0.00000000    
   94.1484375       0.00000000    
   94.2187500       0.00000000    
   94.2890625       0.00000000    
   94.3593750       0.00000000    
   94.4296875       0.00000000    
   94.5000000       0.00000000    
   94.5703125       0.00000000    
   94.6406250       0.00000000    
   94.7109375       0.00000000    
   94.7812500       0.00000000    
   94.8515625       0.00000000    
   94.9218750       0.00000000    
   94.9921875       0.00000000    
   95.0625000       0.00000000    
   95.1328125       0.00000000    
   95.2031250       0.00000000    
   95.2734375       0.00000000    
   95.3437500       0.00000000    
   95.4140625       0.00000000    
   95.4843750       0.00000000    
   95.5546875       0.00000000    
   95.6250000       0.00000000    
   95.6953125       0.00000000    
