2000 03 28 11 00 22.0 22.340 143.730
118. 3.196E+20 7.603 41 4 19 292 89 94
  -1.12500000       0.00000000    
  -1.05468750       0.00000000    
 -0.984375000       0.00000000    
 -0.914062500       0.00000000    
 -0.843750000       0.00000000    
 -0.773437500       0.00000000    
 -0.703125000       0.00000000    
 -0.632812500       0.00000000    
 -0.562500000       0.00000000    
 -0.492187500       0.00000000    
 -0.421875000       0.00000000    
 -0.351562500       0.00000000    
 -0.281250000       0.00000000    
 -0.210937500       0.00000000    
 -0.140625000       0.00000000    
  -7.03125000E-02   0.00000000    
   0.00000000       0.00000000    
   7.03125000E-02   1.18250936E+18
  0.140625000       1.90888083E+18
  0.210937500       2.71660544E+18
  0.281250000       3.54846515E+18
  0.351562500       4.34002776E+18
  0.421875000       5.02211722E+18
  0.492187500       5.53435659E+18
  0.562500000       5.84596039E+18
  0.632812500       5.97408153E+18
  0.703125000       5.98972923E+18
  0.773437500       6.00476065E+18
  0.843750000       6.14219796E+18
  0.914062500       6.49955848E+18
  0.984375000       7.11933669E+18
   1.05468750       7.97756764E+18
   1.12500000       8.99474124E+18
   1.19531250       1.00641730E+19
   1.26562500       1.10876941E+19
   1.33593750       1.20052585E+19
   1.40625000       1.28080592E+19
   1.47656250       1.35301547E+19
   1.54687500       1.42235386E+19
   1.61718750       1.49283333E+19
   1.68750000       1.56522264E+19
   1.75781250       1.63670893E+19
   1.82812500       1.70227457E+19
   1.89843750       1.75695757E+19
   1.96875000       1.79798354E+19
   2.03906250       1.82584681E+19
   2.10937500       1.84400986E+19
   2.17968750       1.85739268E+19
   2.25000000       1.87038429E+19
   2.32031250       1.88522616E+19
   2.39062500       1.90153873E+19
   2.46093750       1.91723822E+19
   2.53125000       1.93054583E+19
   2.60156250       1.94213314E+19
   2.67187500       1.95636214E+19
   2.74218750       1.98089004E+19
   2.81250000       2.02481224E+19
   2.88281250       2.09612260E+19
   2.95312500       2.19951584E+19
   3.02343750       2.33513466E+19
   3.09375000       2.49850735E+19
   3.16406250       2.68157802E+19
   3.23437500       2.87463951E+19
   3.30468750       3.06857313E+19
   3.37500000       3.25661688E+19
   3.44531250       3.43489720E+19
   3.51562500       3.60168739E+19
   3.58593750       3.75591765E+19
   3.65625000       3.89589955E+19
   3.72656250       4.01888784E+19
   3.79687500       4.12166447E+19
   3.86718750       4.20164427E+19
   3.93750000       4.25783195E+19
   4.00781250       4.29106095E+19
   4.07812500       4.30357075E+19
   4.14843750       4.29841932E+19
   4.21875000       4.27931729E+19
   4.28906250       4.25091382E+19
   4.35937500       4.21908912E+19
   4.42968750       4.19054140E+19
   4.50000000       4.17146047E+19
   4.57031250       4.16569244E+19
   4.64062500       4.17341717E+19
   4.71093750       4.19114085E+19
   4.78125000       4.21323796E+19
   4.85156250       4.23441455E+19
   4.92187500       4.25209250E+19
   4.99218750       4.26765191E+19
   5.06250000       4.28589852E+19
   5.13281250       4.31269846E+19
   5.20312500       4.35161194E+19
   5.27343750       4.40089776E+19
   5.34375000       4.45236854E+19
   5.41406250       4.49282353E+19
   5.48437500       4.50781340E+19
   5.55468750       4.48632014E+19
   5.62500000       4.42451747E+19
   5.69531250       4.32699255E+19
   5.76562500       4.20509014E+19
   5.83593750       4.07337084E+19
   5.90625000       3.94592909E+19
   5.97656250       3.83388182E+19
   6.04687500       3.74438245E+19
   6.11718750       3.68069720E+19
   6.18750000       3.64270907E+19
   6.25781250       3.62739881E+19
   6.32812500       3.62922510E+19
   6.39843750       3.64062132E+19
   6.46875000       3.65304228E+19
   6.53906250       3.65875248E+19
   6.60937500       3.65303239E+19
   6.67968750       3.63599303E+19
   6.75000000       3.61321071E+19
   6.82031250       3.59474859E+19
   6.89062500       3.59264567E+19
   6.96093750       3.61729826E+19
   7.03125000       3.67360711E+19
   7.10156250       3.75811359E+19
   7.17187500       3.85836882E+19
   7.24218750       3.95509902E+19
   7.31250000       4.02678366E+19
   7.38281250       4.05532918E+19
   7.45312500       4.03115575E+19
   7.52343750       3.95613256E+19
   7.59375000       3.84335389E+19
   7.66406250       3.71362295E+19
   7.73437500       3.58956088E+19
   7.80468750       3.48912313E+19
   7.87500000       3.42061036E+19
   7.94531250       3.38081332E+19
   8.01562500       3.35687497E+19
   8.08593750       3.33110945E+19
   8.15625000       3.28706808E+19
   8.22656250       3.21487106E+19
   8.29687500       3.11424002E+19
   8.36718750       2.99454389E+19
   8.43750000       2.87203388E+19
   8.50781250       2.76519060E+19
   8.57812500       2.68953936E+19
   8.64843750       2.65341601E+19
   8.71875000       2.65592179E+19
   8.78906250       2.68762049E+19
   8.85937500       2.73357436E+19
   8.92968750       2.77753042E+19
   9.00000000       2.80583339E+19
   9.07031250       2.81009641E+19
   9.14062500       2.78836193E+19
   9.21093750       2.74497168E+19
   9.28125000       2.68943755E+19
   9.35156250       2.63444921E+19
   9.42187500       2.59310340E+19
   9.49218750       2.57573793E+19
   9.56250000       2.58713547E+19
   9.63281250       2.62501364E+19
   9.70312500       2.68036152E+19
   9.77343750       2.73958451E+19
   9.84375000       2.78783020E+19
   9.91406250       2.81247994E+19
   9.98437500       2.80577050E+19
   10.0546875       2.76584965E+19
   10.1250000       2.69623341E+19
   10.1953125       2.60419153E+19
   10.2656250       2.49875254E+19
   10.3359375       2.38887329E+19
   10.4062500       2.28211379E+19
   10.4765625       2.18401954E+19
   10.5468750       2.09820793E+19
   10.6171875       2.02687052E+19
   10.6875000       1.97120181E+19
   10.7578125       1.93141708E+19
   10.8281250       1.90634579E+19
   10.8984375       1.89300762E+19
   10.9687500       1.88668125E+19
   11.0390625       1.88173257E+19
   11.1093750       1.87295627E+19
   11.1796875       1.85677189E+19
   11.2500000       1.83170589E+19
   11.3203125       1.79806721E+19
   11.3906250       1.75716626E+19
   11.4609375       1.71055301E+19
   11.5312500       1.65962066E+19
   11.6015625       1.60574305E+19
   11.6718750       1.55080662E+19
   11.7421875       1.49775243E+19
   11.8125000       1.45062384E+19
   11.8828125       1.41390884E+19
   11.9531250       1.39132421E+19
   12.0234375       1.38453363E+19
   12.0937500       1.39235050E+19
   12.1640625       1.41084648E+19
   12.2343750       1.43439571E+19
   12.3046875       1.45722982E+19
   12.3750000       1.47481255E+19
   12.4453125       1.48449342E+19
   12.5156250       1.48533257E+19
   12.5859375       1.47738783E+19
   12.6562500       1.46085788E+19
   12.7265625       1.43541133E+19
   12.7968750       1.39985356E+19
   12.8671875       1.35223943E+19
   12.9375000       1.29042148E+19
   13.0078125       1.21291537E+19
   13.0781250       1.11978420E+19
   13.1484375       1.01323449E+19
   13.2187500       8.97694619E+18
   13.2890625       7.79347036E+18
   13.3593750       6.65216904E+18
   13.4296875       5.62054071E+18
   13.5000000       4.75249168E+18
   13.5703125       4.08016258E+18
   13.6406250       3.60938716E+18
   13.7109375       3.31945007E+18
   13.7812500       3.16738486E+18
   13.8515625       3.09719506E+18
   13.9218750       3.05204224E+18
   13.9921875       0.00000000    
   14.0625000       0.00000000    
   14.1328125       0.00000000    
   14.2031250       0.00000000    
   14.2734375       0.00000000    
   14.3437500       0.00000000    
   14.4140625       0.00000000    
   14.4843750       0.00000000    
   14.5546875       0.00000000    
   14.6250000       0.00000000    
   14.6953125       0.00000000    
   14.7656250       0.00000000    
   14.8359375       0.00000000    
   14.9062500       0.00000000    
   14.9765625       0.00000000    
   15.0468750       0.00000000    
   15.1171875       0.00000000    
   15.1875000       0.00000000    
   15.2578125       0.00000000    
   15.3281250       0.00000000    
   15.3984375       0.00000000    
   15.4687500       0.00000000    
   15.5390625       0.00000000    
   15.6093750       0.00000000    
   15.6796875       0.00000000    
   15.7500000       0.00000000    
   15.8203125       0.00000000    
   15.8906250       0.00000000    
   15.9609375       0.00000000    
   16.0312500       0.00000000    
   16.1015625       0.00000000    
   16.1718750       0.00000000    
   16.2421875       0.00000000    
   16.3125000       0.00000000    
   16.3828125       0.00000000    
   16.4531250       0.00000000    
   16.5234375       0.00000000    
   16.5937500       0.00000000    
   16.6640625       0.00000000    
   16.7343750       0.00000000    
   16.8046875       0.00000000    
   16.8750000       0.00000000    
   16.9453125       0.00000000    
   17.0156250       0.00000000    
   17.0859375       0.00000000    
   17.1562500       0.00000000    
   17.2265625       0.00000000    
   17.2968750       0.00000000    
   17.3671875       0.00000000    
   17.4375000       0.00000000    
   17.5078125       0.00000000    
   17.5781250       0.00000000    
   17.6484375       0.00000000    
   17.7187500       0.00000000    
   17.7890625       0.00000000    
   17.8593750       0.00000000    
   17.9296875       0.00000000    
   18.0000000       0.00000000    
   18.0703125       0.00000000    
   18.1406250       0.00000000    
   18.2109375       0.00000000    
   18.2812500       0.00000000    
   18.3515625       0.00000000    
   18.4218750       0.00000000    
   18.4921875       0.00000000    
   18.5625000       0.00000000    
   18.6328125       0.00000000    
   18.7031250       0.00000000    
   18.7734375       0.00000000    
   18.8437500       0.00000000    
   18.9140625       0.00000000    
   18.9843750       0.00000000    
   19.0546875       0.00000000    
   19.1250000       0.00000000    
   19.1953125       0.00000000    
   19.2656250       0.00000000    
   19.3359375       0.00000000    
   19.4062500       0.00000000    
   19.4765625       0.00000000    
   19.5468750       0.00000000    
   19.6171875       0.00000000    
   19.6875000       0.00000000    
   19.7578125       0.00000000    
   19.8281250       0.00000000    
   19.8984375       0.00000000    
   19.9687500       0.00000000    
   20.0390625       0.00000000    
   20.1093750       0.00000000    
   20.1796875       0.00000000    
   20.2500000       0.00000000    
   20.3203125       0.00000000    
   20.3906250       0.00000000    
   20.4609375       0.00000000    
   20.5312500       0.00000000    
   20.6015625       0.00000000    
