1995 07 30 05 11 23.0 -23.340 -70.290
27. 1.590E+21 8.068 17 25 114 171 67 79
  -1.12500000       0.00000000    
  -1.05468750       5.44788083E+17
 -0.984375000       5.38513514E+17
 -0.914062500       5.31927851E+17
 -0.843750000       5.25303672E+17
 -0.773437500       5.18943581E+17
 -0.703125000       5.13197293E+17
 -0.632812500       5.08376896E+17
 -0.562500000       5.04761496E+17
 -0.492187500       5.02521791E+17
 -0.421875000       5.01742787E+17
 -0.351562500       5.02372292E+17
 -0.281250000       5.04293207E+17
 -0.210937500       5.07318926E+17
 -0.140625000       5.11277271E+17
  -7.03125000E-02   5.15984795E+17
   0.00000000       5.21307187E+17
   7.03125000E-02   5.27111647E+17
  0.140625000       5.33304406E+17
  0.210937500       5.39787573E+17
  0.281250000       5.46538265E+17
  0.351562500       5.53612935E+17
  0.421875000       5.61220525E+17
  0.492187500       5.69674944E+17
  0.562500000       5.79398785E+17
  0.632812500       5.90809998E+17
  0.703125000       6.04268982E+17
  0.773437500       6.19938122E+17
  0.843750000       6.37775774E+17
  0.914062500       6.57494072E+17
  0.984375000       6.78664069E+17
   1.05468750       7.00763497E+17
   1.12500000       7.23356537E+17
   1.19531250       7.46170166E+17
   1.26562500       7.69220053E+17
   1.33593750       7.92767469E+17
   1.40625000       8.17303758E+17
   1.47656250       8.43395993E+17
   1.54687500       8.71594618E+17
   1.61718750       9.02281232E+17
   1.68750000       9.35679928E+17
   1.75781250       9.71868155E+17
   1.82812500       1.01092123E+18
   1.89843750       1.05296538E+18
   1.96875000       1.09827406E+18
   2.03906250       1.14718522E+18
   2.10937500       1.20001153E+18
   2.17968750       1.25681642E+18
   2.25000000       1.31733794E+18
   2.32031250       1.38093204E+18
   2.39062500       1.44760766E+18
   2.46093750       1.52272877E+18
   2.53125000       1.61059597E+18
   2.60156250       1.71325874E+18
   2.67187500       1.82627878E+18
   2.74218750       1.94558184E+18
   2.81250000       2.06810853E+18
   2.88281250       2.19171137E+18
   2.95312500       2.31508798E+18
   3.02343750       2.43760271E+18
   3.09375000       2.56369360E+18
   3.16406250       2.69792831E+18
   3.23437500       2.84354625E+18
   3.30468750       2.99811615E+18
   3.37500000       3.15850301E+18
   3.44531250       3.32247290E+18
   3.51562500       3.48856018E+18
   3.58593750       3.65599326E+18
   3.65625000       3.82445411E+18
   3.72656250       3.99395537E+18
   3.79687500       4.16455450E+18
   3.86718750       4.33623939E+18
   3.93750000       4.51134294E+18
   4.00781250       4.69881187E+18
   4.07812500       4.90288727E+18
   4.14843750       5.12174232E+18
   4.21875000       5.34422135E+18
   4.28906250       5.56221107E+18
   4.35937500       5.77025132E+18
   4.42968750       5.96539924E+18
   4.50000000       6.14799458E+18
   4.57031250       6.32194557E+18
   4.64062500       6.49107410E+18
   4.71093750       6.65780954E+18
   4.78125000       6.82238884E+18
   4.85156250       6.98574328E+18
   4.92187500       7.14890861E+18
   4.99218750       7.31260829E+18
   5.06250000       7.47707984E+18
   5.13281250       7.64208520E+18
   5.20312500       7.80704218E+18
   5.27343750       7.97119047E+18
   5.34375000       8.13376481E+18
   5.41406250       8.29405656E+18
   5.48437500       8.45145880E+18
   5.55468750       8.60546025E+18
   5.62500000       8.75569806E+18
   5.69531250       8.90198919E+18
   5.76562500       9.04435615E+18
   5.83593750       9.18300512E+18
   5.90625000       9.31830167E+18
   5.97656250       9.45072905E+18
   6.04687500       9.58086505E+18
   6.11718750       9.70938806E+18
   6.18750000       9.83706225E+18
   6.25781250       9.96468367E+18
   6.32812500       1.00929439E+19
   6.39843750       1.02222245E+19
   6.46875000       1.03524594E+19
   6.53906250       1.04830429E+19
   6.60937500       1.06128942E+19
   6.67968750       1.07406684E+19
   6.75000000       1.08651518E+19
   6.82031250       1.09856330E+19
   6.89062500       1.11022549E+19
   6.96093750       1.12161313E+19
   7.03125000       1.13292864E+19
   7.10156250       1.14443712E+19
   7.17187500       1.15642609E+19
   7.24218750       1.16916470E+19
   7.31250000       1.18287473E+19
   7.38281250       1.19770846E+19
   7.45312500       1.21374275E+19
   7.52343750       1.23097825E+19
   7.59375000       1.24935296E+19
   7.66406250       1.26875967E+19
   7.73437500       1.28907073E+19
   7.80468750       1.31016299E+19
   7.87500000       1.33194674E+19
   7.94531250       1.35438711E+19
   8.01562500       1.37751501E+19
   8.08593750       1.40142114E+19
   8.15625000       1.42624151E+19
   8.22656250       1.45213182E+19
   8.29687500       1.47924259E+19
   8.36718750       1.50769619E+19
   8.43750000       1.53757751E+19
   8.50781250       1.56892591E+19
   8.57812500       1.60173248E+19
   8.64843750       1.63593147E+19
   8.71875000       1.67139379E+19
   8.78906250       1.70791759E+19
   8.85937500       1.74522974E+19
   8.92968750       1.78299994E+19
   9.00000000       1.82087889E+19
   9.07031250       1.85854365E+19
   9.14062500       1.89573903E+19
   9.21093750       1.93230263E+19
   9.28125000       1.96817001E+19
   9.35156250       2.00336274E+19
   9.42187500       2.03796349E+19
   9.49218750       2.07208354E+19
   9.56250000       2.10583921E+19
   9.63281250       2.13932571E+19
   9.70312500       2.17259869E+19
   9.77343750       2.20565551E+19
   9.84375000       2.23843547E+19
   9.91406250       2.27082334E+19
   9.98437500       2.30267576E+19
   10.0546875       2.33385087E+19
   10.1250000       2.36424093E+19
   10.1953125       2.39379514E+19
   10.2656250       2.42251791E+19
   10.3359375       2.45045210E+19
   10.4062500       2.47764852E+19
   10.4765625       2.50413355E+19
   10.5468750       2.52989577E+19
   10.6171875       2.55487843E+19
   10.6875000       2.57900150E+19
   10.7578125       2.60218118E+19
   10.8281250       2.62435569E+19
   10.8984375       2.64549271E+19
   10.9687500       2.66559024E+19
   11.0390625       2.68466567E+19
   11.1093750       2.70273812E+19
   11.1796875       2.71981815E+19
   11.2500000       2.73590907E+19
   11.3203125       2.75101548E+19
   11.3906250       2.76515783E+19
   11.4609375       2.77838430E+19
   11.5312500       2.79077602E+19
   11.6015625       2.80244095E+19
   11.6718750       2.81349764E+19
   11.7421875       2.82405098E+19
   11.8125000       2.83417044E+19
   11.8828125       2.84386791E+19
   11.9531250       2.85308798E+19
   12.0234375       2.86170397E+19
   12.0937500       2.86954481E+19
   12.1640625       2.87642973E+19
   12.2343750       2.88222724E+19
   12.3046875       2.88689972E+19
   12.3750000       2.89053844E+19
   12.4453125       2.89335539E+19
   12.5156250       2.89564370E+19
   12.5859375       2.89770990E+19
   12.6562500       2.89980249E+19
   12.7265625       2.90205847E+19
   12.7968750       2.90447761E+19
   12.8671875       2.90693568E+19
   12.9375000       2.90922794E+19
   13.0078125       2.91113098E+19
   13.0781250       2.91245897E+19
   13.1484375       2.91311186E+19
   13.2187500       2.91310108E+19
   13.2890625       2.91255067E+19
   13.3593750       2.91167897E+19
   13.4296875       2.91076374E+19
   13.5000000       2.91011789E+19
   13.5703125       2.91005500E+19
   13.6406250       2.91087435E+19
   13.7109375       2.91283368E+19
   13.7812500       2.91613354E+19
   13.8515625       2.92090366E+19
   13.9218750       2.92719286E+19
   13.9921875       2.93496487E+19
   14.0625000       2.94410445E+19
   14.1328125       2.95442469E+19
   14.2031250       2.96568435E+19
   14.2734375       2.97760767E+19
   14.3437500       2.98991890E+19
   14.4140625       3.00237373E+19
   14.4843750       3.01478942E+19
   14.5546875       3.02705425E+19
   14.6250000       3.03913678E+19
   14.6953125       3.05106934E+19
   14.7656250       3.06293109E+19
   14.8359375       3.07481483E+19
   14.9062500       3.08679731E+19
   14.9765625       3.09890821E+19
   15.0468750       3.11111169E+19
   15.1171875       3.12329956E+19
   15.1875000       3.13531150E+19
   15.2578125       3.14696611E+19
   15.3281250       3.15810680E+19
   15.3984375       3.16863484E+19
   15.4687500       3.17854166E+19
   15.5390625       3.18791214E+19
   15.6093750       3.19691142E+19
   15.6796875       3.20574798E+19
   15.7500000       3.21463489E+19
   15.8203125       3.22375006E+19
   15.8906250       3.23321752E+19
   15.9609375       3.24310037E+19
   16.0312500       3.25341291E+19
   16.1015625       3.26413204E+19
   16.1718750       3.27520698E+19
   16.2421875       3.28655482E+19
   16.3125000       3.29805286E+19
   16.3828125       3.30952538E+19
   16.4531250       3.32074502E+19
   16.5234375       3.33143183E+19
   16.5937500       3.34128324E+19
   16.6640625       3.35001358E+19
   16.7343750       3.35739570E+19
   16.8046875       3.36330294E+19
   16.8750000       3.36773111E+19
   16.9453125       3.37078885E+19
   17.0156250       3.37266374E+19
   17.0859375       3.37355742E+19
   17.1562500       3.37362009E+19
   17.2265625       3.37290277E+19
   17.2968750       3.37133883E+19
   17.3671875       3.36877147E+19
   17.4375000       3.36500872E+19
   17.5078125       3.35990918E+19
   17.5781250       3.35345593E+19
   17.6484375       3.34580817E+19
   17.7187500       3.33731180E+19
   17.7890625       3.32847151E+19
   17.8593750       3.31987377E+19
   17.9296875       3.31210198E+19
   18.0000000       3.30564630E+19
   18.0703125       3.30084540E+19
   18.1406250       3.29785297E+19
   18.2109375       3.29665274E+19
   18.2812500       3.29709760E+19
   18.3515625       3.29896831E+19
   18.4218750       3.30203573E+19
   18.4921875       3.30611426E+19
   18.5625000       3.31110714E+19
   18.6328125       3.31702779E+19
   18.7031250       3.32400661E+19
   18.7734375       3.33226724E+19
   18.8437500       3.34208764E+19
   18.9140625       3.35373828E+19
   18.9843750       3.36742500E+19
   19.0546875       3.38323752E+19
   19.1250000       3.40112526E+19
   19.1953125       3.42090459E+19
   19.2656250       3.44227624E+19
   19.3359375       3.46486548E+19
   19.4062500       3.48826331E+19
   19.4765625       3.51206686E+19
   19.5468750       3.53591021E+19
   19.6171875       3.55947956E+19
   19.6875000       3.58252510E+19
   19.7578125       3.60484673E+19
   19.8281250       3.62629116E+19
   19.8984375       3.64673306E+19
   19.9687500       3.66606842E+19
   20.0390625       3.68420266E+19
   20.1093750       3.70104190E+19
   20.1796875       3.71646717E+19
   20.2500000       3.73032673E+19
   20.3203125       3.74243983E+19
   20.3906250       3.75260988E+19
   20.4609375       3.76065698E+19
   20.5312500       3.76644789E+19
   20.6015625       3.76993070E+19
   20.6718750       3.77114456E+19
   20.7421875       3.77022537E+19
   20.8125000       3.76739875E+19
   20.8828125       3.76295980E+19
   20.9531250       3.75726125E+19
   21.0234375       3.75068397E+19
   21.0937500       3.74362643E+19
   21.1640625       3.73647916E+19
   21.2343750       3.72961425E+19
   21.3046875       3.72336155E+19
   21.3750000       3.71798406E+19
   21.4453125       3.71365682E+19
   21.5156250       3.71045152E+19
   21.5859375       3.70833474E+19
   21.6562500       3.70717806E+19
   21.7265625       3.70679850E+19
   21.7968750       3.70700169E+19
   21.8671875       3.70762358E+19
   21.9375000       3.70856168E+19
   22.0078125       3.70977950E+19
   22.0781250       3.71129067E+19
   22.1484375       3.71312817E+19
   22.2187500       3.71530916E+19
   22.2890625       3.71782353E+19
   22.3593750       3.72062596E+19
   22.4296875       3.72365182E+19
   22.5000000       3.72684304E+19
   22.5703125       3.73017324E+19
   22.6406250       3.73366265E+19
   22.7109375       3.73737372E+19
   22.7812500       3.74138078E+19
   22.8515625       3.74574584E+19
   22.9218750       3.75048518E+19
   22.9921875       3.75556668E+19
   23.0625000       3.76091427E+19
   23.1328125       3.76643689E+19
   23.2031250       3.77206200E+19
   23.2734375       3.77775175E+19
   23.3437500       3.78351319E+19
   23.4140625       3.78937623E+19
   23.4843750       3.79536944E+19
   23.5546875       3.80148097E+19
   23.6250000       3.80764659E+19
   23.6953125       3.81375240E+19
   23.7656250       3.81966953E+19
   23.8359375       3.82528628E+19
   23.9062500       3.83054282E+19
   23.9765625       3.83544312E+19
   24.0468750       3.84005360E+19
   24.1171875       3.84447979E+19
   24.1875000       3.84884617E+19
   24.2578125       3.85325741E+19
   24.3281250       3.85777245E+19
   24.3984375       3.86236137E+19
   24.4687500       3.86688696E+19
   24.5390625       3.87109325E+19
   24.6093750       3.87461696E+19
   24.6796875       3.87701742E+19
   24.7500000       3.87782226E+19
   24.8203125       3.87658069E+19
   24.8906250       3.87291756E+19
   24.9609375       3.86658129E+19
   25.0312500       3.85747426E+19
   25.1015625       3.84566506E+19
   25.1718750       3.83135910E+19
   25.2421875       3.81485411E+19
   25.3125000       3.79648347E+19
   25.3828125       3.77656384E+19
   25.4531250       3.75537581E+19
   25.5234375       3.73315600E+19
   25.5937500       3.71010979E+19
   25.6640625       3.68643225E+19
   25.7343750       3.66231864E+19
   25.8046875       3.63796622E+19
   25.8750000       3.61356783E+19
   25.9453125       3.58930029E+19
   26.0156250       3.56531511E+19
   26.0859375       3.54172772E+19
   26.1562500       3.51862654E+19
   26.2265625       3.49608744E+19
   26.2968750       3.47420825E+19
   26.3671875       3.45313150E+19
   26.4375000       3.43306387E+19
   26.5078125       3.41426684E+19
   26.5781250       3.39702760E+19
   26.6484375       3.38160826E+19
   26.7187500       3.36821885E+19
   26.7890625       3.35698844E+19
   26.8593750       3.34798146E+19
   26.9296875       3.34120627E+19
   27.0000000       3.33664066E+19
   27.0703125       3.33423998E+19
   27.1406250       3.33393080E+19
   27.2109375       3.33559282E+19
   27.2812500       3.33904045E+19
   27.3515625       3.34401838E+19
   27.4218750       3.35020467E+19
   27.4921875       3.35723275E+19
   27.5625000       3.36471757E+19
   27.6328125       3.37228551E+19
   27.7031250       3.37959242E+19
   27.7734375       3.38633089E+19
   27.8437500       3.39222779E+19
   27.9140625       3.39703859E+19
   27.9843750       3.40054999E+19
   28.0546875       3.40258805E+19
   28.1250000       3.40304984E+19
   28.1953125       3.40193098E+19
   28.2656250       3.39935548E+19
   28.3359375       3.39558196E+19
   28.4062500       3.39097874E+19
   28.4765625       3.38597069E+19
   28.5468750       3.38097605E+19
   28.6171875       3.37633984E+19
   28.6875000       3.37229804E+19
   28.7578125       3.36897685E+19
   28.8281250       3.36642511E+19
   28.8984375       3.36466215E+19
   28.9687500       3.36372867E+19
   29.0390625       3.36370404E+19
   29.1093750       3.36470327E+19
   29.1796875       3.36683127E+19
   29.2500000       3.37013794E+19
   29.3203125       3.37457799E+19
   29.3906250       3.38000474E+19
   29.4609375       3.38619147E+19
   29.5312500       3.39287782E+19
   29.6015625       3.39982629E+19
   29.6718750       3.40687240E+19
   29.7421875       3.41395260E+19
   29.8125000       3.42111438E+19
   29.8828125       3.42850112E+19
   29.9531250       3.43632854E+19
   30.0234375       3.44484294E+19
   30.0937500       3.45428906E+19
   30.1640625       3.46487912E+19
   30.2343750       3.47677869E+19
   30.3046875       3.49009026E+19
   30.3750000       3.50484219E+19
   30.4453125       3.52097752E+19
   30.5156250       3.53835178E+19
   30.5859375       3.55673562E+19
   30.6562500       3.57582710E+19
   30.7265625       3.59528955E+19
   30.7968750       3.61478148E+19
   30.8671875       3.63399412E+19
   30.9375000       3.65268252E+19
   31.0078125       3.67068614E+19
   31.0781250       3.68794496E+19
   31.1484375       3.70448249E+19
   31.2187500       3.72038627E+19
   31.2890625       3.73576360E+19
   31.3593750       3.75070420E+19
   31.4296875       3.76525998E+19
   31.5000000       3.77943884E+19
   31.5703125       3.79322496E+19
   31.6406250       3.80659898E+19
   31.7109375       3.81954067E+19
   31.7812500       3.83202320E+19
   31.8515625       3.84399117E+19
   31.9218750       3.85534340E+19
   31.9921875       3.86592247E+19
   32.0625000       3.87553088E+19
   32.1328125       3.88395534E+19
   32.2031250       3.89100980E+19
   32.2734375       3.89656410E+19
   32.3437500       3.90056544E+19
   32.4140625       3.90304198E+19
   32.4843750       3.90408124E+19
   32.5546875       3.90380108E+19
   32.6250000       3.90232686E+19
   32.6953125       3.89977511E+19
   32.7656250       3.89625931E+19
   32.8359375       3.89190788E+19
   32.9062500       3.88689059E+19
   32.9765625       3.88143833E+19
   33.0468750       3.87584578E+19
   33.1171875       3.87045377E+19
   33.1875000       3.86561548E+19
   33.2578125       3.86165944E+19
   33.3281250       3.85886228E+19
   33.3984375       3.85741884E+19
   33.4687500       3.85744127E+19
   33.5390625       3.85895156E+19
   33.6093750       3.86189298E+19
   33.6796875       3.86611598E+19
   33.7500000       3.87139583E+19
   33.8203125       3.87743567E+19
   33.8906250       3.88390168E+19
   33.9609375       3.89045521E+19
   34.0312500       3.89679631E+19
   34.1015625       3.90268969E+19
   34.1718750       3.90798406E+19
   34.2421875       3.91259234E+19
   34.3125000       3.91648109E+19
   34.3828125       3.91963537E+19
   34.4531250       3.92204814E+19
   34.5234375       3.92370444E+19
   34.5937500       3.92458141E+19
   34.6640625       3.92464958E+19
   34.7343750       3.92387377E+19
   34.8046875       3.92221702E+19
   34.8750000       3.91963977E+19
   34.9453125       3.91609890E+19
   35.0156250       3.91154692E+19
   35.0859375       3.90592754E+19
   35.1562500       3.89916774E+19
   35.2265625       3.89118572E+19
   35.2968750       3.88190013E+19
   35.3671875       3.87124146E+19
   35.4375000       3.85917410E+19
   35.5078125       3.84571212E+19
   35.5781250       3.83092897E+19
   35.6484375       3.81494779E+19
   35.7187500       3.79793262E+19
   35.7890625       3.78006776E+19
   35.8593750       3.76154099E+19
   35.9296875       3.74251592E+19
   36.0000000       3.72311526E+19
   36.0703125       3.70340057E+19
   36.1406250       3.68337429E+19
   36.2109375       3.66299022E+19
   36.2812500       3.64216459E+19
   36.3515625       3.62080614E+19
   36.4218750       3.59882448E+19
   36.4921875       3.57615475E+19
   36.5625000       3.55276638E+19
   36.6328125       3.52867674E+19
   36.7031250       3.50396786E+19
   36.7734375       3.47878618E+19
   36.8437500       3.45333688E+19
   36.9140625       3.42786274E+19
   36.9843750       3.40261773E+19
   37.0546875       3.37784068E+19
   37.1250000       3.35372839E+19
   37.1953125       3.33043304E+19
   37.2656250       3.30805907E+19
   37.3359375       3.28667643E+19
   37.4062500       3.26633898E+19
   37.4765625       3.24709841E+19
   37.5468750       3.22902464E+19
   37.6171875       3.21220673E+19
   37.6875000       3.19674957E+19
   37.7578125       3.18275191E+19
   37.8281250       3.17028851E+19
   37.8984375       3.15937937E+19
   37.9687500       3.14997217E+19
   38.0390625       3.14193232E+19
   38.1093750       3.13505070E+19
   38.1796875       3.12906122E+19
   38.2500000       3.12367361E+19
   38.3203125       3.11861278E+19
   38.3906250       3.11366432E+19
   38.4609375       3.10870024E+19
   38.5312500       3.10369790E+19
   38.6015625       3.09872261E+19
   38.6718750       3.09390477E+19
   38.7421875       3.08938974E+19
   38.8125000       3.08530154E+19
   38.8828125       3.08171955E+19
   38.9531250       3.07868577E+19
   39.0234375       3.07621803E+19
   39.0937500       3.07433325E+19
   39.1640625       3.07305364E+19
   39.2343750       3.07240404E+19
   39.3046875       3.07239217E+19
   39.3750000       3.07299030E+19
   39.4453125       3.07412368E+19
   39.5156250       3.07568103E+19
   39.5859375       3.07753371E+19
   39.6562500       3.07956472E+19
   39.7265625       3.08169844E+19
   39.7968750       3.08391461E+19
   39.8671875       3.08623854E+19
   39.9375000       3.08871970E+19
   40.0078125       3.09139151E+19
   40.0781250       3.09424914E+19
   40.1484375       3.09723541E+19
   40.2187500       3.10025511E+19
   40.2890625       3.10320796E+19
   40.3593750       3.10601853E+19
   40.4296875       3.10864791E+19
   40.5000000       3.11108244E+19
   40.5703125       3.11331181E+19
   40.6406250       3.11529753E+19
   40.7109375       3.11695340E+19
   40.7812500       3.11814703E+19
   40.8515625       3.11871899E+19
   40.9218750       3.11851096E+19
   40.9921875       3.11739210E+19
   41.0625000       3.11527620E+19
   41.1328125       3.11212082E+19
   41.2031250       3.10793080E+19
   41.2734375       3.10275057E+19
   41.3437500       3.09666345E+19
   41.4140625       3.08979128E+19
   41.4843750       3.08229261E+19
   41.5546875       3.07434776E+19
   41.6250000       3.06613837E+19
   41.6953125       3.05781990E+19
   41.7656250       3.04949858E+19
   41.8359375       3.04120760E+19
   41.9062500       3.03289881E+19
   41.9765625       3.02445016E+19
   42.0468750       3.01569035E+19
   42.1171875       3.00643005E+19
   42.1875000       2.99651025E+19
   42.2578125       2.98583136E+19
   42.3281250       2.97437906E+19
   42.3984375       2.96221099E+19
   42.4687500       2.94943620E+19
   42.5390625       2.93617983E+19
   42.6093750       2.92255358E+19
   42.6796875       2.90863531E+19
   42.7500000       2.89446832E+19
   42.8203125       2.88006670E+19
   42.8906250       2.86544165E+19
   42.9609375       2.85061650E+19
   43.0312500       2.83563653E+19
   43.1015625       2.82056157E+19
   43.1718750       2.80544064E+19
   43.2421875       2.79027574E+19
   43.3125000       2.77500088E+19
   43.3828125       2.75947270E+19
   43.4531250       2.74349812E+19
   43.5234375       2.72686690E+19
   43.5937500       2.70939346E+19
   43.6640625       2.69094080E+19
   43.7343750       2.67144888E+19
   43.8046875       2.65093045E+19
   43.8750000       2.62947634E+19
   43.9453125       2.60723696E+19
   44.0156250       2.58441176E+19
   44.0859375       2.56123031E+19
   44.1562500       2.53793870E+19
   44.2265625       2.51478804E+19
   44.2968750       2.49202507E+19
   44.3671875       2.46986332E+19
   44.4375000       2.44846110E+19
   44.5078125       2.42789562E+19
   44.5781250       2.40816532E+19
   44.6484375       2.38922271E+19
   44.7187500       2.37103195E+19
   44.7890625       2.35362603E+19
   44.8593750       2.33714720E+19
   44.9296875       2.32183475E+19
   45.0000000       2.30797980E+19
   45.0703125       2.29584559E+19
   45.1406250       2.28559726E+19
   45.2109375       2.27724669E+19
   45.2812500       2.27064104E+19
   45.3515625       2.26548763E+19
   45.4218750       2.26141218E+19
   45.4921875       2.25802085E+19
   45.5625000       2.25495849E+19
   45.6328125       2.25194011E+19
   45.7031250       2.24876560E+19
   45.7734375       2.24530456E+19
   45.8437500       2.24147034E+19
   45.9140625       2.23719720E+19
   45.9843750       2.23241806E+19
   46.0546875       2.22705684E+19
   46.1250000       2.22103174E+19
   46.1953125       2.21426666E+19
   46.2656250       2.20671610E+19
   46.3359375       2.19838268E+19
   46.4062500       2.18934096E+19
   46.4765625       2.17974860E+19
   46.5468750       2.16985013E+19
   46.6171875       2.15995541E+19
   46.6875000       2.15040549E+19
   46.7578125       2.14151858E+19
   46.8281250       2.13353766E+19
   46.8984375       2.12658721E+19
   46.9687500       2.12065798E+19
   47.0390625       2.11562112E+19
   47.1093750       2.11126881E+19
   47.1796875       2.10735741E+19
   47.2500000       2.10365887E+19
   47.3203125       2.09999552E+19
   47.3906250       2.09626884E+19
   47.4609375       2.09246277E+19
   47.5312500       2.08863691E+19
   47.6015625       2.08488955E+19
   47.6718750       2.08132317E+19
   47.7421875       2.07799187E+19
   47.8125000       2.07487784E+19
   47.8828125       2.07187661E+19
   47.9531250       2.06881843E+19
   48.0234375       2.06549988E+19
   48.0937500       2.06172570E+19
   48.1640625       2.05734832E+19
   48.2343750       2.05229387E+19
   48.3046875       2.04656871E+19
   48.3750000       2.04025224E+19
   48.4453125       2.03347617E+19
   48.5156250       2.02640191E+19
   48.5859375       2.01919725E+19
   48.6562500       2.01202997E+19
   48.7265625       2.00506303E+19
   48.7968750       1.99846244E+19
   48.8671875       1.99239555E+19
   48.9375000       1.98702378E+19
   49.0078125       1.98247114E+19
   49.0781250       1.97880163E+19
   49.1484375       1.97597303E+19
   49.2187500       1.97382216E+19
   49.2890625       1.97206316E+19
   49.3593750       1.97032374E+19
   49.4296875       1.96819706E+19
   49.5000000       1.96531348E+19
   49.5703125       1.96140252E+19
   49.6406250       1.95634081E+19
   49.7109375       1.95016111E+19
   49.7812500       1.94303408E+19
   49.8515625       1.93522029E+19
   49.9218750       1.92701353E+19
   49.9921875       1.91867286E+19
   50.0625000       1.91037331E+19
   50.1328125       1.90216435E+19
   50.2031250       1.89396639E+19
   50.2734375       1.88558965E+19
   50.3437500       1.87678960E+19
   50.4140625       1.86732655E+19
   50.4843750       1.85702610E+19
   50.5546875       1.84580976E+19
   50.6250000       1.83369567E+19
   50.6953125       1.82077146E+19
   50.7656250       1.80716435E+19
   50.8359375       1.79300352E+19
   50.9062500       1.77840387E+19
   50.9765625       1.76344733E+19
   51.0468750       1.74817819E+19
   51.1171875       1.73259360E+19
   51.1875000       1.71665156E+19
   51.2578125       1.70028555E+19
   51.3281250       1.68343839E+19
   51.3984375       1.66609052E+19
   51.4687500       1.64828085E+19
   51.5390625       1.63010647E+19
   51.6093750       1.61171758E+19
   51.6796875       1.59329669E+19
   51.7500000       1.57504304E+19
   51.8203125       1.55715047E+19
   51.8906250       1.53979655E+19
   51.9609375       1.52312762E+19
   52.0312500       1.50725881E+19
   52.1015625       1.49227488E+19
   52.1718750       1.47823643E+19
   52.2421875       1.46517698E+19
   52.3125000       1.45310192E+19
   52.3828125       1.44198421E+19
   52.4531250       1.43177788E+19
   52.5234375       1.42242775E+19
   52.5937500       1.41389015E+19
   52.6640625       1.40613375E+19
   52.7343750       1.39914273E+19
   52.8046875       1.39290300E+19
   52.8750000       1.38739797E+19
   52.9453125       1.38260542E+19
   53.0156250       1.37851567E+19
   53.0859375       1.37515183E+19
   53.1562500       1.37259601E+19
   53.2265625       1.37099644E+19
   53.2968750       1.37056158E+19
   53.3671875       1.37152278E+19
   53.4375000       1.37409476E+19
   53.5078125       1.37842287E+19
   53.5781250       1.38455067E+19
   53.6484375       1.39239437E+19
   53.7187500       1.40175407E+19
   53.7890625       1.41234116E+19
   53.8593750       1.42384205E+19
   53.9296875       1.43598088E+19
   54.0000000       1.44858062E+19
   54.0703125       1.46158707E+19
   54.1406250       1.47506126E+19
   54.2109375       1.48913083E+19
   54.2812500       1.50392795E+19
   54.3515625       1.51952287E+19
   54.4218750       1.53588690E+19
   54.4921875       1.55287216E+19
   54.5625000       1.57023565E+19
   54.6328125       1.58767467E+19
   54.7031250       1.60488192E+19
   54.7734375       1.62159427E+19
   54.8437500       1.63764077E+19
   54.9140625       1.65296257E+19
   54.9843750       1.66762390E+19
   55.0546875       1.68178836E+19
   55.1250000       1.69568256E+19
   55.1953125       1.70953321E+19
   55.2656250       1.72350966E+19
   55.3359375       1.73766202E+19
   55.4062500       1.75189707E+19
   55.4765625       1.76598038E+19
   55.5468750       1.77958068E+19
   55.6171875       1.79233337E+19
   55.6875000       1.80391529E+19
   55.7578125       1.81410249E+19
   55.8281250       1.82280710E+19
   55.8984375       1.83007993E+19
   55.9687500       1.83610042E+19
   56.0390625       1.84115091E+19
   56.1093750       1.84559712E+19
   56.1796875       1.84985707E+19
   56.2500000       1.85437628E+19
   56.3203125       1.85958928E+19
   56.3906250       1.86587981E+19
   56.4609375       1.87352955E+19
   56.5312500       1.88267925E+19
   56.6015625       1.89329481E+19
   56.6718750       1.90517020E+19
   56.7421875       1.91794762E+19
   56.8125000       1.93118266E+19
   56.8828125       1.94441726E+19
   56.9531250       1.95726220E+19
   57.0234375       1.96944259E+19
   57.0937500       1.98081660E+19
   57.1640625       1.99134684E+19
   57.2343750       2.00105663E+19
   57.3046875       2.00997081E+19
   57.3750000       2.01807553E+19
   57.4453125       2.02528634E+19
   57.5156250       2.03144471E+19
   57.5859375       2.03633226E+19
   57.6562500       2.03970006E+19
   57.7265625       2.04131415E+19
   57.7968750       2.04099859E+19
   57.8671875       2.03866872E+19
   57.9375000       2.03434522E+19
   58.0078125       2.02814288E+19
   58.0781250       2.02024266E+19
   58.1484375       2.01084514E+19
   58.2187500       2.00013941E+19
   58.2890625       1.98827898E+19
   58.3593750       1.97538523E+19
   58.4296875       1.96155865E+19
   58.5000000       1.94689996E+19
   58.5703125       1.93152747E+19
   58.6406250       1.91558631E+19
   58.7109375       1.89923789E+19
   58.7812500       1.88264648E+19
   58.8515625       1.86595260E+19
   58.9218750       1.84925189E+19
   58.9921875       1.83258154E+19
   59.0625000       1.81592328E+19
   59.1328125       1.79921510E+19
   59.2031250       1.78238410E+19
   59.2734375       1.76536290E+19
   59.3437500       1.74811409E+19
   59.4140625       1.73063416E+19
   59.4843750       1.71295984E+19
   59.5546875       1.69516249E+19
   59.6250000       1.67734523E+19
   59.6953125       1.65963606E+19
   59.7656250       1.64218461E+19
   59.8359375       1.62514789E+19
   59.9062500       1.60868216E+19
   59.9765625       1.59292286E+19
   60.0468750       1.57797192E+19
   60.1171875       1.56388366E+19
   60.1875000       1.55066555E+19
   60.2578125       1.53828340E+19
   60.3281250       1.52668696E+19
   60.3984375       1.51582576E+19
   60.4687500       1.50567309E+19
   60.5390625       1.49623587E+19
   60.6093750       1.48755864E+19
   60.6796875       1.47970999E+19
   60.7500000       1.47276537E+19
   60.8203125       1.46678359E+19
   60.8906250       1.46179213E+19
   60.9609375       1.45776748E+19
   61.0312500       1.45462409E+19
   61.1015625       1.45219867E+19
   61.1718750       1.45024836E+19
   61.2421875       1.44844890E+19
   61.3125000       1.44641568E+19
   61.3828125       1.44372584E+19
   61.4531250       1.43996034E+19
   61.5234375       1.43472655E+19
   61.5937500       1.42768561E+19
   61.6640625       1.41856934E+19
   61.7343750       1.40719951E+19
   61.8046875       1.39350037E+19
   61.8750000       1.37751358E+19
   61.9453125       1.35940044E+19
   62.0156250       1.33943628E+19
   62.0859375       1.31797810E+19
   62.1562500       1.29542602E+19
   62.2265625       1.27217047E+19
   62.2968750       1.24856098E+19
   62.3671875       1.22487684E+19
   62.4375000       1.20132509E+19
   62.5078125       1.17804040E+19
   62.5781250       1.15509579E+19
   62.6484375       1.13249841E+19
   62.7187500       1.11019184E+19
   62.7890625       1.08805450E+19
   62.8593750       1.03890875E+19
   62.9296875       1.02196472E+19
   63.0000000       1.00446533E+19
   63.0703125       9.86312947E+18
   63.1406250       9.67516906E+18
   63.2109375       9.48177266E+18
   63.2812500       9.28464782E+18
   63.3515625       9.08556750E+18
   63.4218750       8.88603527E+18
   63.4921875       8.68684994E+18
   63.5625000       8.48818194E+18
   63.6328125       8.28960354E+18
   63.7031250       8.09050617E+18
   63.7734375       7.58121844E+18
   63.8437500       7.44192406E+18
   63.9140625       7.30139053E+18
   63.9843750       7.15704114E+18
   64.0546875       7.00573625E+18
   64.1250000       6.84438732E+18
   64.1953125       6.35124645E+18
   64.2656250       6.23994124E+18
   64.3359375       6.11535283E+18
   64.4062500       5.97810080E+18
   64.4765625       5.83034018E+18
   64.5468750       5.67551355E+18
   64.6171875       5.51780510E+18
   64.6875000       5.36157659E+18
   64.7578125       5.21071150E+18
   64.8281250       5.06817246E+18
   64.8984375       4.93566537E+18
   64.9687500       4.55609856E+18
   65.0390625       4.49965870E+18
   65.1093750       4.44876808E+18
   65.1796875       4.40132416E+18
   65.2500000       4.35492257E+18
   65.3203125       4.30697781E+18
   65.3906250       4.25504705E+18
   65.4609375       4.19682626E+18
   65.5312500       3.76887847E+18
   65.6015625       3.70267715E+18
   65.6718750       3.63086062E+18
   65.7421875       3.55351768E+18
   65.8125000       3.47109691E+18
   65.8828125       3.38421103E+18
   65.9531250       3.29380588E+18
   66.0234375       3.20088945E+18
   66.0937500       3.10662283E+18
   66.1640625       3.01201012E+18
   66.2343750       2.91800628E+18
   66.3046875       2.82524708E+18
   66.3750000       2.73419900E+18
   66.4453125       2.64493487E+18
   66.5156250       2.55734832E+18
   66.5859375       2.47100450E+18
   66.6562500       2.38543006E+18
   66.7265625       2.30001807E+18
   66.7968750       1.95963703E+18
   66.8671875       1.90617960E+18
   66.9375000       1.84972133E+18
   67.0078125       1.49715042E+18
   67.0781250       1.48025450E+18
   67.1484375       1.46408261E+18
   67.2187500       1.44952714E+18
   67.2890625       1.43724367E+18
   67.3593750       1.42765551E+18
   67.4296875       1.42080954E+18
   67.5000000       1.41657958E+18
   67.5703125       1.41466231E+18
   67.6406250       1.41481720E+18
   67.7109375       1.41679358E+18
   67.7812500       1.42044931E+18
   67.8515625       1.42556658E+18
   67.9218750       1.43190196E+18
   67.9921875       1.43899079E+18
   68.0625000       1.44623424E+18
   68.1328125       1.45276547E+18
   68.2031250       1.45759315E+18
   68.2734375       1.45953077E+18
   68.3437500       1.45740459E+18
   68.4140625       1.45004611E+18
   68.4843750       1.43655029E+18
   68.5546875       1.41629124E+18
   68.6250000       1.38916670E+18
   68.6953125       1.35555682E+18
   68.7656250       1.31647455E+18
   68.8359375       1.27338565E+18
   68.9062500       1.22820245E+18
   68.9765625       1.18295095E+18
   69.0468750       1.13964071E+18
   69.1171875       1.09988560E+18
   69.1875000       1.06482760E+18
   69.2578125       1.03490755E+18
   69.3281250       1.00998685E+18
   69.3984375       9.89299537E+17
   69.4687500       9.71692576E+17
   69.5390625       9.55639982E+17
   69.6093750       9.39518117E+17
   69.6796875       9.21661430E+17
   69.7500000       9.00692025E+17
   69.8203125       8.75605293E+17
   69.8906250       8.46059011E+17
   69.9609375       5.00751062E+17
   70.0312500       4.94158871E+17
   70.1015625       4.86973597E+17
   70.1718750       4.79806430E+17
   70.2421875       4.73239769E+17
   70.3125000       4.67816668E+17
   70.3828125       4.63920858E+17
   70.4531250       4.61784370E+17
   70.5234375       4.61389920E+17
   70.5937500       4.62500289E+17
   70.6640625       4.64585685E+17
   70.7343750       4.66892288E+17
   70.8046875       4.68439439E+17
   70.8750000       4.68183184E+17
   70.9453125       4.65097164E+17
   71.0156250       4.58386982E+17
   71.0859375       4.47571979E+17
   71.1562500       4.32647655E+17
   71.2265625       4.14065668E+17
   71.2968750       3.92769399E+17
   71.3671875       3.70055688E+17
   71.4375000       3.47512332E+17
   71.5078125       3.26805367E+17
   71.5781250       3.09569182E+17
   71.6484375       2.97183940E+17
   71.7187500       2.90696615E+17
   71.7890625       2.90661293E+17
   71.8593750       2.97156383E+17
   71.9296875       3.09746204E+17
   72.0000000       3.27626668E+17
   72.0703125       3.49690705E+17
   72.1406250       3.74734557E+17
   72.2109375       4.01538829E+17
   72.2812500       4.29043525E+17
   72.3515625       4.56355462E+17
   72.4218750       4.82834451E+17
   72.4921875       5.08017734E+17
   72.5625000       5.31648094E+17
   72.6328125       5.53569126E+17
   72.7031250       5.73746780E+17
   72.7734375       5.92182875E+17
   72.8437500       6.08959155E+17
   72.9140625       6.24164164E+17
   72.9843750       6.37935547E+17
   73.0546875       6.50385111E+17
   73.1250000       6.61649676E+17
   73.1953125       6.71823045E+17
   73.2656250       6.81019085E+17
   73.3359375       6.89317856E+17
   73.4062500       6.96837347E+17
   73.4765625       7.03670399E+17
   73.5468750       7.09925521E+17
   73.6171875       7.15635079E+17
   73.6875000       7.20769317E+17
   73.7578125       7.25127094E+17
   73.8281250       7.28362132E+17
   73.8984375       7.29923164E+17
   73.9687500       7.29154536E+17
   74.0390625       7.25309682E+17
   74.1093750       7.17709170E+17
   74.1796875       7.05790120E+17
   74.2500000       6.89271058E+17
   74.3203125       6.68165176E+17
   74.3906250       6.42874484E+17
   74.4609375       6.14110779E+17
   74.5312500       5.82886917E+17
   74.6015625       5.50338143E+17
   74.6718750       5.17638942E+17
   74.7421875       4.85804988E+17
   74.8125000       4.55644181E+17
   74.8828125       4.27637765E+17
   74.9531250       4.01994954E+17
   75.0234375       3.78651567E+17
   75.0937500       3.57424911E+17
   75.1640625       3.38060484E+17
   75.2343750       3.20374186E+17
   75.3046875       3.04242530E+17
   75.3750000       2.89667678E+17
   75.4453125       2.76682927E+17
   75.5156250       0.00000000    
   75.5859375       0.00000000    
   75.6562500       0.00000000    
   75.7265625       0.00000000    
   75.7968750       0.00000000    
   75.8671875       0.00000000    
   75.9375000       0.00000000    
   76.0078125       0.00000000    
   76.0781250       0.00000000    
   76.1484375       0.00000000    
   76.2187500       0.00000000    
   76.2890625       0.00000000    
   76.3593750       0.00000000    
   76.4296875       0.00000000    
   76.5000000       0.00000000    
   76.5703125       0.00000000    
   76.6406250       0.00000000    
   76.7109375       0.00000000    
   76.7812500       0.00000000    
   76.8515625       0.00000000    
   76.9218750       0.00000000    
   76.9921875       0.00000000    
   77.0625000       0.00000000    
   77.1328125       0.00000000    
   77.2031250       0.00000000    
   77.2734375       0.00000000    
   77.3437500       0.00000000    
   77.4140625       0.00000000    
   77.4843750       0.00000000    
   77.5546875       0.00000000    
   77.6250000       0.00000000    
   77.6953125       0.00000000    
   77.7656250       0.00000000    
   77.8359375       0.00000000    
   77.9062500       0.00000000    
   77.9765625       0.00000000    
   78.0468750       0.00000000    
   78.1171875       0.00000000    
   78.1875000       0.00000000    
   78.2578125       0.00000000    
   78.3281250       0.00000000    
   78.3984375       0.00000000    
   78.4687500       0.00000000    
   78.5390625       0.00000000    
   78.6093750       0.00000000    
   78.6796875       0.00000000    
   78.7500000       0.00000000    
   78.8203125       0.00000000    
   78.8906250       0.00000000    
   78.9609375       0.00000000    
   79.0312500       0.00000000    
   79.1015625       0.00000000    
   79.1718750       0.00000000    
   79.2421875       0.00000000    
   79.3125000       0.00000000    
   79.3828125       0.00000000    
   79.4531250       0.00000000    
   79.5234375       0.00000000    
   79.5937500       0.00000000    
   79.6640625       0.00000000    
   79.7343750       0.00000000    
   79.8046875       0.00000000    
   79.8750000       0.00000000    
   79.9453125       0.00000000    
   80.0156250       0.00000000    
   80.0859375       0.00000000    
   80.1562500       0.00000000    
   80.2265625       0.00000000    
