1995 07 30 05 11 23.0 -23.340 -70.290
27. 1.590E+21 8.068 17 25 114 171 67 79
  -1.12500000       0.00000000    
  -1.05468750       0.00000000    
 -0.984375000       0.00000000    
 -0.914062500       0.00000000    
 -0.843750000       0.00000000    
 -0.773437500       0.00000000    
 -0.703125000       0.00000000    
 -0.632812500       0.00000000    
 -0.562500000       0.00000000    
 -0.492187500       0.00000000    
 -0.421875000       0.00000000    
 -0.351562500       0.00000000    
 -0.281250000       0.00000000    
 -0.210937500       0.00000000    
 -0.140625000       0.00000000    
  -7.03125000E-02   0.00000000    
   0.00000000       0.00000000    
   7.03125000E-02   1.15370106E+18
  0.140625000       1.16108991E+18
  0.210937500       1.17165979E+18
  0.281250000       1.18475649E+18
  0.351562500       1.19939305E+18
  0.421875000       1.21510507E+18
  0.492187500       1.23164805E+18
  0.562500000       1.24972141E+18
  0.632812500       1.27032873E+18
  0.703125000       1.29511145E+18
  0.773437500       1.32547501E+18
  0.843750000       1.36287394E+18
  0.914062500       1.40794663E+18
  0.984375000       1.46092921E+18
   1.05468750       1.52108280E+18
   1.12500000       1.58751694E+18
   1.19531250       1.65893325E+18
   1.26562500       1.73456577E+18
   1.33593750       1.81389223E+18
   1.40625000       1.89736289E+18
   1.47656250       1.98571731E+18
   1.54687500       2.08028067E+18
   1.61718750       2.18206480E+18
   1.68750000       2.29207163E+18
   1.75781250       2.41051019E+18
   1.82812500       2.53728883E+18
   1.89843750       2.67149770E+18
   1.96875000       2.81214008E+18
   2.03906250       2.95768271E+18
   2.10937500       3.10677263E+18
   2.17968750       3.25779908E+18
   2.25000000       3.40968286E+18
   2.32031250       3.56136269E+18
   2.39062500       3.71239656E+18
   2.46093750       3.86233613E+18
   2.53125000       4.01129412E+18
   2.60156250       4.15921499E+18
   2.67187500       4.30628897E+18
   2.74218750       4.45223402E+18
   2.81250000       4.59682997E+18
   2.88281250       4.73931513E+18
   2.95312500       4.87900313E+18
   3.02343750       5.01481536E+18
   3.09375000       5.14603712E+18
   3.16406250       5.27184599E+18
   3.23437500       5.39200282E+18
   3.30468750       5.50632894E+18
   3.37500000       5.61539390E+18
   3.44531250       5.71992612E+18
   3.51562500       5.82140829E+18
   3.58593750       5.92152432E+18
   3.65625000       6.02288940E+18
   3.72656250       6.12850519E+18
   3.79687500       6.24226176E+18
   3.86718750       6.36803875E+18
   3.93750000       6.50973226E+18
   4.00781250       6.66977827E+18
   4.07812500       6.84873039E+18
   4.14843750       7.04381014E+18
   4.21875000       7.24926048E+18
   4.28906250       7.45628093E+18
   4.35937500       7.65505504E+18
   4.42968750       7.83606599E+18
   4.50000000       7.99260896E+18
   4.57031250       8.12131064E+18
   4.64062500       8.22293410E+18
   4.71093750       8.30114456E+18
   4.78125000       8.36208555E+18
   4.85156250       8.41255698E+18
   4.92187500       8.45951767E+18
   4.99218750       8.50868233E+18
   5.06250000       8.56463703E+18
   5.13281250       8.63001234E+18
   5.20312500       8.70606556E+18
   5.27343750       8.79230246E+18
   5.34375000       8.88748773E+18
   5.41406250       8.98945259E+18
   5.48437500       9.09611786E+18
   5.55468750       9.20521360E+18
   5.62500000       9.31517466E+18
   5.69531250       9.42465743E+18
   5.76562500       9.53315284E+18
   5.83593750       9.64039261E+18
   5.90625000       9.74698806E+18
   5.97656250       9.85383530E+18
   6.04687500       9.96266826E+18
   6.11718750       1.00753704E+19
   6.18750000       1.01944673E+19
   6.25781250       1.03223086E+19
   6.32812500       1.04614056E+19
   6.39843750       1.06135769E+19
   6.46875000       1.07803894E+19
   6.53906250       1.09623882E+19
   6.60937500       1.11596329E+19
   6.67968750       1.13711328E+19
   6.75000000       1.15957179E+19
   6.82031250       1.18316324E+19
   6.89062500       1.20773579E+19
   6.96093750       1.23311548E+19
   7.03125000       1.25917963E+19
   7.10156250       1.28579869E+19
   7.17187500       1.31289099E+19
   7.24218750       1.34036350E+19
   7.31250000       1.36818543E+19
   7.38281250       1.39633898E+19
   7.45312500       1.42488461E+19
   7.52343750       1.45389434E+19
   7.59375000       1.48350232E+19
   7.66406250       1.51381256E+19
   7.73437500       1.54492808E+19
   7.80468750       1.57685646E+19
   7.87500000       1.60955814E+19
   7.94531250       1.64287763E+19
   8.01562500       1.67661471E+19
   8.08593750       1.71048539E+19
   8.15625000       1.74422149E+19
   8.22656250       1.77753922E+19
   8.29687500       1.81021340E+19
   8.36718750       1.84201403E+19
   8.43750000       1.87276561E+19
   8.50781250       1.90228222E+19
   8.57812500       1.93043499E+19
   8.64843750       1.95710277E+19
   8.71875000       1.98226026E+19
   8.78906250       2.00592460E+19
   8.85937500       2.02821412E+19
   8.92968750       2.04927131E+19
   9.00000000       2.06931013E+19
   9.07031250       2.08853553E+19
   9.14062500       2.10717929E+19
   9.21093750       2.12542085E+19
   9.28125000       2.14344118E+19
   9.35156250       2.16136124E+19
   9.42187500       2.17930132E+19
   9.49218750       2.19732297E+19
   9.56250000       2.21549548E+19
   9.63281250       2.23383181E+19
   9.70312500       2.25233550E+19
   9.77343750       2.27092582E+19
   9.84375000       2.28949679E+19
   9.91406250       2.30785775E+19
   9.98437500       2.32581058E+19
   10.0546875       2.34311491E+19
   10.1250000       2.35958890E+19
   10.1953125       2.37507332E+19
   10.2656250       2.38950177E+19
   10.3359375       2.40283203E+19
   10.4062500       2.41509796E+19
   10.4765625       2.42633101E+19
   10.5468750       2.43660661E+19
   10.6171875       2.44597181E+19
   10.6875000       2.45450688E+19
   10.7578125       2.46226063E+19
   10.8281250       2.46930278E+19
   10.8984375       2.47564719E+19
   10.9687500       2.48131297E+19
   11.0390625       2.48625440E+19
   11.1093750       2.49043298E+19
   11.1796875       2.49377220E+19
   11.2500000       2.49626369E+19
   11.3203125       2.49794066E+19
   11.3906250       2.49895661E+19
   11.4609375       2.49951429E+19
   11.5312500       2.49989516E+19
   11.6015625       2.50035937E+19
   11.6718750       2.50115718E+19
   11.7421875       2.50244360E+19
   11.8125000       2.50433564E+19
   11.8828125       2.50686408E+19
   11.9531250       2.51004673E+19
   12.0234375       2.51383630E+19
   12.0937500       2.51819389E+19
   12.1640625       2.52303680E+19
   12.2343750       2.52831247E+19
   12.3046875       2.53394791E+19
   12.3750000       2.53993035E+19
   12.4453125       2.54625914E+19
   12.5156250       2.55300047E+19
   12.5859375       2.56021590E+19
   12.6562500       2.56801716E+19
   12.7265625       2.57650275E+19
   12.7968750       2.58581429E+19
   12.8671875       2.59607032E+19
   12.9375000       2.60741684E+19
   13.0078125       2.61994885E+19
   13.0781250       2.63373981E+19
   13.1484375       2.64874924E+19
   13.2187500       2.66487952E+19
   13.2890625       2.68191227E+19
   13.3593750       2.69959352E+19
   13.4296875       2.71759252E+19
   13.5000000       2.73560868E+19
   13.5703125       2.75333567E+19
   13.6406250       2.77053884E+19
   13.7109375       2.78699304E+19
   13.7812500       2.80254343E+19
   13.8515625       2.81704467E+19
   13.9218750       2.83042155E+19
   13.9921875       2.84260677E+19
   14.0625000       2.85360497E+19
   14.1328125       2.86342603E+19
   14.2031250       2.87213438E+19
   14.2734375       2.87977466E+19
   14.3437500       2.88642759E+19
   14.4140625       2.89214857E+19
   14.4843750       2.89703920E+19
   14.5546875       2.90120217E+19
   14.6250000       2.90482374E+19
   14.6953125       2.90812645E+19
   14.7656250       2.91141553E+19
   14.8359375       2.91498521E+19
   14.9062500       2.91914224E+19
   14.9765625       2.92410829E+19
   15.0468750       2.93005423E+19
   15.1171875       2.93702140E+19
   15.1875000       2.94498472E+19
   15.2578125       2.95379313E+19
   15.3281250       2.96323529E+19
   15.3984375       2.97298290E+19
   15.4687500       2.98267158E+19
   15.5390625       2.99187493E+19
   15.6093750       3.00020285E+19
   15.6796875       3.00728503E+19
   15.7500000       3.01287824E+19
   15.8203125       3.01684220E+19
   15.8906250       3.01920395E+19
   15.9609375       3.02008862E+19
   16.0312500       3.01975525E+19
   16.1015625       3.01850291E+19
   16.1718750       3.01668673E+19
   16.2421875       3.01461173E+19
   16.3125000       3.01256224E+19
   16.3828125       3.01071792E+19
   16.4531250       3.00919642E+19
   16.5234375       3.00798938E+19
   16.5937500       3.00703324E+19
   16.6640625       3.00617848E+19
   16.7343750       3.00527688E+19
   16.8046875       3.00416461E+19
   16.8750000       3.00276582E+19
   16.9453125       3.00106157E+19
   17.0156250       2.99916667E+19
   17.0859375       2.99724979E+19
   17.1562500       2.99557281E+19
   17.2265625       2.99439413E+19
   17.2968750       2.99399083E+19
   17.3671875       2.99456698E+19
   17.4375000       2.99629189E+19
   17.5078125       2.99923572E+19
   17.5781250       3.00343476E+19
   17.6484375       3.00883842E+19
   17.7187500       3.01539657E+19
   17.7890625       3.02301222E+19
   17.8593750       3.03161392E+19
   17.9296875       3.04108665E+19
   18.0000000       3.05133806E+19
   18.0703125       3.06223774E+19
   18.1406250       3.07368476E+19
   18.2109375       3.08555838E+19
   18.2812500       3.09780650E+19
   18.3515625       3.11041306E+19
   18.4218750       3.12346778E+19
   18.4921875       3.13709865E+19
   18.5625000       3.15150445E+19
   18.6328125       3.16686111E+19
   18.7031250       3.18333905E+19
   18.7734375       3.20101326E+19
   18.8437500       3.21992024E+19
   18.9140625       3.24000106E+19
   18.9843750       3.26117458E+19
   19.0546875       3.28328312E+19
   19.1250000       3.30615208E+19
   19.1953125       3.32952748E+19
   19.2656250       3.35311926E+19
   19.3359375       3.37653666E+19
   19.4062500       3.39936230E+19
   19.4765625       3.42113373E+19
   19.5468750       3.44145402E+19
   19.6171875       3.45997706E+19
   19.6875000       3.47650447E+19
   19.7578125       3.49094260E+19
   19.8281250       3.50334707E+19
   19.8984375       3.51383048E+19
   19.9687500       3.52259534E+19
   20.0390625       3.52983892E+19
   20.1093750       3.53579388E+19
   20.1796875       3.54064910E+19
   20.2500000       3.54461680E+19
   20.3203125       3.54787487E+19
   20.3906250       3.55062783E+19
   20.4609375       3.55302784E+19
   20.5312500       3.55523127E+19
   20.6015625       3.55733507E+19
   20.6718750       3.55943426E+19
   20.7421875       3.56156621E+19
   20.8125000       3.56378327E+19
   20.8828125       3.56610851E+19
   20.9531250       3.56860551E+19
   21.0234375       3.57130745E+19
   21.0937500       3.57427305E+19
   21.1640625       3.57751089E+19
   21.2343750       3.58102317E+19
   21.3046875       3.58474128E+19
   21.3750000       3.58858957E+19
   21.4453125       3.59244973E+19
   21.5156250       3.59623337E+19
   21.5859375       3.59983449E+19
   21.6562500       3.60320098E+19
   21.7265625       3.60628775E+19
   21.7968750       3.60911679E+19
   21.8671875       3.61171208E+19
   21.9375000       3.61414574E+19
   22.0078125       3.61647846E+19
   22.0781250       3.61880547E+19
   22.1484375       3.62119251E+19
   22.2187500       3.62373744E+19
   22.2890625       3.62649941E+19
   22.3593750       3.62954550E+19
   22.4296875       3.63286448E+19
   22.5000000       3.63640975E+19
   22.5703125       3.64004407E+19
   22.6406250       3.64360803E+19
   22.7109375       3.64688590E+19
   22.7812500       3.64969273E+19
   22.8515625       3.65184667E+19
   22.9218750       3.65324415E+19
   22.9921875       3.65379017E+19
   23.0625000       3.65344998E+19
   23.1328125       3.65217389E+19
   23.2031250       3.64994782E+19
   23.2734375       3.64672537E+19
   23.3437500       3.64249774E+19
   23.4140625       3.63724670E+19
   23.4843750       3.63100609E+19
   23.5546875       3.62379703E+19
   23.6250000       3.61568395E+19
   23.6953125       3.60671502E+19
   23.7656250       3.59698082E+19
   23.8359375       3.58655063E+19
   23.9062500       3.57553507E+19
   23.9765625       3.56403044E+19
   24.0468750       3.55217155E+19
   24.1171875       3.54006218E+19
   24.1875000       3.52782220E+19
   24.2578125       3.51551845E+19
   24.3281250       3.50321557E+19
   24.3984375       3.49090786E+19
   24.4687500       3.47858057E+19
   24.5390625       3.46616115E+19
   24.6093750       3.45358405E+19
   24.6796875       3.44074264E+19
   24.7500000       3.42756257E+19
   24.8203125       3.41396425E+19
   24.8906250       3.39991667E+19
   24.9609375       3.38537233E+19
   25.0312500       3.37030155E+19
   25.1015625       3.35463483E+19
   25.1718750       3.33831367E+19
   25.2421875       3.32124706E+19
   25.3125000       3.30339407E+19
   25.3828125       3.28473469E+19
   25.4531250       3.26534459E+19
   25.5234375       3.24533435E+19
   25.5937500       3.22489421E+19
   25.6640625       3.20421570E+19
   25.7343750       3.18352927E+19
   25.8046875       3.16303899E+19
   25.8750000       3.14299401E+19
   25.9453125       3.12365998E+19
   26.0156250       3.10539885E+19
   26.0859375       3.08860601E+19
   26.1562500       3.07373533E+19
   26.2265625       3.06118771E+19
   26.2968750       3.05129936E+19
   26.3671875       3.04422818E+19
   26.4375000       3.03997967E+19
   26.5078125       3.03836712E+19
   26.5781250       3.03910841E+19
   26.6484375       3.04182333E+19
   26.7187500       3.04614837E+19
   26.7890625       3.05171607E+19
   26.8593750       3.05822518E+19
   26.9296875       3.06537069E+19
   27.0000000       3.07289157E+19
   27.0703125       3.08051118E+19
   27.1406250       3.08800084E+19
   27.2109375       3.09513337E+19
   27.2812500       3.10175837E+19
   27.3515625       3.10776368E+19
   27.4218750       3.11312842E+19
   27.4921875       3.11784972E+19
   27.5625000       3.12198146E+19
   27.6328125       3.12556191E+19
   27.7031250       3.12866364E+19
   27.7734375       3.13132775E+19
   27.8437500       3.13362947E+19
   27.9140625       3.13561695E+19
   27.9843750       3.13736605E+19
   28.0546875       3.13890361E+19
   28.1250000       3.14025579E+19
   28.1953125       3.14138455E+19
   28.2656250       3.14225030E+19
   28.3359375       3.14275762E+19
   28.4062500       3.14283370E+19
   28.4765625       3.14239566E+19
   28.5468750       3.14141951E+19
   28.6171875       3.13989229E+19
   28.6875000       3.13787051E+19
   28.7578125       3.13542387E+19
   28.8281250       3.13268807E+19
   28.8984375       3.12979899E+19
   28.9687500       3.12695016E+19
   29.0390625       3.12433992E+19
   29.1093750       3.12222885E+19
   29.1796875       3.12087777E+19
   29.2500000       3.12059696E+19
   29.3203125       3.12167030E+19
   29.3906250       3.12437730E+19
   29.4609375       3.12889299E+19
   29.5312500       3.13530952E+19
   29.6015625       3.14357477E+19
   29.6718750       3.15355548E+19
   29.7421875       3.16500843E+19
   29.8125000       3.17768030E+19
   29.8828125       3.19128610E+19
   29.9531250       3.20559317E+19
   30.0234375       3.22036313E+19
   30.0937500       3.23541126E+19
   30.1640625       3.25054164E+19
   30.2343750       3.26560913E+19
   30.3046875       3.28046243E+19
   30.3750000       3.29501535E+19
   30.4453125       3.30919663E+19
   30.5156250       3.32300979E+19
   30.5859375       3.33645814E+19
   30.6562500       3.34959071E+19
   30.7265625       3.36243454E+19
   30.7968750       3.37504066E+19
   30.8671875       3.38741918E+19
   30.9375000       3.39959188E+19
   31.0078125       3.41154291E+19
   31.0781250       3.42327954E+19
   31.1484375       3.43477075E+19
   31.2187500       3.44600754E+19
   31.2890625       3.45693735E+19
   31.3593750       3.46751003E+19
   31.4296875       3.47760706E+19
   31.5000000       3.48710289E+19
   31.5703125       3.49583719E+19
   31.6406250       3.50370023E+19
   31.7109375       3.51060539E+19
   31.7812500       3.51656034E+19
   31.8515625       3.52162051E+19
   31.9218750       3.52591785E+19
   31.9921875       3.52957108E+19
   32.0625000       3.53270777E+19
   32.1328125       3.53539278E+19
   32.2031250       3.53768284E+19
   32.2734375       3.53957268E+19
   32.3437500       3.54106736E+19
   32.4140625       3.54213300E+19
   32.4843750       3.54275533E+19
   32.5546875       3.54288397E+19
   32.6250000       3.54249254E+19
   32.6953125       3.54155312E+19
   32.7656250       3.54010792E+19
   32.8359375       3.53822842E+19
   32.9062500       3.53607953E+19
   32.9765625       3.53386138E+19
   33.0468750       3.53185103E+19
   33.1171875       3.53031699E+19
   33.1875000       3.52954909E+19
   33.2578125       3.52977229E+19
   33.3281250       3.53118473E+19
   33.3984375       3.53388667E+19
   33.4687500       3.53794320E+19
   33.5390625       3.54335016E+19
   33.6093750       3.55010710E+19
   33.6796875       3.55817092E+19
   33.7500000       3.56751677E+19
   33.8203125       3.57807450E+19
   33.8906250       3.58976341E+19
   33.9609375       3.60240251E+19
   34.0312500       3.61574751E+19
   34.1015625       3.62944324E+19
   34.1718750       3.64310511E+19
   34.2421875       3.65629837E+19
   34.3125000       3.66864545E+19
   34.3828125       3.67980373E+19
   34.4531250       3.68953837E+19
   34.5234375       3.69764969E+19
   34.5937500       3.70401542E+19
   34.6640625       3.70852518E+19
   34.7343750       3.71113454E+19
   34.8046875       3.71180876E+19
   34.8750000       3.71059182E+19
   34.9453125       3.70755629E+19
   35.0156250       3.70285741E+19
   35.0859375       3.69665617E+19
   35.1562500       3.68914804E+19
   35.2265625       3.68048763E+19
   35.2968750       3.67082446E+19
   35.3671875       3.66024320E+19
   35.4375000       3.64882741E+19
   35.5078125       3.63662437E+19
   35.5781250       3.62372050E+19
   35.6484375       3.61018112E+19
   35.7187500       3.59610297E+19
   35.7890625       3.58153884E+19
   35.8593750       3.56653578E+19
   35.9296875       3.55104872E+19
   36.0000000       3.53499585E+19
   36.0703125       3.51822852E+19
   36.1406250       3.50062050E+19
   36.2109375       3.48205019E+19
   36.2812500       3.46248416E+19
   36.3515625       3.44195144E+19
   36.4218750       3.42060200E+19
   36.4921875       3.39864454E+19
   36.5625000       3.37637987E+19
   36.6328125       3.35412333E+19
   36.7031250       3.33223931E+19
   36.7734375       3.31106228E+19
   36.8437500       3.29094386E+19
   36.9140625       3.27218817E+19
   36.9843750       3.25509032E+19
   37.0546875       3.23985483E+19
   37.1250000       3.22662792E+19
   37.1953125       3.21543665E+19
   37.2656250       3.20625617E+19
   37.3359375       3.19897916E+19
   37.4062500       3.19351217E+19
   37.4765625       3.18976196E+19
   37.5468750       3.18771928E+19
   37.6171875       3.18739383E+19
   37.6875000       3.18883837E+19
   37.7578125       3.19204982E+19
   37.8281250       3.19697959E+19
   37.8984375       3.20345813E+19
   37.9687500       3.21125653E+19
   38.0390625       3.22006824E+19
   38.1093750       3.22960496E+19
   38.1796875       3.23956214E+19
   38.2500000       3.24968006E+19
   38.3203125       3.25968562E+19
   38.3906250       3.26933075E+19
   38.4609375       3.27832960E+19
   38.5312500       3.28642552E+19
   38.6015625       3.29337663E+19
   38.6718750       3.29905253E+19
   38.7421875       3.30339912E+19
   38.8125000       3.30649425E+19
   38.8828125       3.30846545E+19
   38.9531250       3.30949789E+19
   39.0234375       3.30972417E+19
   39.0937500       3.30923181E+19
   39.1640625       3.30798167E+19
   39.2343750       3.30584905E+19
   39.3046875       3.30257735E+19
   39.3750000       3.29786484E+19
   39.4453125       3.29136277E+19
   39.5156250       3.28278394E+19
   39.5859375       3.27188668E+19
   39.6562500       3.25854740E+19
   39.7265625       3.24271400E+19
   39.7968750       3.22444671E+19
   39.8671875       3.20383834E+19
   39.9375000       3.18104635E+19
   40.0078125       3.15622553E+19
   40.0781250       3.12957931E+19
   40.1484375       3.10130361E+19
   40.2187500       3.07165198E+19
   40.2890625       3.04089732E+19
   40.3593750       3.00939477E+19
   40.4296875       2.97752653E+19
   40.5000000       2.94574316E+19
   40.5703125       2.91451022E+19
   40.6406250       2.88433808E+19
   40.7109375       2.85570723E+19
   40.7812500       2.82908586E+19
   40.8515625       2.80485394E+19
   40.9218750       2.78332594E+19
   40.9921875       2.76467207E+19
   41.0625000       2.74895565E+19
   41.1328125       2.73608323E+19
   41.2031250       2.72588306E+19
   41.2734375       2.71808422E+19
   41.3437500       2.71241250E+19
   41.4140625       2.70858048E+19
   41.4843750       2.70637398E+19
   41.5546875       2.70561796E+19
   41.6250000       2.70623369E+19
   41.6953125       2.70818862E+19
   41.7656250       2.71152850E+19
   41.8359375       2.71629312E+19
   41.9062500       2.72252559E+19
   41.9765625       2.73019270E+19
   42.0468750       2.73920694E+19
   42.1171875       2.74935367E+19
   42.1875000       2.76033999E+19
   42.2578125       2.77175095E+19
   42.3281250       2.78313111E+19
   42.3984375       2.79396130E+19
   42.4687500       2.80375619E+19
   42.5390625       2.81205420E+19
   42.6093750       2.81850416E+19
   42.6796875       2.82282392E+19
   42.7500000       2.82485450E+19
   42.8203125       2.82450595E+19
   42.8906250       2.82178796E+19
   42.9609375       2.81673812E+19
   43.0312500       2.80945034E+19
   43.1015625       2.80001785E+19
   43.1718750       2.78857633E+19
   43.2421875       2.77524607E+19
   43.3125000       2.76017331E+19
   43.3828125       2.74347371E+19
   43.4531250       2.72528273E+19
   43.5234375       2.70570064E+19
   43.5937500       2.68485192E+19
   43.6640625       2.66285290E+19
   43.7343750       2.63988454E+19
   43.8046875       2.61615290E+19
   43.8750000       2.59194979E+19
   43.9453125       2.56759495E+19
   44.0156250       2.54346550E+19
   44.0859375       2.51990517E+19
   44.1562500       2.49723874E+19
   44.2265625       2.47570128E+19
   44.2968750       2.45548676E+19
   44.3671875       2.43670908E+19
   44.4375000       2.41947600E+19
   44.5078125       2.40386667E+19
   44.5781250       2.39000601E+19
   44.6484375       2.37801583E+19
   44.7187500       2.36805514E+19
   44.7890625       2.36024750E+19
   44.8593750       2.35470201E+19
   44.9296875       2.35142722E+19
   45.0000000       2.35036070E+19
   45.0703125       2.35132453E+19
   45.1406250       2.35409310E+19
   45.2109375       2.35837306E+19
   45.2812500       2.36388799E+19
   45.3515625       2.37036587E+19
   45.4218750       2.37760967E+19
   45.4921875       2.38544853E+19
   45.5625000       2.39377117E+19
   45.6328125       2.40245314E+19
   45.7031250       2.41138029E+19
   45.7734375       2.42037364E+19
   45.8437500       2.42922009E+19
   45.9140625       2.43762190E+19
   45.9843750       2.44525515E+19
   46.0546875       2.45173567E+19
   46.1250000       2.45669381E+19
   46.1953125       2.45976100E+19
   46.2656250       2.46065776E+19
   46.3359375       2.45918552E+19
   46.4062500       2.45530292E+19
   46.4765625       2.44909816E+19
   46.5468750       2.44083159E+19
   46.6171875       2.43084627E+19
   46.6875000       2.41955736E+19
   46.7578125       2.40734596E+19
   46.8281250       2.39455996E+19
   46.8984375       2.38143092E+19
   46.9687500       2.36811341E+19
   47.0390625       2.35465055E+19
   47.1093750       2.34104717E+19
   47.1796875       2.32724588E+19
   47.2500000       2.31319500E+19
   47.3203125       2.29881031E+19
   47.3906250       2.28401946E+19
   47.4609375       2.26868941E+19
   47.5312500       2.25264754E+19
   47.6015625       2.23562226E+19
   47.6718750       2.21730198E+19
   47.7421875       2.19731593E+19
   47.8125000       2.17533538E+19
   47.8828125       2.15109137E+19
   47.9531250       2.12448384E+19
   48.0234375       2.09556537E+19
   48.0937500       2.06460224E+19
   48.1640625       2.03201294E+19
   48.2343750       1.99838723E+19
   48.3046875       1.96438857E+19
   48.3750000       1.93075319E+19
   48.4453125       1.89820017E+19
   48.5156250       1.86744661E+19
   48.5859375       1.83912132E+19
   48.6562500       1.81378011E+19
   48.7265625       1.79183199E+19
   48.7968750       1.77356811E+19
   48.8671875       1.75910074E+19
   48.9375000       1.74841359E+19
   49.0078125       1.74132537E+19
   49.0781250       1.73755691E+19
   49.1484375       1.73669929E+19
   49.2187500       1.73828434E+19
   49.2890625       1.74176199E+19
   49.3593750       1.74657763E+19
   49.4296875       1.75214863E+19
   49.5000000       1.75794119E+19
   49.5703125       1.76345579E+19
   49.6406250       1.76830277E+19
   49.7109375       1.77216733E+19
   49.7812500       1.77485443E+19
   49.8515625       1.77623245E+19
   49.9218750       1.77626939E+19
   49.9921875       1.77497230E+19
   50.0625000       1.77242968E+19
   50.1328125       1.76876335E+19
   50.2031250       1.76417663E+19
   50.2734375       1.75889601E+19
   50.3437500       1.75320252E+19
   50.4140625       1.74735608E+19
   50.4843750       1.74160960E+19
   50.5546875       1.73611457E+19
   50.6250000       1.73093059E+19
   50.6953125       1.72596014E+19
   50.7656250       1.72100486E+19
   50.8359375       1.71574227E+19
   50.9062500       1.70981337E+19
   50.9765625       1.70282179E+19
   51.0468750       1.69442581E+19
   51.1171875       1.68431899E+19
   51.1875000       1.67230441E+19
   51.2578125       1.65826046E+19
   51.3281250       1.64219648E+19
   51.3984375       1.62419836E+19
   51.4687500       1.60447070E+19
   51.5390625       1.58328509E+19
   51.6093750       1.56102713E+19
   51.6796875       1.53813628E+19
   51.7500000       1.51513208E+19
   51.8203125       1.49253954E+19
   51.8906250       1.47090214E+19
   51.9609375       1.45069432E+19
   52.0312500       1.43234171E+19
   52.1015625       1.41615965E+19
   52.1718750       1.40240905E+19
   52.2421875       1.39125626E+19
   52.3125000       1.38283708E+19
   52.3828125       1.37721858E+19
   52.4531250       1.37445715E+19
   52.5234375       1.37454589E+19
   52.5937500       1.37746883E+19
   52.6640625       1.38315154E+19
   52.7343750       1.39151377E+19
   52.8046875       1.40241191E+19
   52.8750000       1.41568136E+19
   52.9453125       1.43108717E+19
   53.0156250       1.44838238E+19
   53.0859375       1.46727375E+19
   53.1562500       1.48748937E+19
   53.2265625       1.50874469E+19
   53.2968750       1.53080144E+19
   53.3671875       1.55341026E+19
   53.4375000       1.57635421E+19
   53.5078125       1.59938953E+19
   53.5781250       1.62229532E+19
   53.6484375       1.64481992E+19
   53.7187500       1.66673758E+19
   53.7890625       1.68780016E+19
   53.8593750       1.70779566E+19
   53.9296875       1.72649263E+19
   54.0000000       1.74369636E+19
   54.0703125       1.75920123E+19
   54.1406250       1.77284804E+19
   54.2109375       1.78447076E+19
   54.2812500       1.79394206E+19
   54.3515625       1.80112869E+19
   54.4218750       1.80595467E+19
   54.4921875       1.80837062E+19
   54.5625000       1.80842945E+19
   54.6328125       1.80625725E+19
   54.7031250       1.80210945E+19
   54.7734375       1.79629776E+19
   54.8437500       1.78920218E+19
   54.9140625       1.78116881E+19
   54.9843750       1.77251005E+19
   55.0546875       1.76341368E+19
   55.1250000       1.75397811E+19
   55.1953125       1.74417915E+19
   55.2656250       1.73395996E+19
   55.3359375       1.72322796E+19
   55.4062500       1.71194796E+19
   55.4765625       1.70012447E+19
   55.5468750       1.68786415E+19
   55.6171875       1.67531157E+19
   55.6875000       1.66267610E+19
   55.7578125       1.65015816E+19
   55.8281250       1.63798348E+19
   55.8984375       1.62634207E+19
   55.9687500       1.61543932E+19
   56.0390625       1.60545212E+19
   56.1093750       1.59658456E+19
   56.1796875       1.58900937E+19
   56.2500000       1.58290081E+19
   56.3203125       1.57836422E+19
   56.3906250       1.57545679E+19
   56.4609375       1.57410900E+19
   56.5312500       1.57415145E+19
   56.6015625       1.57526800E+19
   56.6718750       1.57707098E+19
   56.7421875       1.57909177E+19
   56.8125000       1.58088420E+19
   56.8828125       1.58203055E+19
   56.9531250       1.58223868E+19
   57.0234375       1.58131718E+19
   57.0937500       1.57923449E+19
   57.1640625       1.57605481E+19
   57.2343750       1.57195968E+19
   57.3046875       1.56715525E+19
   57.3750000       1.56187595E+19
   57.4453125       1.55630022E+19
   57.5156250       1.55057638E+19
   57.5859375       1.54476139E+19
   57.6562500       1.53888065E+19
   57.7265625       1.53291371E+19
   57.7968750       1.52689004E+19
   57.8671875       1.52088099E+19
   57.9375000       1.51507150E+19
   58.0078125       1.50971226E+19
   58.0781250       1.50514247E+19
   58.1484375       1.50169616E+19
   58.2187500       1.49969582E+19
   58.2890625       1.49935332E+19
   58.3593750       1.50077741E+19
   58.4296875       1.50389430E+19
   58.5000000       1.50848872E+19
   58.5703125       1.51417353E+19
   58.6406250       1.52047428E+19
   58.7109375       1.52682198E+19
   58.7812500       1.53264532E+19
   58.8515625       1.53736827E+19
   58.9218750       1.54049441E+19
   58.9921875       1.54158226E+19
   59.0625000       1.54030617E+19
   59.1328125       1.53641566E+19
   59.2031250       1.52979781E+19
   59.2734375       1.52044250E+19
   59.3437500       1.50852050E+19
   59.4140625       1.49436637E+19
   59.4843750       1.47854990E+19
   59.5546875       1.46182083E+19
   59.6250000       1.44511386E+19
   59.6953125       1.42943065E+19
   59.7656250       1.41579373E+19
   59.8359375       1.40509769E+19
   59.9062500       1.39807313E+19
   59.9765625       1.39518691E+19
   60.0468750       1.39667719E+19
   60.1171875       1.40251240E+19
   60.1875000       1.41246639E+19
   60.2578125       1.42610418E+19
   60.3281250       1.44286701E+19
   60.3984375       1.46205580E+19
   60.4687500       1.48291925E+19
   60.5390625       1.50464901E+19
   60.6093750       1.52647772E+19
   60.6796875       1.54766916E+19
   60.7500000       1.56759891E+19
   60.8203125       1.58573458E+19
   60.8906250       1.60169663E+19
   60.9609375       1.61521161E+19
   61.0312500       1.62614878E+19
   61.1015625       1.63446296E+19
   61.1718750       1.64022649E+19
   61.2421875       1.64355636E+19
   61.3125000       1.64463608E+19
   61.3828125       1.64364751E+19
   61.4531250       1.64080076E+19
   61.5234375       1.63626803E+19
   61.5937500       1.63021994E+19
   61.6640625       1.62276613E+19
   61.7343750       1.61399401E+19
   61.8046875       1.60390258E+19
   61.8750000       1.59243468E+19
   61.9453125       1.57942679E+19
   62.0156250       1.56466420E+19
   62.0859375       1.54785674E+19
   62.1562500       1.52872347E+19
   62.2265625       1.50700130E+19
   62.2968750       1.48254827E+19
   62.3671875       1.45533976E+19
   62.4375000       1.42554178E+19
   62.5078125       1.39346859E+19
   62.5781250       1.35961353E+19
   62.6484375       1.32455054E+19
   62.7187500       1.28891713E+19
   62.7890625       1.25330021E+19
   62.8593750       1.21823568E+19
   62.9296875       1.18413763E+19
   63.0000000       1.15135338E+19
   63.0703125       1.12015166E+19
   63.1406250       1.09080471E+19
   63.2109375       1.06355441E+19
   63.2812500       1.03864794E+19
   63.3515625       1.01626397E+19
   63.4218750       9.96531809E+18
   63.4921875       9.79462880E+18
   63.5625000       9.64997815E+18
   63.6328125       9.52978394E+18
   63.7031250       9.43224626E+18
   63.7734375       9.35504625E+18
   63.8437500       9.29590902E+18
   63.9140625       9.25213086E+18
   63.9843750       9.22107021E+18
   64.0546875       9.19968911E+18
   64.1250000       9.18510134E+18
   64.1953125       9.17427884E+18
   64.2656250       9.16473563E+18
   64.3359375       9.15420396E+18
   64.4062500       9.14120443E+18
   64.4765625       9.12461720E+18
   64.5468750       9.10409042E+18
   64.6171875       9.07934041E+18
   64.6875000       9.05029516E+18
   64.7578125       9.01631915E+18
   64.8281250       8.97651958E+18
   64.8984375       8.92924003E+18
   64.9687500       8.87268060E+18
   65.0390625       8.80470880E+18
   65.1093750       8.72360662E+18
   65.1796875       8.62773580E+18
   65.2500000       8.51599353E+18
   65.3203125       8.38730559E+18
   65.3906250       8.24106505E+18
   65.4609375       8.07662044E+18
   65.5312500       7.89369634E+18
   65.6015625       7.69192441E+18
   65.6718750       7.47130795E+18
   65.7421875       7.23170458E+18
   65.8125000       6.97327757E+18
   65.8828125       6.69611487E+18
   65.9531250       6.40089050E+18
   66.0234375       6.08856268E+18
   66.0937500       5.76096869E+18
   66.1640625       5.42039221E+18
   66.2343750       5.06992673E+18
   66.3046875       4.71273828E+18
   66.3750000       4.35222656E+18
   66.4453125       3.99139571E+18
   66.5156250       3.63336421E+18
   66.5859375       3.28105210E+18
   66.6562500       2.93780876E+18
   66.7265625       2.60701656E+18
   66.7968750       0.00000000    
   66.8671875       0.00000000    
   66.9375000       0.00000000    
   67.0078125       0.00000000    
   67.0781250       0.00000000    
   67.1484375       0.00000000    
   67.2187500       0.00000000    
   67.2890625       0.00000000    
   67.3593750       0.00000000    
   67.4296875       0.00000000    
   67.5000000       0.00000000    
   67.5703125       0.00000000    
   67.6406250       0.00000000    
   67.7109375       0.00000000    
   67.7812500       0.00000000    
   67.8515625       0.00000000    
   67.9218750       0.00000000    
   67.9921875       0.00000000    
   68.0625000       0.00000000    
   68.1328125       0.00000000    
   68.2031250       0.00000000    
   68.2734375       0.00000000    
   68.3437500       0.00000000    
   68.4140625       0.00000000    
   68.4843750       0.00000000    
   68.5546875       0.00000000    
   68.6250000       0.00000000    
   68.6953125       0.00000000    
   68.7656250       0.00000000    
   68.8359375       0.00000000    
   68.9062500       0.00000000    
   68.9765625       0.00000000    
   69.0468750       0.00000000    
   69.1171875       0.00000000    
   69.1875000       0.00000000    
   69.2578125       0.00000000    
   69.3281250       0.00000000    
   69.3984375       0.00000000    
   69.4687500       0.00000000    
   69.5390625       0.00000000    
   69.6093750       0.00000000    
   69.6796875       0.00000000    
   69.7500000       0.00000000    
   69.8203125       0.00000000    
   69.8906250       0.00000000    
   69.9609375       0.00000000    
   70.0312500       0.00000000    
   70.1015625       0.00000000    
   70.1718750       0.00000000    
   70.2421875       0.00000000    
   70.3125000       0.00000000    
   70.3828125       0.00000000    
   70.4531250       0.00000000    
   70.5234375       0.00000000    
   70.5937500       0.00000000    
   70.6640625       0.00000000    
   70.7343750       0.00000000    
   70.8046875       0.00000000    
   70.8750000       0.00000000    
   70.9453125       0.00000000    
   71.0156250       0.00000000    
   71.0859375       0.00000000    
   71.1562500       0.00000000    
   71.2265625       0.00000000    
   71.2968750       0.00000000    
   71.3671875       0.00000000    
   71.4375000       0.00000000    
   71.5078125       0.00000000    
   71.5781250       0.00000000    
   71.6484375       0.00000000    
   71.7187500       0.00000000    
   71.7890625       0.00000000    
   71.8593750       0.00000000    
   71.9296875       0.00000000    
   72.0000000       0.00000000    
   72.0703125       0.00000000    
   72.1406250       0.00000000    
   72.2109375       0.00000000    
   72.2812500       0.00000000    
   72.3515625       0.00000000    
   72.4218750       0.00000000    
   72.4921875       0.00000000    
   72.5625000       0.00000000    
   72.6328125       0.00000000    
   72.7031250       0.00000000    
   72.7734375       0.00000000    
   72.8437500       0.00000000    
   72.9140625       0.00000000    
   72.9843750       0.00000000    
   73.0546875       0.00000000    
   73.1250000       0.00000000    
   73.1953125       0.00000000    
   73.2656250       0.00000000    
   73.3359375       0.00000000    
   73.4062500       0.00000000    
   73.4765625       0.00000000    
   73.5468750       0.00000000    
   73.6171875       0.00000000    
   73.6875000       0.00000000    
   73.7578125       0.00000000    
   73.8281250       0.00000000    
   73.8984375       0.00000000    
   73.9687500       0.00000000    
   74.0390625       0.00000000    
   74.1093750       0.00000000    
   74.1796875       0.00000000    
   74.2500000       0.00000000    
   74.3203125       0.00000000    
   74.3906250       0.00000000    
   74.4609375       0.00000000    
   74.5312500       0.00000000    
   74.6015625       0.00000000    
   74.6718750       0.00000000    
   74.7421875       0.00000000    
   74.8125000       0.00000000    
   74.8828125       0.00000000    
   74.9531250       0.00000000    
   75.0234375       0.00000000    
   75.0937500       0.00000000    
   75.1640625       0.00000000    
   75.2343750       0.00000000    
   75.3046875       0.00000000    
   75.3750000       0.00000000    
   75.4453125       0.00000000    
   75.5156250       0.00000000    
   75.5859375       0.00000000    
   75.6562500       0.00000000    
   75.7265625       0.00000000    
   75.7968750       0.00000000    
   75.8671875       0.00000000    
   75.9375000       0.00000000    
   76.0078125       0.00000000    
   76.0781250       0.00000000    
   76.1484375       0.00000000    
   76.2187500       0.00000000    
   76.2890625       0.00000000    
   76.3593750       0.00000000    
   76.4296875       0.00000000    
   76.5000000       0.00000000    
   76.5703125       0.00000000    
   76.6406250       0.00000000    
   76.7109375       0.00000000    
   76.7812500       0.00000000    
   76.8515625       0.00000000    
   76.9218750       0.00000000    
   76.9921875       0.00000000    
   77.0625000       0.00000000    
   77.1328125       0.00000000    
   77.2031250       0.00000000    
   77.2734375       0.00000000    
   77.3437500       0.00000000    
   77.4140625       0.00000000    
   77.4843750       0.00000000    
   77.5546875       0.00000000    
   77.6250000       0.00000000    
   77.6953125       0.00000000    
   77.7656250       0.00000000    
   77.8359375       0.00000000    
   77.9062500       0.00000000    
   77.9765625       0.00000000    
   78.0468750       0.00000000    
   78.1171875       0.00000000    
   78.1875000       0.00000000    
   78.2578125       0.00000000    
   78.3281250       0.00000000    
   78.3984375       0.00000000    
   78.4687500       0.00000000    
   78.5390625       0.00000000    
   78.6093750       0.00000000    
   78.6796875       0.00000000    
   78.7500000       0.00000000    
   78.8203125       0.00000000    
   78.8906250       0.00000000    
   78.9609375       0.00000000    
   79.0312500       0.00000000    
   79.1015625       0.00000000    
   79.1718750       0.00000000    
   79.2421875       0.00000000    
   79.3125000       0.00000000    
   79.3828125       0.00000000    
   79.4531250       0.00000000    
   79.5234375       0.00000000    
   79.5937500       0.00000000    
   79.6640625       0.00000000    
   79.7343750       0.00000000    
   79.8046875       0.00000000    
   79.8750000       0.00000000    
   79.9453125       0.00000000    
   80.0156250       0.00000000    
   80.0859375       0.00000000    
   80.1562500       0.00000000    
   80.2265625       0.00000000    
