1998 11 29 14 10 31.0 -2.070 124.890
13. 3.622E+20 7.639 192 46 -167 92 81 -45
  -1.12500000       0.00000000    
  -1.05468750       0.00000000    
 -0.984375000       0.00000000    
 -0.914062500       0.00000000    
 -0.843750000       0.00000000    
 -0.773437500       0.00000000    
 -0.703125000       0.00000000    
 -0.632812500       0.00000000    
 -0.562500000       0.00000000    
 -0.492187500       0.00000000    
 -0.421875000       0.00000000    
 -0.351562500       0.00000000    
 -0.281250000       0.00000000    
 -0.210937500       0.00000000    
 -0.140625000       0.00000000    
  -7.03125000E-02   0.00000000    
   0.00000000       0.00000000    
   7.03125000E-02   0.00000000    
  0.140625000       0.00000000    
  0.210937500       1.17838784E+17
  0.281250000       4.51737513E+17
  0.351562500       1.04592514E+18
  0.421875000       1.79120216E+18
  0.492187500       2.57762964E+18
  0.562500000       3.34004035E+18
  0.632812500       4.04675887E+18
  0.703125000       4.68809328E+18
  0.773437500       5.26648642E+18
  0.843750000       5.78924758E+18
  0.914062500       6.26407003E+18
  0.984375000       6.69693291E+18
   1.05468750       7.09165374E+18
   1.12500000       7.45041723E+18
   1.19531250       7.77478966E+18
   1.26562500       8.06684578E+18
   1.33593750       8.33018542E+18
   1.40625000       8.57064696E+18
   1.47656250       8.79668016E+18
   1.54687500       9.01913500E+18
   1.61718750       9.25032217E+18
   1.68750000       9.50221808E+18
   1.75781250       9.78416365E+18
   1.82812500       1.01005635E+19
   1.89843750       1.04493022E+19
   1.96875000       1.08214407E+19
   2.03906250       1.12024336E+19
   2.10937500       1.15744984E+19
   2.17968750       1.19194669E+19
   2.25000000       1.22212993E+19
   2.32031250       1.24678670E+19
   2.39062500       1.26517944E+19
   2.46093750       1.27704273E+19
   2.53125000       1.28250511E+19
   2.60156250       1.28198416E+19
   2.67187500       1.27607483E+19
   2.74218750       1.26546642E+19
   2.81250000       1.25087919E+19
   2.88281250       1.23303852E+19
   2.95312500       1.21265786E+19
   3.02343750       1.19043244E+19
   3.09375000       1.16701570E+19
   3.16406250       1.14299236E+19
   3.23437500       1.11884313E+19
   3.30468750       1.09491193E+19
   3.37500000       1.07137183E+19
   3.44531250       1.04820995E+19
   3.51562500       1.02522862E+19
   3.58593750       1.00206785E+19
   3.65625000       9.78228458E+18
   3.72656250       9.53112424E+18
   3.79687500       9.26069056E+18
   3.86718750       8.96470258E+18
   3.93750000       8.63803053E+18
   4.00781250       8.27786186E+18
   4.07812500       7.88470454E+18
   4.14843750       7.46296871E+18
   4.21875000       7.02069016E+18
   4.28906250       6.56858637E+18
   4.35937500       6.11856341E+18
   4.42968750       5.68224091E+18
   4.50000000       5.26968106E+18
   4.57031250       4.88871402E+18
   4.64062500       4.54472136E+18
   4.71093750       4.24087407E+18
   4.78125000       3.97848387E+18
   4.85156250       3.75749083E+18
   4.92187500       3.57683914E+18
   4.99218750       3.43485481E+18
   5.06250000       3.32948998E+18
   5.13281250       3.25870947E+18
   5.20312500       3.22089782E+18
   5.27343750       3.21535738E+18
   5.34375000       3.24266155E+18
   5.41406250       3.30478781E+18
   5.48437500       3.40480790E+18
   5.55468750       3.54615700E+18
   5.62500000       3.73166687E+18
   5.69531250       3.96283727E+18
   5.76562500       4.23962998E+18
   5.83593750       4.56082316E+18
   5.90625000       4.92469059E+18
   5.97656250       5.32975342E+18
   6.04687500       5.77524200E+18
   6.11718750       6.26113433E+18
   6.18750000       6.78777786E+18
   6.25781250       7.35535951E+18
   6.32812500       7.96340428E+18
   6.39843750       8.61039156E+18
   6.46875000       9.29364512E+18
   6.53906250       1.00094723E+19
   6.60937500       1.07536184E+19
   6.67968750       1.15217560E+19
   6.75000000       1.23099068E+19
   6.82031250       1.31147493E+19
   6.89062500       1.39337634E+19
   6.96093750       1.47650778E+19
   7.03125000       1.56070860E+19
   7.10156250       1.64579551E+19
   7.17187500       1.73151762E+19
   7.24218750       1.81752494E+19
   7.31250000       1.90335754E+19
   7.38281250       1.98846634E+19
   7.45312500       2.07226430E+19
   7.52343750       2.15418253E+19
   7.59375000       2.23372758E+19
   7.66406250       2.31052187E+19
   7.73437500       2.38433956E+19
   7.80468750       2.45511645E+19
   7.87500000       2.52294092E+19
   7.94531250       2.58802695E+19
   8.01562500       2.65069867E+19
   8.08593750       2.71135829E+19
   8.15625000       2.77045352E+19
   8.22656250       2.82843737E+19
   8.29687500       2.88573732E+19
   8.36718750       2.94272566E+19
   8.43750000       2.99969598E+19
   8.50781250       3.05684222E+19
   8.57812500       3.11426355E+19
   8.64843750       3.17195449E+19
   8.71875000       3.22981255E+19
   8.78906250       3.28763323E+19
   8.85937500       3.34512383E+19
   8.92968750       3.40191866E+19
   9.00000000       3.45759309E+19
   9.07031250       3.51168335E+19
   9.14062500       3.56371862E+19
   9.21093750       3.61326283E+19
   9.28125000       3.65994743E+19
   9.35156250       3.70349645E+19
   9.42187500       3.74374737E+19
   9.49218750       3.78064830E+19
   9.56250000       3.81424630E+19
   9.63281250       3.84464648E+19
   9.70312500       3.87199617E+19
   9.77343750       3.89645195E+19
   9.84375000       3.91815674E+19
   9.91406250       3.93721656E+19
   9.98437500       3.95369472E+19
   10.0546875       3.96761190E+19
   10.1250000       3.97894786E+19
   10.1953125       3.98763840E+19
   10.2656250       3.99358060E+19
   10.3359375       3.99664208E+19
   10.4062500       3.99666407E+19
   10.4765625       3.99345834E+19
   10.5468750       3.98681025E+19
   10.6171875       3.97649023E+19
   10.6875000       3.96226827E+19
   10.7578125       3.94392842E+19
   10.8281250       3.92129167E+19
   10.8984375       3.89424281E+19
   10.9687500       3.86274928E+19
   11.0390625       3.82687441E+19
   11.1093750       3.78679017E+19
   11.1796875       3.74278728E+19
   11.2500000       3.69526771E+19
   11.3203125       3.64471964E+19
   11.3906250       3.59167744E+19
   11.4609375       3.53669306E+19
   11.5312500       3.48028284E+19
   11.6015625       3.42289471E+19
   11.6718750       3.36487678E+19
   11.7421875       3.30647622E+19
   11.8125000       3.24783926E+19
   11.8828125       3.18902902E+19
   11.9531250       3.13004308E+19
   12.0234375       3.07084494E+19
   12.0937500       3.01138071E+19
   12.1640625       2.95159740E+19
   12.2343750       2.89144994E+19
   12.3046875       2.83093282E+19
   12.3750000       2.77008870E+19
   12.4453125       2.70903040E+19
   12.5156250       2.64793648E+19
   12.5859375       2.58706730E+19
   12.6562500       2.52674215E+19
   12.7265625       2.46732388E+19
   12.7968750       2.40918105E+19
   12.8671875       2.35267605E+19
   12.9375000       2.29814599E+19
   13.0078125       2.24589764E+19
   13.0781250       2.19620609E+19
   13.1484375       2.14932665E+19
   13.2187500       2.10548824E+19
   13.2890625       2.06489361E+19
   13.3593750       2.02769933E+19
   13.4296875       1.99402085E+19
   13.5000000       1.96392656E+19
   13.5703125       1.93744812E+19
   13.6406250       1.91458004E+19
   13.7109375       1.89530098E+19
   13.7812500       1.87956961E+19
   13.8515625       1.86733204E+19
   13.9218750       1.85851000E+19
   13.9921875       1.85300959E+19
   14.0625000       1.85071051E+19
   14.1328125       1.85147181E+19
   14.2031250       1.85512351E+19
   14.2734375       1.86147495E+19
   14.3437500       1.87030160E+19
   14.4140625       1.88134840E+19
   14.4843750       1.89431670E+19
   14.5546875       1.90888061E+19
   14.6250000       1.92468719E+19
   14.6953125       1.94137931E+19
   14.7656250       1.95860536E+19
   14.8359375       1.97605065E+19
   14.9062500       1.99344669E+19
   14.9765625       2.01058302E+19
   15.0468750       2.02729559E+19
   15.1171875       2.04345907E+19
   15.1875000       2.05896263E+19
   15.2578125       2.07369168E+19
   15.3281250       2.08751277E+19
   15.3984375       2.10027656E+19
   15.4687500       2.11181527E+19
   15.5390625       2.12195167E+19
   15.6093750       2.13050125E+19
   15.6796875       2.13729052E+19
   15.7500000       2.14215673E+19
   15.8203125       2.14496071E+19
   15.8906250       2.14558743E+19
   15.9609375       2.14396257E+19
   16.0312500       2.14005821E+19
   16.1015625       2.13390270E+19
   16.1718750       2.12558292E+19
   16.2421875       2.11525806E+19
   16.3125000       2.10315618E+19
   16.3828125       2.08957611E+19
   16.4531250       2.07487102E+19
   16.5234375       2.05944487E+19
   16.5937500       2.04372845E+19
   16.6640625       2.02816311E+19
   16.7343750       2.01317149E+19
   16.8046875       1.99914546E+19
   16.8750000       1.98641047E+19
   16.9453125       1.97520557E+19
   17.0156250       1.96564641E+19
   17.0859375       1.95772289E+19
   17.1562500       1.95129691E+19
   17.2265625       1.94612305E+19
   17.2968750       1.94187717E+19
   17.3671875       1.93820326E+19
   17.4375000       1.93474662E+19
   17.5078125       1.93118530E+19
   17.5781250       1.92723498E+19
   17.6484375       1.92266101E+19
   17.7187500       1.91726285E+19
   17.7890625       1.91087094E+19
   17.8593750       1.90333071E+19
   17.9296875       1.89451945E+19
   18.0000000       1.88434787E+19
   18.0703125       1.87278232E+19
   18.1406250       1.85984745E+19
   18.2109375       1.84564682E+19
   18.2812500       1.83034755E+19
   18.3515625       1.81417011E+19
   18.4218750       1.79735429E+19
   18.4921875       1.78014385E+19
   18.5625000       1.76275793E+19
   18.6328125       1.74538521E+19
   18.7031250       1.72816928E+19
   18.7734375       1.71122173E+19
   18.8437500       1.69461504E+19
   18.9140625       1.67839230E+19
   18.9843750       1.66256021E+19
   19.0546875       1.64711086E+19
   19.1250000       1.63202094E+19
   19.1953125       1.61726967E+19
   19.2656250       1.60283430E+19
   19.3359375       1.58870535E+19
   19.4062500       1.57487800E+19
   19.4765625       1.56135489E+19
   19.5468750       1.54813249E+19
   19.6171875       1.53520861E+19
   19.6875000       1.52257281E+19
   19.7578125       1.51021847E+19
   19.8281250       1.49814276E+19
   19.8984375       1.48637139E+19
   19.9687500       1.47496252E+19
   20.0390625       1.46401875E+19
   20.1093750       1.45367026E+19
   20.1796875       1.44406746E+19
   20.2500000       1.43534646E+19
   20.3203125       1.42760810E+19
   20.3906250       1.42088601E+19
   20.4609375       1.41514942E+19
   20.5312500       1.41029980E+19
   20.6015625       1.40619104E+19
   20.6718750       1.40263709E+19
   20.7421875       1.39943542E+19
   20.8125000       1.39636778E+19
   20.8828125       1.39321240E+19
   20.9531250       1.38973883E+19
   21.0234375       1.38572385E+19
   21.0937500       1.38095439E+19
   21.1640625       1.37524913E+19
   21.2343750       1.36846284E+19
   21.3046875       1.36051326E+19
   21.3750000       1.35137907E+19
   21.4453125       1.34110523E+19
   21.5156250       1.32977289E+19
   21.5859375       1.31748684E+19
   21.6562500       1.30433844E+19
   21.7265625       1.29039542E+19
   21.7968750       1.27568319E+19
   21.8671875       1.26019866E+19
   21.9375000       1.24391566E+19
   22.0078125       1.22680242E+19
   22.0781250       1.20882189E+19
   22.1484375       1.18994569E+19
   22.2187500       1.17014469E+19
   22.2890625       1.14939801E+19
   22.3593750       1.12768397E+19
   22.4296875       1.10500138E+19
   22.5000000       1.08137035E+19
   22.5703125       1.05685091E+19
   22.6406250       1.03153223E+19
   22.7109375       1.00554352E+19
   22.7812500       9.79036270E+18
   22.8515625       9.52186745E+18
   22.9218750       9.25179111E+18
   22.9921875       8.98218207E+18
   23.0625000       8.71521460E+18
   23.1328125       8.45334281E+18
   23.2031250       8.19916431E+18
   23.2734375       7.95547955E+18
   23.3437500       7.72501586E+18
   23.4140625       7.51030103E+18
   23.4843750       7.31328339E+18
   23.5546875       7.13529115E+18
   23.6250000       6.97685208E+18
   23.6953125       6.83783423E+18
   23.7656250       6.71739482E+18
   23.8359375       6.61420236E+18
   23.9062500       6.52640360E+18
   23.9765625       6.45173192E+18
   24.0468750       6.38736101E+18
   24.1171875       6.33001324E+18
   24.1875000       6.27591781E+18
   24.2578125       6.22109396E+18
   24.3281250       6.16153012E+18
   24.3984375       6.09369190E+18
   24.4687500       6.01480964E+18
   24.5390625       5.92329619E+18
   24.6093750       5.81879475E+18
   24.6796875       5.70230754E+18
   24.7500000       5.57594892E+18
   24.8203125       5.44278047E+18
   24.8906250       5.30636901E+18
   24.9609375       5.17057603E+18
   25.0312500       5.03918603E+18
   25.1015625       4.91577025E+18
   25.1718750       4.80336058E+18
   25.2421875       4.70433911E+18
   25.3125000       4.62015776E+18
   25.3828125       4.55130056E+18
   25.4531250       4.49717820E+18
   25.5234375       4.45642371E+18
   25.5937500       4.42714701E+18
   25.6640625       4.40748115E+18
   25.7343750       4.39589477E+18
   25.8046875       4.39162839E+18
   25.8750000       4.39471994E+18
   25.9453125       4.40601137E+18
   26.0156250       4.42677702E+18
   26.0859375       4.45849574E+18
   26.1562500       4.50243222E+18
   26.2265625       4.55947131E+18
   26.2968750       4.62984500E+18
   26.3671875       4.71314125E+18
   26.4375000       4.80818304E+18
   26.5078125       4.91309294E+18
   26.5781250       5.02520519E+18
   26.6484375       5.14122841E+18
   26.7187500       5.25732969E+18
   26.7890625       5.36953540E+18
   26.8593750       5.47406103E+18
   26.9296875       5.56787576E+18
   27.0000000       5.64896584E+18
   27.0703125       5.71654237E+18
   27.1406250       5.77075544E+18
   27.2109375       5.81239560E+18
   27.2812500       5.84229132E+18
   27.3515625       5.86094783E+18
   27.4218750       5.86817107E+18
   27.4921875       5.86313861E+18
   27.5625000       5.84451783E+18
   27.6328125       5.81090741E+18
   27.7031250       5.76114406E+18
   27.7734375       5.69475060E+18
   27.8437500       5.61204919E+18
   27.9140625       5.51427401E+18
   27.9843750       5.40331790E+18
   28.0546875       5.28157447E+18
   28.1250000       5.15151764E+18
   28.1953125       5.01547617E+18
   28.2656250       4.87528294E+18
   28.3359375       4.73223098E+18
   28.4062500       4.58697147E+18
   28.4765625       4.43970288E+18
   28.5468750       4.29025946E+18
   28.6171875       4.13846803E+18
   28.6875000       3.98430881E+18
   28.7578125       3.82820702E+18
   28.8281250       3.67100599E+18
   28.8984375       3.51402294E+18
   28.9687500       3.35872352E+18
   29.0390625       3.20648157E+18
   29.1093750       3.05808543E+18
   29.1796875       2.91357277E+18
   29.2500000       2.77205023E+18
   29.3203125       0.00000000    
   29.3906250       0.00000000    
   29.4609375       0.00000000    
   29.5312500       0.00000000    
   29.6015625       0.00000000    
   29.6718750       0.00000000    
   29.7421875       0.00000000    
   29.8125000       0.00000000    
   29.8828125       0.00000000    
   29.9531250       0.00000000    
   30.0234375       0.00000000    
   30.0937500       0.00000000    
   30.1640625       0.00000000    
   30.2343750       0.00000000    
   30.3046875       0.00000000    
   30.3750000       0.00000000    
   30.4453125       0.00000000    
   30.5156250       0.00000000    
   30.5859375       0.00000000    
   30.6562500       0.00000000    
   30.7265625       0.00000000    
   30.7968750       0.00000000    
   30.8671875       0.00000000    
   30.9375000       0.00000000    
   31.0078125       0.00000000    
   31.0781250       0.00000000    
   31.1484375       0.00000000    
   31.2187500       0.00000000    
   31.2890625       0.00000000    
   31.3593750       0.00000000    
   31.4296875       0.00000000    
   31.5000000       0.00000000    
   31.5703125       0.00000000    
   31.6406250       0.00000000    
   31.7109375       0.00000000    
   31.7812500       0.00000000    
   31.8515625       0.00000000    
   31.9218750       0.00000000    
   31.9921875       0.00000000    
   32.0625000       0.00000000    
   32.1328125       0.00000000    
   32.2031250       0.00000000    
   32.2734375       0.00000000    
   32.3437500       0.00000000    
   32.4140625       0.00000000    
   32.4843750       0.00000000    
   32.5546875       0.00000000    
   32.6250000       0.00000000    
   32.6953125       0.00000000    
   32.7656250       0.00000000    
   32.8359375       0.00000000    
   32.9062500       0.00000000    
   32.9765625       0.00000000    
   33.0468750       0.00000000    
   33.1171875       0.00000000    
   33.1875000       0.00000000    
   33.2578125       0.00000000    
   33.3281250       0.00000000    
   33.3984375       0.00000000    
   33.4687500       0.00000000    
   33.5390625       0.00000000    
   33.6093750       0.00000000    
   33.6796875       0.00000000    
   33.7500000       0.00000000    
   33.8203125       0.00000000    
   33.8906250       0.00000000    
   33.9609375       0.00000000    
   34.0312500       0.00000000    
   34.1015625       0.00000000    
   34.1718750       0.00000000    
   34.2421875       0.00000000    
   34.3125000       0.00000000    
   34.3828125       0.00000000    
   34.4531250       0.00000000    
   34.5234375       0.00000000    
   34.5937500       0.00000000    
   34.6640625       0.00000000    
   34.7343750       0.00000000    
   34.8046875       0.00000000    
   34.8750000       0.00000000    
   34.9453125       0.00000000    
   35.0156250       0.00000000    
   35.0859375       0.00000000    
   35.1562500       0.00000000    
   35.2265625       0.00000000    
   35.2968750       0.00000000    
   35.3671875       0.00000000    
   35.4375000       0.00000000    
   35.5078125       0.00000000    
   35.5781250       0.00000000    
   35.6484375       0.00000000    
   35.7187500       0.00000000    
   35.7890625       0.00000000    
   35.8593750       0.00000000    
   35.9296875       0.00000000    
   36.0000000       0.00000000    
   36.0703125       0.00000000    
   36.1406250       0.00000000    
   36.2109375       0.00000000    
   36.2812500       0.00000000    
   36.3515625       0.00000000    
   36.4218750       0.00000000    
   36.4921875       0.00000000    
   36.5625000       0.00000000    
   36.6328125       0.00000000    
   36.7031250       0.00000000    
   36.7734375       0.00000000    
   36.8437500       0.00000000    
   36.9140625       0.00000000    
   36.9843750       0.00000000    
   37.0546875       0.00000000    
   37.1250000       0.00000000    
   37.1953125       0.00000000    
   37.2656250       0.00000000    
   37.3359375       0.00000000    
   37.4062500       0.00000000    
   37.4765625       0.00000000    
   37.5468750       0.00000000    
   37.6171875       0.00000000    
   37.6875000       0.00000000    
   37.7578125       0.00000000    
   37.8281250       0.00000000    
   37.8984375       0.00000000    
   37.9687500       0.00000000    
   38.0390625       0.00000000    
   38.1093750       0.00000000    
   38.1796875       0.00000000    
   38.2500000       0.00000000    
   38.3203125       0.00000000    
   38.3906250       0.00000000    
   38.4609375       0.00000000    
   38.5312500       0.00000000    
   38.6015625       0.00000000    
   38.6718750       0.00000000    
   38.7421875       0.00000000    
   38.8125000       0.00000000    
   38.8828125       0.00000000    
   38.9531250       0.00000000    
   39.0234375       0.00000000    
   39.0937500       0.00000000    
   39.1640625       0.00000000    
   39.2343750       0.00000000    
   39.3046875       0.00000000    
   39.3750000       0.00000000    
   39.4453125       0.00000000    
   39.5156250       0.00000000    
   39.5859375       0.00000000    
   39.6562500       0.00000000    
   39.7265625       0.00000000    
   39.7968750       0.00000000    
   39.8671875       0.00000000    
   39.9375000       0.00000000    
   40.0078125       0.00000000    
   40.0781250       0.00000000    
   40.1484375       0.00000000    
   40.2187500       0.00000000    
   40.2890625       0.00000000    
   40.3593750       0.00000000    
   40.4296875       0.00000000    
   40.5000000       0.00000000    
   40.5703125       0.00000000    
   40.6406250       0.00000000    
   40.7109375       0.00000000    
   40.7812500       0.00000000    
   40.8515625       0.00000000    
   40.9218750       0.00000000    
   40.9921875       0.00000000    
   41.0625000       0.00000000    
   41.1328125       0.00000000    
   41.2031250       0.00000000    
   41.2734375       0.00000000    
   41.3437500       0.00000000    
   41.4140625       0.00000000    
   41.4843750       0.00000000    
   41.5546875       0.00000000    
   41.6250000       0.00000000    
   41.6953125       0.00000000    
   41.7656250       0.00000000    
   41.8359375       0.00000000    
   41.9062500       0.00000000    
   41.9765625       0.00000000    
   42.0468750       0.00000000    
   42.1171875       0.00000000    
   42.1875000       0.00000000    
   42.2578125       0.00000000    
   42.3281250       0.00000000    
   42.3984375       0.00000000    
   42.4687500       0.00000000    
   42.5390625       0.00000000    
   42.6093750       0.00000000    
   42.6796875       0.00000000    
   42.7500000       0.00000000    
   42.8203125       0.00000000    
   42.8906250       0.00000000    
   42.9609375       0.00000000    
   43.0312500       0.00000000    
   43.1015625       0.00000000    
   43.1718750       0.00000000    
   43.2421875       0.00000000    
   43.3125000       0.00000000    
   43.3828125       0.00000000    
   43.4531250       0.00000000    
   43.5234375       0.00000000    
   43.5937500       0.00000000    
   43.6640625       0.00000000    
   43.7343750       0.00000000    
   43.8046875       0.00000000    
   43.8750000       0.00000000    
   43.9453125       0.00000000    
   44.0156250       0.00000000    
   44.0859375       0.00000000    
   44.1562500       0.00000000    
   44.2265625       0.00000000    
   44.2968750       0.00000000    
   44.3671875       0.00000000    
   44.4375000       0.00000000    
   44.5078125       0.00000000    
   44.5781250       0.00000000    
   44.6484375       0.00000000    
   44.7187500       0.00000000    
   44.7890625       0.00000000    
   44.8593750       0.00000000    
   44.9296875       0.00000000    
   45.0000000       0.00000000    
   45.0703125       0.00000000    
   45.1406250       0.00000000    
   45.2109375       0.00000000    
   45.2812500       0.00000000    
   45.3515625       0.00000000    
   45.4218750       0.00000000    
   45.4921875       0.00000000    
   45.5625000       0.00000000    
   45.6328125       0.00000000    
   45.7031250       0.00000000    
   45.7734375       0.00000000    
   45.8437500       0.00000000    
   45.9140625       0.00000000    
   45.9843750       0.00000000    
   46.0546875       0.00000000    
   46.1250000       0.00000000    
   46.1953125       0.00000000    
   46.2656250       0.00000000    
   46.3359375       0.00000000    
   46.4062500       0.00000000    
   46.4765625       0.00000000    
   46.5468750       0.00000000    
   46.6171875       0.00000000    
   46.6875000       0.00000000    
   46.7578125       0.00000000    
   46.8281250       0.00000000    
   46.8984375       0.00000000    
   46.9687500       0.00000000    
   47.0390625       0.00000000    
   47.1093750       0.00000000    
   47.1796875       0.00000000    
   47.2500000       0.00000000    
   47.3203125       0.00000000    
   47.3906250       0.00000000    
   47.4609375       0.00000000    
   47.5312500       0.00000000    
   47.6015625       0.00000000    
   47.6718750       0.00000000    
   47.7421875       0.00000000    
   47.8125000       0.00000000    
   47.8828125       0.00000000    
   47.9531250       0.00000000    
   48.0234375       0.00000000    
   48.0937500       0.00000000    
   48.1640625       0.00000000    
   48.2343750       0.00000000    
   48.3046875       0.00000000    
   48.3750000       0.00000000    
   48.4453125       0.00000000    
   48.5156250       0.00000000    
   48.5859375       0.00000000    
   48.6562500       0.00000000    
   48.7265625       0.00000000    
   48.7968750       0.00000000    
   48.8671875       0.00000000    
   48.9375000       0.00000000    
   49.0078125       0.00000000    
   49.0781250       0.00000000    
   49.1484375       0.00000000    
   49.2187500       0.00000000    
   49.2890625       0.00000000    
   49.3593750       0.00000000    
   49.4296875       0.00000000    
   49.5000000       0.00000000    
   49.5703125       0.00000000    
   49.6406250       0.00000000    
   49.7109375       0.00000000    
   49.7812500       0.00000000    
   49.8515625       0.00000000    
   49.9218750       0.00000000    
   49.9921875       0.00000000    
   50.0625000       0.00000000    
   50.1328125       0.00000000    
   50.2031250       0.00000000    
   50.2734375       0.00000000    
   50.3437500       0.00000000    
   50.4140625       0.00000000    
   50.4843750       0.00000000    
   50.5546875       0.00000000    
   50.6250000       0.00000000    
   50.6953125       0.00000000    
   50.7656250       0.00000000    
   50.8359375       0.00000000    
   50.9062500       0.00000000    
   50.9765625       0.00000000    
   51.0468750       0.00000000    
   51.1171875       0.00000000    
   51.1875000       0.00000000    
   51.2578125       0.00000000    
   51.3281250       0.00000000    
   51.3984375       0.00000000    
   51.4687500       0.00000000    
   51.5390625       0.00000000    
   51.6093750       0.00000000    
   51.6796875       0.00000000    
   51.7500000       0.00000000    
   51.8203125       0.00000000    
   51.8906250       0.00000000    
   51.9609375       0.00000000    
   52.0312500       0.00000000    
   52.1015625       0.00000000    
   52.1718750       0.00000000    
   52.2421875       0.00000000    
   52.3125000       0.00000000    
   52.3828125       0.00000000    
   52.4531250       0.00000000    
   52.5234375       0.00000000    
   52.5937500       0.00000000    
   52.6640625       0.00000000    
   52.7343750       0.00000000    
   52.8046875       0.00000000    
   52.8750000       0.00000000    
   52.9453125       0.00000000    
   53.0156250       0.00000000    
   53.0859375       0.00000000    
   53.1562500       0.00000000    
   53.2265625       0.00000000    
   53.2968750       0.00000000    
   53.3671875       0.00000000    
   53.4375000       0.00000000    
   53.5078125       0.00000000    
   53.5781250       0.00000000    
   53.6484375       0.00000000    
   53.7187500       0.00000000    
   53.7890625       0.00000000    
   53.8593750       0.00000000    
   53.9296875       0.00000000    
   54.0000000       0.00000000    
   54.0703125       0.00000000    
   54.1406250       0.00000000    
   54.2109375       0.00000000    
   54.2812500       0.00000000    
   54.3515625       0.00000000    
   54.4218750       0.00000000    
   54.4921875       0.00000000    
   54.5625000       0.00000000    
   54.6328125       0.00000000    
   54.7031250       0.00000000    
   54.7734375       0.00000000    
   54.8437500       0.00000000    
   54.9140625       0.00000000    
   54.9843750       0.00000000    
   55.0546875       0.00000000    
   55.1250000       0.00000000    
   55.1953125       0.00000000    
   55.2656250       0.00000000    
   55.3359375       0.00000000    
   55.4062500       0.00000000    
   55.4765625       0.00000000    
   55.5468750       0.00000000    
   55.6171875       0.00000000    
   55.6875000       0.00000000    
   55.7578125       0.00000000    
   55.8281250       0.00000000    
   55.8984375       0.00000000    
   55.9687500       0.00000000    
   56.0390625       0.00000000    
   56.1093750       0.00000000    
   56.1796875       0.00000000    
   56.2500000       0.00000000    
   56.3203125       0.00000000    
   56.3906250       0.00000000    
   56.4609375       0.00000000    
   56.5312500       0.00000000    
   56.6015625       0.00000000    
   56.6718750       0.00000000    
   56.7421875       0.00000000    
   56.8125000       0.00000000    
   56.8828125       0.00000000    
   56.9531250       0.00000000    
   57.0234375       0.00000000    
   57.0937500       0.00000000    
   57.1640625       0.00000000    
   57.2343750       0.00000000    
   57.3046875       0.00000000    
   57.3750000       0.00000000    
   57.4453125       0.00000000    
   57.5156250       0.00000000    
   57.5859375       0.00000000    
   57.6562500       0.00000000    
   57.7265625       0.00000000    
