2014 06 23 20 53 07.0 51.813 178.764
119. 1.039E+21 7.944 222 40 0 132 90 130
  -1.12500000       0.00000000    
  -1.05468750       4.50442529E+17
 -0.984375000       5.26851887E+17
 -0.914062500       5.99303381E+17
 -0.843750000       6.65209139E+17
 -0.773437500       7.28683396E+17
 -0.703125000       7.93639725E+17
 -0.632812500       9.81207269E+17
 -0.562500000       1.24260977E+18
 -0.492187500       1.54099138E+18
 -0.421875000       1.73041030E+18
 -0.351562500       1.83990214E+18
 -0.281250000       1.89704376E+18
 -0.210937500       1.93187766E+18
 -0.140625000       1.96748425E+18
  -7.03125000E-02   2.10155114E+18
   0.00000000       2.22990812E+18
   7.03125000E-02   2.35678201E+18
  0.140625000       2.52430058E+18
  0.210937500       2.72089023E+18
  0.281250000       2.90220272E+18
  0.351562500       3.07405364E+18
  0.421875000       3.24073905E+18
  0.492187500       3.41223346E+18
  0.562500000       3.59564959E+18
  0.632812500       3.79485113E+18
  0.703125000       4.00406731E+18
  0.773437500       4.21750340E+18
  0.843750000       4.43083422E+18
  0.914062500       4.64111390E+18
  0.984375000       4.84682318E+18
   1.05468750       5.04717509E+18
   1.12500000       5.24393269E+18
   1.19531250       5.44226920E+18
   1.26562500       5.64536109E+18
   1.33593750       5.85431778E+18
   1.40625000       6.07030089E+18
   1.47656250       6.29445833E+18
   1.54687500       6.52677194E+18
   1.61718750       6.76326535E+18
   1.68750000       7.00220956E+18
   1.75781250       7.24342153E+18
   1.82812500       7.48763900E+18
   1.89843750       7.73599724E+18
   1.96875000       7.98969085E+18
   2.03906250       8.24977043E+18
   2.10937500       8.51703422E+18
   2.17968750       8.79190993E+18
   2.25000000       9.07430685E+18
   2.32031250       9.36340694E+18
   2.39062500       9.65747022E+18
   2.46093750       9.95374353E+18
   2.53125000       1.02485600E+19
   2.60156250       1.05376392E+19
   2.67187500       1.08165930E+19
   2.74218750       1.10814554E+19
   2.81250000       1.13291919E+19
   2.88281250       1.15579629E+19
   2.95312500       1.17671670E+19
   3.02343750       1.19584732E+19
   3.09375000       1.21368997E+19
   3.16406250       1.23061124E+19
   3.23437500       1.24673129E+19
   3.30468750       1.26180790E+19
   3.37500000       1.27570958E+19
   3.44531250       1.28841685E+19
   3.51562500       1.30001681E+19
   3.58593750       1.31067866E+19
   3.65625000       1.32061660E+19
   3.72656250       1.33003776E+19
   3.79687500       1.33946003E+19
   3.86718750       1.34971210E+19
   3.93750000       1.36123432E+19
   4.00781250       1.37382560E+19
   4.07812500       1.38673100E+19
   4.14843750       1.39943949E+19
   4.21875000       1.41167375E+19
   4.28906250       1.42334793E+19
   4.35937500       1.43450236E+19
   4.42968750       1.44523228E+19
   4.50000000       1.45579364E+19
   4.57031250       1.46686110E+19
   4.64062500       1.47888470E+19
   4.71093750       1.49201815E+19
   4.78125000       1.50592565E+19
   4.85156250       1.52048439E+19
   4.92187500       1.53574364E+19
   4.99218750       1.55184697E+19
   5.06250000       1.56895900E+19
   5.13281250       1.58718484E+19
   5.20312500       1.60651667E+19
   5.27343750       1.62679188E+19
   5.34375000       1.64769184E+19
   5.41406250       1.66876189E+19
   5.48437500       1.68946262E+19
   5.55468750       1.70922689E+19
   5.62500000       1.72752881E+19
   5.69531250       1.74393935E+19
   5.76562500       1.75817946E+19
   5.83593750       1.77013697E+19
   5.90625000       1.77986249E+19
   5.97656250       1.78753147E+19
   6.04687500       1.79338714E+19
   6.11718750       1.79768359E+19
   6.18750000       1.80065007E+19
   6.25781250       1.80247493E+19
   6.32812500       1.80332529E+19
   6.39843750       1.80336675E+19
   6.46875000       1.80279170E+19
   6.53906250       1.80182270E+19
   6.60937500       1.80071296E+19
   6.67968750       1.79971648E+19
   6.75000000       1.79906436E+19
   6.82031250       1.79893066E+19
   6.89062500       1.79940971E+19
   6.96093750       1.80049020E+19
   7.03125000       1.80204205E+19
   7.10156250       1.80380765E+19
   7.17187500       1.80541909E+19
   7.24218750       1.80642636E+19
   7.31250000       1.80635544E+19
   7.38281250       1.80477016E+19
   7.45312500       1.80133639E+19
   7.52343750       1.79586511E+19
   7.59375000       1.78832598E+19
   7.66406250       1.77882718E+19
   7.73437500       1.76757412E+19
   7.80468750       1.75480736E+19
   7.87500000       1.74075297E+19
   7.94531250       1.72557927E+19
   8.01562500       1.70938687E+19
   8.08593750       1.69220832E+19
   8.15625000       1.67402932E+19
   8.22656250       1.65481382E+19
   8.29687500       1.63453355E+19
   8.36718750       1.61319016E+19
   8.43750000       1.59083983E+19
   8.50781250       1.56760133E+19
   8.57812500       1.54365858E+19
   8.64843750       1.51924656E+19
   8.71875000       1.49462531E+19
   8.78906250       1.47004089E+19
   8.85937500       1.44569143E+19
   8.92968750       1.42169217E+19
   9.00000000       1.39807609E+19
   9.07031250       1.37480790E+19
   9.14062500       1.35182679E+19
   9.21093750       1.32908427E+19
   9.28125000       1.30657243E+19
   9.35156250       1.28431732E+19
   9.42187500       1.26235029E+19
   9.49218750       1.24065319E+19
   9.56250000       1.21912090E+19
   9.63281250       1.19754288E+19
   9.70312500       1.17563698E+19
   9.77343750       1.15311513E+19
   9.84375000       1.12978371E+19
   9.91406250       1.10564822E+19
   9.98437500       1.08102312E+19
   10.0546875       1.05662144E+19
   10.1250000       1.03363923E+19
   10.1953125       1.01249243E+19
   10.2656250       9.92787861E+18
   10.3359375       9.73703198E+18
   10.4062500       9.55207983E+18
   10.4765625       9.38048675E+18
   10.5468750       9.23313570E+18
   10.6171875       9.12464304E+18
   10.6875000       9.05664374E+18
   10.7578125       9.02064023E+18
   10.8281250       9.00125420E+18
   10.8984375       8.99179455E+18
   10.9687500       8.99044490E+18
   11.0390625       8.99331517E+18
   11.1093750       8.99523437E+18
   11.1796875       8.99179949E+18
   11.2500000       8.98234479E+18
   11.3203125       8.96952284E+18
   11.3906250       8.95703294E+18
   11.4609375       8.94899936E+18
   11.5312500       8.94938803E+18
   11.6015625       8.96162065E+18
   11.6718750       8.98829040E+18
   11.7421875       9.03105041E+18
   11.8125000       9.09058512E+18
   11.8828125       9.16675708E+18
   11.9531250       9.25876532E+18
   12.0234375       9.36535087E+18
   12.0937500       9.48495355E+18
   12.1640625       9.61587790E+18
   12.2343750       9.75638009E+18
   12.3046875       9.90481416E+18
   12.3750000       1.00597101E+19
   12.4453125       1.02199540E+19
   12.5156250       1.03849467E+19
   12.5859375       1.05547663E+19
   12.6562500       1.07301835E+19
   12.7265625       1.09125902E+19
   12.7968750       1.11037150E+19
   12.8671875       1.13052401E+19
   12.9375000       1.15292073E+19
   13.0078125       1.17838949E+19
   13.0781250       1.20892942E+19
   13.1484375       1.24448608E+19
   13.2187500       1.28459418E+19
   13.2890625       1.32705138E+19
   13.3593750       1.37026252E+19
   13.4296875       1.41313490E+19
   13.5000000       1.45496175E+19
   13.5703125       1.49530261E+19
   13.6406250       1.53389206E+19
   13.7109375       1.57057792E+19
   13.7812500       1.60530061E+19
   13.8515625       1.63808926E+19
   13.9218750       1.66907437E+19
   13.9921875       1.69847444E+19
   14.0625000       1.72657125E+19
   14.1328125       1.75365530E+19
   14.2031250       1.77997387E+19
   14.2734375       1.80569254E+19
   14.3437500       1.83089082E+19
   14.4140625       1.85558574E+19
   14.4843750       1.87977324E+19
   14.5546875       1.90346156E+19
   14.6250000       1.92669006E+19
   14.6953125       1.94951592E+19
   14.7656250       1.97198180E+19
   14.8359375       1.99405714E+19
   14.9062500       2.01559063E+19
   14.9765625       2.03627244E+19
   15.0468750       2.05564716E+19
   15.1171875       2.07316370E+19
   15.1875000       2.08827099E+19
   15.2578125       2.10052329E+19
   15.3281250       2.10967914E+19
   15.3984375       2.11575020E+19
   15.4687500       2.11900388E+19
   15.5390625       2.11989866E+19
   15.6093750       2.11900608E+19
   15.6796875       2.11691678E+19
   15.7500000       2.11417152E+19
   15.8203125       2.11121780E+19
   15.8906250       2.10839425E+19
   15.9609375       2.10592893E+19
   16.0312500       2.10395244E+19
   16.1015625       2.10252088E+19
   16.1718750       2.10165117E+19
   16.2421875       2.10134748E+19
   16.3125000       2.10163621E+19
   16.3828125       2.10258091E+19
   16.4531250       2.10430847E+19
   16.5234375       2.10701084E+19
   16.5937500       2.11095237E+19
   16.6640625       2.11646225E+19
   16.7343750       2.12392969E+19
   16.8046875       2.13378659E+19
   16.8750000       2.14649431E+19
   16.9453125       2.16251353E+19
   17.0156250       2.18227176E+19
   17.0859375       2.20611115E+19
   17.1562500       2.23424897E+19
   17.2265625       2.26673514E+19
   17.2968750       2.30344256E+19
   17.3671875       2.34406159E+19
   17.4375000       2.38814036E+19
   17.5078125       2.43513282E+19
   17.5781250       2.48446681E+19
   17.6484375       2.53560619E+19
   17.7187500       2.58809842E+19
   17.7890625       2.64159780E+19
   17.8593750       2.69587475E+19
   17.9296875       2.75079711E+19
   18.0000000       2.80632091E+19
   18.0703125       2.86246439E+19
   18.1406250       2.91929837E+19
   18.2109375       2.97691388E+19
   18.2812500       3.03540460E+19
   18.3515625       3.09483474E+19
   18.4218750       3.15522410E+19
   18.4921875       3.21652803E+19
   18.5625000       3.27863328E+19
   18.6328125       3.34134635E+19
   18.7031250       3.40439718E+19
   18.7734375       3.46743262E+19
   18.8437500       3.53003398E+19
   18.9140625       3.59174517E+19
   18.9843750       3.65212529E+19
   19.0546875       3.71080117E+19
   19.1250000       3.76753333E+19
   19.1953125       3.82226174E+19
   19.2656250       3.87514253E+19
   19.3359375       3.92654206E+19
   19.4062500       3.97700173E+19
   19.4765625       4.02715793E+19
   19.5468750       4.07763827E+19
   19.6171875       4.12895291E+19
   19.6875000       4.18140754E+19
   19.7578125       4.23505931E+19
   19.8281250       4.28972702E+19
   19.8984375       4.34503994E+19
   19.9687500       4.40051557E+19
   20.0390625       4.45564729E+19
   20.1093750       4.50997416E+19
   20.1796875       4.56313862E+19
   20.2500000       4.61490627E+19
   20.3203125       4.66516626E+19
   20.3906250       4.71391685E+19
   20.4609375       4.76123939E+19
   20.5312500       4.80728606E+19
   20.6015625       4.85225301E+19
   20.6718750       4.89636189E+19
   20.7421875       4.93982691E+19
   20.8125000       4.98282309E+19
   20.8828125       5.02543972E+19
   20.9531250       5.06766537E+19
   21.0234375       5.10936940E+19
   21.0937500       5.15031961E+19
   21.1640625       5.19020022E+19
   21.2343750       5.22865322E+19
   21.3046875       5.26530654E+19
   21.3750000       5.29981185E+19
   21.4453125       5.33187537E+19
   21.5156250       5.36128995E+19
   21.5859375       5.38793331E+19
   21.6562500       5.41178172E+19
   21.7265625       5.43287651E+19
   21.7968750       5.45131752E+19
   21.8671875       5.46723625E+19
   21.9375000       5.48078663E+19
   22.0078125       5.49213931E+19
   22.0781250       5.50149087E+19
   22.1484375       5.50907398E+19
   22.2187500       5.51515780E+19
   22.2890625       5.52004623E+19
   22.3593750       5.52407044E+19
   22.4296875       5.52754930E+19
   22.5000000       5.53076867E+19
   22.5703125       5.53393790E+19
   22.6406250       5.53717838E+19
   22.7109375       5.54051914E+19
   22.7812500       5.54391487E+19
   22.8515625       5.54730004E+19
   22.9218750       5.55065048E+19
   22.9921875       5.55404005E+19
   23.0625000       5.55766140E+19
   23.1328125       5.56182547E+19
   23.2031250       5.56691401E+19
   23.2734375       5.57332592E+19
   23.3437500       5.58141657E+19
   23.4140625       5.59145819E+19
   23.4843750       5.60362407E+19
   23.5546875       5.61797050E+19
   23.6250000       5.63445657E+19
   23.6953125       5.65294156E+19
   23.7656250       5.67321832E+19
   23.8359375       5.69503175E+19
   23.9062500       5.71809466E+19
   23.9765625       5.74211108E+19
   24.0468750       5.76677884E+19
   24.1171875       5.79179933E+19
   24.1875000       5.81687171E+19
   24.2578125       5.84170264E+19
   24.3281250       5.86601988E+19
   24.3984375       5.88959737E+19
   24.4687500       5.91228293E+19
   24.5390625       5.93401368E+19
   24.6093750       5.95483139E+19
   24.6796875       5.97486801E+19
   24.7500000       5.99432233E+19
   24.8203125       6.01342612E+19
   24.8906250       6.03241821E+19
   24.9609375       6.05151365E+19
   25.0312500       6.07089232E+19
   25.1015625       6.09067341E+19
   25.1718750       6.11090223E+19
   25.2421875       6.13153610E+19
   25.3125000       6.15242902E+19
   25.3828125       6.17333074E+19
   25.4531250       6.19391448E+19
   25.5234375       6.21382004E+19
   25.5937500       6.23271272E+19
   25.6640625       6.25033526E+19
   25.7343750       6.26653678E+19
   25.8046875       6.28126892E+19
   25.8750000       6.29454750E+19
   25.9453125       6.30639935E+19
   26.0156250       6.31681965E+19
   26.0859375       6.32572217E+19
   26.1562500       6.33293497E+19
   26.2265625       6.33820295E+19
   26.2968750       6.34121473E+19
   26.3671875       6.34163430E+19
   26.4375000       6.33914149E+19
   26.5078125       6.33346933E+19
   26.5781250       6.32444146E+19
   26.6484375       6.31202709E+19
   26.7187500       6.29634586E+19
   26.7890625       6.27767439E+19
   26.8593750       6.25640896E+19
   26.9296875       6.23299816E+19
   27.0000000       6.20788399E+19
   27.0703125       6.18143766E+19
   27.1406250       6.15394063E+19
   27.2109375       6.12558379E+19
   27.2812500       6.09649159E+19
   27.3515625       6.06673880E+19
   27.4218750       6.03636590E+19
   27.4921875       6.00539529E+19
   27.5625000       5.97383315E+19
   27.6328125       5.94168959E+19
   27.7031250       5.90900858E+19
   27.7734375       5.87588558E+19
   27.8437500       5.84247889E+19
   27.9140625       5.80899569E+19
   27.9843750       5.77567037E+19
   28.0546875       5.74271625E+19
   28.1250000       5.71028945E+19
   28.1953125       5.67845023E+19
   28.2656250       5.64714142E+19
   28.3359375       5.61619105E+19
   28.4062500       5.58533567E+19
   28.4765625       5.55425863E+19
   28.5468750       5.52264724E+19
   28.6171875       5.49022747E+19
   28.6875000       5.45680320E+19
   28.7578125       5.42224995E+19
   28.8281250       5.38652022E+19
   28.8984375       5.34962281E+19
   28.9687500       5.31159510E+19
   29.0390625       5.27248987E+19
   29.1093750       5.23237617E+19
   29.1796875       5.19135207E+19
   29.2500000       5.14957282E+19
   29.3203125       5.10726450E+19
   29.3906250       5.06472351E+19
   29.4609375       5.02229204E+19
   29.5312500       4.98031049E+19
   29.6015625       4.93904801E+19
   29.6718750       4.89865240E+19
   29.7421875       4.85911616E+19
   29.8125000       4.82028141E+19
   29.8828125       4.78188074E+19
   29.9531250       4.74360586E+19
   30.0234375       4.70516738E+19
   30.0937500       4.66633614E+19
   30.1640625       4.62694328E+19
   30.2343750       4.58688939E+19
   30.3046875       4.54613270E+19
   30.3750000       4.50470134E+19
   30.4453125       4.46270571E+19
   30.5156250       4.42036000E+19
   30.5859375       4.37795931E+19
   30.6562500       4.33584670E+19
   30.7265625       4.29434761E+19
   30.7968750       4.25370306E+19
   30.8671875       4.21401773E+19
   30.9375000       4.17522784E+19
   31.0078125       4.13709810E+19
   31.0781250       4.09927666E+19
   31.1484375       4.06134746E+19
   31.2187500       4.02290458E+19
   31.2890625       3.98358164E+19
   31.3593750       3.94305277E+19
   31.4296875       3.90100480E+19
   31.5000000       3.85709998E+19
   31.5703125       3.81096008E+19
   31.6406250       3.76218970E+19
   31.7109375       3.71043393E+19
   31.7812500       3.65543812E+19
   31.8515625       3.59709605E+19
   31.9218750       3.53547238E+19
   31.9921875       3.47078372E+19
   32.0625000       3.40336848E+19
   32.1328125       3.33363195E+19
   32.2031250       3.26201131E+19
   32.2734375       3.18893381E+19
   32.3437500       3.11479462E+19
   32.4140625       3.03993766E+19
   32.4843750       2.96465762E+19
   32.5546875       2.88920672E+19
   32.6250000       2.81382244E+19
   32.6953125       2.73875130E+19
   32.7656250       2.66428138E+19
   32.8359375       2.59074846E+19
   32.9062500       2.51854243E+19
   32.9765625       2.44807012E+19
   33.0468750       2.37972051E+19
   33.1171875       2.31380435E+19
   33.1875000       2.25050877E+19
   33.2578125       2.18985773E+19
   33.3281250       2.13171599E+19
   33.3984375       2.07581132E+19
   33.4687500       2.02178880E+19
   33.5390625       1.96927238E+19
   33.6093750       1.91794014E+19
   33.6796875       1.86760252E+19
   33.7500000       1.79431216E+19
   33.8203125       1.75198294E+19
   33.8906250       1.71121953E+19
   33.9609375       1.67236862E+19
   34.0312500       1.63571475E+19
   34.1015625       1.60138668E+19
   34.1718750       1.56930656E+19
   34.2421875       1.53917422E+19
   34.3125000       1.51050556E+19
   34.3828125       1.48269055E+19
   34.4531250       1.45507972E+19
   34.5234375       1.42704801E+19
   34.5937500       1.39804575E+19
   34.6640625       1.36761039E+19
   34.7343750       1.33536809E+19
   34.8046875       1.27492277E+19
   34.8750000       1.24235754E+19
   34.9453125       1.18645518E+19
   35.0156250       1.15333569E+19
   35.0859375       1.06381158E+19
   35.1562500       1.03699823E+19
   35.2265625       1.00949714E+19
   35.2968750       9.81527653E+18
   35.3671875       9.53279550E+18
   35.4375000       9.24914789E+18
   35.5078125       8.76954366E+18
   35.5781250       8.51502761E+18
   35.6484375       8.26313885E+18
   35.7187500       8.01507638E+18
   35.7890625       7.77155654E+18
   35.8593750       7.27550363E+18
   35.9296875       7.06165631E+18
   36.0000000       6.84571278E+18
   36.0703125       6.62665048E+18
   36.1406250       6.40370580E+18
   36.2109375       6.17676276E+18
   36.2812500       5.94659814E+18
   36.3515625       5.47900608E+18
   36.4218750       5.29752069E+18
   36.4921875       4.88575523E+18
   36.5625000       4.75507278E+18
   36.6328125       4.63184721E+18
   36.7031250       4.51641966E+18
   36.7734375       4.40870133E+18
   36.8437500       4.30816199E+18
   36.9140625       4.21392367E+18
   36.9843750       4.12487615E+18
   37.0546875       4.03986768E+18
   37.1250000       3.95782487E+18
   37.1953125       3.87783320E+18
   37.2656250       3.79908453E+18
   37.3359375       3.72081057E+18
   37.4062500       3.64215728E+18
   37.4765625       3.28932043E+18
   37.5468750       3.21806987E+18
   37.6171875       2.88230431E+18
   37.6875000       2.63722180E+18
   37.7578125       2.08087510E+18
   37.8281250       2.08200539E+18
   37.8984375       2.07813910E+18
   37.9687500       2.06944127E+18
   38.0390625       2.05652765E+18
   38.1093750       2.04034572E+18
   38.1796875       2.02209795E+18
   38.2500000       2.00296356E+18
   38.3203125       1.98389020E+18
   38.3906250       1.96528165E+18
   38.4609375       1.94688820E+18
   38.5312500       1.92773099E+18
   38.6015625       1.90630027E+18
   38.6718750       1.67706282E+18
   38.7421875       1.66321461E+18
   38.8125000       1.64455177E+18
   38.8828125       1.62106373E+18
   38.9531250       1.59301203E+18
   39.0234375       1.56069505E+18
   39.0937500       1.52418796E+18
   39.1640625       1.48319940E+18
   39.2343750       1.43702954E+18
   39.3046875       1.38467973E+18
   39.3750000       1.08500323E+18
   39.4453125       1.04038189E+18
   39.5156250       9.88651169E+17
   39.5859375       9.30079497E+17
   39.6562500       8.65255178E+17
   39.7265625       7.95067441E+17
   39.7968750       4.96789762E+17
   39.8671875       4.63210745E+17
   39.9375000       4.27905805E+17
   40.0078125       3.90881400E+17
   40.0781250       3.52016550E+17
   40.1484375       3.11189244E+17
   40.2187500       2.68344660E+17
   40.2890625       0.00000000    
   40.3593750       0.00000000    
   40.4296875       0.00000000    
   40.5000000       0.00000000    
   40.5703125       0.00000000    
   40.6406250       0.00000000    
   40.7109375       0.00000000    
   40.7812500       0.00000000    
   40.8515625       0.00000000    
   40.9218750       0.00000000    
   40.9921875       0.00000000    
   41.0625000       0.00000000    
   41.1328125       0.00000000    
   41.2031250       0.00000000    
   41.2734375       0.00000000    
   41.3437500       0.00000000    
   41.4140625       0.00000000    
   41.4843750       0.00000000    
   41.5546875       0.00000000    
   41.6250000       0.00000000    
   41.6953125       0.00000000    
   41.7656250       0.00000000    
   41.8359375       0.00000000    
   41.9062500       0.00000000    
   41.9765625       0.00000000    
   42.0468750       0.00000000    
   42.1171875       0.00000000    
