2000 06 04 16 28 26.0 -4.720 102.090
41. 1.111E+21 7.964 82 55 136 201 55 44
  -1.12500000       0.00000000    
  -1.05468750       3.71203702E+18
 -0.984375000       3.78494701E+18
 -0.914062500       3.85574511E+18
 -0.843750000       3.92105198E+18
 -0.773437500       3.97882142E+18
 -0.703125000       4.02856140E+18
 -0.632812500       4.07161360E+18
 -0.562500000       4.11071636E+18
 -0.492187500       4.14962478E+18
 -0.421875000       4.19219402E+18
 -0.351562500       4.24178282E+18
 -0.281250000       4.30038294E+18
 -0.210937500       4.36828081E+18
 -0.140625000       4.44358773E+18
  -7.03125000E-02   4.52239221E+18
   0.00000000       4.59883795E+18
   7.03125000E-02   4.66583971E+18
  0.140625000       4.71571136E+18
  0.210937500       4.74133493E+18
  0.281250000       4.73705068E+18
  0.351562500       4.69983277E+18
  0.421875000       4.62985655E+18
  0.492187500       4.53099066E+18
  0.562500000       4.41029754E+18
  0.632812500       4.27722585E+18
  0.703125000       4.14188064E+18
  0.773437500       4.01342113E+18
  0.843750000       3.89828494E+18
  0.914062500       3.80034264E+18
  0.984375000       3.72264236E+18
   1.05468750       3.66939686E+18
   1.12500000       3.63804621E+18
   1.19531250       3.62014011E+18
   1.26562500       3.60194924E+18
   1.33593750       3.57437816E+18
   1.40625000       3.53206016E+18
   1.47656250       3.47472063E+18
   1.54687500       3.40648191E+18
   1.61718750       3.33178549E+18
   1.68750000       3.25524354E+18
   1.75781250       3.18247758E+18
   1.82812500       3.12437142E+18
   1.89843750       3.09505211E+18
   1.96875000       3.10782514E+18
   2.03906250       3.17027108E+18
   2.10937500       3.27874120E+18
   2.17968750       3.42173709E+18
   2.25000000       3.58427322E+18
   2.32031250       3.75397157E+18
   2.39062500       3.92029606E+18
   2.46093750       4.07492671E+18
   2.53125000       4.21107346E+18
   2.60156250       4.32392129E+18
   2.67187500       4.40994323E+18
   2.74218750       4.46730118E+18
   2.81250000       4.49512542E+18
   2.88281250       4.49400639E+18
   2.95312500       4.46557082E+18
   3.02343750       4.41337150E+18
   3.09375000       4.34260694E+18
   3.16406250       4.26061910E+18
   3.23437500       4.17580662E+18
   3.30468750       4.09732678E+18
   3.37500000       4.03368293E+18
   3.44531250       3.99263348E+18
   3.51562500       3.98023759E+18
   3.58593750       4.00105382E+18
   3.65625000       4.05705524E+18
   3.72656250       4.14749640E+18
   3.79687500       4.26789787E+18
   3.86718750       4.41089293E+18
   3.93750000       4.56853788E+18
   4.00781250       4.73869995E+18
   4.07812500       4.91723150E+18
   4.14843750       5.10003576E+18
   4.21875000       5.28070696E+18
   4.28906250       5.46115551E+18
   4.35937500       5.64892626E+18
   4.42968750       5.85478287E+18
   4.50000000       6.08889748E+18
   4.57031250       6.35835645E+18
   4.64062500       6.66432030E+18
   4.71093750       7.00162682E+18
   4.78125000       7.35892962E+18
   4.85156250       7.72146279E+18
   4.92187500       8.07354236E+18
   4.99218750       8.40217374E+18
   5.06250000       8.69873127E+18
   5.13281250       8.96046946E+18
   5.20312500       9.18966101E+18
   5.27343750       9.39292003E+18
   5.34375000       9.57881226E+18
   5.41406250       9.75638339E+18
   5.48437500       9.93268348E+18
   5.55468750       1.01119753E+19
   5.62500000       1.02947582E+19
   5.69531250       1.04788571E+19
   5.76562500       1.06602149E+19
   5.83593750       1.08350505E+19
   5.90625000       1.10005248E+19
   5.97656250       1.11556802E+19
   6.04687500       1.13004331E+19
   6.11718750       1.14353190E+19
   6.18750000       1.15603026E+19
   6.25781250       1.16752357E+19
   6.32812500       1.17796926E+19
   6.39843750       1.18775986E+19
   6.46875000       1.19728207E+19
   6.53906250       1.20689543E+19
   6.60937500       1.21652572E+19
   6.67968750       1.22612490E+19
   6.75000000       1.23565305E+19
   6.82031250       1.24506960E+19
   6.89062500       1.25424271E+19
   6.96093750       1.26303210E+19
   7.03125000       1.27129174E+19
   7.10156250       1.27898227E+19
   7.17187500       1.28612294E+19
   7.24218750       1.29279961E+19
   7.31250000       1.29902021E+19
   7.38281250       1.30470040E+19
   7.45312500       1.30959663E+19
   7.52343750       1.31343536E+19
   7.59375000       1.31597490E+19
   7.66406250       1.31716886E+19
   7.73437500       1.31715105E+19
   7.80468750       1.31627001E+19
   7.87500000       1.31498193E+19
   7.94531250       1.31387000E+19
   8.01562500       1.31356796E+19
   8.08593750       1.31480634E+19
   8.15625000       1.31830510E+19
   8.22656250       1.32474043E+19
   8.29687500       1.33456214E+19
   8.36718750       1.34794859E+19
   8.43750000       1.36470669E+19
   8.50781250       1.38436320E+19
   8.57812500       1.40620445E+19
   8.64843750       1.42944285E+19
   8.71875000       1.45324387E+19
   8.78906250       1.47682070E+19
   8.85937500       1.49938312E+19
   8.92968750       1.52020886E+19
   9.00000000       1.53863975E+19
   9.07031250       1.55422709E+19
   9.14062500       1.56676218E+19
   9.21093750       1.57637290E+19
   9.28125000       1.58341978E+19
   9.35156250       1.58842322E+19
   9.42187500       1.59182566E+19
   9.49218750       1.59389252E+19
   9.56250000       1.59457399E+19
   9.63281250       1.59359873E+19
   9.70312500       1.59053703E+19
   9.77343750       1.58503111E+19
   9.84375000       1.57688758E+19
   9.91406250       1.56621902E+19
   9.98437500       1.55338563E+19
   10.0546875       1.53900600E+19
   10.1250000       1.52384230E+19
   10.1953125       1.50881671E+19
   10.2656250       1.49491756E+19
   10.3359375       1.48320270E+19
   10.4062500       1.47463817E+19
   10.4765625       1.47002539E+19
   10.5468750       1.46981274E+19
   10.6171875       1.47408049E+19
   10.6875000       1.48248494E+19
   10.7578125       1.49439672E+19
   10.8281250       1.50895821E+19
   10.8984375       1.52527475E+19
   10.9687500       1.54245912E+19
   11.0390625       1.55976126E+19
   11.1093750       1.57653255E+19
   11.1796875       1.59229515E+19
   11.2500000       1.60669105E+19
   11.3203125       1.61956315E+19
   11.3906250       1.63091791E+19
   11.4609375       1.64099538E+19
   11.5312500       1.65019389E+19
   11.6015625       1.65907618E+19
   11.6718750       1.66820829E+19
   11.7421875       1.67808663E+19
   11.8125000       1.68894376E+19
   11.8828125       1.70070381E+19
   11.9531250       1.71288903E+19
   12.0234375       1.72472616E+19
   12.0937500       1.73519592E+19
   12.1640625       1.74322819E+19
   12.2343750       1.74776730E+19
   12.3046875       1.74792409E+19
   12.3750000       1.74299267E+19
   12.4453125       1.73259184E+19
   12.5156250       1.71671456E+19
   12.5859375       1.69591246E+19
   12.6562500       1.67132716E+19
   12.7265625       1.64471777E+19
   12.7968750       1.61820547E+19
   12.8671875       1.59397905E+19
   12.9375000       1.57383292E+19
   13.0078125       1.55888572E+19
   13.0781250       1.54936351E+19
   13.1484375       1.54472137E+19
   13.2187500       1.54383989E+19
   13.2890625       1.54543671E+19
   13.3593750       1.54834338E+19
   13.4296875       1.55180200E+19
   13.5000000       1.55550428E+19
   13.5703125       1.55962635E+19
   13.6406250       1.56466310E+19
   13.7109375       1.57134670E+19
   13.7812500       1.58045583E+19
   13.8515625       1.59276387E+19
   13.9218750       1.60890173E+19
   13.9921875       1.62935001E+19
   14.0625000       1.65431046E+19
   14.1328125       1.68368908E+19
   14.2031250       1.71697977E+19
   14.2734375       1.75333556E+19
   14.3437500       1.79163254E+19
   14.4140625       1.83072721E+19
   14.4843750       1.86961617E+19
   14.5546875       1.90764542E+19
   14.6250000       1.94450676E+19
   14.6953125       1.98025453E+19
   14.7656250       2.01514313E+19
   14.8359375       2.04958049E+19
   14.9062500       2.08399697E+19
   14.9765625       2.11888117E+19
   15.0468750       2.15473427E+19
   15.1171875       2.19213460E+19
   15.1875000       2.23163411E+19
   15.2578125       2.27371088E+19
   15.3281250       2.31856942E+19
   15.3984375       2.36607690E+19
   15.4687500       2.41566333E+19
   15.5390625       2.46644010E+19
   15.6093750       2.51730592E+19
   15.6796875       2.56723233E+19
   15.7500000       2.61544965E+19
   15.8203125       2.66168895E+19
   15.8906250       2.70620378E+19
   15.9609375       2.74978116E+19
   16.0312500       2.79352589E+19
   16.1015625       2.83869537E+19
   16.1718750       2.88642671E+19
   16.2421875       2.93764196E+19
   16.3125000       2.99292431E+19
   16.3828125       3.05257545E+19
   16.4531250       3.11656175E+19
   16.5234375       3.18455863E+19
   16.5937500       3.25587251E+19
   16.6640625       3.32949647E+19
   16.7343750       3.40413264E+19
   16.8046875       3.47841565E+19
   16.8750000       3.55108017E+19
   16.9453125       3.62122263E+19
   17.0156250       3.68837069E+19
   17.0859375       3.75256282E+19
   17.1562500       3.81423179E+19
   17.2265625       3.87415165E+19
   17.2968750       3.93325084E+19
   17.3671875       3.99252331E+19
   17.4375000       4.05283636E+19
   17.5078125       4.11485058E+19
   17.5781250       4.17885711E+19
   17.6484375       4.24477635E+19
   17.7187500       4.31211484E+19
   17.7890625       4.38009413E+19
   17.8593750       4.44771233E+19
   17.9296875       4.51394735E+19
   18.0000000       4.57784085E+19
   18.0703125       4.63863989E+19
   18.1406250       4.69576435E+19
   18.2109375       4.74880919E+19
   18.2812500       4.79738650E+19
   18.3515625       4.84108241E+19
   18.4218750       4.87932694E+19
   18.4921875       4.91147798E+19
   18.5625000       4.93687142E+19
   18.6328125       4.95507186E+19
   18.7031250       4.96602695E+19
   18.7734375       4.97027766E+19
   18.8437500       4.96891251E+19
   18.9140625       4.96345805E+19
   18.9843750       4.95549935E+19
   19.0546875       4.94637912E+19
   19.1250000       4.93687054E+19
   19.1953125       4.92715702E+19
   19.2656250       4.91689505E+19
   19.3359375       4.90551291E+19
   19.4062500       4.89241069E+19
   19.4765625       4.87719301E+19
   19.5468750       4.85967823E+19
   19.6171875       4.83993056E+19
   19.6875000       4.81816551E+19
   19.7578125       4.79480088E+19
   19.8281250       4.77039876E+19
   19.8984375       4.74569801E+19
   19.9687500       4.72145114E+19
   20.0390625       4.69829851E+19
   20.1093750       4.67649915E+19
   20.1796875       4.65583889E+19
   20.2500000       4.63554498E+19
   20.3203125       4.61444579E+19
   20.3906250       4.59111504E+19
   20.4609375       4.56417744E+19
   20.5312500       4.53250711E+19
   20.6015625       4.49550282E+19
   20.6718750       4.45314128E+19
   20.7421875       4.40600873E+19
   20.8125000       4.35506088E+19
   20.8828125       4.30140648E+19
   20.9531250       4.24594975E+19
   21.0234375       4.18923694E+19
   21.0937500       4.13133754E+19
   21.1640625       4.07199557E+19
   21.2343750       4.01077125E+19
   21.3046875       3.94735010E+19
   21.3750000       3.88169650E+19
   21.4453125       3.81425905E+19
   21.5156250       3.74593540E+19
   21.5859375       3.67803814E+19
   21.6562500       3.61202016E+19
   21.7265625       3.54924596E+19
   21.7968750       3.49060637E+19
   21.8671875       3.43631425E+19
   21.9375000       3.38570570E+19
   22.0078125       3.33734281E+19
   22.0781250       3.28917958E+19
   22.1484375       3.23899215E+19
   22.2187500       3.18473411E+19
   22.2890625       3.12498049E+19
   22.3593750       3.05910677E+19
   22.4296875       2.98741092E+19
   22.5000000       2.91093834E+19
   22.5703125       2.83130555E+19
   22.6406250       2.75034565E+19
   22.7109375       2.66988977E+19
   22.7812500       2.59147480E+19
   22.8515625       2.51626293E+19
   22.9218750       2.44492705E+19
   22.9921875       2.37776492E+19
   23.0625000       2.31474883E+19
   23.1328125       2.25574068E+19
   23.2031250       2.20056147E+19
   23.2734375       2.14913423E+19
   23.3437500       2.10143786E+19
   23.4140625       2.05751963E+19
   23.4843750       2.01734347E+19
   23.5546875       1.98077569E+19
   23.6250000       1.94749128E+19
   23.6953125       1.91707065E+19
   23.7656250       1.88900892E+19
   23.8359375       1.86286121E+19
   23.9062500       1.83825326E+19
   23.9765625       1.81500760E+19
   24.0468750       1.79313744E+19
   24.1171875       1.77300153E+19
   24.1875000       1.75537218E+19
   24.2578125       1.74157859E+19
   24.3281250       1.73198447E+19
   24.3984375       1.72516959E+19
   24.4687500       1.71885014E+19
   24.5390625       1.71145637E+19
   24.6093750       1.70264884E+19
   24.6796875       1.69210848E+19
   24.7500000       1.67923474E+19
   24.8203125       1.66333635E+19
   24.8906250       1.64379396E+19
   24.9609375       1.62028322E+19
   25.0312500       1.59278586E+19
   25.1015625       1.56156666E+19
   25.1718750       1.52697140E+19
   25.2421875       1.48933083E+19
   25.3125000       1.44884406E+19
   25.3828125       1.40566448E+19
   25.4531250       1.35995163E+19
   25.5234375       1.31204041E+19
   25.5937500       1.26248223E+19
   25.6640625       1.21213834E+19
   25.7343750       1.16210671E+19
   25.8046875       1.11367873E+19
   25.8750000       1.06813849E+19
   25.9453125       1.02664314E+19
   26.0156250       9.90035564E+18
   26.0859375       9.58829665E+18
   26.1562500       9.33173441E+18
   26.2265625       9.12975302E+18
   26.2968750       8.97952235E+18
   26.3671875       8.87769218E+18
   26.4375000       8.82045435E+18
   26.5078125       8.80427559E+18
   26.5781250       8.82541590E+18
   26.6484375       8.88048714E+18
   26.7187500       8.96611325E+18
   26.7890625       9.07965872E+18
   26.8593750       9.21881401E+18
   26.9296875       9.38186114E+18
   27.0000000       9.56663737E+18
   27.0703125       9.77022294E+18
   27.1406250       9.98774153E+18
   27.2109375       1.02125290E+19
   27.2812500       1.04361565E+19
   27.3515625       1.06501830E+19
   27.4218750       1.08473826E+19
   27.4921875       1.10235925E+19
   27.5625000       1.11777111E+19
   27.6328125       1.13116118E+19
   27.7031250       1.14283755E+19
   27.7734375       1.15313415E+19
   27.8437500       1.16225691E+19
   27.9140625       1.17028521E+19
   27.9843750       1.17713671E+19
   28.0546875       1.18266879E+19
   28.1250000       1.18671104E+19
   28.1953125       1.18948466E+19
   28.2656250       1.19287281E+19
   28.3359375       1.19847790E+19
   28.4062500       1.20723133E+19
   28.4765625       1.21892211E+19
   28.5468750       1.23408338E+19
   28.6171875       1.25233341E+19
   28.6875000       1.27175243E+19
   28.7578125       1.28921510E+19
   28.8281250       1.30230632E+19
   28.8984375       1.30942808E+19
   28.9687500       1.30977223E+19
   29.0390625       1.30343046E+19
   29.1093750       1.29138421E+19
   29.1796875       1.27559611E+19
   29.2500000       1.25775807E+19
   29.3203125       1.23888154E+19
   29.3906250       1.21956180E+19
   29.4609375       1.20089474E+19
   29.5312500       1.18452873E+19
   29.6015625       1.17203937E+19
   29.6718750       1.16485022E+19
   29.7421875       1.16429694E+19
   29.8125000       1.16968576E+19
   29.8828125       1.17936190E+19
   29.9531250       1.19082233E+19
   30.0234375       1.20266693E+19
   30.0937500       1.21361125E+19
   30.1640625       1.22252235E+19
   30.2343750       1.22856109E+19
   30.3046875       1.23140893E+19
   30.3750000       1.23127996E+19
   30.4453125       1.22893602E+19
   30.5156250       1.22546761E+19
   30.5859375       1.22212642E+19
   30.6562500       1.22003185E+19
   30.7265625       1.22004295E+19
   30.7968750       1.22258491E+19
   30.8671875       1.22767884E+19
   30.9375000       1.23489790E+19
   31.0078125       1.24346750E+19
   31.0781250       1.25224820E+19
   31.1484375       1.25986330E+19
   31.2187500       1.26476262E+19
   31.2890625       1.26547675E+19
   31.3593750       1.26078316E+19
   31.4296875       1.24997045E+19
   31.5000000       1.23288921E+19
   31.5703125       1.21001969E+19
   31.6406250       1.18231937E+19
   31.7109375       1.15114151E+19
   31.7812500       1.11801531E+19
   31.8515625       1.08457465E+19
   31.9218750       1.05240657E+19
   31.9921875       1.02308809E+19
   32.0625000       9.98155677E+18
   32.1328125       9.79038798E+18
   32.2031250       9.65226843E+18
   32.2734375       9.55603478E+18
   32.3437500       9.48818282E+18
   32.4140625       9.46373407E+18
   32.4843750       9.49117459E+18
   32.5546875       9.57334549E+18
   32.6250000       9.69691630E+18
   32.6953125       9.85602663E+18
   32.7656250       1.00493988E+19
   32.8359375       1.02782050E+19
   32.9062500       1.05433588E+19
   32.9765625       1.08503942E+19
   33.0468750       1.12044809E+19
   33.1171875       1.16050275E+19
   33.1875000       1.20404451E+19
   33.2578125       1.24940244E+19
   33.3281250       1.29513630E+19
   33.3984375       1.34018549E+19
   33.4687500       1.38388217E+19
   33.5390625       1.42596532E+19
   33.6093750       1.46645571E+19
   33.6796875       1.50557985E+19
   33.7500000       1.54361944E+19
   33.8203125       1.58084351E+19
   33.8906250       1.61737479E+19
   33.9609375       1.65315345E+19
   34.0312500       1.68787305E+19
   34.1015625       1.72106489E+19
   34.1718750       1.75217612E+19
   34.2421875       1.78075001E+19
   34.3125000       1.80649694E+19
   34.3828125       1.82936525E+19
   34.4531250       1.84945618E+19
   34.5234375       1.86698086E+19
   34.5937500       1.88215874E+19
   34.6640625       1.89522665E+19
   34.7343750       1.90639901E+19
   34.8046875       1.91590429E+19
   34.8750000       1.92392633E+19
   34.9453125       1.93061531E+19
   35.0156250       1.93602601E+19
   35.0859375       1.94017491E+19
   35.1562500       1.94447268E+19
   35.2265625       1.95031548E+19
   35.2968750       1.95857172E+19
   35.3671875       1.96851834E+19
   35.4375000       1.97955040E+19
   35.5078125       1.99189000E+19
   35.5781250       2.00624676E+19
   35.6484375       2.02352954E+19
   35.7187500       2.04443874E+19
   35.7890625       2.06926549E+19
   35.8593750       2.09769028E+19
   35.9296875       2.12883769E+19
   36.0000000       2.16130979E+19
   36.0703125       2.19341465E+19
   36.1406250       2.22328288E+19
   36.2109375       2.24911788E+19
   36.2812500       2.26930624E+19
   36.3515625       2.28263100E+19
   36.4218750       2.28831547E+19
   36.4921875       2.28614064E+19
   36.5625000       2.27639347E+19
   36.6328125       2.25990607E+19
   36.7031250       2.23793959E+19
   36.7734375       2.21215120E+19
   36.8437500       2.18437886E+19
   36.9140625       2.15649085E+19
   36.9843750       2.13008959E+19
   37.0546875       2.10639072E+19
   37.1250000       2.08605723E+19
   37.1953125       2.06926923E+19
   37.2656250       2.05571775E+19
   37.3359375       2.04474880E+19
   37.4062500       2.03537722E+19
   37.4765625       2.02644039E+19
   37.5468750       2.01665738E+19
   37.6171875       2.00486072E+19
   37.6875000       1.99012154E+19
   37.7578125       1.97197498E+19
   37.8281250       1.95043555E+19
   37.8984375       1.92603079E+19
   37.9687500       1.89962228E+19
   38.0390625       1.87229568E+19
   38.1093750       1.84511575E+19
   38.1796875       1.81903292E+19
   38.2500000       1.79472777E+19
   38.3203125       1.77266783E+19
   38.3906250       1.75312566E+19
   38.4609375       1.73637284E+19
   38.5312500       1.72274813E+19
   38.6015625       1.71279590E+19
   38.6718750       1.70718653E+19
   38.7421875       1.70667140E+19
   38.8125000       1.71186165E+19
   38.8828125       1.72313604E+19
   38.9531250       1.74048051E+19
   39.0234375       1.76354320E+19
   39.0937500       1.79165123E+19
   39.1640625       1.82401271E+19
   39.2343750       1.85980897E+19
   39.3046875       1.89838973E+19
   39.3750000       1.93929178E+19
   39.4453125       1.98230006E+19
   39.5156250       2.02730923E+19
   39.5859375       2.07425419E+19
   39.6562500       2.12292276E+19
   39.7265625       2.17292547E+19
   39.7968750       2.22362791E+19
   39.8671875       2.27425514E+19
   39.9375000       2.32394185E+19
   40.0078125       2.37190189E+19
   40.0781250       2.41746829E+19
   40.1484375       2.46019993E+19
   40.2187500       2.49982039E+19
   40.2890625       2.53624765E+19
   40.3593750       2.56949666E+19
   40.4296875       2.59972312E+19
   40.5000000       2.62715395E+19
   40.5703125       2.65214233E+19
   40.6406250       2.67508782E+19
   40.7109375       2.69646826E+19
   40.7812500       2.71673534E+19
   40.8515625       2.73631523E+19
   40.9218750       2.75545464E+19
   40.9921875       2.77418461E+19
   41.0625000       2.79219944E+19
   41.1328125       2.80892565E+19
   41.2031250       2.82354916E+19
   41.2734375       2.83521916E+19
   41.3437500       2.84313784E+19
   41.4140625       2.84674622E+19
   41.4843750       2.84574808E+19
   41.5546875       2.84021468E+19
   41.6250000       2.83054403E+19
   41.6953125       2.81752164E+19
   41.7656250       2.80222699E+19
   41.8359375       2.78600436E+19
   41.9062500       2.77027320E+19
   41.9765625       2.75643013E+19
   42.0468750       2.74562017E+19
   42.1171875       2.73867544E+19
   42.1875000       2.73597812E+19
   42.2578125       2.73753700E+19
   42.3281250       2.74298398E+19
   42.3984375       2.75173698E+19
   42.4687500       2.76302236E+19
   42.5390625       2.77601529E+19
   42.6093750       2.78984891E+19
   42.6796875       2.80375619E+19
   42.7500000       2.81708513E+19
   42.8203125       2.82939262E+19
   42.8906250       2.84035321E+19
   42.9609375       2.84974502E+19
   43.0312500       2.85732242E+19
   43.1015625       2.86286440E+19
   43.1718750       2.86615545E+19
   43.2421875       2.86713710E+19
   43.3125000       2.86593005E+19
   43.3828125       2.86295104E+19
   43.4531250       2.85885338E+19
   43.5234375       2.85454241E+19
   43.5937500       2.85103431E+19
   43.6640625       2.84939538E+19
   43.7343750       2.85053667E+19
   43.8046875       2.85511900E+19
   43.8750000       2.86336072E+19
   43.9453125       2.87504896E+19
   44.0156250       2.88952250E+19
   44.0859375       2.90587267E+19
   44.1562500       2.92306794E+19
   44.2265625       2.94019283E+19
   44.2968750       2.95649265E+19
   44.3671875       2.97147899E+19
   44.4375000       2.98484620E+19
   44.5078125       2.99649706E+19
   44.5781250       3.00644588E+19
   44.6484375       3.01484395E+19
   44.7187500       3.02187489E+19
   44.7890625       3.02774386E+19
   44.8593750       3.03253004E+19
   44.9296875       3.03618107E+19
   45.0000000       3.03841792E+19
   45.0703125       3.03881506E+19
   45.1406250       3.03679196E+19
   45.2109375       3.03176785E+19
   45.2812500       3.02320948E+19
   45.3515625       3.01082678E+19
   45.4218750       2.99462877E+19
   45.4921875       2.97506318E+19
   45.5625000       2.95296849E+19
   45.6328125       2.92956561E+19
   45.7031250       2.90626146E+19
   45.7734375       2.88451796E+19
   45.8437500       2.86558349E+19
   45.9140625       2.85035965E+19
   45.9843750       2.83918927E+19
   46.0546875       2.83185729E+19
   46.1250000       2.82756677E+19
   46.1953125       2.82515489E+19
   46.2656250       2.82323734E+19
   46.3359375       2.82049274E+19
   46.4062500       2.81577561E+19
   46.4765625       2.80828860E+19
   46.5468750       2.79755143E+19
   46.6171875       2.78344821E+19
   46.6875000       2.76611485E+19
   46.7578125       2.74593551E+19
   46.8281250       2.72339772E+19
   46.8984375       2.69907916E+19
   46.9687500       2.67355818E+19
   47.0390625       2.64752021E+19
   47.1093750       2.62181626E+19
   47.1796875       2.59768660E+19
   47.2500000       2.57589032E+19
   47.3203125       2.55537475E+19
   47.3906250       2.53452559E+19
   47.4609375       2.51204058E+19
   47.5312500       2.48818800E+19
   47.6015625       2.46339511E+19
   47.6718750       2.43811734E+19
   47.7421875       2.41283781E+19
   47.8125000       2.38794882E+19
   47.8828125       2.36379475E+19
   47.9531250       2.34060583E+19
   48.0234375       2.31857711E+19
   48.0937500       2.29782603E+19
   48.1640625       2.27847133E+19
   48.2343750       2.26056402E+19
   48.3046875       2.24412192E+19
   48.3750000       2.22902497E+19
   48.4453125       2.21504996E+19
   48.5156250       2.20180722E+19
   48.5859375       2.18884925E+19
   48.6562500       2.17568172E+19
   48.7265625       2.16190594E+19
   48.7968750       2.14720239E+19
   48.8671875       2.13139889E+19
   48.9375000       2.11439099E+19
   49.0078125       2.09618022E+19
   49.0781250       2.07676944E+19
   49.1484375       2.05616767E+19
   49.2187500       2.03425836E+19
   49.2890625       2.01082205E+19
   49.3593750       1.98549436E+19
   49.4296875       1.95792850E+19
   49.5000000       1.92788765E+19
   49.5703125       1.89547162E+19
   49.6406250       1.86116136E+19
   49.7109375       1.82590420E+19
   49.7812500       1.79096535E+19
   49.8515625       1.75782332E+19
   49.9218750       1.72787263E+19
   49.9921875       1.70224840E+19
   50.0625000       1.68156494E+19
   50.1328125       1.66586864E+19
   50.2031250       1.65457423E+19
   50.2734375       1.64663422E+19
   50.3437500       1.64066563E+19
   50.4140625       1.63524361E+19
   50.4843750       1.62904940E+19
   50.5546875       1.62108971E+19
   50.6250000       1.61072791E+19
   50.6953125       1.59779479E+19
   50.7656250       1.58252819E+19
   50.8359375       1.56560087E+19
   50.9062500       1.54796966E+19
   50.9765625       1.53080991E+19
   51.0468750       1.51528480E+19
   51.1171875       1.50244350E+19
   51.1875000       1.49301376E+19
   51.2578125       1.48737645E+19
   51.3281250       1.48548012E+19
   51.3984375       1.48695028E+19
   51.4687500       1.49112677E+19
   51.5390625       1.49725831E+19
   51.6093750       1.50456171E+19
   51.6796875       1.51237308E+19
   51.7500000       1.52013211E+19
   51.8203125       1.52745629E+19
   51.8906250       1.53405369E+19
   51.9609375       1.53973684E+19
   52.0312500       1.54428541E+19
   52.1015625       1.54742892E+19
   52.1718750       1.54870985E+19
   52.2421875       1.54752446E+19
   52.3125000       1.54310619E+19
   52.3828125       1.53470438E+19
   52.4531250       1.52166692E+19
   52.5234375       1.50363372E+19
   52.5937500       1.48054881E+19
   52.6640625       1.45274425E+19
   52.7343750       1.42084104E+19
   52.8046875       1.38574881E+19
   52.8750000       1.34852792E+19
   52.9453125       1.31037740E+19
   53.0156250       1.27249361E+19
   53.0859375       1.23603381E+19
   53.1562500       1.20193498E+19
   53.2265625       1.17086696E+19
   53.2968750       1.14309594E+19
   53.3671875       1.11855649E+19
   53.4375000       1.09687071E+19
   53.5078125       1.04378024E+19
   53.5781250       1.03207561E+19
   53.6484375       1.02122255E+19
   53.7187500       1.01107175E+19
   53.7890625       1.00158604E+19
   53.8593750       9.92772908E+18
   53.9296875       9.84753290E+18
   54.0000000       9.77694316E+18
   54.0703125       9.71857228E+18
   54.1406250       9.67505031E+18
   54.2109375       9.64943059E+18
   54.2812500       9.64446410E+18
   54.3515625       9.66337130E+18
   54.4218750       9.70927041E+18
   54.4921875       9.78561171E+18
   54.5625000       9.89488667E+18
   54.6328125       1.00383938E+19
   54.7031250       1.02147874E+19
   54.7734375       1.04203323E+19
   54.8437500       1.06484183E+19
   54.9140625       1.08908562E+19
   54.9843750       1.11381627E+19
   55.0546875       1.13812263E+19
   55.1250000       1.16115696E+19
   55.1953125       1.18226230E+19
   55.2656250       1.20092541E+19
   55.3359375       1.21681676E+19
   55.4062500       1.22967049E+19
   55.4765625       1.23928374E+19
   55.5468750       1.24539945E+19
   55.6171875       1.24775350E+19
   55.6875000       1.24603947E+19
   55.7578125       1.24003625E+19
   55.8281250       1.22962014E+19
   55.8984375       1.21489031E+19
   55.9687500       1.19613957E+19
   56.0390625       1.17392460E+19
   56.1093750       1.14897921E+19
   56.1796875       1.12222831E+19
   56.2500000       1.09464893E+19
   56.3203125       1.06723623E+19
   56.3906250       1.04082508E+19
   56.4609375       1.01604176E+19
   56.5312500       9.93157297E+18
   56.6015625       9.72133096E+18
   56.6718750       9.52606649E+18
   56.7421875       9.34063385E+18
   56.8125000       9.15898958E+18
   56.8828125       8.97602865E+18
   56.9531250       8.78773289E+18
   57.0234375       8.59221443E+18
   57.0937500       8.38905107E+18
   57.1640625       8.17962819E+18
   57.2343750       7.96600297E+18
   57.3046875       7.75108913E+18
   57.3750000       7.53768877E+18
   57.4453125       7.32900421E+18
   57.5156250       7.12786560E+18
   57.5859375       6.93721248E+18
   57.6562500       6.75924938E+18
   57.7265625       6.59599774E+18
   57.7968750       6.44866978E+18
   57.8671875       6.31847001E+18
   57.9375000       6.20620548E+18
   58.0078125       6.11342209E+18
   58.0781250       6.04247225E+18
   58.1484375       5.81586840E+18
   58.2187500       5.89556925E+18
   58.2890625       5.99077706E+18
   58.3593750       6.09623287E+18
   58.4296875       6.20680691E+18
   58.5000000       6.31697908E+18
   58.5703125       6.42146292E+18
   58.6406250       6.51444257E+18
   58.7109375       6.59016154E+18
   58.7812500       6.64252633E+18
   58.8515625       6.40581961E+18
   58.9218750       6.46262313E+18
   58.9921875       6.49466070E+18
   59.0625000       6.49722037E+18
   59.1328125       6.46743845E+18
   59.2031250       6.40450405E+18
   59.2734375       6.31059201E+18
   59.3437500       6.19060286E+18
   59.4140625       6.05231948E+18
   59.4843750       5.90509212E+18
   59.5546875       5.48481040E+18
   59.6250000       5.40300454E+18
   59.6953125       5.33002885E+18
   59.7656250       5.26660682E+18
   59.8359375       5.21235142E+18
   59.9062500       5.16618073E+18
   59.9765625       5.12702712E+18
   60.0468750       5.09392522E+18
   60.1171875       4.81749865E+18
   60.1875000       4.81019625E+18
   60.2578125       4.80606648E+18
   60.3281250       4.80392573E+18
   60.3984375       4.80334299E+18
   60.4687500       4.80467175E+18
   60.5390625       4.80961570E+18
   60.6093750       4.82072077E+18
   60.6796875       4.84129703E+18
   60.7500000       4.87440223E+18
   60.8203125       4.92257238E+18
   60.8906250       4.98693339E+18
   60.9609375       5.06722578E+18
   61.0312500       5.16122413E+18
   61.1015625       5.26505101E+18
   61.1718750       5.37297687E+18
   61.2421875       5.47829415E+18
   61.3125000       5.57375100E+18
   61.3828125       5.65292243E+18
   61.4531250       5.71082821E+18
   61.5234375       5.74509229E+18
   61.5937500       5.75603078E+18
   61.6640625       5.74699994E+18
   61.7343750       5.72345830E+18
   61.8046875       5.69232948E+18
   61.8750000       5.66035953E+18
   61.9453125       5.63328735E+18
   62.0156250       5.61456102E+18
   62.0859375       5.60528829E+18
   62.1562500       5.60395073E+18
   62.2265625       5.60734987E+18
   62.2968750       5.61109756E+18
   62.3671875       5.61095187E+18
   62.4375000       5.60328498E+18
   62.5078125       5.58603199E+18
   62.5781250       5.55853815E+18
   62.6484375       5.52181337E+18
   62.7187500       5.47774109E+18
   62.7890625       5.42889639E+18
   62.8593750       5.37757448E+18
   62.9296875       5.32567918E+18
   63.0000000       5.27395596E+18
   63.0703125       5.22207495E+18
   63.1406250       5.16806859E+18
   63.2109375       5.10873234E+18
   63.2812500       5.03962034E+18
   63.3515625       4.95618995E+18
   63.4218750       4.85448238E+18
   63.4921875       4.73254489E+18
   63.5625000       4.59074664E+18
   63.6328125       4.43229465E+18
   63.7031250       3.97506026E+18
   63.7734375       3.86643951E+18
   63.8437500       3.76023988E+18
   63.9140625       3.65955678E+18
   63.9843750       3.56533550E+18
   64.0546875       3.47660024E+18
   64.1250000       3.03727360E+18
   64.1953125       3.01765639E+18
   64.2656250       2.99087229E+18
   64.3359375       2.95139790E+18
   64.4062500       2.89437970E+18
   64.4765625       2.81657935E+18
   64.5468750       2.71690918E+18
   64.6171875       2.59701980E+18
   64.6875000       2.46144342E+18
   64.7578125       2.31786534E+18
   64.8281250       1.90377978E+18
   64.8984375       1.90310509E+18
   64.9687500       1.89743725E+18
   65.0390625       1.88648914E+18
   65.1093750       1.87019396E+18
   65.1796875       1.84896390E+18
   65.2500000       1.82348039E+18
   65.3203125       1.79489226E+18
   65.3906250       1.76449324E+18
   65.4609375       1.73381934E+18
   65.5312500       1.70427972E+18
   65.6015625       1.67725936E+18
   65.6718750       1.65377187E+18
   65.7421875       1.63458168E+18
   65.8125000       1.61991570E+18
   65.8828125       1.60970880E+18
   65.9531250       1.60346165E+18
   66.0234375       1.60057461E+18
   66.0937500       1.33636952E+18
   66.1640625       1.34855225E+18
   66.2343750       1.36117931E+18
   66.3046875       1.37338417E+18
   66.3750000       1.38430974E+18
   66.4453125       1.39318225E+18
   66.5156250       1.39929017E+18
   66.5859375       1.40204789E+18
   66.6562500       1.40097531E+18
   66.7265625       1.39576184E+18
   66.7968750       1.38624488E+18
   66.8671875       1.37247583E+18
   66.9375000       1.35469220E+18
   67.0078125       1.33336002E+18
   67.0781250       1.30911304E+18
   67.1484375       1.28276036E+18
   67.2187500       1.25519052E+18
   67.2890625       1.22735707E+18
   67.3593750       1.20017769E+18
   67.4296875       1.17453722E+18
   67.5000000       1.15120840E+18
   67.5703125       1.13086908E+18
   67.6406250       1.11402745E+18
   67.7109375       1.10104435E+18
   67.7812500       1.09205969E+18
   67.8515625       1.08701410E+18
   67.9218750       1.08558796E+18
   67.9921875       1.08725750E+18
   68.0625000       1.09128199E+18
   68.1328125       1.09680106E+18
   68.2031250       1.10285607E+18
   68.2734375       1.10851505E+18
   68.3437500       1.11290588E+18
   68.4140625       1.11532865E+18
   68.4843750       1.11526440E+18
   68.5546875       1.11245343E+18
   68.6250000       1.10685540E+18
   68.6953125       1.09866975E+18
   68.7656250       1.08823888E+18
   68.8359375       1.07603273E+18
   68.9062500       1.06253409E+18
   68.9765625       1.04822106E+18
   69.0468750       1.03346713E+18
   69.1171875       1.01855191E+18
   69.1875000       1.00359724E+18
   69.2578125       9.88610487E+17
   69.3281250       9.73457842E+17
   69.3984375       9.57950330E+17
   69.4687500       9.41855679E+17
   69.5390625       9.25000235E+17
   69.6093750       9.07270060E+17
   69.6796875       8.88681716E+17
   69.7500000       8.69334022E+17
   69.8203125       8.49422348E+17
   69.8906250       8.29148109E+17
   69.9609375       8.08726193E+17
   70.0312500       7.88309705E+17
   70.1015625       7.68026533E+17
   70.1718750       7.47933302E+17
   70.2421875       7.28082238E+17
   70.3125000       7.08496362E+17
   70.3828125       6.89236973E+17
   70.4531250       6.70366811E+17
   70.5234375       6.52004279E+17
   70.5937500       6.34272936E+17
   70.6640625       6.17336540E+17
   70.7343750       6.01330881E+17
   70.8046875       5.86384807E+17
   70.8750000       5.72548071E+17
   70.9453125       5.59814421E+17
   71.0156250       5.48066483E+17
   71.0859375       5.37133008E+17
   71.1562500       5.26768496E+17
   71.2265625       5.16730402E+17
   71.2968750       5.06760168E+17
   71.3671875       4.96652082E+17
   71.4375000       4.86221634E+17
   71.5078125       4.75357944E+17
   71.5781250       4.63978686E+17
   71.6484375       4.52079805E+17
   71.7187500       4.39694459E+17
   71.7890625       4.26942702E+17
   71.8593750       4.13983995E+17
   71.9296875       4.01058171E+17
   72.0000000       3.88428836E+17
   72.0703125       3.76418940E+17
   72.1406250       3.65358780E+17
   72.2109375       0.00000000    
   72.2812500       0.00000000    
   72.3515625       0.00000000    
   72.4218750       0.00000000    
   72.4921875       0.00000000    
   72.5625000       0.00000000    
