2000 06 04 16 28 26.0 -4.720 102.090
41. 1.111E+21 7.964 82 55 136 201 55 44
  -1.12500000       0.00000000    
  -1.05468750       0.00000000    
 -0.984375000       0.00000000    
 -0.914062500       0.00000000    
 -0.843750000       0.00000000    
 -0.773437500       0.00000000    
 -0.703125000       0.00000000    
 -0.632812500       0.00000000    
 -0.562500000       0.00000000    
 -0.492187500       0.00000000    
 -0.421875000       0.00000000    
 -0.351562500       0.00000000    
 -0.281250000       0.00000000    
 -0.210937500       0.00000000    
 -0.140625000       0.00000000    
  -7.03125000E-02   0.00000000    
   0.00000000       0.00000000    
   7.03125000E-02   8.86979672E+17
  0.140625000       9.28727373E+17
  0.210937500       9.86344325E+17
  0.281250000       1.05922422E+18
  0.351562500       1.14474341E+18
  0.421875000       1.24079654E+18
  0.492187500       1.34431514E+18
  0.562500000       1.45357829E+18
  0.632812500       1.56638090E+18
  0.703125000       1.68209171E+18
  0.773437500       1.79970221E+18
  0.843750000       1.91973823E+18
  0.914062500       2.04216253E+18
  0.984375000       2.16819377E+18
   1.05468750       2.29821982E+18
   1.12500000       2.43364144E+18
   1.19531250       2.57487481E+18
   1.26562500       2.72344522E+18
   1.33593750       2.88024960E+18
   1.40625000       3.04763623E+18
   1.47656250       3.22728461E+18
   1.54687500       3.42176375E+18
   1.61718750       3.63195381E+18
   1.68750000       3.85839411E+18
   1.75781250       4.09888012E+18
   1.82812500       4.35034282E+18
   1.89843750       4.60711370E+18
   1.96875000       4.86331090E+18
   2.03906250       5.11144484E+18
   2.10937500       5.34505972E+18
   2.17968750       5.55752495E+18
   2.25000000       5.74462280E+18
   2.32031250       5.90297886E+18
   2.39062500       6.03218247E+18
   2.46093750       6.13281308E+18
   2.53125000       6.20826486E+18
   2.60156250       6.26253181E+18
   2.67187500       6.30187893E+18
   2.74218750       6.33238983E+18
   2.81250000       6.36128280E+18
   2.88281250       6.39412961E+18
   2.95312500       6.43613040E+18
   3.02343750       6.48982010E+18
   3.09375000       6.55714925E+18
   3.16406250       6.63807385E+18
   3.23437500       6.73329266E+18
   3.30468750       6.84295190E+18
   3.37500000       6.96883334E+18
   3.44531250       7.11224594E+18
   3.51562500       7.27565701E+18
   3.58593750       7.46047886E+18
   3.65625000       7.66880168E+18
   3.72656250       7.90120436E+18
   3.79687500       8.15844940E+18
   3.86718750       8.43915471E+18
   3.93750000       8.74136813E+18
   4.00781250       9.06044805E+18
   4.07812500       9.39135872E+18
   4.14843750       9.72753990E+18
   4.21875000       1.00638299E+19
   4.28906250       1.03952370E+19
   4.35937500       1.07191191E+19
   4.42968750       1.10329483E+19
   4.50000000       1.13355899E+19
   4.57031250       1.16245647E+19
   4.64062500       1.18974360E+19
   4.71093750       1.21496958E+19
   4.78125000       1.23769319E+19
   4.85156250       1.25734652E+19
   4.92187500       1.27352507E+19
   4.99218750       1.28591007E+19
   5.06250000       1.29457104E+19
   5.13281250       1.29982406E+19
   5.20312500       1.30241045E+19
   5.27343750       1.30320198E+19
   5.34375000       1.30323981E+19
   5.41406250       1.30337934E+19
   5.48437500       1.30436681E+19
   5.55468750       1.30661069E+19
   5.62500000       1.31040445E+19
   5.69531250       1.31579491E+19
   5.76562500       1.32284256E+19
   5.83593750       1.33147878E+19
   5.90625000       1.34173437E+19
   5.97656250       1.35356456E+19
   6.04687500       1.36705975E+19
   6.11718750       1.38225434E+19
   6.18750000       1.39930590E+19
   6.25781250       1.41825565E+19
   6.32812500       1.43916627E+19
   6.39843750       1.46187229E+19
   6.46875000       1.48612828E+19
   6.53906250       1.51138484E+19
   6.60937500       1.53697542E+19
   6.67968750       1.56194280E+19
   6.75000000       1.58528917E+19
   6.82031250       1.60588005E+19
   6.89062500       1.62277757E+19
   6.96093750       1.63519303E+19
   7.03125000       1.64278967E+19
   7.10156250       1.64551767E+19
   7.17187500       1.64376801E+19
   7.24218750       1.63809102E+19
   7.31250000       1.62929437E+19
   7.38281250       1.61815896E+19
   7.45312500       1.60556218E+19
   7.52343750       1.59222511E+19
   7.59375000       1.57886241E+19
   7.66406250       1.56596008E+19
   7.73437500       1.55398211E+19
   7.80468750       1.54322361E+19
   7.87500000       1.53407018E+19
   7.94531250       1.52683748E+19
   8.01562500       1.52194971E+19
   8.08593750       1.51967966E+19
   8.15625000       1.52025339E+19
   8.22656250       1.52357523E+19
   8.29687500       1.52939440E+19
   8.36718750       1.53712605E+19
   8.43750000       1.54608663E+19
   8.50781250       1.55533297E+19
   8.57812500       1.56389960E+19
   8.64843750       1.57066885E+19
   8.71875000       1.57467163E+19
   8.78906250       1.57501258E+19
   8.85937500       1.57116737E+19
   8.92968750       1.56282263E+19
   9.00000000       1.55002662E+19
   9.07031250       1.53287589E+19
   9.14062500       1.51158704E+19
   9.21093750       1.48622658E+19
   9.28125000       1.45691371E+19
   9.35156250       1.42368691E+19
   9.42187500       1.38679368E+19
   9.49218750       1.34656650E+19
   9.56250000       1.30366752E+19
   9.63281250       1.25891563E+19
   9.70312500       1.21349096E+19
   9.77343750       1.16872358E+19
   9.84375000       1.12622437E+19
   9.91406250       1.08756093E+19
   9.98437500       1.05428619E+19
   10.0546875       1.02757839E+19
   10.1250000       1.00832902E+19
   10.1953125       9.96918177E+18
   10.2656250       9.93467580E+18
   10.3359375       9.97747429E+18
   10.4062500       1.00947713E+19
   10.4765625       1.02819104E+19
   10.5468750       1.05346738E+19
   10.6171875       1.08474574E+19
   10.6875000       1.12153924E+19
   10.7578125       1.16325219E+19
   10.8281250       1.20937846E+19
   10.8984375       1.25928903E+19
   10.9687500       1.31238027E+19
   11.0390625       1.36782325E+19
   11.1093750       1.42471297E+19
   11.1796875       1.48186746E+19
   11.2500000       1.53805294E+19
   11.3203125       1.59185809E+19
   11.3906250       1.64198999E+19
   11.4609375       1.68720180E+19
   11.5312500       1.72661270E+19
   11.6015625       1.75959739E+19
   11.6718750       1.78601095E+19
   11.7421875       1.80594246E+19
   11.8125000       1.81979631E+19
   11.8828125       1.82796282E+19
   11.9531250       1.83090896E+19
   12.0234375       1.82895447E+19
   12.0937500       1.82249726E+19
   12.1640625       1.81188048E+19
   12.2343750       1.79764972E+19
   12.3046875       1.78039135E+19
   12.3750000       1.76092153E+19
   12.4453125       1.74004895E+19
   12.5156250       1.71871447E+19
   12.5859375       1.69774161E+19
   12.6562500       1.67798482E+19
   12.7265625       1.66008993E+19
   12.7968750       1.64466126E+19
   12.8671875       1.63204744E+19
   12.9375000       1.62252776E+19
   13.0078125       1.61610804E+19
   13.0781250       1.61271165E+19
   13.1484375       1.61198487E+19
   13.2187500       1.61349582E+19
   13.2890625       1.61656720E+19
   13.3593750       1.62054226E+19
   13.4296875       1.62472084E+19
   13.5000000       1.62871042E+19
   13.5703125       1.63234431E+19
   13.6406250       1.63589353E+19
   13.7109375       1.63977789E+19
   13.7812500       1.64460892E+19
   13.8515625       1.65085822E+19
   13.9218750       1.65899251E+19
   13.9921875       1.66929131E+19
   14.0625000       1.68207192E+19
   14.1328125       1.69749279E+19
   14.2031250       1.71570939E+19
   14.2734375       1.73663650E+19
   14.3437500       1.76011713E+19
   14.4140625       1.78573784E+19
   14.4843750       1.81305949E+19
   14.5546875       1.84147714E+19
   14.6250000       1.87047005E+19
   14.6953125       1.89946461E+19
   14.7656250       1.92809216E+19
   14.8359375       1.95606505E+19
   14.9062500       1.98342156E+19
   14.9765625       2.01034002E+19
   15.0468750       2.03730005E+19
   15.1171875       2.06481709E+19
   15.1875000       2.09353985E+19
   15.2578125       2.12394772E+19
   15.3281250       2.15643741E+19
   15.3984375       2.19106279E+19
   15.4687500       2.22770028E+19
   15.5390625       2.26589159E+19
   15.6093750       2.30512503E+19
   15.6796875       2.34477320E+19
   15.7500000       2.38442357E+19
   15.8203125       2.42378124E+19
   15.8906250       2.46289703E+19
   15.9609375       2.50193827E+19
   16.0312500       2.54128033E+19
   16.1015625       2.58118997E+19
   16.1718750       2.62192885E+19
   16.2421875       2.66354537E+19
   16.3125000       2.70610131E+19
   16.3828125       2.74952630E+19
   16.4531250       2.79383969E+19
   16.5234375       2.83896035E+19
   16.5937500       2.88489465E+19
   16.6640625       2.93154539E+19
   16.7343750       2.97893214E+19
   16.8046875       3.02705337E+19
   16.8750000       3.07612479E+19
   16.9453125       3.12638897E+19
   17.0156250       3.17824281E+19
   17.0859375       3.23193548E+19
   17.1562500       3.28764444E+19
   17.2265625       3.34520190E+19
   17.2968750       3.40430328E+19
   17.3671875       3.46440325E+19
   17.4375000       3.52502570E+19
   17.5078125       3.58565629E+19
   17.5781250       3.64597374E+19
   17.6484375       3.70566865E+19
   17.7187500       3.76463238E+19
   17.7890625       3.82273849E+19
   17.8593750       3.88000061E+19
   17.9296875       3.93632859E+19
   18.0000000       3.99166833E+19
   18.0703125       4.04574891E+19
   18.1406250       4.09821937E+19
   18.2109375       4.14843846E+19
   18.2812500       4.19566336E+19
   18.3515625       4.23888429E+19
   18.4218750       4.27708000E+19
   18.4921875       4.30913208E+19
   18.5625000       4.33417148E+19
   18.6328125       4.35154421E+19
   18.7031250       4.36113723E+19
   18.7734375       4.36323993E+19
   18.8437500       4.35867652E+19
   18.9140625       4.34845106E+19
   18.9843750       4.33371409E+19
   19.0546875       4.31537247E+19
   19.1250000       4.29416817E+19
   19.1953125       4.27044203E+19
   19.2656250       4.24435853E+19
   19.3359375       4.21579234E+19
   19.4062500       4.18463394E+19
   19.4765625       4.15070213E+19
   19.5468750       4.11405189E+19
   19.6171875       4.07489389E+19
   19.6875000       4.03387243E+19
   19.7578125       3.99186009E+19
   19.8281250       3.95004126E+19
   19.8984375       3.90950051E+19
   19.9687500       3.87119924E+19
   20.0390625       3.83558694E+19
   20.1093750       3.80269967E+19
   20.1796875       3.77197184E+19
   20.2500000       3.74252691E+19
   20.3203125       3.71312114E+19
   20.3906250       3.68249402E+19
   20.4609375       3.64934946E+19
   20.5312500       3.61273331E+19
   20.6015625       3.57195330E+19
   20.6718750       3.52682428E+19
   20.7421875       3.47740343E+19
   20.8125000       3.42407206E+19
   20.8828125       3.36720114E+19
   20.9531250       3.30726742E+19
   21.0234375       3.24466057E+19
   21.0937500       3.17995629E+19
   21.1640625       3.11379626E+19
   21.2343750       3.04712011E+19
   21.3046875       2.98089895E+19
   21.3750000       2.91621292E+19
   21.4453125       2.85388007E+19
   21.5156250       2.79453569E+19
   21.5859375       2.73838934E+19
   21.6562500       2.68548458E+19
   21.7265625       2.63558325E+19
   21.7968750       2.58844850E+19
   21.8671875       2.54369486E+19
   21.9375000       2.50102699E+19
   22.0078125       2.46006491E+19
   22.0781250       2.42055198E+19
   22.1484375       2.38215088E+19
   22.2187500       2.34462520E+19
   22.2890625       2.30762686E+19
   22.3593750       2.27091306E+19
   22.4296875       2.23419641E+19
   22.5000000       2.19741049E+19
   22.5703125       2.16051572E+19
   22.6406250       2.12365987E+19
   22.7109375       2.08689748E+19
   22.7812500       2.05034443E+19
   22.8515625       2.01397369E+19
   22.9218750       1.97786903E+19
   22.9921875       1.94208322E+19
   23.0625000       1.90689269E+19
   23.1328125       1.87260244E+19
   23.2031250       1.83972946E+19
   23.2734375       1.80876953E+19
   23.3437500       1.78037255E+19
   23.4140625       1.75509313E+19
   23.4843750       1.73352983E+19
   23.5546875       1.71602286E+19
   23.6250000       1.70276418E+19
   23.6953125       1.69352366E+19
   23.7656250       1.68784864E+19
   23.8359375       1.68492142E+19
   23.9062500       1.68387116E+19
   23.9765625       1.68366445E+19
   24.0468750       1.68336594E+19
   24.1171875       1.68196010E+19
   24.1875000       1.67858009E+19
   24.2578125       1.67233992E+19
   24.3281250       1.66257373E+19
   24.3984375       1.64864578E+19
   24.4687500       1.63012176E+19
   24.5390625       1.60648940E+19
   24.6093750       1.57728077E+19
   24.6796875       1.54184768E+19
   24.7500000       1.49964799E+19
   24.8203125       1.45021109E+19
   24.8906250       1.39352598E+19
   24.9609375       1.32993694E+19
   25.0312500       1.26032059E+19
   25.1015625       1.18574808E+19
   25.1718750       1.10753388E+19
   25.2421875       1.02692143E+19
   25.3125000       9.45238821E+18
   25.3828125       8.63657588E+18
   25.4531250       7.83333425E+18
   25.5234375       7.05119391E+18
   25.5937500       6.29730661E+18
   25.6640625       5.57588570E+18
   25.7343750       4.89164697E+18
   25.8046875       4.24943487E+18
   25.8750000       3.65738634E+18
   25.9453125       3.12485575E+18
   26.0156250       2.66336928E+18
   26.0859375       2.28297963E+18
   26.1562500       1.99294207E+18
   26.2265625       1.79886438E+18
   26.2968750       1.70448766E+18
   26.3671875       1.70966485E+18
   26.4375000       1.81250740E+18
   26.5078125       2.00742992E+18
   26.5781250       2.28718498E+18
   26.6484375       2.64073583E+18
   26.7187500       3.05516706E+18
   26.7890625       3.51372965E+18
   26.8593750       3.99841994E+18
   26.9296875       4.48919163E+18
   27.0000000       4.96785192E+18
   27.0703125       5.41818275E+18
   27.1406250       5.82983605E+18
   27.2109375       6.19731483E+18
   27.2812500       6.52177356E+18
   27.3515625       6.80760810E+18
   27.4218750       7.06240453E+18
   27.4921875       7.29294683E+18
   27.5625000       7.50596786E+18
   27.6328125       7.70582004E+18
   27.7031250       7.89683765E+18
   27.7734375       8.08190799E+18
   27.8437500       8.26485463E+18
   27.9140625       8.44846428E+18
   27.9843750       8.63627406E+18
   28.0546875       8.83028234E+18
   28.1250000       9.03272772E+18
   28.1953125       9.24402196E+18
   28.2656250       9.46490505E+18
   28.3359375       9.69474916E+18
   28.4062500       9.93385556E+18
   28.4765625       1.01816107E+19
   28.5468750       1.04384500E+19
   28.6171875       1.07036830E+19
   28.6875000       1.09771591E+19
   28.7578125       1.12568297E+19
   28.8281250       1.15404422E+19
   28.8984375       1.18235620E+19
   28.9687500       1.21020320E+19
   29.0390625       1.23707065E+19
   29.1093750       1.26261406E+19
   29.1796875       1.28649952E+19
   29.2500000       1.30861059E+19
   29.3203125       1.32883831E+19
   29.3906250       1.34728613E+19
   29.4609375       1.36408975E+19
   29.5312500       1.37961980E+19
   29.6015625       1.39423396E+19
   29.6718750       1.40837852E+19
   29.7421875       1.42227997E+19
   29.8125000       1.43607467E+19
   29.8828125       1.44959910E+19
   29.9531250       1.46262578E+19
   30.0234375       1.47472547E+19
   30.0937500       1.48553026E+19
   30.1640625       1.49459617E+19
   30.2343750       1.50166559E+19
   30.3046875       1.50652225E+19
   30.3750000       1.50920813E+19
   30.4453125       1.50978230E+19
   30.5156250       1.50843803E+19
   30.5859375       1.50522988E+19
   30.6562500       1.50024645E+19
   30.7265625       1.49343729E+19
   30.7968750       1.48486319E+19
   30.8671875       1.47452646E+19
   30.9375000       1.46256355E+19
   31.0078125       1.44900173E+19
   31.0781250       1.43392402E+19
   31.1484375       1.41727247E+19
   31.2187500       1.39909358E+19
   31.2890625       1.37939594E+19
   31.3593750       1.35837724E+19
   31.4296875       1.33619844E+19
   31.5000000       1.31311562E+19
   31.5703125       1.28921708E+19
   31.6406250       1.26463024E+19
   31.7109375       1.23941393E+19
   31.7812500       1.21389712E+19
   31.8515625       1.18857768E+19
   31.9218750       1.16432531E+19
   31.9921875       1.14208648E+19
   32.0625000       1.12294640E+19
   32.1328125       1.10780480E+19
   32.2031250       1.09750007E+19
   32.2734375       1.09258459E+19
   32.3437500       1.09352435E+19
   32.4140625       1.10051482E+19
   32.4843750       1.11370258E+19
   32.5546875       1.13302562E+19
   32.6250000       1.15845315E+19
   32.6953125       1.18981848E+19
   32.7656250       1.22702298E+19
   32.8359375       1.26981070E+19
   32.9062500       1.31790278E+19
   32.9765625       1.37072112E+19
   33.0468750       1.42754520E+19
   33.1171875       1.48734841E+19
   33.1875000       1.54911480E+19
   33.2578125       1.61180048E+19
   33.3281250       1.67467199E+19
   33.3984375       1.73717834E+19
   33.4687500       1.79913176E+19
   33.5390625       1.86041985E+19
   33.6093750       1.92106979E+19
   33.6796875       1.98091951E+19
   33.7500000       2.03970996E+19
   33.8203125       2.09683003E+19
   33.8906250       2.15151094E+19
   33.9609375       2.20268507E+19
   34.0312500       2.24927995E+19
   34.1015625       2.29015408E+19
   34.1718750       2.32445048E+19
   34.2421875       2.35156158E+19
   34.3125000       2.37144273E+19
   34.3828125       2.38443808E+19
   34.4531250       2.39140766E+19
   34.5234375       2.39338459E+19
   34.5937500       2.39160777E+19
   34.6640625       2.38718532E+19
   34.7343750       2.38121167E+19
   34.8046875       2.37454379E+19
   34.8750000       2.36799642E+19
   34.9453125       2.36212987E+19
   35.0156250       2.35742088E+19
   35.0859375       2.35403900E+19
   35.1562500       2.35204471E+19
   35.2265625       2.35122051E+19
   35.2968750       2.35133640E+19
   35.3671875       2.35205350E+19
   35.4375000       2.35322382E+19
   35.5078125       2.35476358E+19
   35.5781250       2.35686079E+19
   35.6484375       2.35973821E+19
   35.7187500       2.36375077E+19
   35.7890625       2.36906053E+19
   35.8593750       2.37569806E+19
   35.9296875       2.38326930E+19
   36.0000000       2.39112729E+19
   36.0703125       2.39822200E+19
   36.1406250       2.40341851E+19
   36.2109375       2.40544887E+19
   36.2812500       2.40324545E+19
   36.3515625       2.39580967E+19
   36.4218750       2.38241586E+19
   36.4921875       2.36240035E+19
   36.5625000       2.33538469E+19
   36.6328125       2.30116261E+19
   36.7031250       2.26002966E+19
   36.7734375       2.21269348E+19
   36.8437500       2.16052671E+19
   36.9140625       2.10530660E+19
   36.9843750       2.04926999E+19
   37.0546875       1.99471222E+19
   37.1250000       1.94396053E+19
   37.1953125       1.89892937E+19
   37.2656250       1.86108066E+19
   37.3359375       1.83102507E+19
   37.4062500       1.80863242E+19
   37.4765625       1.79287224E+19
   37.5468750       1.78219774E+19
   37.6171875       1.77461452E+19
   37.6875000       1.76818006E+19
   37.7578125       1.76107524E+19
   37.8281250       1.75203429E+19
   37.8984375       1.74030777E+19
   37.9687500       1.72594738E+19
   38.0390625       1.70959006E+19
   38.1093750       1.69254257E+19
   38.1796875       1.67638877E+19
   38.2500000       1.66294625E+19
   38.3203125       1.65381062E+19
   38.3906250       1.65033727E+19
   38.4609375       1.65330727E+19
   38.5312500       1.66310007E+19
   38.6015625       1.67955855E+19
   38.6718750       1.70231657E+19
   38.7421875       1.73075192E+19
   38.8125000       1.76433309E+19
   38.8828125       1.80253936E+19
   38.9531250       1.84512235E+19
   39.0234375       1.89189711E+19
   39.0937500       1.94283815E+19
   39.1640625       1.99772313E+19
   39.2343750       2.05617536E+19
   39.3046875       2.11739573E+19
   39.3750000       2.18039819E+19
   39.4453125       2.24394270E+19
   39.5156250       2.30690668E+19
   39.5859375       2.36824777E+19
   39.6562500       2.42732893E+19
   39.7265625       2.48378775E+19
   39.7968750       2.53776124E+19
   39.8671875       2.58965577E+19
   39.9375000       2.64024760E+19
   40.0078125       2.69031430E+19
   40.0781250       2.74061915E+19
   40.1484375       2.79151071E+19
   40.2187500       2.84298325E+19
   40.2890625       2.89443577E+19
   40.3593750       2.94493458E+19
   40.4296875       2.99315476E+19
   40.5000000       3.03773336E+19
   40.5703125       3.07720495E+19
   40.6406250       3.11030531E+19
   40.7109375       3.13589204E+19
   40.7812500       3.15327466E+19
   40.8515625       3.16212309E+19
   40.9218750       3.16269792E+19
   40.9921875       3.15559683E+19
   41.0625000       3.14182325E+19
   41.1328125       3.12244524E+19
   41.2031250       3.09866918E+19
   41.2734375       3.07156424E+19
   41.3437500       3.04219298E+19
   41.4140625       3.01133893E+19
   41.4843750       2.97962747E+19
   41.5546875       2.94731129E+19
   41.6250000       2.91455156E+19
   41.6953125       2.88137577E+19
   41.7656250       2.84805947E+19
   41.8359375       2.81504400E+19
   41.9062500       2.78316981E+19
   41.9765625       2.75340801E+19
   42.0468750       2.72694959E+19
   42.1171875       2.70490812E+19
   42.1875000       2.68842490E+19
   42.2578125       2.67837734E+19
   42.3281250       2.67545836E+19
   42.3984375       2.67986102E+19
   42.4687500       2.69141095E+19
   42.5390625       2.70937147E+19
   42.6093750       2.73271367E+19
   42.6796875       2.76002663E+19
   42.7500000       2.78980603E+19
   42.8203125       2.82030296E+19
   42.8906250       2.84975690E+19
   42.9609375       2.87626524E+19
   43.0312500       2.89813365E+19
   43.1015625       2.91388679E+19
   43.1718750       2.92270268E+19
   43.2421875       2.92438493E+19
   43.3125000       2.91962514E+19
   43.3828125       2.90972822E+19
   43.4531250       2.89660841E+19
   43.5234375       2.88233191E+19
   43.5937500       2.86902144E+19
   43.6640625       2.85838301E+19
   43.7343750       2.85168478E+19
   43.8046875       2.84944794E+19
   43.8750000       2.85167269E+19
   43.9453125       2.85777915E+19
   44.0156250       2.86699790E+19
   44.0859375       2.87836377E+19
   44.1562500       2.89105829E+19
   44.2265625       2.90427464E+19
   44.2968750       2.91744151E+19
   44.3671875       2.93004016E+19
   44.4375000       2.94185331E+19
   44.5078125       2.95282556E+19
   44.5781250       2.96328587E+19
   44.6484375       2.97370462E+19
   44.7187500       2.98475582E+19
   44.7890625       2.99692675E+19
   44.8593750       3.01054134E+19
   44.9296875       3.02547557E+19
   45.0000000       3.04138880E+19
   45.0703125       3.05763255E+19
   45.1406250       3.07359438E+19
   45.2109375       3.08863987E+19
   45.2812500       3.10243589E+19
   45.3515625       3.11483706E+19
   45.4218750       3.12612464E+19
   45.4921875       3.13679628E+19
   45.5625000       3.14768321E+19
   45.6328125       3.15961753E+19
   45.7031250       3.17346500E+19
   45.7734375       3.18978637E+19
   45.8437500       3.20896713E+19
   45.9140625       3.23100662E+19
   45.9843750       3.25575662E+19
   46.0546875       3.28277844E+19
   46.1250000       3.31158807E+19
   46.1953125       3.34147895E+19
   46.2656250       3.37172783E+19
   46.3359375       3.40142498E+19
   46.4062500       3.42972971E+19
   46.4765625       3.45573316E+19
   46.5468750       3.47869448E+19
   46.6171875       3.49785567E+19
   46.6875000       3.51261200E+19
   46.7578125       3.52225757E+19
   46.8281250       3.52612433E+19
   46.8984375       3.52334675E+19
   46.9687500       3.51308171E+19
   47.0390625       3.49437748E+19
   47.1093750       3.46651167E+19
   47.1796875       3.42897105E+19
   47.2500000       3.38184994E+19
   47.3203125       3.32577484E+19
   47.3906250       3.26210828E+19
   47.4609375       3.19261673E+19
   47.5312500       3.11945501E+19
   47.6015625       3.04470669E+19
   47.6718750       2.97035089E+19
   47.7421875       2.89789220E+19
   47.8125000       2.82849938E+19
   47.8828125       2.76284050E+19
   47.9531250       2.70139012E+19
   48.0234375       2.64436153E+19
   48.0937500       2.59202170E+19
   48.1640625       2.54453775E+19
   48.2343750       2.50217203E+19
   48.3046875       2.46503250E+19
   48.3750000       2.43322847E+19
   48.4453125       2.40662315E+19
   48.5156250       2.38502192E+19
   48.5859375       2.36799422E+19
   48.6562500       2.35513456E+19
   48.7265625       2.34589470E+19
   48.7968750       2.33976228E+19
   48.8671875       2.33598546E+19
   48.9375000       2.33370837E+19
   49.0078125       2.33175784E+19
   49.0781250       2.32892022E+19
   49.1484375       2.32388050E+19
   49.2187500       2.31560359E+19
   49.2890625       2.30329808E+19
   49.3593750       2.28675923E+19
   49.4296875       2.26623684E+19
   49.5000000       2.24263406E+19
   49.5703125       2.21717927E+19
   49.6406250       2.19141837E+19
   49.7109375       2.16676007E+19
   49.7812500       2.14446571E+19
   49.8515625       2.12530166E+19
   49.9218750       2.10968508E+19
   49.9921875       2.09751436E+19
   50.0625000       2.08848363E+19
   50.1328125       2.08204270E+19
   50.2031250       2.07776845E+19
   50.2734375       2.07530423E+19
   50.3437500       2.07464232E+19
   50.4140625       2.07590082E+19
   50.4843750       2.07942718E+19
   50.5546875       2.08544304E+19
   50.6250000       2.09412479E+19
   50.6953125       2.10532639E+19
   50.7656250       2.11879409E+19
   50.8359375       2.13402299E+19
   50.9062500       2.15054557E+19
   50.9765625       2.16776194E+19
   51.0468750       2.18511267E+19
   51.1171875       2.20179732E+19
   51.1875000       2.21692177E+19
   51.2578125       2.22930535E+19
   51.3281250       2.23778456E+19
   51.3984375       2.24116556E+19
   51.4687500       2.23859974E+19
   51.5390625       2.22949446E+19
   51.6093750       2.21375759E+19
   51.6796875       2.19156153E+19
   51.7500000       2.16348308E+19
   51.8203125       2.13018745E+19
   51.8906250       2.09250345E+19
   51.9609375       2.05108397E+19
   52.0312500       2.00652076E+19
   52.1015625       1.95912873E+19
   52.1718750       1.90922520E+19
   52.2421875       1.85705997E+19
   52.3125000       1.80315652E+19
   52.3828125       1.74817885E+19
   52.4531250       1.69311454E+19
   52.5234375       1.63897876E+19
   52.5937500       1.58689852E+19
   52.6640625       1.53777872E+19
   52.7343750       1.49238308E+19
   52.8046875       1.45102363E+19
   52.8750000       1.41372050E+19
   52.9453125       1.38001782E+19
   53.0156250       1.34929879E+19
   53.0859375       1.32072974E+19
   53.1562500       1.29362414E+19
   53.2265625       1.26732580E+19
   53.2968750       1.24141988E+19
   53.3671875       1.21547569E+19
   53.4375000       1.18919362E+19
   53.5078125       1.16217411E+19
   53.5781250       1.13414284E+19
   53.6484375       1.10480721E+19
   53.7187500       1.07414545E+19
   53.7890625       1.04227050E+19
   53.8593750       1.00967053E+19
   53.9296875       9.76996785E+18
   54.0000000       9.45243329E+18
   54.0703125       9.15489665E+18
   54.1406250       8.89040088E+18
   54.2109375       8.67124018E+18
   54.2812500       8.51002154E+18
   54.3515625       8.41656305E+18
   54.4218750       8.39905553E+18
   54.4921875       8.46131647E+18
   54.5625000       8.60448333E+18
   54.6328125       8.82484360E+18
   54.7031250       9.11600253E+18
   54.7734375       9.46718874E+18
   54.8437500       9.86594532E+18
   54.9140625       1.02969121E+19
   54.9843750       1.07448344E+19
   55.0546875       1.11934770E+19
   55.1250000       1.16286780E+19
   55.1953125       1.20371784E+19
   55.2656250       1.24094467E+19
   55.3359375       1.27380775E+19
   55.4062500       1.30199747E+19
   55.4765625       1.32538507E+19
   55.5468750       1.34414527E+19
   55.6171875       1.35846465E+19
   55.6875000       1.36868813E+19
   55.7578125       1.37509608E+19
   55.8281250       1.37810500E+19
   55.8984375       1.37804871E+19
   55.9687500       1.37532907E+19
   56.0390625       1.37012398E+19
   56.1093750       1.36250337E+19
   56.1796875       1.35218490E+19
   56.2500000       1.33878383E+19
   56.3203125       1.32171644E+19
   56.3906250       1.30053336E+19
   56.4609375       1.27482183E+19
   56.5312500       1.24449213E+19
   56.6015625       1.20963695E+19
   56.6718750       1.17078549E+19
   56.7421875       1.12872686E+19
   56.8125000       1.08468988E+19
   56.8828125       1.04003739E+19
   56.9531250       9.96302230E+18
   57.0234375       9.54789509E+18
   57.0937500       9.16629749E+18
   57.1640625       8.82496675E+18
   57.2343750       8.52819866E+18
   57.3046875       8.27644294E+18
   57.3750000       8.06933673E+18
   57.4453125       7.90446111E+18
   57.5156250       7.78003873E+18
   57.5859375       7.69337907E+18
   57.6562500       7.64357889E+18
   57.7265625       7.63003235E+18
   57.7968750       7.65480765E+18
   57.8671875       7.72031105E+18
   57.9375000       7.83056458E+18
   58.0078125       7.98797067E+18
   58.0781250       8.19417363E+18
   58.1484375       8.44705525E+18
   58.2187500       8.74230436E+18
   58.2890625       9.07114575E+18
   58.3593750       9.42231877E+18
   58.4296875       9.77991734E+18
   58.5000000       1.01254729E+19
   58.5703125       1.04361883E+19
   58.6406250       1.06877797E+19
   58.7109375       1.08538334E+19
   58.7812500       1.09099173E+19
   58.8515625       1.08341357E+19
   58.9218750       1.06121487E+19
   58.9921875       1.02381751E+19
   59.0625000       9.71967729E+18
   59.1328125       9.07660593E+18
   59.2031250       8.34268961E+18
   59.2734375       7.56009902E+18
   59.3437500       6.77613513E+18
   59.4140625       6.03453543E+18
   59.4843750       5.37110935E+18
   59.5546875       4.80686418E+18
   59.6250000       4.34817761E+18
   59.6953125       3.98605566E+18
   59.7656250       3.70227638E+18
   59.8359375       3.47283167E+18
   59.9062500       3.27555619E+18
   59.9765625       3.09232890E+18
   60.0468750       2.91347547E+18
   60.1171875       0.00000000    
   60.1875000       0.00000000    
   60.2578125       0.00000000    
   60.3281250       0.00000000    
   60.3984375       0.00000000    
   60.4687500       0.00000000    
   60.5390625       0.00000000    
   60.6093750       0.00000000    
   60.6796875       0.00000000    
   60.7500000       0.00000000    
   60.8203125       0.00000000    
   60.8906250       0.00000000    
   60.9609375       0.00000000    
   61.0312500       0.00000000    
   61.1015625       0.00000000    
   61.1718750       0.00000000    
   61.2421875       0.00000000    
   61.3125000       0.00000000    
   61.3828125       0.00000000    
   61.4531250       0.00000000    
   61.5234375       0.00000000    
   61.5937500       0.00000000    
   61.6640625       0.00000000    
   61.7343750       0.00000000    
   61.8046875       0.00000000    
   61.8750000       0.00000000    
   61.9453125       0.00000000    
   62.0156250       0.00000000    
   62.0859375       0.00000000    
   62.1562500       0.00000000    
   62.2265625       0.00000000    
   62.2968750       0.00000000    
   62.3671875       0.00000000    
   62.4375000       0.00000000    
   62.5078125       0.00000000    
   62.5781250       0.00000000    
   62.6484375       0.00000000    
   62.7187500       0.00000000    
   62.7890625       0.00000000    
   62.8593750       0.00000000    
   62.9296875       0.00000000    
   63.0000000       0.00000000    
   63.0703125       0.00000000    
   63.1406250       0.00000000    
   63.2109375       0.00000000    
   63.2812500       0.00000000    
   63.3515625       0.00000000    
   63.4218750       0.00000000    
   63.4921875       0.00000000    
   63.5625000       0.00000000    
   63.6328125       0.00000000    
   63.7031250       0.00000000    
   63.7734375       0.00000000    
   63.8437500       0.00000000    
   63.9140625       0.00000000    
   63.9843750       0.00000000    
   64.0546875       0.00000000    
   64.1250000       0.00000000    
   64.1953125       0.00000000    
   64.2656250       0.00000000    
   64.3359375       0.00000000    
   64.4062500       0.00000000    
   64.4765625       0.00000000    
   64.5468750       0.00000000    
   64.6171875       0.00000000    
   64.6875000       0.00000000    
   64.7578125       0.00000000    
   64.8281250       0.00000000    
   64.8984375       0.00000000    
   64.9687500       0.00000000    
   65.0390625       0.00000000    
   65.1093750       0.00000000    
   65.1796875       0.00000000    
   65.2500000       0.00000000    
   65.3203125       0.00000000    
   65.3906250       0.00000000    
   65.4609375       0.00000000    
   65.5312500       0.00000000    
   65.6015625       0.00000000    
   65.6718750       0.00000000    
   65.7421875       0.00000000    
   65.8125000       0.00000000    
   65.8828125       0.00000000    
   65.9531250       0.00000000    
   66.0234375       0.00000000    
   66.0937500       0.00000000    
   66.1640625       0.00000000    
   66.2343750       0.00000000    
   66.3046875       0.00000000    
   66.3750000       0.00000000    
   66.4453125       0.00000000    
   66.5156250       0.00000000    
   66.5859375       0.00000000    
   66.6562500       0.00000000    
   66.7265625       0.00000000    
   66.7968750       0.00000000    
   66.8671875       0.00000000    
   66.9375000       0.00000000    
   67.0078125       0.00000000    
   67.0781250       0.00000000    
   67.1484375       0.00000000    
   67.2187500       0.00000000    
   67.2890625       0.00000000    
   67.3593750       0.00000000    
   67.4296875       0.00000000    
   67.5000000       0.00000000    
   67.5703125       0.00000000    
   67.6406250       0.00000000    
   67.7109375       0.00000000    
   67.7812500       0.00000000    
   67.8515625       0.00000000    
   67.9218750       0.00000000    
   67.9921875       0.00000000    
   68.0625000       0.00000000    
   68.1328125       0.00000000    
   68.2031250       0.00000000    
   68.2734375       0.00000000    
   68.3437500       0.00000000    
   68.4140625       0.00000000    
   68.4843750       0.00000000    
   68.5546875       0.00000000    
   68.6250000       0.00000000    
   68.6953125       0.00000000    
   68.7656250       0.00000000    
   68.8359375       0.00000000    
   68.9062500       0.00000000    
   68.9765625       0.00000000    
   69.0468750       0.00000000    
   69.1171875       0.00000000    
   69.1875000       0.00000000    
   69.2578125       0.00000000    
   69.3281250       0.00000000    
   69.3984375       0.00000000    
   69.4687500       0.00000000    
   69.5390625       0.00000000    
   69.6093750       0.00000000    
   69.6796875       0.00000000    
   69.7500000       0.00000000    
   69.8203125       0.00000000    
   69.8906250       0.00000000    
   69.9609375       0.00000000    
   70.0312500       0.00000000    
   70.1015625       0.00000000    
   70.1718750       0.00000000    
   70.2421875       0.00000000    
   70.3125000       0.00000000    
   70.3828125       0.00000000    
   70.4531250       0.00000000    
   70.5234375       0.00000000    
   70.5937500       0.00000000    
   70.6640625       0.00000000    
   70.7343750       0.00000000    
   70.8046875       0.00000000    
   70.8750000       0.00000000    
   70.9453125       0.00000000    
   71.0156250       0.00000000    
   71.0859375       0.00000000    
   71.1562500       0.00000000    
   71.2265625       0.00000000    
   71.2968750       0.00000000    
   71.3671875       0.00000000    
   71.4375000       0.00000000    
   71.5078125       0.00000000    
   71.5781250       0.00000000    
   71.6484375       0.00000000    
   71.7187500       0.00000000    
   71.7890625       0.00000000    
   71.8593750       0.00000000    
   71.9296875       0.00000000    
   72.0000000       0.00000000    
   72.0703125       0.00000000    
   72.1406250       0.00000000    
   72.2109375       0.00000000    
   72.2812500       0.00000000    
   72.3515625       0.00000000    
   72.4218750       0.00000000    
   72.4921875       0.00000000    
   72.5625000       0.00000000    
