2008 07 05 02 12 04.0 53.880 152.890
634. 3.887E+20 7.660 144 51 -136 23 57 -49
  -1.12500000       0.00000000    
  -1.05468750       0.00000000    
 -0.984375000       0.00000000    
 -0.914062500       0.00000000    
 -0.843750000       0.00000000    
 -0.773437500       0.00000000    
 -0.703125000       0.00000000    
 -0.632812500       0.00000000    
 -0.562500000       0.00000000    
 -0.492187500       0.00000000    
 -0.421875000       0.00000000    
 -0.351562500       0.00000000    
 -0.281250000       0.00000000    
 -0.210937500       0.00000000    
 -0.140625000       0.00000000    
  -7.03125000E-02   0.00000000    
   0.00000000       0.00000000    
   7.03125000E-02   1.06939772E+18
  0.140625000       1.26935319E+18
  0.210937500       1.62083393E+18
  0.281250000       2.14265610E+18
  0.351562500       2.82794830E+18
  0.421875000       3.64109570E+18
  0.492187500       4.52221821E+18
  0.562500000       5.39839813E+18
  0.632812500       6.19905041E+18
  0.703125000       6.87077449E+18
  0.773437500       7.38797927E+18
  0.843750000       7.75611115E+18
  0.914062500       8.00670525E+18
  0.984375000       8.18476236E+18
   1.05468750       8.33241138E+18
   1.12500000       8.47454909E+18
   1.19531250       8.61320191E+18
   1.26562500       8.73352806E+18
   1.33593750       8.81909645E+18
   1.40625000       8.86803352E+18
   1.47656250       8.90093695E+18
   1.54687500       8.95548428E+18
   1.61718750       9.07093794E+18
   1.68750000       9.27083685E+18
   1.75781250       9.55310898E+18
   1.82812500       9.89161672E+18
   1.89843750       1.02473923E+19
   1.96875000       1.05823948E+19
   2.03906250       1.08689110E+19
   2.10937500       1.10908563E+19
   2.17968750       1.12392101E+19
   2.25000000       1.13062286E+19
   2.32031250       1.12831883E+19
   2.39062500       1.11629501E+19
   2.46093750       1.09461572E+19
   2.53125000       1.06472748E+19
   2.60156250       1.02969099E+19
   2.67187500       9.93804800E+18
   2.74218750       9.61736334E+18
   2.81250000       9.37474510E+18
   2.88281250       9.23566788E+18
   2.95312500       9.20903276E+18
   3.02343750       9.29116902E+18
   3.09375000       9.47310851E+18
   3.16406250       9.74797982E+18
   3.23437500       1.01153981E+19
   3.30468750       1.05824883E+19
   3.37500000       1.11616109E+19
   3.44531250       1.18658382E+19
   3.51562500       1.27027821E+19
   3.58593750       1.36688790E+19
   3.65625000       1.47467049E+19
   3.72656250       1.59076672E+19
   3.79687500       1.71199953E+19
   3.86718750       1.83596364E+19
   3.93750000       1.96200813E+19
   4.00781250       2.09173379E+19
   4.07812500       2.22871843E+19
   4.14843750       2.37741572E+19
   4.21875000       2.54148133E+19
   4.28906250       2.72212581E+19
   4.35937500       2.91718159E+19
   4.42968750       3.12123424E+19
   4.50000000       3.32649348E+19
   4.57031250       3.52368188E+19
   4.64062500       3.70248534E+19
   4.71093750       3.85191513E+19
   4.78125000       3.96150697E+19
   4.85156250       4.02393416E+19
   4.92187500       4.03834084E+19
   4.99218750       4.01247461E+19
   5.06250000       3.96177569E+19
   5.13281250       3.90526255E+19
   5.20312500       3.86015487E+19
   5.27343750       3.83798124E+19
   5.34375000       3.84357599E+19
   5.41406250       3.87624996E+19
   5.48437500       3.93120971E+19
   5.55468750       3.99997668E+19
   5.62500000       4.07025703E+19
   5.69531250       4.12689991E+19
   5.76562500       4.15509007E+19
   5.83593750       4.14520634E+19
   5.90625000       4.09721353E+19
   5.97656250       4.02231876E+19
   6.04687500       3.94084055E+19
   6.11718750       3.87691055E+19
   6.18750000       3.85178846E+19
   6.25781250       3.87814596E+19
   6.32812500       3.95733498E+19
   6.39843750       4.08064477E+19
   6.46875000       4.23374781E+19
   6.53906250       4.40201971E+19
   6.60937500       4.57403918E+19
   6.67968750       4.74190998E+19
   6.75000000       4.89913442E+19
   6.82031250       5.03818218E+19
   6.89062500       5.14971972E+19
   6.96093750       5.22404231E+19
   7.03125000       5.25378014E+19
   7.10156250       5.23629614E+19
   7.17187500       5.17455021E+19
   7.24218750       5.07633523E+19
   7.31250000       4.95256585E+19
   7.38281250       4.81549765E+19
   7.45312500       4.67719580E+19
   7.52343750       4.54820857E+19
   7.59375000       4.43641331E+19
   7.66406250       4.34638222E+19
   7.73437500       4.27961284E+19
   7.80468750       4.23544369E+19
   7.87500000       4.21163223E+19
   7.94531250       4.20361855E+19
   8.01562500       4.20268880E+19
   8.08593750       4.19487831E+19
   8.15625000       4.16262128E+19
   8.22656250       4.08958952E+19
   8.29687500       3.96673493E+19
   8.36718750       3.79660002E+19
   8.43750000       3.59366513E+19
   8.50781250       3.38056395E+19
   8.57812500       3.18171001E+19
   8.64843750       3.01680394E+19
   8.71875000       2.89632957E+19
   8.78906250       2.82031769E+19
   8.85937500       2.78029437E+19
   8.92968750       2.76337047E+19
   9.00000000       2.75664036E+19
   9.07031250       2.75031487E+19
   9.14062500       2.73883421E+19
   9.21093750       2.72051392E+19
   9.28125000       2.69665496E+19
   9.35156250       2.67072914E+19
   9.42187500       2.64749646E+19
   9.49218750       2.63198784E+19
   9.56250000       2.62858222E+19
   9.63281250       2.64063330E+19
   9.70312500       2.67061743E+19
   9.77343750       2.72056802E+19
   9.84375000       2.79251434E+19
   9.91406250       2.88896306E+19
   9.98437500       3.01312783E+19
   10.0546875       3.16830015E+19
   10.1250000       3.35585045E+19
   10.1953125       3.57242213E+19
   10.2656250       3.80781855E+19
   10.3359375       4.04508833E+19
   10.4062500       4.26298822E+19
   10.4765625       4.43973867E+19
   10.5468750       4.55662160E+19
   10.6171875       4.60086594E+19
   10.6875000       4.56787972E+19
   10.7578125       4.46289307E+19
   10.8281250       4.30127190E+19
   10.8984375       4.10671111E+19
   10.9687500       3.90700066E+19
   11.0390625       3.72804899E+19
   11.1093750       3.58734008E+19
   11.1796875       3.48868618E+19
   11.2500000       3.42030228E+19
   11.3203125       3.35787816E+19
   11.3906250       3.27236629E+19
   11.4609375       3.14006425E+19
   11.5312500       2.95088998E+19
   11.6015625       2.71132311E+19
   11.6718750       2.44066820E+19
   11.7421875       2.16271056E+19
   11.8125000       1.89698477E+19
   11.8828125       1.65391970E+19
   11.9531250       1.43539099E+19
   12.0234375       1.23918391E+19
   12.0937500       1.06381532E+19
   12.1640625       9.10773420E+18
   12.2343750       7.83231116E+18
   12.3046875       6.82870498E+18
   12.3750000       6.07311729E+18
   12.4453125       5.50056145E+18
   12.5156250       5.02918818E+18
   12.5859375       4.59740171E+18
   12.6562500       4.19479464E+18
   12.7265625       3.87264268E+18
   12.7968750       3.72593072E+18
   12.8671875       3.85349826E+18
   12.9375000       4.31295118E+18
   13.0078125       5.09283396E+18
   13.0781250       6.11428960E+18
   13.1484375       7.26015554E+18
   13.2187500       8.41436677E+18
   13.2890625       9.49334832E+18
   13.3593750       1.04571538E+19
   13.4296875       1.13010840E+19
   13.5000000       1.20355380E+19
   13.5703125       1.26659166E+19
   13.6406250       1.31805771E+19
   13.7109375       1.35511905E+19
   13.7812500       1.37428662E+19
   13.8515625       1.37291080E+19
   13.9218750       1.35035839E+19
   13.9921875       1.30838992E+19
   14.0625000       1.25057397E+19
   14.1328125       1.18131507E+19
   14.2031250       1.10521381E+19
   14.2734375       1.02735101E+19
   14.3437500       9.54082963E+18
   14.4140625       8.93320982E+18
   14.4843750       8.53165608E+18
   14.5546875       8.39025833E+18
   14.6250000       8.50569716E+18
   14.6953125       8.80500236E+18
   14.7656250       9.16136178E+18
   14.8359375       9.43376359E+18
   14.9062500       9.51227751E+18
   14.9765625       9.35002148E+18
   15.0468750       8.96805719E+18
   15.1171875       8.43363846E+18
   15.1875000       7.82302963E+18
   15.2578125       7.18907871E+18
   15.3281250       6.54902935E+18
   15.3984375       5.89723281E+18
   15.4687500       5.23034493E+18
   15.5390625       4.56675970E+18
   15.6093750       3.94643228E+18
   15.6796875       0.00000000    
   15.7500000       0.00000000    
   15.8203125       0.00000000    
   15.8906250       0.00000000    
   15.9609375       0.00000000    
   16.0312500       0.00000000    
   16.1015625       0.00000000    
   16.1718750       0.00000000    
   16.2421875       0.00000000    
   16.3125000       0.00000000    
   16.3828125       0.00000000    
   16.4531250       0.00000000    
   16.5234375       0.00000000    
   16.5937500       0.00000000    
   16.6640625       0.00000000    
   16.7343750       0.00000000    
   16.8046875       0.00000000    
   16.8750000       0.00000000    
   16.9453125       0.00000000    
   17.0156250       0.00000000    
   17.0859375       0.00000000    
   17.1562500       0.00000000    
   17.2265625       0.00000000    
   17.2968750       0.00000000    
   17.3671875       0.00000000    
   17.4375000       0.00000000    
   17.5078125       0.00000000    
   17.5781250       0.00000000    
   17.6484375       0.00000000    
   17.7187500       0.00000000    
   17.7890625       0.00000000    
   17.8593750       0.00000000    
   17.9296875       0.00000000    
   18.0000000       0.00000000    
   18.0703125       0.00000000    
   18.1406250       0.00000000    
   18.2109375       0.00000000    
   18.2812500       0.00000000    
   18.3515625       0.00000000    
   18.4218750       0.00000000    
   18.4921875       0.00000000    
   18.5625000       0.00000000    
   18.6328125       0.00000000    
   18.7031250       0.00000000    
   18.7734375       0.00000000    
   18.8437500       0.00000000    
   18.9140625       0.00000000    
   18.9843750       0.00000000    
   19.0546875       0.00000000    
   19.1250000       0.00000000    
   19.1953125       0.00000000    
   19.2656250       0.00000000    
   19.3359375       0.00000000    
   19.4062500       0.00000000    
   19.4765625       0.00000000    
   19.5468750       0.00000000    
   19.6171875       0.00000000    
   19.6875000       0.00000000    
   19.7578125       0.00000000    
   19.8281250       0.00000000    
   19.8984375       0.00000000    
   19.9687500       0.00000000    
   20.0390625       0.00000000    
   20.1093750       0.00000000    
   20.1796875       0.00000000    
   20.2500000       0.00000000    
   20.3203125       0.00000000    
   20.3906250       0.00000000    
   20.4609375       0.00000000    
   20.5312500       0.00000000    
   20.6015625       0.00000000    
   20.6718750       0.00000000    
   20.7421875       0.00000000    
   20.8125000       0.00000000    
   20.8828125       0.00000000    
   20.9531250       0.00000000    
   21.0234375       0.00000000    
   21.0937500       0.00000000    
   21.1640625       0.00000000    
   21.2343750       0.00000000    
   21.3046875       0.00000000    
   21.3750000       0.00000000    
   21.4453125       0.00000000    
   21.5156250       0.00000000    
   21.5859375       0.00000000    
   21.6562500       0.00000000    
   21.7265625       0.00000000    
   21.7968750       0.00000000    
   21.8671875       0.00000000    
   21.9375000       0.00000000    
   22.0078125       0.00000000    
   22.0781250       0.00000000    
   22.1484375       0.00000000    
   22.2187500       0.00000000    
   22.2890625       0.00000000    
   22.3593750       0.00000000    
   22.4296875       0.00000000    
   22.5000000       0.00000000    
   22.5703125       0.00000000    
   22.6406250       0.00000000    
   22.7109375       0.00000000    
   22.7812500       0.00000000    
   22.8515625       0.00000000    
   22.9218750       0.00000000    
   22.9921875       0.00000000    
   23.0625000       0.00000000    
   23.1328125       0.00000000    
   23.2031250       0.00000000    
   23.2734375       0.00000000    
   23.3437500       0.00000000    
   23.4140625       0.00000000    
   23.4843750       0.00000000    
   23.5546875       0.00000000    
   23.6250000       0.00000000    
   23.6953125       0.00000000    
   23.7656250       0.00000000    
   23.8359375       0.00000000    
   23.9062500       0.00000000    
   23.9765625       0.00000000    
   24.0468750       0.00000000    
   24.1171875       0.00000000    
   24.1875000       0.00000000    
   24.2578125       0.00000000    
   24.3281250       0.00000000    
   24.3984375       0.00000000    
   24.4687500       0.00000000    
   24.5390625       0.00000000    
   24.6093750       0.00000000    
   24.6796875       0.00000000    
   24.7500000       0.00000000    
   24.8203125       0.00000000    
   24.8906250       0.00000000    
   24.9609375       0.00000000    
   25.0312500       0.00000000    
   25.1015625       0.00000000    
   25.1718750       0.00000000    
   25.2421875       0.00000000    
   25.3125000       0.00000000    
   25.3828125       0.00000000    
   25.4531250       0.00000000    
   25.5234375       0.00000000    
   25.5937500       0.00000000    
   25.6640625       0.00000000    
   25.7343750       0.00000000    
   25.8046875       0.00000000    
   25.8750000       0.00000000    
   25.9453125       0.00000000    
   26.0156250       0.00000000    
   26.0859375       0.00000000    
   26.1562500       0.00000000    
   26.2265625       0.00000000    
   26.2968750       0.00000000    
   26.3671875       0.00000000    
   26.4375000       0.00000000    
   26.5078125       0.00000000    
   26.5781250       0.00000000    
   26.6484375       0.00000000    
   26.7187500       0.00000000    
   26.7890625       0.00000000    
   26.8593750       0.00000000    
   26.9296875       0.00000000    
   27.0000000       0.00000000    
   27.0703125       0.00000000    
   27.1406250       0.00000000    
   27.2109375       0.00000000    
   27.2812500       0.00000000    
   27.3515625       0.00000000    
   27.4218750       0.00000000    
   27.4921875       0.00000000    
   27.5625000       0.00000000    
   27.6328125       0.00000000    
   27.7031250       0.00000000    
   27.7734375       0.00000000    
   27.8437500       0.00000000    
   27.9140625       0.00000000    
   27.9843750       0.00000000    
   28.0546875       0.00000000    
   28.1250000       0.00000000    
   28.1953125       0.00000000    
   28.2656250       0.00000000    
   28.3359375       0.00000000    
   28.4062500       0.00000000    
   28.4765625       0.00000000    
   28.5468750       0.00000000    
   28.6171875       0.00000000    
   28.6875000       0.00000000    
   28.7578125       0.00000000    
   28.8281250       0.00000000    
   28.8984375       0.00000000    
   28.9687500       0.00000000    
   29.0390625       0.00000000    
   29.1093750       0.00000000    
   29.1796875       0.00000000    
   29.2500000       0.00000000    
   29.3203125       0.00000000    
   29.3906250       0.00000000    
   29.4609375       0.00000000    
   29.5312500       0.00000000    
   29.6015625       0.00000000    
   29.6718750       0.00000000    
   29.7421875       0.00000000    
   29.8125000       0.00000000    
   29.8828125       0.00000000    
