2016 04 16 23 58 36.0 0.382 -79.922
18. 6.503E+20 7.809 24 22 118 174 71 79
  -1.12500000       0.00000000    
  -1.05468750       1.02292322E+18
 -0.984375000       1.06167606E+18
 -0.914062500       1.10215307E+18
 -0.843750000       1.14142020E+18
 -0.773437500       1.17735746E+18
 -0.703125000       1.20851281E+18
 -0.632812500       1.23482179E+18
 -0.562500000       1.25761508E+18
 -0.492187500       1.27787811E+18
 -0.421875000       1.29556981E+18
 -0.351562500       1.30965593E+18
 -0.281250000       1.31992798E+18
 -0.210937500       1.32686878E+18
 -0.140625000       1.33152878E+18
  -7.03125000E-02   1.33531963E+18
   0.00000000       1.33985003E+18
   7.03125000E-02   1.34671799E+18
  0.140625000       1.35737157E+18
  0.210937500       1.37295522E+18
  0.281250000       1.39426541E+18
  0.351562500       1.42172200E+18
  0.421875000       1.45546106E+18
  0.492187500       1.49541113E+18
  0.562500000       1.54144507E+18
  0.632812500       1.59349526E+18
  0.703125000       1.65170987E+18
  0.773437500       1.71653405E+18
  0.843750000       1.78882158E+18
  0.914062500       1.86990245E+18
  0.984375000       1.96169395E+18
   1.05468750       2.06627482E+18
   1.12500000       2.18514591E+18
   1.19531250       2.31954457E+18
   1.26562500       2.46706000E+18
   1.33593750       2.62511397E+18
   1.40625000       2.79044231E+18
   1.47656250       2.96272562E+18
   1.54687500       3.14167855E+18
   1.61718750       3.32758178E+18
   1.68750000       3.52142403E+18
   1.75781250       3.72376853E+18
   1.82812500       3.93419142E+18
   1.89843750       4.15112066E+18
   1.96875000       4.37301036E+18
   2.03906250       4.59838193E+18
   2.10937500       4.82591706E+18
   2.17968750       5.05444176E+18
   2.25000000       5.28294007E+18
   2.32031250       5.51048565E+18
   2.39062500       5.73623682E+18
   2.46093750       5.95938601E+18
   2.53125000       6.17919487E+18
   2.60156250       6.39501142E+18
   2.67187500       6.60637658E+18
   2.74218750       6.81305233E+18
   2.81250000       7.01509364E+18
   2.88281250       7.21278693E+18
   2.95312500       7.40662918E+18
   3.02343750       7.59714431E+18
   3.09375000       7.78473859E+18
   3.16406250       7.97064346E+18
   3.23437500       8.15577373E+18
   3.30468750       8.33986387E+18
   3.37500000       8.52061808E+18
   3.44531250       8.69504900E+18
   3.51562500       8.86067064E+18
   3.58593750       9.01553245E+18
   3.65625000       9.15830349E+18
   3.72656250       9.29349669E+18
   3.79687500       9.42502797E+18
   3.86718750       9.55563456E+18
   3.93750000       9.68192446E+18
   4.00781250       9.80103016E+18
   4.07812500       9.91130897E+18
   4.14843750       1.00120605E+19
   4.21875000       1.01032661E+19
   4.28906250       1.01852633E+19
   4.35937500       1.02585380E+19
   4.42968750       1.03235357E+19
   4.50000000       1.03806025E+19
   4.57031250       1.04299354E+19
   4.64062500       1.04716146E+19
   4.71093750       1.05056434E+19
   4.78125000       1.05320273E+19
   4.85156250       1.05508399E+19
   4.92187500       1.05623067E+19
   4.99218750       1.05668466E+19
   5.06250000       1.05650962E+19
   5.13281250       1.05578966E+19
   5.20312500       1.05462659E+19
   5.27343750       1.05313489E+19
   5.34375000       1.05143691E+19
   5.41406250       1.04965405E+19
   5.48437500       1.04790440E+19
   5.55468750       1.04629065E+19
   5.62500000       1.04489658E+19
   5.69531250       1.04377595E+19
   5.76562500       1.04295242E+19
   5.83593750       1.04241718E+19
   5.90625000       1.04213757E+19
   5.97656250       1.04206072E+19
   6.04687500       1.04213075E+19
   6.11718750       1.04229194E+19
   6.18750000       1.04250349E+19
   6.25781250       1.04274142E+19
   6.32812500       1.04300630E+19
   6.39843750       1.04331790E+19
   6.46875000       1.04371449E+19
   6.53906250       1.04423973E+19
   6.60937500       1.04493484E+19
   6.67968750       1.04582280E+19
   6.75000000       1.04689769E+19
   6.82031250       1.04811067E+19
   6.89062500       1.04936543E+19
   6.96093750       1.05051431E+19
   7.03125000       1.05136819E+19
   7.10156250       1.05170574E+19
   7.17187500       1.05129441E+19
   7.24218750       1.04990441E+19
   7.31250000       1.04733265E+19
   7.38281250       1.04341476E+19
   7.45312500       1.03804640E+19
   7.52343750       1.03119644E+19
   7.59375000       1.02291899E+19
   7.66406250       1.01335796E+19
   7.73437500       1.00274229E+19
   7.80468750       9.91367183E+18
   7.87500000       9.79572831E+18
   7.94531250       9.67712179E+18
   8.01562500       9.56126405E+18
   8.08593750       9.45115676E+18
   8.15625000       9.34925622E+18
   8.22656250       9.25732715E+18
   8.29687500       9.17650260E+18
   8.36718750       9.10729989E+18
   8.43750000       9.04978829E+18
   8.50781250       9.00370226E+18
   8.57812500       8.96865972E+18
   8.64843750       8.94423517E+18
   8.71875000       8.93005422E+18
   8.78906250       8.92577547E+18
   8.85937500       8.93109931E+18
   8.92968750       8.94568488E+18
   9.00000000       8.96913911E+18
   9.07031250       9.00093259E+18
   9.14062500       9.04041440E+18
   9.21093750       9.08675497E+18
   9.28125000       9.13898837E+18
   9.35156250       9.19598760E+18
   9.42187500       9.25651791E+18
   9.49218750       9.31919118E+18
   9.56250000       9.38249776E+18
   9.63281250       9.44478179E+18
   9.70312500       9.50433904E+18
   9.77343750       9.55944876E+18
   9.84375000       9.60850897E+18
   9.91406250       9.65010020E+18
   9.98437500       9.68312953E+18
   10.0546875       9.70693175E+18
   10.1250000       9.72140572E+18
   10.1953125       9.72706931E+18
   10.2656250       9.72511218E+18
   10.3359375       9.71730345E+18
   10.4062500       9.70589491E+18
   10.4765625       9.69337477E+18
   10.5468750       9.68229939E+18
   10.6171875       9.67508440E+18
   10.6875000       9.67391012E+18
   10.7578125       9.68064683E+18
   10.8281250       9.69690751E+18
   10.8984375       9.72404125E+18
   10.9687500       9.76317177E+18
   11.0390625       9.81513359E+18
   11.1093750       9.88040720E+18
   11.1796875       9.95893542E+18
   11.2500000       1.00500025E+19
   11.3203125       1.01521064E+19
   11.3906250       1.02630131E+19
   11.4609375       1.03798867E+19
   11.5312500       1.04996214E+19
   11.6015625       1.06191614E+19
   11.6718750       1.07359218E+19
   11.7421875       1.08480258E+19
   11.8125000       1.09544860E+19
   11.8828125       1.10551254E+19
   11.9531250       1.11503904E+19
   12.0234375       1.12410100E+19
   12.0937500       1.13276911E+19
   12.1640625       1.14108350E+19
   12.2343750       1.14904430E+19
   12.3046875       1.15661333E+19
   12.3750000       1.16373454E+19
   12.4453125       1.17035349E+19
   12.5156250       1.17643984E+19
   12.5859375       1.18199589E+19
   12.6562500       1.18706002E+19
   12.7265625       1.19169776E+19
   12.7968750       1.19599630E+19
   12.8671875       1.20004800E+19
   12.9375000       1.20394192E+19
   13.0078125       1.20775536E+19
   13.0781250       1.21155626E+19
   13.1484375       1.21540213E+19
   13.2187500       1.21934806E+19
   13.2890625       1.22344715E+19
   13.3593750       1.22775262E+19
   13.4296875       1.23231658E+19
   13.5000000       1.23719038E+19
   13.5703125       1.24242175E+19
   13.6406250       1.24805796E+19
   13.7109375       1.25414145E+19
   13.7812500       1.26070971E+19
   13.8515625       1.26778902E+19
   13.9218750       1.27538907E+19
   13.9921875       1.28349379E+19
   14.0625000       1.29205689E+19
   14.1328125       1.30099790E+19
   14.2031250       1.31020972E+19
   14.2734375       1.31956657E+19
   14.3437500       1.32893792E+19
   14.4140625       1.33819856E+19
   14.4843750       1.34723896E+19
   14.5546875       1.35596612E+19
   14.6250000       1.36430602E+19
   14.6953125       1.37219766E+19
   14.7656250       1.37958836E+19
   14.8359375       1.38642391E+19
   14.9062500       1.39265055E+19
   14.9765625       1.39821045E+19
   15.0468750       1.40304918E+19
   15.1171875       1.40711870E+19
   15.1875000       1.41038711E+19
   15.2578125       1.41284858E+19
   15.3281250       1.41453952E+19
   15.3984375       1.41555019E+19
   15.4687500       1.41603695E+19
   15.5390625       1.41622430E+19
   15.6093750       1.41640407E+19
   15.6796875       1.41692117E+19
   15.7500000       1.41815505E+19
   15.8203125       1.42049327E+19
   15.8906250       1.42430681E+19
   15.9609375       1.42991850E+19
   16.0312500       1.43757638E+19
   16.1015625       1.44743240E+19
   16.1718750       1.45953615E+19
   16.2421875       1.47383102E+19
   16.3125000       1.49016833E+19
   16.3828125       1.50831874E+19
   16.4531250       1.52800505E+19
   16.5234375       1.54892634E+19
   16.5937500       1.57079398E+19
   16.6640625       1.59335453E+19
   16.7343750       1.61640942E+19
   16.8046875       1.63981362E+19
   16.8750000       1.66346631E+19
   16.9453125       1.68728372E+19
   17.0156250       1.71117786E+19
   17.0859375       1.73503397E+19
   17.1562500       1.75871074E+19
   17.2265625       1.78204842E+19
   17.2968750       1.80489111E+19
   17.3671875       1.82709904E+19
   17.4375000       1.84855326E+19
   17.5078125       1.86914470E+19
   17.5781250       1.88876240E+19
   17.6484375       1.90727708E+19
   17.7187500       1.92454007E+19
   17.7890625       1.94038558E+19
   17.8593750       1.95465328E+19
   17.9296875       1.96720948E+19
   18.0000000       1.97797216E+19
   18.0703125       1.98692592E+19
   18.1406250       1.99413036E+19
   18.2109375       1.99971148E+19
   18.2812500       2.00385005E+19
   18.3515625       2.00675759E+19
   18.4218750       2.00865843E+19
   18.4921875       2.00976872E+19
   18.5625000       2.01028593E+19
   18.6328125       2.01037499E+19
   18.7031250       2.01017070E+19
   18.7734375       2.00977158E+19
   18.8437500       2.00923853E+19
   18.9140625       2.00858674E+19
   18.9843750       2.00777926E+19
   19.0546875       2.00671691E+19
   19.1250000       2.00523719E+19
   19.1953125       2.00311667E+19
   19.2656250       2.00009455E+19
   19.3359375       1.99590168E+19
   19.4062500       1.99030604E+19
   19.4765625       1.98314998E+19
   19.5468750       1.97438225E+19
   19.6171875       1.96406840E+19
   19.6875000       1.95238630E+19
   19.7578125       1.93960316E+19
   19.8281250       1.92605190E+19
   19.8984375       1.91209778E+19
   19.9687500       1.89811331E+19
   20.0390625       1.88445210E+19
   20.1093750       1.87143542E+19
   20.1796875       1.85933486E+19
   20.2500000       1.84837250E+19
   20.3203125       1.83871286E+19
   20.3906250       1.83047553E+19
   20.4609375       1.82373223E+19
   20.5312500       1.81852076E+19
   20.6015625       1.81484807E+19
   20.6718750       1.81271237E+19
   20.7421875       1.81211369E+19
   20.8125000       1.81306994E+19
   20.8828125       1.81562190E+19
   20.9531250       1.81983842E+19
   21.0234375       1.82580624E+19
   21.0937500       1.83361948E+19
   21.1640625       1.84335983E+19
   21.2343750       1.85508458E+19
   21.3046875       1.86881638E+19
   21.3750000       1.88453962E+19
   21.4453125       1.90220789E+19
   21.5156250       1.92176051E+19
   21.5859375       1.94313809E+19
   21.6562500       1.96629601E+19
   21.7265625       1.99120302E+19
   21.7968750       2.01783100E+19
   21.8671875       2.04612715E+19
   21.9375000       2.07598834E+19
   22.0078125       2.10723734E+19
   22.0781250       2.13961818E+19
   22.1484375       2.17280122E+19
   22.2187500       2.20640890E+19
   22.2890625       2.24004164E+19
   22.3593750       2.27331726E+19
   22.4296875       2.30589689E+19
   22.5000000       2.33752192E+19
   22.5703125       2.36802523E+19
   22.6406250       2.39734261E+19
   22.7109375       2.42549208E+19
   22.7812500       2.45256162E+19
   22.8515625       2.47868052E+19
   22.9218750       2.50400887E+19
   22.9921875       2.52872105E+19
   23.0625000       2.55300751E+19
   23.1328125       2.57706350E+19
   23.2031250       2.60108827E+19
   23.2734375       2.62527093E+19
   23.3437500       2.64978168E+19
   23.4140625       2.67475929E+19
   23.4843750       2.70030226E+19
   23.5546875       2.72647108E+19
   23.6250000       2.75329388E+19
   23.6953125       2.78077420E+19
   23.7656250       2.80891004E+19
   23.8359375       2.83769635E+19
   23.9062500       2.86712984E+19
   23.9765625       2.89719533E+19
   24.0468750       2.92785235E+19
   24.1171875       2.95901757E+19
   24.1875000       2.99054892E+19
   24.2578125       3.02224762E+19
   24.3281250       3.05387068E+19
   24.3984375       3.08515794E+19
   24.4687500       3.11586334E+19
   24.5390625       3.14578171E+19
   24.6093750       3.17476572E+19
   24.6796875       3.20272586E+19
   24.7500000       3.22962079E+19
   24.8203125       3.25543865E+19
   24.8906250       3.28017964E+19
   24.9609375       3.30383607E+19
   25.0312500       3.32638463E+19
   25.1015625       3.34776860E+19
   25.1718750       3.36789735E+19
   25.2421875       3.38663897E+19
   25.3125000       3.40381950E+19
   25.3828125       3.41922915E+19
   25.4531250       3.43263814E+19
   25.5234375       3.44382017E+19
   25.5937500       3.45258306E+19
   25.6640625       3.45878848E+19
   25.7343750       3.46236959E+19
   25.8046875       3.46333254E+19
   25.8750000       3.46174507E+19
   25.9453125       3.45771800E+19
   26.0156250       3.45138701E+19
   26.0859375       3.44288691E+19
   26.1562500       3.43234655E+19
   26.2265625       3.41987787E+19
   26.2968750       3.40558883E+19
   26.3671875       3.38958764E+19
   26.4375000       3.37199831E+19
   26.5078125       3.35296379E+19
   26.5781250       3.33265185E+19
   26.6484375       3.31125315E+19
   26.7187500       3.28897221E+19
   26.7890625       3.26601375E+19
   26.8593750       3.24256600E+19
   26.9296875       3.21878357E+19
   27.0000000       3.19478409E+19
   27.0703125       3.17064651E+19
   27.1406250       3.14643262E+19
   27.2109375       3.12220928E+19
   27.2812500       3.09807676E+19
   27.3515625       3.07418701E+19
   27.4218750       3.05075884E+19
   27.4921875       3.02806888E+19
   27.5625000       3.00643225E+19
   27.6328125       2.98616781E+19
   27.7031250       2.96756275E+19
   27.7734375       2.95084292E+19
   27.8437500       2.93616114E+19
   27.9140625       2.92359504E+19
   27.9843750       2.91315980E+19
   28.0546875       2.90482308E+19
   28.1250000       2.89852376E+19
   28.1953125       2.89418464E+19
   28.2656250       2.89172372E+19
   28.3359375       2.89105389E+19
   28.4062500       2.89208436E+19
   28.4765625       2.89470515E+19
   28.5468750       2.89878654E+19
   28.6171875       2.90416799E+19
   28.6875000       2.91066215E+19
   28.7578125       2.91806362E+19
   28.8281250       2.92616394E+19
   28.8984375       2.93476696E+19
   28.9687500       2.94369741E+19
   29.0390625       2.95279565E+19
   29.1093750       2.96190796E+19
   29.1796875       2.97087052E+19
   29.2500000       2.97950763E+19
   29.3203125       2.98763148E+19
   29.3906250       2.99505780E+19
   29.4609375       3.00162100E+19
   29.5312500       3.00718937E+19
   29.6015625       3.01166328E+19
   29.6718750       3.01497809E+19
   29.7421875       3.01708871E+19
   29.8125000       3.01795117E+19
   29.8828125       3.01750983E+19
   29.9531250       3.01569959E+19
   30.0234375       3.01244482E+19
   30.0937500       3.00768635E+19
   30.1640625       3.00139648E+19
   30.2343750       2.99359171E+19
   30.3046875       2.98433514E+19
   30.3750000       2.97371408E+19
   30.4453125       2.96182792E+19
   30.5156250       2.94876000E+19
   30.5859375       2.93457608E+19
   30.6562500       2.91932696E+19
   30.7265625       2.90306166E+19
   30.7968750       2.88584969E+19
   30.8671875       2.86779746E+19
   30.9375000       2.84905409E+19
   31.0078125       2.82980582E+19
   31.0781250       2.81025892E+19
   31.1484375       2.79061593E+19
   31.2187500       2.77104880E+19
   31.2890625       2.75167518E+19
   31.3593750       2.73254720E+19
   31.4296875       2.71365429E+19
   31.5000000       2.69493335E+19
   31.5703125       2.67629069E+19
   31.6406250       2.65762472E+19
   31.7109375       2.63884396E+19
   31.7812500       2.61987497E+19
   31.8515625       2.60066122E+19
   31.9218750       2.58114951E+19
   31.9921875       2.56127407E+19
   32.0625000       2.54094059E+19
   32.1328125       2.52001402E+19
   32.2031250       2.49832176E+19
   32.2734375       2.47566566E+19
   32.3437500       2.45184518E+19
   32.4140625       2.42666790E+19
   32.4843750       2.39997154E+19
   32.5546875       2.37162569E+19
   32.6250000       2.34153360E+19
   32.6953125       2.30962423E+19
   32.7656250       2.27584965E+19
   32.8359375       2.24017776E+19
   32.9062500       2.20259315E+19
   32.9765625       2.16309188E+19
   33.0468750       2.12168625E+19
   33.1171875       2.07841607E+19
   33.1875000       2.03336402E+19
   33.2578125       1.98668029E+19
   33.3281250       1.93860744E+19
   33.3984375       1.88950589E+19
   33.4687500       1.83986712E+19
   33.5390625       1.79030312E+19
   33.6093750       1.74151724E+19
   33.6796875       1.69424714E+19
   33.7500000       1.64919685E+19
   33.8203125       1.60696648E+19
   33.8906250       1.56800056E+19
   33.9609375       1.53255912E+19
   34.0312500       1.50071990E+19
   34.1015625       1.47239670E+19
   34.1718750       1.44737270E+19
   34.2421875       1.42532958E+19
   34.3125000       1.40587471E+19
   34.3828125       1.38855872E+19
   34.4531250       1.37289266E+19
   34.5234375       1.35836349E+19
   34.5937500       1.34445742E+19
   34.6640625       1.33067691E+19
   34.7343750       1.31656842E+19
   34.8046875       1.30174271E+19
   34.8750000       1.28589941E+19
   34.9453125       1.26883994E+19
   35.0156250       1.25047776E+19
   35.0859375       1.23083147E+19
   35.1562500       1.21001277E+19
   35.2265625       1.18820131E+19
   35.2968750       1.16561790E+19
   35.3671875       1.14249451E+19
   35.4375000       1.11904775E+19
   35.5078125       1.09545619E+19
   35.5781250       1.07184748E+19
   35.6484375       1.04829528E+19
   35.7187500       1.02483225E+19
   35.7890625       1.00146576E+19
   35.8593750       9.78201850E+18
   35.9296875       9.55063618E+18
   36.0000000       9.32102956E+18
   36.0703125       9.09399745E+18
   36.1406250       8.87052116E+18
   36.2109375       8.65156607E+18
   36.2812500       8.43787873E+18
   36.3515625       8.22980495E+18
   36.4218750       8.02724577E+18
   36.4921875       7.82970257E+18
   36.5625000       7.63647164E+18
   36.6328125       7.44682348E+18
   36.7031250       7.26020887E+18
   36.7734375       7.07638647E+18
   36.8437500       6.89553660E+18
   36.9140625       6.71834150E+18
   36.9843750       6.38656772E+18
   37.0546875       6.26764179E+18
   37.1250000       6.15620958E+18
   37.1953125       6.05220843E+18
   37.2656250       5.62537747E+18
   37.3359375       5.56924905E+18
   37.4062500       5.51496451E+18
   37.4765625       5.46249471E+18
   37.5468750       5.41184626E+18
   37.6171875       5.20458557E+18
   37.6875000       5.17906920E+18
   37.7578125       5.15401628E+18
   37.8281250       5.12911564E+18
   37.8984375       5.10421115E+18
   37.9687500       5.07943366E+18
   38.0390625       5.05511356E+18
   38.1093750       5.03176158E+18
   38.1796875       5.00982028E+18
   38.2500000       4.98956892E+18
   38.3203125       4.97092011E+18
   38.3906250       4.95347855E+18
   38.4609375       4.93655542E+18
   38.5312500       4.91939644E+18
   38.6015625       4.90125945E+18
   38.6718750       4.88159963E+18
   38.7421875       4.86002501E+18
   38.8125000       4.83632724E+18
   38.8828125       4.81033423E+18
   38.9531250       4.60869810E+18
   39.0234375       4.60914367E+18
   39.0937500       4.60827918E+18
   39.1640625       4.60593970E+18
   39.2343750       4.60166782E+18
   39.3046875       4.41043251E+18
   39.3750000       4.42628884E+18
   39.4453125       4.43792497E+18
   39.5156250       4.44424194E+18
   39.5859375       4.44399070E+18
   39.6562500       4.43586669E+18
   39.7265625       4.41854883E+18
   39.7968750       4.39082464E+18
   39.8671875       4.35163145E+18
   39.9375000       4.30014984E+18
   40.0078125       4.23577784E+18
   40.0781250       4.15813775E+18
   40.1484375       4.06699098E+18
   40.2187500       3.96220450E+18
   40.2890625       3.84366313E+18
   40.3593750       3.71128110E+18
   40.4296875       3.56499740E+18
   40.5000000       3.40488020E+18
   40.5703125       3.23117138E+18
   40.6406250       3.04439734E+18
   40.7109375       2.84540003E+18
   40.7812500       2.63544938E+18
   40.8515625       2.22173958E+18
   40.9218750       1.84060913E+18
   40.9921875       1.52303237E+18
   41.0625000       1.40588656E+18
   41.1328125       9.83040155E+17
   41.2031250       7.96527455E+17
   41.2734375       7.76462536E+17
   41.3437500       7.55045492E+17
   41.4140625       7.32194961E+17
   41.4843750       7.07947293E+17
   41.5546875       6.82466936E+17
   41.6250000       6.56037082E+17
   41.6953125       6.29037062E+17
   41.7656250       6.01909980E+17
   41.8359375       5.75130000E+17
   41.9062500       5.49166338E+17
   41.9765625       5.24450588E+17
   42.0468750       3.45065507E+17
   42.1171875       3.38896387E+17
   42.1875000       3.33665839E+17
   42.2578125       3.29434540E+17
   42.3281250       3.26208195E+17
   42.3984375       3.23949867E+17
   42.4687500       3.22598567E+17
   42.5390625       3.22079563E+17
   42.6093750       3.22311594E+17
   42.6796875       3.23203264E+17
   42.7500000       3.24646579E+17
   42.8203125       3.26509805E+17
   42.8906250       3.28637772E+17
   42.9609375       3.30858167E+17
   43.0312500       3.32994243E+17
   43.1015625       3.34880387E+17
   43.1718750       3.36382148E+17
   43.2421875       3.37411497E+17
   43.3125000       3.37934830E+17
   43.3828125       3.37968022E+17
   43.4531250       3.37566116E+17
   43.5234375       3.36805907E+17
   43.5937500       3.35772812E+17
   43.6640625       3.34549709E+17
   43.7343750       3.33217272E+17
   43.8046875       3.31856902E+17
   43.8750000       3.30556489E+17
   43.9453125       3.29410797E+17
   44.0156250       3.28520365E+17
   44.0859375       3.27984078E+17
   44.1562500       3.27891410E+17
   44.2265625       3.28315272E+17
   44.2968750       3.29311051E+17
   44.3671875       3.30916201E+17
   44.4375000       3.33150786E+17
   44.5078125       3.36012437E+17
   44.5781250       3.39473459E+17
   44.6484375       3.43474170E+17
   44.7187500       3.47920560E+17
   44.7890625       3.52681033E+17
   44.8593750       3.57592346E+17
   44.9296875       3.62465759E+17
   45.0000000       3.67098483E+17
   45.0703125       3.71285629E+17
   45.1406250       3.74835334E+17
   45.2109375       3.77581227E+17
   45.2812500       3.79391023E+17
   45.3515625       3.80169546E+17
   45.4218750       3.79860342E+17
   45.4921875       3.78443450E+17
   45.5625000       3.75933540E+17
   45.6328125       3.72373733E+17
   45.7031250       3.67832785E+17
   45.7734375       3.62399479E+17
   45.8437500       3.56178374E+17
   45.9140625       3.49284023E+17
   45.9843750       3.41839986E+17
   46.0546875       3.33977207E+17
   46.1250000       3.25835357E+17
   46.1953125       3.17563697E+17
   46.2656250       3.09323442E+17
   46.3359375       3.01287386E+17
   46.4062500       2.93637603E+17
   46.4765625       2.86560321E+17
   46.5468750       2.80242201E+17
   46.6171875       2.74863957E+17
   46.6875000       2.70592904E+17
   46.7578125       2.67569762E+17
   46.8281250       2.65897182E+17
   46.8984375       2.65627905E+17
   46.9687500       2.66761673E+17
   47.0390625       2.69246758E+17
   47.1093750       2.72993327E+17
   47.1796875       2.77887459E+17
   47.2500000       2.83807917E+17
   47.3203125       2.90638375E+17
   47.3906250       2.98278229E+17
   47.4609375       3.06644997E+17
   47.5312500       3.15671472E+17
   47.6015625       3.25296356E+17
   47.6718750       3.35457424E+17
   47.7421875       3.46086575E+17
   47.8125000       3.57112993E+17
   47.8828125       3.68468131E+17
   47.9531250       3.80096325E+17
   48.0234375       3.91962461E+17
   48.0937500       4.04058085E+17
   48.1640625       4.16402096E+17
   48.2343750       4.29039779E+17
   48.3046875       4.42036041E+17
   48.3750000       4.55465236E+17
   48.4453125       4.69399209E+17
   48.5156250       4.83896064E+17
   48.5859375       4.98991156E+17
   48.6562500       5.14689021E+17
   48.7265625       5.30959491E+17
   48.7968750       5.47736561E+17
   48.8671875       5.64919007E+17
   48.9375000       5.82373720E+17
   49.0078125       5.99940686E+17
   49.0781250       6.17440788E+17
   49.1484375       6.34681611E+17
   49.2187500       6.51461602E+17
   49.2890625       6.67574876E+17
   49.3593750       6.82819123E+17
   49.4296875       6.97001930E+17
   49.5000000       7.09948405E+17
   49.5703125       7.21505784E+17
   49.6406250       7.31554358E+17
   49.7109375       7.40015718E+17
   49.7812500       7.46860934E+17
   49.8515625       7.52112683E+17
   49.9218750       7.55842157E+17
   49.9921875       7.58156767E+17
   50.0625000       7.59185772E+17
   50.1328125       7.59066681E+17
   50.2031250       7.57937620E+17
   50.2734375       7.55933554E+17
   50.3437500       7.53181202E+17
   50.4140625       7.49797798E+17
   50.4843750       7.45891027E+17
   50.5546875       7.41560463E+17
   50.6250000       7.36899359E+17
   50.6953125       7.31992926E+17
   50.7656250       7.26916137E+17
   50.8359375       7.21726854E+17
   50.9062500       7.16457513E+17
   50.9765625       7.11110107E+17
   51.0468750       7.05655705E+17
   51.1171875       7.00037819E+17
   51.1875000       6.94177903E+17
   51.2578125       6.87983736E+17
   51.3281250       6.81364195E+17
   51.3984375       6.74242795E+17
   51.4687500       6.66571778E+17
   51.5390625       6.58340421E+17
   51.6093750       6.49583567E+17
   51.6796875       6.40378387E+17
   51.7500000       6.30835932E+17
   51.8203125       6.21080377E+17
   51.8906250       6.11229646E+17
   51.9609375       6.01377129E+17
   52.0312500       5.91578694E+17
   52.1015625       5.81847122E+17
   52.1718750       5.72157161E+17
   52.2421875       5.62451668E+17
   52.3125000       5.52653302E+17
   52.3828125       5.42673104E+17
   52.4531250       5.32428232E+17
   52.5234375       5.21856943E+17
   52.5937500       5.10934670E+17
   52.6640625       4.99679966E+17
   52.7343750       4.88156912E+17
   52.8046875       4.76465530E+17
   52.8750000       4.64725838E+17
   52.9453125       4.53056584E+17
   53.0156250       4.41559128E+17
   53.0859375       4.30304424E+17
   53.1562500       4.19331298E+17
   53.2265625       4.08652772E+17
   53.2968750       3.98275822E+17
   53.3671875       3.88217421E+17
   53.4375000       3.78520003E+17
   53.5078125       3.69251155E+17
   53.5781250       3.60501825E+17
   53.6484375       3.52371968E+17
   53.7187500       3.44956243E+17
   53.7890625       3.38323920E+17
   53.8593750       3.32509290E+17
   53.9296875       3.27504554E+17
   54.0000000       3.23262535E+17
   54.0703125       3.19703622E+17
   54.1406250       3.16729580E+17
   54.2109375       3.14236747E+17
   54.2812500       3.12126578E+17
   54.3515625       3.10308226E+17
   54.4218750       3.08702905E+17
   54.4921875       3.07242616E+17
   54.5625000       3.05872968E+17
   54.6328125       3.04550840E+17
   54.7031250       3.03247059E+17
   54.7734375       3.01944860E+17
   54.8437500       3.00639499E+17
   54.9140625       2.99334859E+17
   54.9843750       2.98044514E+17
   55.0546875       2.96790212E+17
   55.1250000       2.95601502E+17
   55.1953125       2.94511577E+17
   55.2656250       2.93556307E+17
   55.3359375       2.92769744E+17
   55.4062500       2.92180956E+17
   55.4765625       2.91807431E+17
   55.5468750       2.91652744E+17
   55.6171875       2.91701775E+17
   55.6875000       2.91919238E+17
   55.7578125       2.92244865E+17
   55.8281250       2.92596846E+17
   55.8984375       2.92873339E+17
   55.9687500       2.92960991E+17
   56.0390625       2.92738580E+17
   56.1093750       2.92087188E+17
   56.1796875       2.90892122E+17
   56.2500000       2.89043740E+17
   56.3203125       2.86431197E+17
   56.3906250       2.82943856E+17
   56.4609375       2.78475715E+17
   56.5312500       2.72939485E+17
   56.6015625       2.66281341E+17
   56.6718750       2.58499479E+17
   56.7421875       2.49652465E+17
   56.8125000       2.39860180E+17
   56.8828125       2.29289732E+17
   56.9531250       2.18138382E+17
   57.0234375       2.06609144E+17
   57.0937500       1.94892009E+17
   57.1640625       1.83148383E+17
   57.2343750       1.71512218E+17
   57.3046875       1.60096572E+17
   57.3750000       0.00000000    
   57.4453125       0.00000000    
   57.5156250       0.00000000    
   57.5859375       0.00000000    
   57.6562500       0.00000000    
   57.7265625       0.00000000    
