1993 08 08 08 34 24.0 12.980 144.800
44. 7.590E+20 7.853 245 17 92 62 73 89
  -1.12500000       0.00000000    
  -1.05468750       0.00000000    
 -0.984375000       0.00000000    
 -0.914062500       0.00000000    
 -0.843750000       0.00000000    
 -0.773437500       0.00000000    
 -0.703125000       0.00000000    
 -0.632812500       0.00000000    
 -0.562500000       0.00000000    
 -0.492187500       0.00000000    
 -0.421875000       0.00000000    
 -0.351562500       0.00000000    
 -0.281250000       0.00000000    
 -0.210937500       0.00000000    
 -0.140625000       0.00000000    
  -7.03125000E-02   0.00000000    
   0.00000000       0.00000000    
   7.03125000E-02   1.74451896E+18
  0.140625000       2.59127183E+18
  0.210937500       3.45633047E+18
  0.281250000       4.29417125E+18
  0.351562500       5.07785696E+18
  0.421875000       5.79388092E+18
  0.492187500       6.43767631E+18
  0.562500000       7.01049384E+18
  0.632812500       7.51723620E+18
  0.703125000       7.96528554E+18
  0.773437500       8.36354460E+18
  0.843750000       8.72178968E+18
  0.914062500       9.04983557E+18
  0.984375000       9.35694071E+18
   1.05468750       9.65101719E+18
   1.12500000       9.93822392E+18
   1.19531250       1.02225576E+19
   1.26562500       1.05059831E+19
   1.33593750       1.07884752E+19
   1.40625000       1.10684009E+19
   1.47656250       1.13427445E+19
   1.54687500       1.16076234E+19
   1.61718750       1.18586562E+19
   1.68750000       1.20915372E+19
   1.75781250       1.23024939E+19
   1.82812500       1.24889315E+19
   1.89843750       1.26498274E+19
   1.96875000       1.27860833E+19
   2.03906250       1.29004974E+19
   2.10937500       1.29977096E+19
   2.17968750       1.30836859E+19
   2.25000000       1.31651949E+19
   2.32031250       1.32489810E+19
   2.39062500       1.33412333E+19
   2.46093750       1.34468656E+19
   2.53125000       1.35691060E+19
   2.60156250       1.37090353E+19
   2.67187500       1.38654848E+19
   2.74218750       1.40348954E+19
   2.81250000       1.42114869E+19
   2.88281250       1.43874780E+19
   2.95312500       1.45537351E+19
   3.02343750       1.47004342E+19
   3.09375000       1.48179808E+19
   3.16406250       1.48976998E+19
   3.23437500       1.49325466E+19
   3.30468750       1.49173436E+19
   3.37500000       1.48488595E+19
   3.44531250       1.47254745E+19
   3.51562500       1.45469380E+19
   3.58593750       1.43139426E+19
   3.65625000       1.40279036E+19
   3.72656250       1.36906702E+19
   3.79687500       1.33045547E+19
   3.86718750       1.28723290E+19
   3.93750000       1.23974917E+19
   4.00781250       1.18845123E+19
   4.07812500       1.13392513E+19
   4.14843750       1.07691996E+19
   4.21875000       1.01836624E+19
   4.28906250       9.59367656E+18
   4.35937500       9.01186338E+18
   4.42968750       8.45194039E+18
   4.50000000       7.92805993E+18
   4.57031250       7.45361516E+18
   4.64062500       7.03987553E+18
   4.71093750       6.69424790E+18
   4.78125000       6.41889886E+18
   4.85156250       6.20993337E+18
   4.92187500       6.05783408E+18
   4.99218750       5.94889502E+18
   5.06250000       5.86758888E+18
   5.13281250       5.79909535E+18
   5.20312500       5.73157929E+18
   5.27343750       5.65747936E+18
   5.34375000       5.57381972E+18
   5.41406250       5.48142281E+18
   5.48437500       5.38361355E+18
   5.55468750       5.28456404E+18
   5.62500000       5.18803682E+18
   5.69531250       5.09654206E+18
   5.76562500       5.01134805E+18
   5.83593750       4.93288580E+18
   5.90625000       4.86162315E+18
   5.97656250       4.79886633E+18
   6.04687500       4.74752683E+18
   6.11718750       4.71231552E+18
   6.18750000       4.69955239E+18
   6.25781250       4.71639031E+18
   6.32812500       4.76989585E+18
   6.39843750       4.86590245E+18
   6.46875000       5.00817376E+18
   6.53906250       5.19776860E+18
   6.60937500       5.43299537E+18
   6.67968750       5.70953079E+18
   6.75000000       6.02093777E+18
   6.82031250       6.35910576E+18
   6.89062500       6.71489948E+18
   6.96093750       7.07846564E+18
   7.03125000       7.43965082E+18
   7.10156250       7.78825867E+18
   7.17187500       8.11462231E+18
   7.24218750       8.41001656E+18
   7.31250000       8.66717913E+18
   7.38281250       8.88053002E+18
   7.45312500       9.04638640E+18
   7.52343750       9.16282193E+18
   7.59375000       9.22964805E+18
   7.66406250       9.24832106E+18
   7.73437500       9.22214388E+18
   7.80468750       9.15632602E+18
   7.87500000       9.05811819E+18
   7.94531250       8.93655014E+18
   8.01562500       8.80214418E+18
   8.08593750       8.66606698E+18
   8.15625000       8.53937135E+18
   8.22656250       8.43206121E+18
   8.29687500       8.35275344E+18
   8.36718750       8.30854263E+18
   8.43750000       8.30550468E+18
   8.50781250       8.34938619E+18
   8.57812500       8.44659621E+18
   8.64843750       8.60475601E+18
   8.71875000       8.83290962E+18
   8.78906250       9.14082015E+18
   8.85937500       9.53785545E+18
   8.92968750       1.00311480E+19
   9.00000000       1.06240036E+19
   9.07031250       1.13145420E+19
   9.14062500       1.20955713E+19
   9.21093750       1.29551453E+19
   9.28125000       1.38782590E+19
   9.35156250       1.48488737E+19
   9.42187500       1.58522452E+19
   9.49218750       1.68764721E+19
   9.56250000       1.79132346E+19
   9.63281250       1.89572759E+19
   9.70312500       2.00051985E+19
   9.77343750       2.10535212E+19
   9.84375000       2.20969138E+19
   9.91406250       2.31266086E+19
   9.98437500       2.41299723E+19
   10.0546875       2.50906222E+19
   10.1250000       2.59897281E+19
   10.1953125       2.68076746E+19
   10.2656250       2.75265617E+19
   10.3359375       2.81323926E+19
   10.4062500       2.86170991E+19
   10.4765625       2.89795575E+19
   10.5468750       2.92259339E+19
   10.6171875       2.93688110E+19
   10.6875000       2.94257217E+19
   10.7578125       2.94170092E+19
   10.8281250       2.93638786E+19
   10.8984375       2.92864752E+19
   10.9687500       2.92025868E+19
   11.0390625       2.91266765E+19
   11.1093750       2.90697636E+19
   11.1796875       2.90394479E+19
   11.2500000       2.90403407E+19
   11.3203125       2.90742320E+19
   11.3906250       2.91404930E+19
   11.4609375       2.92360955E+19
   11.5312500       2.93558631E+19
   11.6015625       2.94927457E+19
   11.6718750       2.96387873E+19
   11.7421875       2.97861944E+19
   11.8125000       2.99286713E+19
   11.8828125       3.00623455E+19
   11.9531250       3.01864188E+19
   12.0234375       3.03030001E+19
   12.0937500       3.04164697E+19
   12.1640625       3.05323648E+19
   12.2343750       3.06564205E+19
   12.3046875       3.07936087E+19
   12.3750000       3.09476679E+19
   12.4453125       3.11206937E+19
   12.5156250       3.13133127E+19
   12.5859375       3.15247488E+19
   12.6562500       3.17531218E+19
   12.7265625       3.19955025E+19
   12.7968750       3.22481945E+19
   12.8671875       3.25069447E+19
   12.9375000       3.27672563E+19
   13.0078125       3.30246278E+19
   13.0781250       3.32749536E+19
   13.1484375       3.35146317E+19
   13.2187500       3.37406583E+19
   13.2890625       3.39502978E+19
   13.3593750       3.41409444E+19
   13.4296875       3.43096644E+19
   13.5000000       3.44530033E+19
   13.5703125       3.45666137E+19
   13.6406250       3.46454003E+19
   13.7109375       3.46837644E+19
   13.7812500       3.46762768E+19
   13.8515625       3.46183039E+19
   13.9218750       3.45069168E+19
   13.9921875       3.43414909E+19
   14.0625000       3.41240690E+19
   14.1328125       3.38590999E+19
   14.2031250       3.35530443E+19
   14.2734375       3.32135481E+19
   14.3437500       3.28487521E+19
   14.4140625       3.24664453E+19
   14.4843750       3.20735920E+19
   14.5546875       3.16758305E+19
   14.6250000       3.12772399E+19
   14.6953125       3.08801271E+19
   14.7656250       3.04853233E+19
   14.8359375       3.00926591E+19
   14.9062500       2.97018267E+19
   14.9765625       2.93130921E+19
   15.0468750       2.89280300E+19
   15.1171875       2.85498222E+19
   15.1875000       2.81830999E+19
   15.2578125       2.78332836E+19
   15.3281250       2.75057391E+19
   15.3984375       2.72048864E+19
   15.4687500       2.69335489E+19
   15.5390625       2.66924568E+19
   15.6093750       2.64802950E+19
   15.6796875       2.62938926E+19
   15.7500000       2.61289021E+19
   15.8203125       2.59803493E+19
   15.8906250       2.58435216E+19
   15.9609375       2.57144895E+19
   16.0312500       2.55904624E+19
   16.1015625       2.54697493E+19
   16.1718750       2.53516925E+19
   16.2421875       2.52365274E+19
   16.3125000       2.51252921E+19
   16.3828125       2.50196532E+19
   16.4531250       2.49216977E+19
   16.5234375       2.48334223E+19
   16.5937500       2.47560672E+19
   16.6640625       2.46891378E+19
   16.7343750       2.46297707E+19
   16.8046875       2.45722773E+19
   16.8750000       2.45083693E+19
   16.9453125       2.44278190E+19
   17.0156250       2.43196975E+19
   17.0859375       2.41737879E+19
   17.1562500       2.39820704E+19
   17.2265625       2.37397799E+19
   17.2968750       2.34461883E+19
   17.3671875       2.31047261E+19
   17.4375000       2.27226788E+19
   17.5078125       2.23102344E+19
   17.5781250       2.18796547E+19
   17.6484375       2.14442173E+19
   17.7187500       2.10175782E+19
   17.7890625       2.06130437E+19
   17.8593750       2.02431965E+19
   17.9296875       1.99193354E+19
   18.0000000       1.96510084E+19
   18.0703125       1.94453073E+19
   18.1406250       1.93063906E+19
   18.2109375       1.92349928E+19
   18.2812500       1.92283187E+19
   18.3515625       1.92801563E+19
   18.4218750       1.93815884E+19
   18.4921875       1.95219961E+19
   18.5625000       1.96902609E+19
   18.6328125       1.98758101E+19
   18.7031250       2.00695221E+19
   18.7734375       2.02641005E+19
   18.8437500       2.04541005E+19
   18.9140625       2.06355177E+19
   18.9843750       2.08054296E+19
   19.0546875       2.09616218E+19
   19.1250000       2.11026232E+19
   19.1953125       2.12279477E+19
   19.2656250       2.13388841E+19
   19.3359375       2.14393047E+19
   19.4062500       2.15365015E+19
   19.4765625       2.16415378E+19
   19.5468750       2.17691450E+19
   19.6171875       2.19367501E+19
   19.6875000       2.21628955E+19
   19.7578125       2.24649819E+19
   19.8281250       2.28571337E+19
   19.8984375       2.33482130E+19
   19.9687500       2.39408058E+19
   20.0390625       2.46309802E+19
   20.1093750       2.54093883E+19
   20.1796875       2.62627874E+19
   20.2500000       2.71761737E+19
   20.3203125       2.81345960E+19
   20.3906250       2.91248382E+19
   20.4609375       3.01362481E+19
   20.5312500       3.11610303E+19
   20.6015625       3.21935707E+19
   20.6718750       3.32296361E+19
   20.7421875       3.42651628E+19
   20.8125000       3.52953502E+19
   20.8828125       3.63138410E+19
   20.9531250       3.73126748E+19
   21.0234375       3.82823780E+19
   21.0937500       3.92125297E+19
   21.1640625       4.00921874E+19
   21.2343750       4.09106111E+19
   21.3046875       4.16577116E+19
   21.3750000       4.23245830E+19
   21.4453125       4.29037749E+19
   21.5156250       4.33899394E+19
   21.5859375       4.37803408E+19
   21.6562500       4.40755333E+19
   21.7265625       4.42796862E+19
   21.7968750       4.44008700E+19
   21.8671875       4.44507482E+19
   21.9375000       4.44439532E+19
   22.0078125       4.43967710E+19
   22.0781250       4.43259097E+19
   22.1484375       4.42470703E+19
   22.2187500       4.41740231E+19
   22.2890625       4.41177281E+19
   22.3593750       4.40863217E+19
   22.4296875       4.40851782E+19
   22.5000000       4.41174467E+19
   22.5703125       4.41844861E+19
   22.6406250       4.42865867E+19
   22.7109375       4.44235155E+19
   22.7812500       4.45949734E+19
   22.8515625       4.48004765E+19
   22.9218750       4.50392112E+19
   22.9921875       4.53095768E+19
   23.0625000       4.56086879E+19
   23.1328125       4.59318739E+19
   23.2031250       4.62725378E+19
   23.2734375       4.66222221E+19
   23.3437500       4.69710180E+19
   23.4140625       4.73080183E+19
   23.4843750       4.76222851E+19
   23.5546875       4.79035226E+19
   23.6250000       4.81430622E+19
   23.6953125       4.83343508E+19
   23.7656250       4.84735446E+19
   23.8359375       4.85596364E+19
   23.9062500       4.85942622E+19
   23.9765625       4.85810197E+19
   24.0468750       4.85247819E+19
   24.1171875       4.84309979E+19
   24.1875000       4.83052841E+19
   24.2578125       4.81532437E+19
   24.3281250       4.79806028E+19
   24.3984375       4.77933999E+19
   24.4687500       4.75981398E+19
   24.5390625       4.74015252E+19
   24.6093750       4.72102981E+19
   24.6796875       4.70309546E+19
   24.7500000       4.68698365E+19
   24.8203125       4.67332552E+19
   24.8906250       4.66280495E+19
   24.9609375       4.65620524E+19
   25.0312500       4.65443459E+19
   25.1015625       4.65848783E+19
   25.1718750       4.66937168E+19
   25.2421875       4.68799081E+19
   25.3125000       4.71500053E+19
   25.3828125       4.75065197E+19
   25.4531250       4.79468170E+19
   25.5234375       4.84625231E+19
   25.5937500       4.90398107E+19
   25.6640625       4.96601903E+19
   25.7343750       5.03021028E+19
   25.8046875       5.09427091E+19
   25.8750000       5.15596363E+19
   25.9453125       5.21322575E+19
   26.0156250       5.26426904E+19
   26.0859375       5.30760299E+19
   26.1562500       5.34203002E+19
   26.2265625       5.36658827E+19
   26.2968750       5.38049709E+19
   26.3671875       5.38311921E+19
   26.4375000       5.37394225E+19
   26.5078125       5.35256862E+19
   26.5781250       5.31874148E+19
   26.6484375       5.27238475E+19
   26.7187500       5.21366776E+19
   26.7890625       5.14305272E+19
   26.8593750       5.06134757E+19
   26.9296875       4.96973186E+19
   27.0000000       4.86975679E+19
   27.0703125       4.76327701E+19
   27.1406250       4.65236883E+19
   27.2109375       4.53924623E+19
   27.2812500       4.42615794E+19
   27.3515625       4.31529111E+19
   27.4218750       4.20867103E+19
   27.4921875       4.10809166E+19
   27.5625000       4.01502812E+19
   27.6328125       3.93054868E+19
   27.7031250       3.85522246E+19
   27.7734375       3.78904769E+19
   27.8437500       3.73141261E+19
   27.9140625       3.68108203E+19
   27.9843750       3.63625934E+19
   28.0546875       3.59472440E+19
   28.1250000       3.55403390E+19
   28.1953125       3.51177109E+19
   28.2656250       3.46579457E+19
   28.3359375       3.41448190E+19
   28.4062500       3.35687739E+19
   28.4765625       3.29272594E+19
   28.5468750       3.22238579E+19
   28.6171875       3.14665714E+19
   28.6875000       3.06657311E+19
   28.7578125       2.98320748E+19
   28.8281250       2.89754761E+19
   28.8984375       2.81046475E+19
   28.9687500       2.72274725E+19
   29.0390625       2.63515730E+19
   29.1093750       2.54848280E+19
   29.1796875       2.46356179E+19
   29.2500000       2.38125565E+19
   29.3203125       2.30239142E+19
   29.3906250       2.22768005E+19
   29.4609375       2.15767128E+19
   29.5312500       2.09272445E+19
   29.6015625       2.03301569E+19
   29.6718750       1.97855622E+19
   29.7421875       1.92924840E+19
   29.8125000       1.88493786E+19
   29.8828125       1.84545726E+19
   29.9531250       1.81065079E+19
   30.0234375       1.78038970E+19
   30.0937500       1.75455920E+19
   30.1640625       1.73303330E+19
   30.2343750       1.71563572E+19
   30.3046875       1.70211987E+19
   30.3750000       1.69214829E+19
   30.4453125       1.68529085E+19
   30.5156250       1.68101837E+19
   30.5859375       1.67872314E+19
   30.6562500       1.67772280E+19
   30.7265625       1.67726870E+19
   30.7968750       1.67653599E+19
   30.8671875       1.67463197E+19
   30.9375000       1.67060259E+19
   31.0078125       1.66345246E+19
   31.0781250       1.65216949E+19
   31.1484375       1.63577094E+19
   31.2187500       1.61335794E+19
   31.2890625       1.58418097E+19
   31.3593750       1.54770522E+19
   31.4296875       1.50368671E+19
   31.5000000       1.45222363E+19
   31.5703125       1.39378107E+19
   31.6406250       1.32916486E+19
   31.7109375       1.25948023E+19
   31.7812500       1.18604638E+19
   31.8515625       1.11030531E+19
   31.9218750       1.03371817E+19
   31.9921875       9.57704535E+18
   32.0625000       8.83596571E+18
   32.1328125       8.12634146E+18
   32.2031250       7.45960640E+18
   32.2734375       6.84646429E+18
   32.3437500       6.29691739E+18
   32.4140625       5.82021422E+18
   32.4843750       5.42448734E+18
   32.5546875       5.11644322E+18
   32.6250000       4.90090486E+18
   32.6953125       4.78051988E+18
   32.7656250       4.75542023E+18
   32.8359375       4.82318038E+18
   32.9062500       4.97871619E+18
   32.9765625       5.21429536E+18
   33.0468750       5.51943072E+18
   33.1171875       5.88100292E+18
   33.1875000       6.28348465E+18
   33.2578125       6.70947449E+18
   33.3281250       7.14046161E+18
   33.3984375       7.55796266E+18
   33.4687500       7.94486651E+18
   33.5390625       8.28683112E+18
   33.6093750       8.57348260E+18
   33.6796875       8.79925412E+18
   33.7500000       8.96349092E+18
   33.8203125       9.06976422E+18
   33.8906250       9.12432088E+18
   33.9609375       9.13425497E+18
   34.0312500       9.10563688E+18
   34.1015625       9.04234954E+18
   34.1718750       8.94579758E+18
   34.2421875       8.81580287E+18
   34.3125000       8.65203721E+18
   34.3828125       8.45547971E+18
   34.4531250       8.22922606E+18
   34.5234375       7.97858634E+18
   34.5937500       7.71042974E+18
   34.6640625       7.43221042E+18
   34.7343750       7.15092731E+18
   34.8046875       6.87247159E+18
   34.8750000       6.60122867E+18
   34.9453125       6.34001549E+18
   35.0156250       6.09010145E+18
   35.0859375       5.85150028E+18
   35.1562500       5.62325651E+18
   35.2265625       5.40378409E+18
   35.2968750       5.19102419E+18
   35.3671875       4.98262771E+18
   35.4375000       4.77604102E+18
   35.5078125       4.56867147E+18
   35.5781250       4.35810373E+18
   35.6484375       4.14253788E+18
   35.7187500       3.92123065E+18
   35.7890625       3.69491460E+18
   35.8593750       0.00000000    
   35.9296875       0.00000000    
   36.0000000       0.00000000    
   36.0703125       0.00000000    
   36.1406250       0.00000000    
   36.2109375       0.00000000    
   36.2812500       0.00000000    
   36.3515625       0.00000000    
   36.4218750       0.00000000    
   36.4921875       0.00000000    
   36.5625000       0.00000000    
   36.6328125       0.00000000    
   36.7031250       0.00000000    
   36.7734375       0.00000000    
   36.8437500       0.00000000    
   36.9140625       0.00000000    
   36.9843750       0.00000000    
   37.0546875       0.00000000    
   37.1250000       0.00000000    
   37.1953125       0.00000000    
   37.2656250       0.00000000    
   37.3359375       0.00000000    
   37.4062500       0.00000000    
   37.4765625       0.00000000    
   37.5468750       0.00000000    
   37.6171875       0.00000000    
   37.6875000       0.00000000    
   37.7578125       0.00000000    
   37.8281250       0.00000000    
   37.8984375       0.00000000    
   37.9687500       0.00000000    
   38.0390625       0.00000000    
   38.1093750       0.00000000    
   38.1796875       0.00000000    
   38.2500000       0.00000000    
   38.3203125       0.00000000    
   38.3906250       0.00000000    
   38.4609375       0.00000000    
   38.5312500       0.00000000    
   38.6015625       0.00000000    
   38.6718750       0.00000000    
   38.7421875       0.00000000    
   38.8125000       0.00000000    
   38.8828125       0.00000000    
   38.9531250       0.00000000    
   39.0234375       0.00000000    
   39.0937500       0.00000000    
   39.1640625       0.00000000    
   39.2343750       0.00000000    
   39.3046875       0.00000000    
   39.3750000       0.00000000    
   39.4453125       0.00000000    
   39.5156250       0.00000000    
   39.5859375       0.00000000    
   39.6562500       0.00000000    
   39.7265625       0.00000000    
   39.7968750       0.00000000    
   39.8671875       0.00000000    
   39.9375000       0.00000000    
   40.0078125       0.00000000    
   40.0781250       0.00000000    
   40.1484375       0.00000000    
   40.2187500       0.00000000    
   40.2890625       0.00000000    
   40.3593750       0.00000000    
   40.4296875       0.00000000    
   40.5000000       0.00000000    
   40.5703125       0.00000000    
   40.6406250       0.00000000    
   40.7109375       0.00000000    
   40.7812500       0.00000000    
   40.8515625       0.00000000    
   40.9218750       0.00000000    
   40.9921875       0.00000000    
   41.0625000       0.00000000    
   41.1328125       0.00000000    
   41.2031250       0.00000000    
   41.2734375       0.00000000    
   41.3437500       0.00000000    
   41.4140625       0.00000000    
   41.4843750       0.00000000    
   41.5546875       0.00000000    
   41.6250000       0.00000000    
   41.6953125       0.00000000    
   41.7656250       0.00000000    
   41.8359375       0.00000000    
   41.9062500       0.00000000    
   41.9765625       0.00000000    
   42.0468750       0.00000000    
   42.1171875       0.00000000    
   42.1875000       0.00000000    
   42.2578125       0.00000000    
   42.3281250       0.00000000    
   42.3984375       0.00000000    
   42.4687500       0.00000000    
   42.5390625       0.00000000    
   42.6093750       0.00000000    
   42.6796875       0.00000000    
   42.7500000       0.00000000    
   42.8203125       0.00000000    
   42.8906250       0.00000000    
   42.9609375       0.00000000    
   43.0312500       0.00000000    
   43.1015625       0.00000000    
