1993 07 12 13 17 11.0 42.850 139.200
12. 3.930E+20 7.663 173 37 78 8 54 99
  -1.12500000       0.00000000    
  -1.05468750       6.06550812E+17
 -0.984375000       6.32687578E+17
 -0.914062500       6.57378555E+17
 -0.843750000       6.80205103E+17
 -0.773437500       7.00945535E+17
 -0.703125000       7.19570712E+17
 -0.632812500       7.36388361E+17
 -0.562500000       7.52032556E+17
 -0.492187500       7.67910053E+17
 -0.421875000       7.86124219E+17
 -0.351562500       8.08302400E+17
 -0.281250000       8.35005895E+17
 -0.210937500       8.65600906E+17
 -0.140625000       8.99234691E+17
  -7.03125000E-02   9.34882027E+17
   0.00000000       9.71340389E+17
   7.03125000E-02   1.00738781E+18
  0.140625000       1.04181551E+18
  0.210937500       1.07356549E+18
  0.281250000       1.10254738E+18
  0.351562500       1.12855475E+18
  0.421875000       1.15116771E+18
  0.492187500       1.16911662E+18
  0.562500000       1.18152241E+18
  0.632812500       1.18811344E+18
  0.703125000       1.18915646E+18
  0.773437500       1.18551859E+18
  0.843750000       1.17862438E+18
  0.914062500       1.17047287E+18
  0.984375000       1.16341304E+18
   1.05468750       1.15990162E+18
   1.12500000       1.16422943E+18
   1.19531250       1.18033810E+18
   1.26562500       1.21043242E+18
   1.33593750       1.25316563E+18
   1.40625000       1.30598259E+18
   1.47656250       1.37015147E+18
   1.54687500       1.44949154E+18
   1.61718750       1.54697616E+18
   1.68750000       1.66169715E+18
   1.75781250       1.79047209E+18
   1.82812500       1.93124503E+18
   1.89843750       2.08265328E+18
   1.96875000       2.24356901E+18
   2.03906250       2.41295056E+18
   2.10937500       2.58970090E+18
   2.17968750       2.77277289E+18
   2.25000000       2.96113737E+18
   2.32031250       3.15387516E+18
   2.39062500       3.35005333E+18
   2.46093750       3.54874607E+18
   2.53125000       3.74890502E+18
   2.60156250       3.94942240E+18
   2.67187500       4.14912368E+18
   2.74218750       4.34697942E+18
   2.81250000       4.54221667E+18
   2.88281250       4.73457349E+18
   2.95312500       4.92438548E+18
   3.02343750       5.11278624E+18
   3.09375000       5.30168949E+18
   3.16406250       5.49382750E+18
   3.23437500       5.69251584E+18
   3.30468750       5.90148243E+18
   3.37500000       6.12448263E+18
   3.44531250       6.36505577E+18
   3.51562500       6.62621342E+18
   3.58593750       6.91038495E+18
   3.65625000       7.21934442E+18
   3.72656250       7.55436066E+18
   3.79687500       7.91620334E+18
   3.86718750       8.30530951E+18
   3.93750000       8.72171656E+18
   4.00781250       9.16510562E+18
   4.07812500       9.63464436E+18
   4.14843750       1.01290013E+19
   4.21875000       1.06462500E+19
   4.28906250       1.11839409E+19
   4.35937500       1.17390557E+19
   4.42968750       1.23081465E+19
   4.50000000       1.28873780E+19
   4.57031250       1.34727844E+19
   4.64062500       1.40603964E+19
   4.71093750       1.46465537E+19
   4.78125000       1.52279843E+19
   4.85156250       1.58019777E+19
   4.92187500       1.63662768E+19
   4.99218750       1.69190914E+19
   5.06250000       1.74589340E+19
   5.13281250       1.79845984E+19
   5.20312500       1.84950874E+19
   5.27343750       1.89897489E+19
   5.34375000       1.94683619E+19
   5.41406250       1.99312893E+19
   5.48437500       2.03794194E+19
   5.55468750       2.08140388E+19
   5.62500000       2.12365173E+19
   5.69531250       2.16481041E+19
   5.76562500       2.20496260E+19
   5.83593750       2.24414655E+19
   5.90625000       2.28235172E+19
   5.97656250       2.31953479E+19
   6.04687500       2.35562582E+19
   6.11718750       2.39054499E+19
   6.18750000       2.42420236E+19
   6.25781250       2.45650117E+19
   6.32812500       2.48732070E+19
   6.39843750       2.51651120E+19
   6.46875000       2.54387826E+19
   6.53906250       2.56919518E+19
   6.60937500       2.59221015E+19
   6.67968750       2.61268526E+19
   6.75000000       2.63042060E+19
   6.82031250       2.64529545E+19
   6.89062500       2.65728739E+19
   6.96093750       2.66649404E+19
   7.03125000       2.67312805E+19
   7.10156250       2.67750477E+19
   7.17187500       2.67999758E+19
   7.24218750       2.68098868E+19
   7.31250000       2.68080968E+19
   7.38281250       2.67970313E+19
   7.45312500       2.67778734E+19
   7.52343750       2.67506627E+19
   7.59375000       2.67144470E+19
   7.66406250       2.66677661E+19
   7.73437500       2.66090522E+19
   7.80468750       2.65371837E+19
   7.87500000       2.64517143E+19
   7.94531250       2.63530595E+19
   8.01562500       2.62423299E+19
   8.08593750       2.61210758E+19
   8.15625000       2.59908474E+19
   8.22656250       2.58529313E+19
   8.29687500       2.57080596E+19
   8.36718750       2.55564523E+19
   8.43750000       2.53979072E+19
   8.50781250       2.52321140E+19
   8.57812500       2.50588815E+19
   8.64843750       2.48784429E+19
   8.71875000       2.46915325E+19
   8.78906250       2.44994258E+19
   8.85937500       2.43036776E+19
   8.92968750       2.41058601E+19
   9.00000000       2.39071805E+19
   9.07031250       2.37082437E+19
   9.14062500       2.35089902E+19
   9.21093750       2.33088241E+19
   9.28125000       2.31067646E+19
   9.35156250       2.29016991E+19
   9.42187500       2.26923675E+19
   9.49218750       2.24773668E+19
   9.56250000       2.22549642E+19
   9.63281250       2.20230904E+19
   9.70312500       2.17792297E+19
   9.77343750       2.15206091E+19
   9.84375000       2.12443525E+19
   9.91406250       2.09478691E+19
   9.98437500       2.06291053E+19
   10.0546875       2.02869263E+19
   10.1250000       1.99212705E+19
   10.1953125       1.95332815E+19
   10.2656250       1.91251186E+19
   10.3359375       1.86996493E+19
   10.4062500       1.82599250E+19
   10.4765625       1.78086909E+19
   10.5468750       1.73479746E+19
   10.6171875       1.68789911E+19
   10.6875000       1.64022132E+19
   10.7578125       1.59177695E+19
   10.8281250       1.54258029E+19
   10.8984375       1.49268918E+19
   10.9687500       1.44222204E+19
   11.0390625       1.39137149E+19
   11.1093750       1.34039121E+19
   11.1796875       1.28958233E+19
   11.2500000       1.23925956E+19
   11.3203125       1.18973689E+19
   11.3906250       1.14129615E+19
   11.4609375       1.09418021E+19
   11.5312500       1.04857598E+19
   11.6015625       1.00461630E+19
   11.6718750       9.62371522E+18
   11.7421875       9.21863204E+18
   11.8125000       8.83070785E+18
   11.8828125       8.45960728E+18
   11.9531250       8.10503072E+18
   12.0234375       7.76695124E+18
   12.0937500       7.44564370E+18
   12.1640625       7.14177113E+18
   12.2343750       6.85627414E+18
   12.3046875       6.59044741E+18
   12.3750000       6.34596990E+18
   12.4453125       6.12522865E+18
   12.5156250       5.93162169E+18
   12.5859375       5.77000063E+18
   12.6562500       5.64682784E+18
   12.7265625       5.57016109E+18
   12.7968750       5.53854903E+18
   12.8671875       5.54687343E+18
   12.9375000       5.58635580E+18
   13.0078125       5.65475532E+18
   13.0781250       5.74980810E+18
   13.1484375       5.86874667E+18
   13.2187500       6.00867546E+18
   13.2890625       6.16693642E+18
   13.3593750       6.34137009E+18
   13.4296875       6.53052952E+18
   13.5000000       6.73371652E+18
   13.5703125       6.95085358E+18
   13.6406250       7.18203359E+18
   13.7109375       7.42693167E+18
   13.7812500       7.68413547E+18
   13.8515625       7.95072031E+18
   13.9218750       8.22213861E+18
   13.9921875       8.49664543E+18
   14.0625000       8.77278283E+18
   14.1328125       9.04685039E+18
   14.2031250       9.30995528E+18
   14.2734375       9.55214031E+18
   14.3437500       9.76626030E+18
   14.4140625       9.94785454E+18
   14.4843750       1.00946371E+19
   14.5546875       1.02060353E+19
   14.6250000       1.02826042E+19
   14.6953125       1.03256643E+19
   14.7656250       1.03369596E+19
   14.8359375       1.03186659E+19
   14.9062500       1.02734144E+19
   14.9765625       1.02045135E+19
   15.0468750       1.01159270E+19
   15.1171875       1.00122178E+19
   15.1875000       9.89816981E+18
   15.2578125       9.77847258E+18
   15.3281250       9.65729760E+18
   15.3984375       9.53816112E+18
   15.4687500       9.42379761E+18
   15.5390625       9.31630386E+18
   15.6093750       9.21719003E+18
   15.6796875       9.12756664E+18
   15.7500000       9.04819235E+18
   15.8203125       8.97963615E+18
   15.8906250       8.92231641E+18
   15.9609375       8.87667898E+18
   16.0312500       8.84325382E+18
   16.1015625       8.82284964E+18
   16.1718750       8.81657527E+18
   16.2421875       8.82590683E+18
   16.3125000       8.85251941E+18
   16.3828125       8.89804634E+18
   16.4531250       8.96357558E+18
   16.5234375       9.04921929E+18
   16.5937500       9.15364816E+18
   16.6640625       9.27404523E+18
   16.7343750       9.40622632E+18
   16.8046875       9.54520349E+18
   16.8750000       9.68575186E+18
   16.9453125       9.82308966E+18
   17.0156250       9.95329493E+18
   17.0859375       1.00736431E+19
   17.1562500       1.01826234E+19
   17.2265625       1.02799554E+19
   17.2968750       1.03663166E+19
   17.3671875       1.04431010E+19
   17.4375000       1.05119436E+19
   17.5078125       1.05743332E+19
   17.5781250       1.06311175E+19
   17.6484375       1.06822667E+19
   17.7187500       1.07266826E+19
   17.7890625       1.07623673E+19
   17.8593750       1.07866313E+19
   17.9296875       1.07965764E+19
   18.0000000       1.07894856E+19
   18.0703125       1.07632941E+19
   18.1406250       1.07167936E+19
   18.2109375       1.06498311E+19
   18.2812500       1.05632248E+19
   18.3515625       1.04586909E+19
   18.4218750       1.03385407E+19
   18.4921875       1.02055075E+19
   18.5625000       1.00624896E+19
   18.6328125       9.91251184E+18
   18.7031250       9.75859561E+18
   18.7734375       9.60375688E+18
   18.8437500       9.45080052E+18
   18.9140625       9.30212676E+18
   18.9843750       9.15938926E+18
   19.0546875       9.02332029E+18
   19.1250000       8.89356088E+18
   19.1953125       8.76879545E+18
   19.2656250       8.64687995E+18
   19.3359375       8.52522668E+18
   19.4062500       8.40105719E+18
   19.4765625       8.27173483E+18
   19.5468750       8.13483244E+18
   19.6171875       7.98823950E+18
   19.6875000       7.83008410E+18
   19.7578125       7.65883956E+18
   19.8281250       7.47343386E+18
   19.8984375       7.27372407E+18
   19.9687500       7.06117253E+18
   20.0390625       6.83994364E+18
   20.1093750       6.61802921E+18
   20.1796875       6.40839852E+18
   20.2500000       6.21532977E+18
   20.3203125       6.03089495E+18
   20.3906250       5.84193123E+18
   20.4609375       5.64257987E+18
   20.5312500       5.43617845E+18
   20.6015625       5.22634106E+18
   20.6718750       5.01666089E+18
   20.7421875       4.81059812E+18
   20.8125000       4.61133143E+18
   20.8828125       4.42181383E+18
   20.9531250       4.24478971E+18
   21.0234375       4.08294132E+18
   21.0937500       3.93678214E+18
   21.1640625       3.80504471E+18
   21.2343750       3.68544835E+18
   21.3046875       3.57663821E+18
   21.3750000       3.47760052E+18
   21.4453125       3.38672836E+18
   21.5156250       3.30190599E+18
   21.5859375       3.22077550E+18
   21.6562500       3.14090257E+18
   21.7265625       3.06005796E+18
   21.7968750       2.97634609E+18
   21.8671875       2.88843986E+18
   21.9375000       2.79564960E+18
   22.0078125       2.69809736E+18
   22.0781250       2.59675399E+18
   22.1484375       2.49362530E+18
   22.2187500       2.39189271E+18
   22.2890625       2.29629787E+18
   22.3593750       2.21352059E+18
   22.4296875       2.15274000E+18
   22.5000000       2.12598572E+18
   22.5703125       2.13674005E+18
   22.6406250       2.17495206E+18
   22.7109375       2.22510821E+18
   22.7812500       2.27687198E+18
   22.8515625       2.32906799E+18
   22.9218750       2.38061777E+18
   22.9921875       2.43053917E+18
   23.0625000       2.47803010E+18
   23.1328125       2.52256032E+18
   23.2031250       2.56403280E+18
   23.2734375       2.60285711E+18
   23.3437500       2.63998624E+18
   23.4140625       2.67678525E+18
   23.4843750       2.71484979E+18
   23.5546875       2.75573980E+18
   23.6250000       2.80078185E+18
   23.6953125       2.85091573E+18
   23.7656250       2.90667746E+18
   23.8359375       2.96822015E+18
   23.9062500       3.03543852E+18
   23.9765625       3.11761217E+18
   24.0468750       3.23685421E+18
   24.1171875       3.41306826E+18
   24.1875000       3.64768892E+18
   24.2578125       3.92301763E+18
   24.3281250       4.21951716E+18
   24.3984375       4.52431003E+18
   24.4687500       4.82967904E+18
   24.5390625       5.13164507E+18
   24.6093750       5.42856159E+18
   24.6796875       5.72011359E+18
   24.7500000       6.00645555E+18
   24.8203125       6.28773097E+18
   24.8906250       6.56364406E+18
   24.9609375       6.83335921E+18
   25.0312500       7.09540032E+18
   25.1015625       7.34789382E+18
   25.1718750       7.58875614E+18
   25.2421875       7.81611920E+18
   25.3125000       8.02860917E+18
   25.3828125       8.22570817E+18
   25.4531250       8.40785492E+18
   25.5234375       8.57655903E+18
   25.5937500       8.73421856E+18
   25.6640625       8.88400228E+18
   25.7343750       9.02950065E+18
   25.8046875       9.17450204E+18
   25.8750000       9.32258647E+18
   25.9453125       9.47686774E+18
   26.0156250       9.63959436E+18
   26.0859375       9.81194941E+18
   26.1562500       9.99380863E+18
   26.2265625       1.01838416E+19
   26.2968750       1.03796097E+19
   26.3671875       1.05779352E+19
   26.4375000       1.07751865E+19
   26.5078125       1.09676230E+19
   26.5781250       1.11515064E+19
   26.6484375       1.13232512E+19
   26.7187500       1.14793456E+19
   26.7890625       1.16164327E+19
   26.8593750       1.17312569E+19
   26.9296875       1.18208594E+19
   27.0000000       1.18826915E+19
   27.0703125       1.19149314E+19
   27.1406250       1.19166357E+19
   27.2109375       1.18879989E+19
   27.2812500       1.18303273E+19
   27.3515625       1.17460167E+19
   27.4218750       1.16381821E+19
   27.4921875       1.15102957E+19
   27.5625000       1.13656165E+19
   27.6328125       1.12067921E+19
   27.7031250       1.10354189E+19
   27.7734375       1.08519950E+19
   27.8437500       1.06559422E+19
   27.9140625       1.04460685E+19
   27.9843750       1.02209853E+19
   28.0546875       9.97968101E+18
   28.1250000       9.72173998E+18
   28.1953125       9.44743931E+18
   28.2656250       9.15751459E+18
   28.3359375       8.85296416E+18
   28.4062500       8.53484631E+18
   28.4765625       8.20436170E+18
   28.5468750       7.86298093E+18
   28.6171875       7.51277768E+18
   28.6875000       7.15659694E+18
   28.7578125       6.79824686E+18
   28.8281250       6.44237563E+18
   28.8984375       6.09432577E+18
   28.9687500       5.75971140E+18
   29.0390625       5.44408339E+18
   29.1093750       5.15243243E+18
   29.1796875       4.88887730E+18
   29.2500000       4.65631904E+18
   29.3203125       4.45637808E+18
   29.3906250       4.28937298E+18
   29.4609375       4.15460529E+18
   29.5312500       4.05063190E+18
   29.6015625       3.97570980E+18
   29.6718750       3.92806466E+18
   29.7421875       3.90619648E+18
   29.8125000       3.90892986E+18
   29.8828125       3.93549544E+18
   29.9531250       3.98537863E+18
   30.0234375       4.05825399E+18
   30.0937500       4.15374080E+18
   30.1640625       4.27128766E+18
   30.2343750       4.40991959E+18
   30.3046875       4.56817395E+18
   30.3750000       4.74395232E+18
   30.4453125       4.93460544E+18
   30.5156250       5.13694801E+18
   30.5859375       5.34750449E+18
   30.6562500       5.56267287E+18
   30.7265625       5.77904631E+18
   30.7968750       5.99358632E+18
   30.8671875       6.20385802E+18
   30.9375000       6.40802139E+18
   31.0078125       6.60481912E+18
   31.0781250       6.79328366E+18
   31.1484375       6.97251011E+18
   31.2187500       7.14128624E+18
   31.2890625       7.29797984E+18
   31.3593750       7.44044301E+18
   31.4296875       7.56622714E+18
   31.5000000       7.67275168E+18
   31.5703125       7.75761748E+18
   31.6406250       7.81869041E+18
   31.7109375       7.85428765E+18
   31.7812500       7.86318709E+18
   31.8515625       7.84482415E+18
   31.9218750       7.79938078E+18
   31.9921875       7.72801313E+18
   32.0625000       7.63287074E+18
   32.1328125       7.51714385E+18
   32.2031250       7.38482257E+18
   32.2734375       7.24050672E+18
   32.3437500       7.08903195E+18
   32.4140625       6.93522732E+18
   32.4843750       6.78355683E+18
   32.5546875       6.63789298E+18
   32.6250000       6.50119895E+18
   32.6953125       6.37541372E+18
   32.7656250       6.26134159E+18
   32.8359375       6.15888525E+18
   32.9062500       6.06731352E+18
   32.9765625       5.98575340E+18
   33.0468750       5.91350394E+18
   33.1171875       5.84986970E+18
   33.1875000       5.79207772E+18
   33.2578125       5.73752435E+18
   33.3281250       5.68494791E+18
   33.3984375       5.63787396E+18
   33.4687500       5.60008595E+18
   33.5390625       5.57496156E+18
   33.6093750       5.56416710E+18
   33.6796875       5.57003300E+18
   33.7500000       5.59530747E+18
   33.8203125       5.64291578E+18
   33.8906250       5.71549179E+18
   33.9609375       5.81506026E+18
   34.0312500       5.94266299E+18
   34.1015625       6.09826917E+18
   34.1718750       6.28068640E+18
   34.2421875       6.48773543E+18
   34.3125000       6.71639921E+18
   34.3828125       6.96315161E+18
   34.4531250       7.22419711E+18
   34.5234375       7.49584686E+18
   34.5937500       7.77478526E+18
   34.6640625       8.05841418E+18
   34.7343750       8.34496780E+18
   34.8046875       8.63360939E+18
   34.8750000       8.92422241E+18
   34.9453125       9.21719113E+18
   35.0156250       9.51298450E+18
   35.0859375       9.81193511E+18
   35.1562500       1.01139842E+19
   35.2265625       1.04186544E+19
   35.2968750       1.07249454E+19
   35.3671875       1.10313617E+19
   35.4375000       1.13358099E+19
   35.5078125       1.16356720E+19
   35.5781250       1.19277726E+19
   35.6484375       1.22085571E+19
   35.7187500       1.24741584E+19
   35.7890625       1.27206261E+19
   35.8593750       1.29439874E+19
   35.9296875       1.31404911E+19
   36.0000000       1.33067152E+19
   36.0703125       1.34398507E+19
   36.1406250       1.35378216E+19
   36.2109375       1.35994701E+19
   36.2812500       1.36245258E+19
   36.3515625       1.36135625E+19
   36.4218750       1.35677525E+19
   36.4921875       1.34886844E+19
   36.5625000       1.33781186E+19
   36.6328125       1.32379980E+19
   36.7031250       1.30704390E+19
   36.7734375       1.28779464E+19
   36.8437500       1.26634745E+19
   36.9140625       1.24305518E+19
   36.9843750       1.21831507E+19
   37.0546875       1.19255802E+19
   37.1250000       1.16621537E+19
   37.1953125       1.13969647E+19
   37.2656250       1.11334920E+19
   37.3359375       1.08744020E+19
   37.4062500       1.06213725E+19
   37.4765625       1.03752468E+19
   37.5468750       1.01362724E+19
   37.6171875       9.90457007E+18
   37.6875000       9.68045221E+18
   37.7578125       9.46471374E+18
   37.8281250       9.25856630E+18
   37.8984375       9.06348710E+18
   37.9687500       8.88084503E+18
   38.0390625       8.71169781E+18
   38.1093750       8.55660839E+18
   38.1796875       8.41578514E+18
   38.2500000       8.28925060E+18
   38.3203125       8.17714604E+18
   38.3906250       8.07984421E+18
   38.4609375       7.99802405E+18
   38.5312500       7.93247337E+18
   38.6015625       7.88386781E+18
   38.6718750       7.85234756E+18
   38.7421875       7.83719519E+18
   38.8125000       7.83649095E+18
   38.8828125       7.84702372E+18
   38.9531250       7.86428935E+18
   39.0234375       7.88276994E+18
   39.0937500       7.89625655E+18
   39.1640625       7.89838246E+18
   39.2343750       7.88308056E+18
   39.3046875       7.84515950E+18
   39.3750000       7.78072812E+18
   39.4453125       7.68763687E+18
   39.5156250       7.56556964E+18
   39.5859375       7.41601461E+18
   39.6562500       7.24180854E+18
   39.7265625       7.04662928E+18
   39.7968750       6.83426411E+18
   39.8671875       6.60811436E+18
   39.9375000       6.37077543E+18
   40.0078125       6.12405602E+18
   40.0781250       5.86910511E+18
   40.1484375       5.60687104E+18
   40.2187500       5.33849894E+18
   40.2890625       5.06589922E+18
   40.3593750       4.62515778E+18
   40.4296875       4.41422857E+18
   40.5000000       4.20305994E+18
   40.5703125       3.76998348E+18
   40.6406250       3.59983818E+18
   40.7109375       3.08173428E+18
   40.7812500       2.99672361E+18
   40.8515625       2.91024702E+18
   40.9218750       2.82282760E+18
   40.9921875       2.56543880E+18
   41.0625000       2.53646915E+18
   41.1328125       2.35521795E+18
   41.2031250       2.33733357E+18
   41.2734375       2.30548581E+18
   41.3437500       2.25827745E+18
   41.4140625       2.19554523E+18
   41.4843750       2.11865239E+18
   41.5546875       1.82806934E+18
   41.6250000       1.79453615E+18
   41.6953125       1.75661166E+18
   41.7656250       1.71745888E+18
   41.8359375       1.68018667E+18
   41.9062500       1.64743785E+18
   41.9765625       1.62104559E+18
   42.0468750       1.60182035E+18
   42.1171875       1.58950569E+18
   42.1875000       1.58289680E+18
   42.2578125       1.58007916E+18
   42.3281250       1.57871412E+18
   42.3984375       1.57633752E+18
   42.4687500       1.57063559E+18
   42.5390625       1.55968940E+18
   42.6093750       1.54216992E+18
   42.6796875       1.51746747E+18
   42.7500000       1.48573130E+18
   42.8203125       1.44779802E+18
   42.8906250       1.40500887E+18
   42.9609375       1.35894882E+18
   43.0312500       1.31117490E+18
   43.1015625       1.26297286E+18
   43.1718750       1.21520018E+18
   43.2421875       1.16823811E+18
   43.3125000       1.12207045E+18
   43.3828125       1.07646147E+18
   43.4531250       1.03117155E+18
   43.5234375       9.86155346E+17
   43.5937500       9.41682437E+17
   43.6640625       8.98354945E+17
   43.7343750       8.57022928E+17
   43.8046875       8.18640077E+17
   43.8750000       7.84107303E+17
   43.9453125       7.54128637E+17
   44.0156250       7.29084923E+17
   44.0859375       7.08917544E+17
   44.1562500       6.93039428E+17
   44.2265625       5.05965530E+17
   44.2968750       5.17638942E+17
   44.3671875       5.29754976E+17
   44.4375000       5.40309016E+17
   44.5078125       5.47148769E+17
   44.5781250       5.48175369E+17
   44.6484375       5.41568369E+17
   44.7187500       5.25985197E+17
   44.7890625       5.00708971E+17
   44.8593750       4.65715467E+17
   44.9296875       4.21673911E+17
   45.0000000       3.69898045E+17
   45.0703125       3.12277280E+17
   45.1406250       2.51210249E+17
   45.2109375       0.00000000    
   45.2812500       0.00000000    
   45.3515625       0.00000000    
   45.4218750       0.00000000    
   45.4921875       0.00000000    
   45.5625000       0.00000000    
   45.6328125       0.00000000    
   45.7031250       0.00000000    
   45.7734375       0.00000000    
   45.8437500       0.00000000    
   45.9140625       0.00000000    
   45.9843750       0.00000000    
   46.0546875       0.00000000    
   46.1250000       0.00000000    
   46.1953125       0.00000000    
   46.2656250       0.00000000    
   46.3359375       0.00000000    
   46.4062500       0.00000000    
   46.4765625       0.00000000    
   46.5468750       0.00000000    
   46.6171875       0.00000000    
   46.6875000       0.00000000    
   46.7578125       0.00000000    
   46.8281250       0.00000000    
   46.8984375       0.00000000    
   46.9687500       0.00000000    
   47.0390625       0.00000000    
   47.1093750       0.00000000    
   47.1796875       0.00000000    
   47.2500000       0.00000000    
   47.3203125       0.00000000    
   47.3906250       0.00000000    
   47.4609375       0.00000000    
   47.5312500       0.00000000    
   47.6015625       0.00000000    
   47.6718750       0.00000000    
   47.7421875       0.00000000    
   47.8125000       0.00000000    
   47.8828125       0.00000000    
   47.9531250       0.00000000    
   48.0234375       0.00000000    
   48.0937500       0.00000000    
   48.1640625       0.00000000    
   48.2343750       0.00000000    
   48.3046875       0.00000000    
   48.3750000       0.00000000    
   48.4453125       0.00000000    
   48.5156250       0.00000000    
   48.5859375       0.00000000    
   48.6562500       0.00000000    
   48.7265625       0.00000000    
   48.7968750       0.00000000    
   48.8671875       0.00000000    
