1993 07 12 13 17 11.0 42.850 139.200
12. 3.930E+20 7.663 173 37 78 8 54 99
  -1.12500000       0.00000000    
  -1.05468750       0.00000000    
 -0.984375000       0.00000000    
 -0.914062500       0.00000000    
 -0.843750000       0.00000000    
 -0.773437500       0.00000000    
 -0.703125000       0.00000000    
 -0.632812500       0.00000000    
 -0.562500000       0.00000000    
 -0.492187500       0.00000000    
 -0.421875000       0.00000000    
 -0.351562500       0.00000000    
 -0.281250000       0.00000000    
 -0.210937500       0.00000000    
 -0.140625000       0.00000000    
  -7.03125000E-02   0.00000000    
   0.00000000       0.00000000    
   7.03125000E-02   1.23532097E+18
  0.140625000       1.25130814E+18
  0.210937500       1.27890190E+18
  0.281250000       1.31766243E+18
  0.351562500       1.36689155E+18
  0.421875000       1.42512306E+18
  0.492187500       1.49054524E+18
  0.562500000       1.56020920E+18
  0.632812500       1.63034952E+18
  0.703125000       1.69600342E+18
  0.773437500       1.75218915E+18
  0.843750000       1.79440009E+18
  0.914062500       1.82015326E+18
  0.984375000       1.82911483E+18
   1.05468750       1.82368984E+18
   1.12500000       1.80798840E+18
   1.19531250       1.78755714E+18
   1.26562500       1.76804081E+18
   1.33593750       1.75510382E+18
   1.40625000       1.75347146E+18
   1.47656250       1.76719268E+18
   1.54687500       1.79893022E+18
   1.61718750       1.85038310E+18
   1.68750000       1.92168547E+18
   1.75781250       2.01198465E+18
   1.82812500       2.11913302E+18
   1.89843750       2.24060074E+18
   1.96875000       2.37337089E+18
   2.03906250       2.51485000E+18
   2.10937500       2.66258560E+18
   2.17968750       2.81492322E+18
   2.25000000       2.97041395E+18
   2.32031250       3.12823675E+18
   2.39062500       3.28752410E+18
   2.46093750       3.44782740E+18
   2.53125000       3.60845533E+18
   2.60156250       3.76890788E+18
   2.67187500       3.92824223E+18
   2.74218750       4.08562083E+18
   2.81250000       4.23982514E+18
   2.88281250       4.38992469E+18
   2.95312500       4.53497392E+18
   3.02343750       4.67481833E+18
   3.09375000       4.80977733E+18
   3.16406250       4.94131356E+18
   3.23437500       5.07156170E+18
   3.30468750       5.20390827E+18
   3.37500000       5.34241430E+18
   3.44531250       5.49228268E+18
   3.51562500       5.65916876E+18
   3.58593750       5.84950466E+18
   3.65625000       6.06955927E+18
   3.72656250       6.32544476E+18
   3.79687500       6.62197535E+18
   3.86718750       6.96268102E+18
   3.93750000       7.34877893E+18
   4.00781250       7.77937902E+18
   4.07812500       8.25083751E+18
   4.14843750       8.75753590E+18
   4.21875000       9.29184632E+18
   4.28906250       9.84542954E+18
   4.35937500       1.04095516E+19
   4.42968750       1.09764587E+19
   4.50000000       1.15394350E+19
   4.57031250       1.20937076E+19
   4.64062500       1.26360648E+19
   4.71093750       1.31655247E+19
   4.78125000       1.36826921E+19
   4.85156250       1.41900640E+19
   4.92187500       1.46909729E+19
   4.99218750       1.51895849E+19
   5.06250000       1.56896945E+19
   5.13281250       1.61947573E+19
   5.20312500       1.67070990E+19
   5.27343750       1.72285819E+19
   5.34375000       1.77602673E+19
   5.41406250       1.83030720E+19
   5.48437500       1.88570290E+19
   5.55468750       1.94215403E+19
   5.62500000       1.99943903E+19
   5.69531250       2.05722144E+19
   5.76562500       2.11502123E+19
   5.83593750       2.17234734E+19
   5.90625000       2.22872590E+19
   5.97656250       2.28381495E+19
   6.04687500       2.33736095E+19
   6.11718750       2.38922887E+19
   6.18750000       2.43929118E+19
   6.25781250       2.48742823E+19
   6.32812500       2.53343598E+19
   6.39843750       2.57709187E+19
   6.46875000       2.61812784E+19
   6.53906250       2.65633367E+19
   6.60937500       2.69153608E+19
   6.67968750       2.72368272E+19
   6.75000000       2.75278855E+19
   6.82031250       2.77897276E+19
   6.89062500       2.80236553E+19
   6.96093750       2.82314080E+19
   7.03125000       2.84144503E+19
   7.10156250       2.85744996E+19
   7.17187500       2.87130073E+19
   7.24218750       2.88318909E+19
   7.31250000       2.89330635E+19
   7.38281250       2.90188958E+19
   7.45312500       2.90912613E+19
   7.52343750       2.91516135E+19
   7.59375000       2.91999084E+19
   7.66406250       2.92348113E+19
   7.73437500       2.92530764E+19
   7.80468750       2.92504838E+19
   7.87500000       2.92219910E+19
   7.94531250       2.91630308E+19
   8.01562500       2.90695921E+19
   8.08593750       2.89391878E+19
   8.15625000       2.87705315E+19
   8.22656250       2.85640718E+19
   8.29687500       2.83212755E+19
   8.36718750       2.80451331E+19
   8.43750000       2.77396602E+19
   8.50781250       2.74105544E+19
   8.57812500       2.70647140E+19
   8.64843750       2.67107966E+19
   8.71875000       2.63583833E+19
   8.78906250       2.60178074E+19
   8.85937500       2.56983685E+19
   8.92968750       2.54074289E+19
   9.00000000       2.51485093E+19
   9.07031250       2.49209390E+19
   9.14062500       2.47192842E+19
   9.21093750       2.45347422E+19
   9.28125000       2.43561331E+19
   9.35156250       2.41720067E+19
   9.42187500       2.39714228E+19
   9.49218750       2.37452356E+19
   9.56250000       2.34860500E+19
   9.63281250       2.31888322E+19
   9.70312500       2.28503695E+19
   9.77343750       2.24697999E+19
   9.84375000       2.20480933E+19
   9.91406250       2.15884688E+19
   9.98437500       2.10956743E+19
   10.0546875       2.05762144E+19
   10.1250000       2.00375329E+19
   10.1953125       1.94881047E+19
   10.2656250       1.89363456E+19
   10.3359375       1.83902688E+19
   10.4062500       1.78561700E+19
   10.4765625       1.73382813E+19
   10.5468750       1.68378045E+19
   10.6171875       1.63534037E+19
   10.6875000       1.58813624E+19
   10.7578125       1.54170068E+19
   10.8281250       1.49552801E+19
   10.8984375       1.44920635E+19
   10.9687500       1.40242015E+19
   11.0390625       1.35500196E+19
   11.1093750       1.30684763E+19
   11.1796875       1.25790826E+19
   11.2500000       1.20809511E+19
   11.3203125       1.15729987E+19
   11.3906250       1.10534872E+19
   11.4609375       1.05206814E+19
   11.5312500       9.97273979E+18
   11.6015625       9.40845173E+18
   11.6718750       8.82690574E+18
   11.7421875       8.22797811E+18
   11.8125000       7.61195473E+18
   11.8828125       6.98011543E+18
   11.9531250       6.33442723E+18
   12.0234375       5.67809025E+18
   12.0937500       5.01500997E+18
   12.1640625       4.35002617E+18
   12.2343750       3.68819136E+18
   12.3046875       3.03531427E+18
   12.3750000       2.39835592E+18
   12.4453125       1.78780165E+18
   12.5156250       1.22014015E+18
   12.5859375       7.21826223E+17
   12.6562500       3.32064056E+17
   12.7265625       1.05187829E+17
   12.7968750       1.42323373E+16
   12.8671875       6.70788744E+15
   12.9375000       6.73367335E+15
   13.0078125       6.75949308E+15
   13.0781250       6.78534449E+15
   13.1484375       6.81122865E+15
   13.2187500       6.83714555E+15
   13.2890625       6.86309360E+15
   13.3593750       6.88907278E+15
   13.4296875       6.91508364E+15
   13.5000000       6.94112456E+15
   13.5703125       6.96719609E+15
   13.6406250       6.99329661E+15
   13.7109375       7.01942665E+15
   13.7812500       7.04558569E+15
   13.8515625       7.07177264E+15
   13.9218750       7.09798858E+15
   13.9921875       4.40684389E+16
   14.0625000       1.64038236E+17
   14.1328125       3.92871207E+17
   14.2031250       7.04393603E+17
   14.2734375       1.05351466E+18
   14.3437500       1.40946794E+18
   14.4140625       1.75402327E+18
   14.4843750       2.07787164E+18
   14.5546875       2.37791242E+18
   14.6250000       2.65401793E+18
   14.6953125       2.90762167E+18
   14.7656250       3.14022445E+18
   14.8359375       3.35369821E+18
   14.9062500       3.55008335E+18
   14.9765625       3.73252064E+18
   15.0468750       3.90496887E+18
   15.1171875       4.07253967E+18
   15.1875000       4.24040623E+18
   15.2578125       4.41346304E+18
   15.3281250       4.59500285E+18
   15.3984375       4.78670243E+18
   15.4687500       4.98805435E+18
   15.5390625       5.19725513E+18
   15.6093750       5.41140261E+18
   15.6796875       5.62783652E+18
   15.7500000       5.84436830E+18
   15.8203125       6.06034207E+18
   15.8906250       6.27639225E+18
   15.9609375       6.49495427E+18
   16.0312500       6.71946080E+18
   16.1015625       6.95429010E+18
   16.1718750       7.20346747E+18
   16.2421875       7.47029420E+18
   16.3125000       7.75597646E+18
   16.3828125       8.05948895E+18
   16.4531250       8.37680526E+18
   16.5234375       8.70166367E+18
   16.5937500       9.02575241E+18
   16.6640625       9.34017865E+18
   16.7343750       9.63595608E+18
   16.8046875       9.90541229E+18
   16.8750000       1.01423285E+19
   16.9453125       1.03429025E+19
   17.0156250       1.05054279E+19
   17.0859375       1.06308173E+19
   17.1562500       1.07218766E+19
   17.2265625       1.07833855E+19
   17.2968750       1.08210427E+19
   17.3671875       1.08414958E+19
   17.4375000       1.08514805E+19
   17.5078125       1.08581237E+19
   17.5781250       1.08681469E+19
   17.6484375       1.08878556E+19
   17.7187500       1.09217920E+19
   17.7890625       1.09722431E+19
   17.8593750       1.10379719E+19
   17.9296875       1.11145749E+19
   18.0000000       1.11946106E+19
   18.0703125       1.12693389E+19
   18.1406250       1.13297065E+19
   18.2109375       1.13682586E+19
   18.2812500       1.13797342E+19
   18.3515625       1.13621794E+19
   18.4218750       1.13166685E+19
   18.4921875       1.12476367E+19
   18.5625000       1.11618726E+19
   18.6328125       1.10681557E+19
   18.7031250       1.09756131E+19
   18.7734375       1.08929607E+19
   18.8437500       1.08267942E+19
   18.9140625       1.07812030E+19
   18.9843750       1.07567927E+19
   19.0546875       1.07512457E+19
   19.1250000       1.07593282E+19
   19.1953125       1.07741870E+19
   19.2656250       1.07877792E+19
   19.3359375       1.07922817E+19
   19.4062500       1.07804003E+19
   19.4765625       1.07464067E+19
   19.5468750       1.06859017E+19
   19.6171875       1.05963190E+19
   19.6875000       1.04763073E+19
   19.7578125       1.03260228E+19
   19.8281250       1.01464549E+19
   19.8984375       9.93983360E+18
   19.9687500       9.70912858E+18
   20.0390625       9.45862574E+18
   20.1093750       9.19343014E+18
   20.1796875       8.91987714E+18
   20.2500000       8.64471281E+18
   20.3203125       8.37494708E+18
   20.3906250       8.11646839E+18
   20.4609375       7.87354889E+18
   20.5312500       7.64762399E+18
   20.6015625       7.43748093E+18
   20.6718750       7.23905481E+18
   20.7421875       7.04674308E+18
   20.8125000       6.85416032E+18
   20.8828125       6.65595026E+18
   20.9531250       6.44842954E+18
   21.0234375       6.23070370E+18
   21.0937500       6.00416142E+18
   21.1640625       5.77227167E+18
   21.2343750       5.53895530E+18
   21.3046875       5.30783686E+18
   21.3750000       5.08081409E+18
   21.4453125       4.85803875E+18
   21.5156250       4.63740799E+18
   21.5859375       4.41534458E+18
   21.6562500       4.18678085E+18
   21.7265625       3.94611012E+18
   21.7968750       3.68713253E+18
   21.8671875       3.40394204E+18
   21.9375000       3.09095863E+18
   22.0078125       2.74416167E+18
   22.0781250       2.36176335E+18
   22.1484375       1.94641156E+18
   22.2187500       1.50712148E+18
   22.2890625       1.06277894E+18
   22.3593750       6.44976888E+17
   22.4296875       3.01470592E+17
   22.5000000       9.74867124E+16
   22.5703125       1.53154625E+16
   22.6406250       1.04132309E+16
   22.7109375       1.04391038E+16
   22.7812500       1.04649380E+16
   22.8515625       1.04907346E+16
   22.9218750       1.05164905E+16
   22.9921875       1.05422066E+16
   23.0625000       1.05678862E+16
   23.1328125       1.05935218E+16
   23.2031250       1.06191177E+16
   23.2734375       1.06446716E+16
   23.3437500       1.06701816E+16
   23.4140625       1.06956497E+16
   23.4843750       1.07210727E+16
   23.5546875       1.07464527E+16
   23.6250000       1.07717866E+16
   23.6953125       1.07970764E+16
   23.7656250       1.08223179E+16
   23.8359375       1.08475144E+16
   23.9062500       1.08726625E+16
   23.9765625       1.31673411E+16
   24.0468750       8.92836942E+16
   24.1171875       2.87727985E+17
   24.1875000       6.36583491E+17
   24.2578125       1.08176819E+18
   24.3281250       1.58342113E+18
   24.3984375       2.11454022E+18
   24.4687500       2.65765869E+18
   24.5390625       3.20234686E+18
   24.6093750       3.74211581E+18
   24.6796875       4.27308729E+18
   24.7500000       4.79241329E+18
   24.8203125       5.29835302E+18
   24.8906250       5.78967969E+18
   24.9609375       6.26623826E+18
   25.0312500       6.72833001E+18
   25.1015625       7.17695440E+18
   25.1718750       7.61285963E+18
   25.2421875       8.03667793E+18
   25.3125000       8.44815092E+18
   25.3828125       8.84664252E+18
   25.4531250       9.23092018E+18
   25.5234375       9.60020986E+18
   25.5937500       9.95432077E+18
   25.6640625       1.02947197E+19
   25.7343750       1.06243049E+19
   25.8046875       1.09479142E+19
   25.8750000       1.12713884E+19
   25.9453125       1.16013067E+19
   26.0156250       1.19434011E+19
   26.0859375       1.23020134E+19
   26.1562500       1.26786632E+19
   26.2265625       1.30721223E+19
   26.2968750       1.34779576E+19
   26.3671875       1.38896367E+19
   26.4375000       1.42988508E+19
   26.5078125       1.46968366E+19
   26.5781250       1.50744836E+19
   26.6484375       1.54232267E+19
   26.7187500       1.57347613E+19
   26.7890625       1.60016479E+19
   26.8593750       1.62169191E+19
   26.9296875       1.63748288E+19
   27.0000000       1.64707172E+19
   27.0703125       1.65019972E+19
   27.1406250       1.64680761E+19
   27.2109375       1.63712828E+19
   27.2812500       1.62164991E+19
   27.3515625       1.60115369E+19
   27.4218750       1.57660380E+19
   27.4921875       1.54910556E+19
   27.5625000       1.51973772E+19
   27.6328125       1.48947036E+19
   27.7031250       1.45899761E+19
   27.7734375       1.42871091E+19
   27.8437500       1.39863234E+19
   27.9140625       1.36850352E+19
   27.9843750       1.33781472E+19
   28.0546875       1.30595483E+19
   28.1250000       1.27225634E+19
   28.1953125       1.23612012E+19
   28.2656250       1.19701357E+19
   28.3359375       1.15455120E+19
   28.4062500       1.10847067E+19
   28.4765625       1.05870127E+19
   28.5468750       1.00532933E+19
   28.6171875       9.48654234E+18
   28.6875000       8.89143223E+18
   28.7578125       8.27475024E+18
   28.8281250       7.64476636E+18
   28.8984375       7.01144161E+18
   28.9687500       6.38552318E+18
   29.0390625       5.77840200E+18
   29.1093750       5.20083513E+18
   29.1796875       4.66264343E+18
   29.2500000       4.17165762E+18
   29.3203125       3.73396595E+18
   29.3906250       3.35354922E+18
   29.4609375       3.03309024E+18
   29.5312500       2.77387845E+18
   29.6015625       2.57650649E+18
   29.6718750       2.44039300E+18
   29.7421875       2.36409211E+18
   29.8125000       2.34464587E+18
   29.8828125       2.37801000E+18
   29.9531250       2.45868145E+18
   30.0234375       2.58044521E+18
   30.0937500       2.73621605E+18
   30.1640625       2.91881964E+18
   30.2343750       3.12073616E+18
   30.3046875       3.33480337E+18
   30.3750000       3.55396160E+18
   30.4453125       3.77203737E+18
   30.5156250       3.98355812E+18
   30.5859375       4.18451008E+18
   30.6562500       4.37201695E+18
   30.7265625       4.54486457E+18
   30.7968750       4.70290755E+18
   30.8671875       4.84737293E+18
   30.9375000       4.98010708E+18
   31.0078125       5.10374936E+18
   31.0781250       5.22087538E+18
   31.1484375       5.33410144E+18
   31.2187500       5.44522578E+18
   31.2890625       5.55543148E+18
   31.3593750       5.66460969E+18
   31.4296875       5.77183791E+18
   31.5000000       5.87500179E+18
   31.5703125       5.97150153E+18
   31.6406250       6.05797647E+18
   31.7109375       6.13105716E+18
   31.7812500       6.18713775E+18
   31.8515625       6.22315610E+18
   31.9218750       6.23640301E+18
   31.9921875       6.22530619E+18
   32.0625000       6.18919108E+18
   32.1328125       6.12892136E+18
   32.2031250       6.04641290E+18
   32.2734375       5.94502199E+18
   32.3437500       5.82882340E+18
   32.4140625       5.70278968E+18
   32.4843750       5.57188787E+18
   32.5546875       5.44116639E+18
   32.6250000       5.31488638E+18
   32.6953125       5.19674165E+18
   32.7656250       5.08919897E+18
   32.8359375       4.99392739E+18
   32.9062500       4.91134582E+18
   32.9765625       4.84120302E+18
   33.0468750       4.78224611E+18
   33.1171875       4.73295116E+18
   33.1875000       4.69132584E+18
   33.2578125       4.65569947E+18
   33.3281250       4.62444585E+18
   33.3984375       4.59657213E+18
   33.4687500       4.57119898E+18
   33.5390625       4.54795173E+18
   33.6093750       4.52633285E+18
   33.6796875       4.50617221E+18
   33.7500000       4.48714736E+18
   33.8203125       4.46935534E+18
   33.8906250       4.45287586E+18
   33.9609375       4.43829331E+18
   34.0312500       4.42617944E+18
   34.1015625       4.41752271E+18
   34.1718750       4.41316425E+18
   34.2421875       4.41425469E+18
   34.3125000       4.42178359E+18
   34.3828125       4.43715092E+18
   34.4531250       4.46177173E+18
   34.5234375       4.49768645E+18
   34.5937500       4.54710126E+18
   34.6640625       4.61284930E+18
   34.7343750       4.69772940E+18
   34.8046875       4.80477290E+18
   34.8750000       4.93643557E+18
   34.9453125       5.09477624E+18
   35.0156250       5.28064319E+18
   35.0859375       5.49396878E+18
   35.1562500       5.73318678E+18
   35.2265625       5.99582327E+18
   35.2968750       6.27824053E+18
   35.3671875       6.57652429E+18
   35.4375000       6.88639086E+18
   35.5078125       7.20399524E+18
   35.5781250       7.52556336E+18
   35.6484375       7.84787914E+18
   35.7187500       8.16763527E+18
   35.7890625       8.48178608E+18
   35.8593750       8.78694179E+18
   35.9296875       9.07992590E+18
   36.0000000       9.35738051E+18
   36.0703125       9.61642875E+18
   36.1406250       9.85424652E+18
   36.2109375       1.00686161E+19
   36.2812500       1.02573946E+19
   36.3515625       1.04189447E+19
   36.4218750       1.05515260E+19
   36.4921875       1.06537905E+19
   36.5625000       1.07243604E+19
   36.6328125       1.07624926E+19
   36.7031250       1.07677857E+19
   36.7734375       1.07409136E+19
   36.8437500       1.06832849E+19
   36.9140625       1.05976208E+19
   36.9843750       1.04873585E+19
   37.0546875       1.03569597E+19
   37.1250000       1.02111282E+19
   37.1953125       1.00549547E+19
   37.2656250       9.89306698E+18
   37.3359375       9.72982578E+18
   37.4062500       9.56862748E+18
   37.4765625       9.41231871E+18
   37.5468750       9.26265319E+18
   37.6171875       9.12081619E+18
   37.6875000       8.98700672E+18
   37.7578125       8.86100159E+18
   37.8281250       8.74175461E+18
   37.8984375       8.62800683E+18
   37.9687500       8.51795067E+18
   38.0390625       8.40986537E+18
   38.1093750       8.30170696E+18
   38.1796875       8.19167059E+18
   38.2500000       8.07777273E+18
   38.3203125       7.95843009E+18
   38.3906250       7.83210720E+18
   38.4609375       7.69798162E+18
   38.5312500       7.55564874E+18
   38.6015625       7.40569075E+18
   38.6718750       7.24912524E+18
   38.7421875       7.08767515E+18
   38.8125000       6.92304198E+18
   38.8828125       6.75713557E+18
   38.9531250       6.59138749E+18
   39.0234375       6.42710396E+18
   39.0937500       6.26491775E+18
   39.1640625       6.10526481E+18
   39.2343750       5.94792085E+18
   39.3046875       5.79258240E+18
   39.3750000       5.63850289E+18
   39.4453125       5.48507978E+18
   39.5156250       5.33137575E+18
   39.5859375       5.17653868E+18
   39.6562500       5.01925134E+18
   39.7265625       4.85820257E+18
   39.7968750       4.69170188E+18
   39.8671875       4.51835177E+18
   39.9375000       4.33679987E+18
   40.0078125       4.14638369E+18
   40.0781250       3.94666868E+18
   40.1484375       3.73782909E+18
   40.2187500       3.52002710E+18
   40.2890625       3.29381908E+18
   40.3593750       3.05968522E+18
   40.4296875       2.81861785E+18
   40.5000000       2.57176649E+18
   40.5703125       2.32099785E+18
   40.6406250       2.06842175E+18
   40.7109375       0.00000000    
   40.7812500       0.00000000    
   40.8515625       0.00000000    
   40.9218750       0.00000000    
   40.9921875       0.00000000    
   41.0625000       0.00000000    
   41.1328125       0.00000000    
   41.2031250       0.00000000    
   41.2734375       0.00000000    
   41.3437500       0.00000000    
   41.4140625       0.00000000    
   41.4843750       0.00000000    
   41.5546875       0.00000000    
   41.6250000       0.00000000    
   41.6953125       0.00000000    
   41.7656250       0.00000000    
   41.8359375       0.00000000    
   41.9062500       0.00000000    
   41.9765625       0.00000000    
   42.0468750       0.00000000    
   42.1171875       0.00000000    
   42.1875000       0.00000000    
   42.2578125       0.00000000    
   42.3281250       0.00000000    
   42.3984375       0.00000000    
   42.4687500       0.00000000    
   42.5390625       0.00000000    
   42.6093750       0.00000000    
   42.6796875       0.00000000    
   42.7500000       0.00000000    
   42.8203125       0.00000000    
   42.8906250       0.00000000    
   42.9609375       0.00000000    
   43.0312500       0.00000000    
   43.1015625       0.00000000    
   43.1718750       0.00000000    
   43.2421875       0.00000000    
   43.3125000       0.00000000    
   43.3828125       0.00000000    
   43.4531250       0.00000000    
   43.5234375       0.00000000    
   43.5937500       0.00000000    
   43.6640625       0.00000000    
   43.7343750       0.00000000    
   43.8046875       0.00000000    
   43.8750000       0.00000000    
   43.9453125       0.00000000    
   44.0156250       0.00000000    
   44.0859375       0.00000000    
   44.1562500       0.00000000    
   44.2265625       0.00000000    
   44.2968750       0.00000000    
   44.3671875       0.00000000    
   44.4375000       0.00000000    
   44.5078125       0.00000000    
   44.5781250       0.00000000    
   44.6484375       0.00000000    
   44.7187500       0.00000000    
   44.7890625       0.00000000    
   44.8593750       0.00000000    
   44.9296875       0.00000000    
   45.0000000       0.00000000    
   45.0703125       0.00000000    
   45.1406250       0.00000000    
   45.2109375       0.00000000    
   45.2812500       0.00000000    
   45.3515625       0.00000000    
   45.4218750       0.00000000    
   45.4921875       0.00000000    
   45.5625000       0.00000000    
   45.6328125       0.00000000    
   45.7031250       0.00000000    
   45.7734375       0.00000000    
   45.8437500       0.00000000    
   45.9140625       0.00000000    
   45.9843750       0.00000000    
   46.0546875       0.00000000    
   46.1250000       0.00000000    
   46.1953125       0.00000000    
   46.2656250       0.00000000    
   46.3359375       0.00000000    
   46.4062500       0.00000000    
   46.4765625       0.00000000    
   46.5468750       0.00000000    
   46.6171875       0.00000000    
   46.6875000       0.00000000    
   46.7578125       0.00000000    
   46.8281250       0.00000000    
   46.8984375       0.00000000    
   46.9687500       0.00000000    
   47.0390625       0.00000000    
   47.1093750       0.00000000    
   47.1796875       0.00000000    
   47.2500000       0.00000000    
   47.3203125       0.00000000    
   47.3906250       0.00000000    
   47.4609375       0.00000000    
   47.5312500       0.00000000    
   47.6015625       0.00000000    
   47.6718750       0.00000000    
   47.7421875       0.00000000    
   47.8125000       0.00000000    
   47.8828125       0.00000000    
   47.9531250       0.00000000    
   48.0234375       0.00000000    
   48.0937500       0.00000000    
   48.1640625       0.00000000    
   48.2343750       0.00000000    
   48.3046875       0.00000000    
   48.3750000       0.00000000    
   48.4453125       0.00000000    
   48.5156250       0.00000000    
   48.5859375       0.00000000    
   48.6562500       0.00000000    
   48.7265625       0.00000000    
   48.7968750       0.00000000    
   48.8671875       0.00000000    
