2006 01 27 16 58 53.0 -5.470 128.130
396. 4.033E+20 7.670 37 39 -52 172 60 -117
  -1.12500000       0.00000000    
  -1.05468750       0.00000000    
 -0.984375000       0.00000000    
 -0.914062500       0.00000000    
 -0.843750000       0.00000000    
 -0.773437500       0.00000000    
 -0.703125000       0.00000000    
 -0.632812500       0.00000000    
 -0.562500000       0.00000000    
 -0.492187500       0.00000000    
 -0.421875000       0.00000000    
 -0.351562500       0.00000000    
 -0.281250000       0.00000000    
 -0.210937500       0.00000000    
 -0.140625000       0.00000000    
  -7.03125000E-02   0.00000000    
   0.00000000       0.00000000    
   7.03125000E-02   1.25614929E+18
  0.140625000       1.55180343E+18
  0.210937500       1.81773695E+18
  0.281250000       2.03919027E+18
  0.351562500       2.20945501E+18
  0.421875000       2.33053612E+18
  0.492187500       2.41098491E+18
  0.562500000       2.46271226E+18
  0.632812500       2.49939719E+18
  0.703125000       2.53719482E+18
  0.773437500       2.59667813E+18
  0.843750000       2.70331344E+18
  0.914062500       2.88448877E+18
  0.984375000       3.16288951E+18
   1.05468750       3.54885162E+18
   1.12500000       4.03540449E+18
   1.19531250       4.59913922E+18
   1.26562500       5.20688905E+18
   1.33593750       5.82555400E+18
   1.40625000       6.43033927E+18
   1.47656250       7.00795726E+18
   1.54687500       7.55351569E+18
   1.61718750       8.06365940E+18
   1.68750000       8.53004090E+18
   1.75781250       8.93734178E+18
   1.82812500       9.26705234E+18
   1.89843750       9.50530331E+18
   1.96875000       9.65048832E+18
   2.03906250       9.71676029E+18
   2.10937500       9.73116719E+18
   2.17968750       9.72569052E+18
   2.25000000       9.72760257E+18
   2.32031250       9.75267913E+18
   2.39062500       9.80368218E+18
   2.46093750       9.87395197E+18
   2.53125000       9.95305303E+18
   2.60156250       1.00315516E+19
   2.67187500       1.01029736E+19
   2.74218750       1.01638195E+19
   2.81250000       1.02131128E+19
   2.88281250       1.02531197E+19
   2.95312500       1.02907229E+19
   3.02343750       1.03381130E+19
   3.09375000       1.04109501E+19
   3.16406250       1.05237688E+19
   3.23437500       1.06838665E+19
   3.30468750       1.08866934E+19
   3.37500000       1.11152500E+19
   3.44531250       1.13445444E+19
   3.51562500       1.15490623E+19
   3.58593750       1.17100000E+19
   3.65625000       1.18187132E+19
   3.72656250       1.18753468E+19
   3.79687500       1.18837537E+19
   3.86718750       1.18459151E+19
   3.93750000       1.17589085E+19
   4.00781250       1.16162865E+19
   4.07812500       1.14131319E+19
   4.14843750       1.11522310E+19
   4.21875000       1.08478994E+19
   4.28906250       1.05253235E+19
   4.35937500       1.02151271E+19
   4.42968750       9.94573358E+18
   4.50000000       9.73685386E+18
   4.57031250       9.59704436E+18
   4.64062500       9.52565527E+18
   4.71093750       9.51745841E+18
   4.78125000       9.56683308E+18
   4.85156250       9.66955166E+18
   4.92187500       9.82156354E+18
   4.99218750       1.00165586E+19
   5.06250000       1.02442015E+19
   5.13281250       1.04907527E+19
   5.20312500       1.07416096E+19
   5.27343750       1.09844642E+19
   5.34375000       1.12110835E+19
   5.41406250       1.14169791E+19
   5.48437500       1.15991770E+19
   5.55468750       1.17537276E+19
   5.62500000       1.18742594E+19
   5.69531250       1.19526744E+19
   5.76562500       1.19816597E+19
   5.83593750       1.19581191E+19
   5.90625000       1.18855492E+19
   5.97656250       1.17739487E+19
   6.04687500       1.16364779E+19
   6.11718750       1.14842780E+19
   6.18750000       1.13217548E+19
   6.25781250       1.11451996E+19
   6.32812500       1.09457009E+19
   6.39843750       1.07154555E+19
   6.46875000       1.04542742E+19
   6.53906250       1.01728553E+19
   6.60937500       9.89067664E+18
   6.67968750       9.62944367E+18
   6.75000000       9.40535880E+18
   6.82031250       9.22428463E+18
   6.89062500       9.08185444E+18
   6.96093750       8.96800112E+18
   7.03125000       8.87271854E+18
   7.10156250       8.78984340E+18
   7.17187500       8.71692928E+18
   7.24218750       8.65238355E+18
   7.31250000       8.59250965E+18
   7.38281250       8.53124486E+18
   7.45312500       8.46271890E+18
   7.52343750       8.38479156E+18
   7.59375000       8.30060965E+18
   7.66406250       8.21690548E+18
   7.73437500       8.13980278E+18
   7.80468750       8.07111684E+18
   7.87500000       8.00776133E+18
   7.94531250       7.94551358E+18
   8.01562500       7.88528673E+18
   8.08593750       7.83867073E+18
   8.15625000       7.82912092E+18
   8.22656250       7.88776997E+18
   8.29687500       8.04519970E+18
   8.36718750       8.32317328E+18
   8.43750000       8.72970726E+18
   8.50781250       9.25944481E+18
   8.57812500       9.89791472E+18
   8.64843750       1.06270438E+19
   8.71875000       1.14286394E+19
   8.78906250       1.22847236E+19
   8.85937500       1.31753533E+19
   8.92968750       1.40768912E+19
   9.00000000       1.49629107E+19
   9.07031250       1.58087210E+19
   9.14062500       1.65973732E+19
   9.21093750       1.73244066E+19
   9.28125000       1.79985479E+19
   9.35156250       1.86381822E+19
   9.42187500       1.92645300E+19
   9.49218750       1.98945612E+19
   9.56250000       2.05358448E+19
   9.63281250       2.11853725E+19
   9.70312500       2.18318281E+19
   9.77343750       2.24604805E+19
   9.84375000       2.30582454E+19
   9.91406250       2.36172701E+19
   9.98437500       2.41353336E+19
   10.0546875       2.46137003E+19
   10.1250000       2.50540547E+19
   10.1953125       2.54574105E+19
   10.2656250       2.58260328E+19
   10.3359375       2.61680425E+19
   10.4062500       2.65014606E+19
   10.4765625       2.68550283E+19
   10.5468750       2.72636662E+19
   10.6171875       2.77601089E+19
   10.6875000       2.83655924E+19
   10.7578125       2.90838000E+19
   10.8281250       2.99000642E+19
   10.8984375       3.07863608E+19
   10.9687500       3.17100231E+19
   11.0390625       3.26434315E+19
   11.1093750       3.35711027E+19
   11.1796875       3.44921328E+19
   11.2500000       3.54170947E+19
   11.3203125       3.63611926E+19
   11.3906250       3.73361339E+19
   11.4609375       3.83446060E+19
   11.5312500       3.93794048E+19
   11.6015625       4.04278375E+19
   11.6718750       4.14784604E+19
   11.7421875       4.25269899E+19
   11.8125000       4.35779075E+19
   11.8828125       4.46418389E+19
   11.9531250       4.57299772E+19
   12.0234375       4.68489590E+19
   12.0937500       4.79981114E+19
   12.1640625       4.91697422E+19
   12.2343750       5.03499360E+19
   12.3046875       5.15182155E+19
   12.3750000       5.26447487E+19
   12.4453125       5.36878114E+19
   12.5156250       5.45943675E+19
   12.5859375       5.53073656E+19
   12.6562500       5.57785459E+19
   12.7265625       5.59828836E+19
   12.7968750       5.59277717E+19
   12.8671875       5.56526782E+19
   12.9375000       5.52193255E+19
   13.0078125       5.46972598E+19
   13.0781250       5.41507366E+19
   13.1484375       5.36310282E+19
   13.2187500       5.31743482E+19
   13.2890625       5.28034038E+19
   13.3593750       5.25290976E+19
   13.4296875       5.23512538E+19
   13.5000000       5.22587849E+19
   13.5703125       5.22316446E+19
   13.6406250       5.22449047E+19
   13.7109375       5.22744903E+19
   13.7812500       5.23016703E+19
   13.8515625       5.23148248E+19
   13.9218750       5.23074581E+19
   13.9921875       5.22740725E+19
   14.0625000       5.22061095E+19
   14.1328125       5.20908895E+19
   14.2031250       5.19141408E+19
   14.2734375       5.16645297E+19
   14.3437500       5.13373106E+19
   14.4140625       5.09347398E+19
   14.4843750       5.04629042E+19
   14.5546875       4.99266240E+19
   14.6250000       4.93251032E+19
   14.6953125       4.86507727E+19
   14.7656250       4.78918326E+19
   14.8359375       4.70374329E+19
   14.9062500       4.60832987E+19
   14.9765625       4.50358599E+19
   15.0468750       4.39140898E+19
   15.1171875       4.27481677E+19
   15.1875000       4.15750591E+19
   15.2578125       4.04315802E+19
   15.3281250       3.93463227E+19
   15.3984375       3.83328192E+19
   15.4687500       3.73865663E+19
   15.5390625       3.64879025E+19
   15.6093750       3.56104878E+19
   15.6796875       3.47323870E+19
   15.7500000       3.38452791E+19
   15.8203125       3.29573861E+19
   15.8906250       3.20884002E+19
   15.9609375       3.12580908E+19
   16.0312500       3.04743106E+19
   16.1015625       2.97262996E+19
   16.1718750       2.89869924E+19
   16.2421875       2.82224338E+19
   16.3125000       2.74033944E+19
   16.3828125       2.65135332E+19
   16.4531250       2.55517090E+19
   16.5234375       2.45291127E+19
   16.5937500       2.34646249E+19
   16.6640625       2.23811199E+19
   16.7343750       2.13034798E+19
   16.8046875       2.02563621E+19
   16.8750000       1.92605014E+19
   16.9453125       1.83276824E+19
   17.0156250       1.74569835E+19
   17.0859375       1.66347456E+19
   17.1562500       1.58398482E+19
   17.2265625       1.50526187E+19
   17.2968750       1.42639896E+19
   17.3671875       1.34801907E+19
   17.4375000       1.27210021E+19
   17.5078125       1.20121634E+19
   17.5781250       1.13758464E+19
   17.6484375       1.08229438E+19
   17.7187500       1.03501010E+19
   17.7890625       9.94159392E+18
   17.8593750       9.57450657E+18
   17.9296875       9.22429233E+18
   18.0000000       8.86878448E+18
   18.0703125       8.48970751E+18
   18.1406250       8.07253850E+18
   18.2109375       7.60554238E+18
   18.2812500       7.07948489E+18
   18.3515625       6.48851169E+18
   18.4218750       5.83250237E+18
   18.4921875       5.11924093E+18
   18.5625000       4.36504769E+18
   18.6328125       0.00000000    
   18.7031250       0.00000000    
   18.7734375       0.00000000    
   18.8437500       0.00000000    
   18.9140625       0.00000000    
   18.9843750       0.00000000    
   19.0546875       0.00000000    
   19.1250000       0.00000000    
   19.1953125       0.00000000    
   19.2656250       0.00000000    
   19.3359375       0.00000000    
   19.4062500       0.00000000    
   19.4765625       0.00000000    
   19.5468750       0.00000000    
   19.6171875       0.00000000    
   19.6875000       0.00000000    
   19.7578125       0.00000000    
   19.8281250       0.00000000    
   19.8984375       0.00000000    
   19.9687500       0.00000000    
   20.0390625       0.00000000    
   20.1093750       0.00000000    
   20.1796875       0.00000000    
   20.2500000       0.00000000    
   20.3203125       0.00000000    
   20.3906250       0.00000000    
   20.4609375       0.00000000    
   20.5312500       0.00000000    
   20.6015625       0.00000000    
   20.6718750       0.00000000    
   20.7421875       0.00000000    
   20.8125000       0.00000000    
   20.8828125       0.00000000    
   20.9531250       0.00000000    
   21.0234375       0.00000000    
   21.0937500       0.00000000    
   21.1640625       0.00000000    
   21.2343750       0.00000000    
   21.3046875       0.00000000    
   21.3750000       0.00000000    
   21.4453125       0.00000000    
   21.5156250       0.00000000    
   21.5859375       0.00000000    
   21.6562500       0.00000000    
   21.7265625       0.00000000    
   21.7968750       0.00000000    
   21.8671875       0.00000000    
   21.9375000       0.00000000    
   22.0078125       0.00000000    
   22.0781250       0.00000000    
   22.1484375       0.00000000    
   22.2187500       0.00000000    
   22.2890625       0.00000000    
   22.3593750       0.00000000    
   22.4296875       0.00000000    
