2014 04 12 20 14 39.0 -11.270 162.148
27. 2.712E+20 7.556 119 68 23 20 69 157
  -1.12500000       0.00000000    
  -1.05468750       1.17921557E+17
 -0.984375000       1.08602646E+17
 -0.914062500       1.07453588E+17
 -0.843750000       1.16137625E+17
 -0.773437500       1.45434568E+17
 -0.703125000       2.04867002E+17
 -0.632812500       2.97294922E+17
 -0.562500000       4.14001793E+17
 -0.492187500       5.46507547E+17
 -0.421875000       6.89801228E+17
 -0.351562500       8.53647771E+17
 -0.281250000       1.06035486E+18
 -0.210937500       1.33690746E+18
 -0.140625000       1.68712239E+18
  -7.03125000E-02   2.10304757E+18
   0.00000000       2.58528994E+18
   7.03125000E-02   3.13959168E+18
  0.140625000       3.76083032E+18
  0.210937500       4.42489521E+18
  0.281250000       5.11114742E+18
  0.351562500       5.81043847E+18
  0.421875000       6.52122820E+18
  0.492187500       7.24646058E+18
  0.562500000       7.99143248E+18
  0.632812500       8.76241883E+18
  0.703125000       9.56576875E+18
  0.773437500       1.04070337E+19
  0.843750000       1.12899712E+19
  0.914062500       1.22154598E+19
  0.984375000       1.31805122E+19
   1.05468750       1.41777077E+19
   1.12500000       1.51952430E+19
   1.19531250       1.62178196E+19
   1.26562500       1.72282917E+19
   1.33593750       1.82096795E+19
   1.40625000       1.91471726E+19
   1.47656250       2.00294889E+19
   1.54687500       2.08494563E+19
   1.61718750       2.16036421E+19
   1.68750000       2.22914460E+19
   1.75781250       2.29140598E+19
   1.82812500       2.34737486E+19
   1.89843750       2.39733975E+19
   1.96875000       2.44163314E+19
   2.03906250       2.48060554E+19
   2.10937500       2.51459827E+19
   2.17968750       2.54392268E+19
   2.25000000       2.56886290E+19
   2.32031250       2.58973317E+19
   2.39062500       2.60696010E+19
   2.46093750       2.62115524E+19
   2.53125000       2.63312848E+19
   2.60156250       2.64383530E+19
   2.67187500       2.65428088E+19
   2.74218750       2.66543235E+19
   2.81250000       2.67816557E+19
   2.88281250       2.69324340E+19
   2.95312500       2.71130375E+19
   3.02343750       2.73280954E+19
   3.09375000       2.75798418E+19
   3.16406250       2.78675554E+19
   3.23437500       2.81875463E+19
   3.30468750       2.85338727E+19
   3.37500000       2.88995284E+19
   3.44531250       2.92776659E+19
   3.51562500       2.96623124E+19
   3.58593750       3.00482520E+19
   3.65625000       3.04302267E+19
   3.72656250       3.08018441E+19
   3.79687500       3.11550424E+19
   3.86718750       3.14805704E+19
   3.93750000       3.17694077E+19
   4.00781250       3.20146934E+19
   4.07812500       3.22132542E+19
   4.14843750       3.23659478E+19
   4.21875000       3.24765630E+19
   4.28906250       3.25495420E+19
   4.35937500       3.25876445E+19
   4.42968750       3.25905142E+19
   4.50000000       3.25549384E+19
   4.57031250       3.24767126E+19
   4.64062500       3.23531384E+19
   4.71093750       3.21851770E+19
   4.78125000       3.19780466E+19
   4.85156250       3.17402707E+19
   4.92187500       3.14817315E+19
   4.99218750       3.12118498E+19
   5.06250000       3.09383858E+19
   5.13281250       3.06671979E+19
   5.20312500       3.04025081E+19
   5.27343750       3.01471025E+19
   5.34375000       2.99021621E+19
   5.41406250       2.96667105E+19
   5.48437500       2.94370181E+19
   5.55468750       2.92062394E+19
   5.62500000       2.89647009E+19
   5.69531250       2.87008005E+19
   5.76562500       2.84025250E+19
   5.83593750       2.80590815E+19
   5.90625000       2.76621930E+19
   5.97656250       2.72064850E+19
   6.04687500       2.66890637E+19
   6.11718750       2.61086689E+19
   6.18750000       2.54650873E+19
   6.25781250       2.47593746E+19
   6.32812500       2.39948358E+19
   6.39843750       2.31781603E+19
   6.46875000       2.23198266E+19
   6.53906250       2.14332332E+19
   6.60937500       2.05328079E+19
   6.67968750       1.96317603E+19
   6.75000000       1.87403577E+19
   6.82031250       1.78650771E+19
   6.89062500       1.70087049E+19
   6.96093750       1.61711332E+19
   7.03125000       1.53505050E+19
   7.10156250       1.45444805E+19
   7.17187500       1.37515414E+19
   7.24218750       1.29721657E+19
   7.31250000       1.22096720E+19
   7.38281250       1.14705308E+19
   7.45312500       1.07640198E+19
   7.52343750       1.01013134E+19
   7.59375000       9.49411578E+18
   7.66406250       8.95307360E+18
   7.73437500       8.48617038E+18
   7.80468750       8.09733469E+18
   7.87500000       7.78552309E+18
   7.94531250       7.54460965E+18
   8.01562500       7.36423751E+18
   8.08593750       7.23154460E+18
   8.15625000       7.13330544E+18
   8.22656250       7.05793556E+18
   8.29687500       6.99261907E+18
   8.36718750       6.92824432E+18
   8.43750000       6.85942314E+18
   8.50781250       6.78789331E+18
   8.57812500       6.71688410E+18
   8.64843750       6.64799090E+18
   8.71875000       6.58041986E+18
   8.78906250       6.51111874E+18
   8.85937500       6.43728544E+18
   8.92968750       6.35763462E+18
   9.00000000       6.27362038E+18
   9.07031250       6.18833127E+18
   9.14062500       6.10703393E+18
   9.21093750       6.02552713E+18
   9.28125000       5.93237596E+18
   9.35156250       5.81199647E+18
   9.42187500       5.65641118E+18
   9.49218750       5.46523964E+18
   9.56250000       5.24254071E+18
   9.63281250       4.99625890E+18
   9.70312500       4.73670104E+18
   9.77343750       4.47466460E+18
   9.84375000       4.21995861E+18
   9.91406250       3.98083572E+18
   9.98437500       3.76448262E+18
   10.0546875       3.57820144E+18
   10.1250000       3.43065550E+18
   10.1953125       3.33256284E+18
   10.2656250       3.29106700E+18
   10.3359375       3.30215805E+18
   10.4062500       3.35911935E+18
   10.4765625       3.45711277E+18
   10.5468750       3.61247377E+18
   10.6171875       3.84426593E+18
   10.6875000       4.16700064E+18
   10.7578125       4.57684469E+18
   10.8281250       5.06003278E+18
   10.8984375       5.60020470E+18
   10.9687500       6.17953023E+18
   11.0390625       6.78782184E+18
   11.1093750       7.43002789E+18
   11.1796875       8.10525942E+18
   11.2500000       8.79898474E+18
   11.3203125       9.47964181E+18
   11.3906250       1.01232113E+19
   11.4609375       1.07156732E+19
   11.5312500       1.12514784E+19
   11.6015625       1.17313394E+19
   11.6718750       1.21597267E+19
   11.7421875       1.25425272E+19
   11.8125000       1.28852328E+19
   11.8828125       1.31918558E+19
   11.9531250       1.34646425E+19
   12.0234375       1.37043272E+19
   12.0937500       1.39106495E+19
   12.1640625       1.40829836E+19
   12.2343750       1.42208976E+19
   12.3046875       1.43247684E+19
   12.3750000       1.43964478E+19
   12.4453125       1.44399170E+19
   12.5156250       1.44618632E+19
   12.5859375       1.44717962E+19
   12.6562500       1.44816325E+19
   12.7265625       1.45046551E+19
   12.7968750       1.45540606E+19
   12.8671875       1.46412695E+19
   12.9375000       1.47744236E+19
   13.0078125       1.49572196E+19
   13.0781250       1.51884414E+19
   13.1484375       1.54622352E+19
   13.2187500       1.57691034E+19
   13.2890625       1.60973934E+19
   13.3593750       1.64350006E+19
   13.4296875       1.67707761E+19
   13.5000000       1.70953750E+19
   13.5703125       1.74012701E+19
   13.6406250       1.76821162E+19
   13.7109375       1.79318307E+19
   13.7812500       1.81439001E+19
   13.8515625       1.83112436E+19
   13.9218750       1.84268616E+19
   13.9921875       1.84850687E+19
   14.0625000       1.84828586E+19
   14.1328125       1.84208550E+19
   14.2031250       1.83034271E+19
   14.2734375       1.81378209E+19
   14.3437500       1.79325333E+19
   14.4140625       1.76955478E+19
   14.4843750       1.74330482E+19
   14.5546875       1.71491246E+19
   14.6250000       1.68463774E+19
   14.6953125       1.65269110E+19
   14.7656250       1.61932532E+19
   14.8359375       1.58486388E+19
   14.9062500       1.54966543E+19
   14.9765625       1.51403642E+19
   15.0468750       1.47814374E+19
   15.1171875       1.44196563E+19
   15.1875000       1.40530670E+19
   15.2578125       1.36787570E+19
   15.3281250       1.32939433E+19
   15.3984375       1.28971043E+19
   15.4687500       1.24886478E+19
   15.5390625       1.20710599E+19
   15.6093750       1.16485000E+19
   15.6796875       1.10998162E+19
   15.7500000       1.07220976E+19
   15.8203125       1.03540262E+19
   15.8906250       9.99625175E+18
   15.9609375       9.64760650E+18
   16.0312500       9.30550995E+18
   16.1015625       8.96648324E+18
   16.1718750       8.62665993E+18
   16.2421875       8.28223241E+18
   16.3125000       7.92985598E+18
   16.3828125       7.56707157E+18
   16.4531250       7.19270490E+18
   16.5234375       6.80723097E+18
   16.5937500       6.41290817E+18
   16.6640625       6.01371233E+18
   16.7343750       5.61502171E+18
   16.8046875       5.22318436E+18
   16.8750000       4.84492927E+18
   16.9453125       4.48665615E+18
   17.0156250       4.15367978E+18
   17.0859375       3.84960736E+18
   17.1562500       3.16496236E+18
   17.2265625       2.82148785E+18
   17.2968750       2.51874090E+18
   17.3671875       2.24312783E+18
   17.4375000       2.02587546E+18
   17.5078125       2.03807688E+18
   17.5781250       2.04899489E+18
   17.6484375       2.05719464E+18
   17.7187500       2.06175954E+18
   17.7890625       2.06184035E+18
   17.8593750       2.05643474E+18
   17.9296875       2.04458008E+18
   18.0000000       2.02589580E+18
   18.0703125       2.00127705E+18
   18.1406250       1.97336293E+18
   18.2109375       1.94649457E+18
   18.2812500       1.92598071E+18
   18.3515625       1.91682508E+18
   18.4218750       1.92226999E+18
   18.4921875       1.94269920E+18
   18.5625000       1.97530315E+18
   18.6328125       2.01467611E+18
   18.7031250       2.05412247E+18
   18.7734375       2.08722368E+18
   18.8437500       2.10907922E+18
   18.9140625       2.11682844E+18
   18.9843750       2.10933059E+18
   19.0546875       2.08631947E+18
   19.1250000       2.04749557E+18
   19.1953125       1.99207964E+18
   19.2656250       1.91907303E+18
   19.3359375       1.82822547E+18
   19.4062500       1.52260356E+18
   19.4765625       1.46652998E+18
   19.5468750       1.40622713E+18
   19.6171875       1.34296810E+18
   19.6875000       1.27825690E+18
   19.7578125       1.21371749E+18
   19.8281250       9.38243783E+17
   19.8984375       9.00997964E+17
   19.9687500       8.64376599E+17
   20.0390625       8.28461671E+17
   20.1093750       7.93345331E+17
   20.1796875       5.29627020E+17
   20.2500000       5.03781659E+17
   20.3203125       4.79211835E+17
   20.3906250       4.55536807E+17
   20.4609375       4.32171670E+17
   20.5312500       4.08379131E+17
   20.6015625       3.83347684E+17
   20.6718750       3.56282449E+17
   20.7421875       3.26498569E+17
   20.8125000       2.93511193E+17
   20.8828125       2.57126910E+17
   20.9531250       2.17548340E+17
   21.0234375       1.75500352E+17
   21.0937500       0.00000000    
   21.1640625       0.00000000    
   21.2343750       0.00000000    
   21.3046875       0.00000000    
   21.3750000       0.00000000    
   21.4453125       0.00000000    
