2014 04 12 20 14 39.0 -11.270 162.148
27. 2.712E+20 7.556 119 68 23 20 69 157
  -1.12500000       0.00000000    
  -1.05468750       0.00000000    
 -0.984375000       0.00000000    
 -0.914062500       0.00000000    
 -0.843750000       0.00000000    
 -0.773437500       0.00000000    
 -0.703125000       0.00000000    
 -0.632812500       0.00000000    
 -0.562500000       0.00000000    
 -0.492187500       0.00000000    
 -0.421875000       0.00000000    
 -0.351562500       0.00000000    
 -0.281250000       0.00000000    
 -0.210937500       0.00000000    
 -0.140625000       0.00000000    
  -7.03125000E-02   0.00000000    
   0.00000000       0.00000000    
   7.03125000E-02   9.37343558E+17
  0.140625000       1.62649656E+18
  0.210937500       2.38271207E+18
  0.281250000       3.16231446E+18
  0.351562500       3.95258542E+18
  0.421875000       4.75999309E+18
  0.492187500       5.59971486E+18
  0.562500000       6.48836435E+18
  0.632812500       7.43993889E+18
  0.703125000       8.46483216E+18
  0.773437500       9.56998648E+18
  0.843750000       1.07590115E+19
  0.914062500       1.20307562E+19
  0.984375000       1.33768333E+19
   1.05468750       1.47787282E+19
   1.12500000       1.62068300E+19
   1.19531250       1.76224050E+19
   1.26562500       1.89831672E+19
   1.33593750       2.02504489E+19
   1.40625000       2.13960103E+19
   1.47656250       2.24055775E+19
   1.54687500       2.32785149E+19
   1.61718750       2.40237089E+19
   1.68750000       2.46543734E+19
   1.75781250       2.51837795E+19
   1.82812500       2.56240503E+19
   1.89843750       2.59870035E+19
   1.96875000       2.62859299E+19
   2.03906250       2.65357478E+19
   2.10937500       2.67513752E+19
   2.17968750       2.69444384E+19
   2.25000000       2.71206528E+19
   2.32031250       2.72794508E+19
   2.39062500       2.74168700E+19
   2.46093750       2.75300691E+19
   2.53125000       2.76216057E+19
   2.60156250       2.77012059E+19
   2.67187500       2.77848897E+19
   2.74218750       2.78918040E+19
   2.81250000       2.80408428E+19
   2.88281250       2.82477995E+19
   2.95312500       2.85242475E+19
   3.02343750       2.88773887E+19
   3.09375000       2.93105413E+19
   3.16406250       2.98231864E+19
   3.23437500       3.04104949E+19
   3.30468750       3.10621007E+19
   3.37500000       3.17611284E+19
   3.44531250       3.24841343E+19
   3.51562500       3.32031203E+19
   3.58593750       3.38889847E+19
   3.65625000       3.45157833E+19
   3.72656250       3.50640327E+19
   3.79687500       3.55225291E+19
   3.86718750       3.58878308E+19
   3.93750000       3.61622294E+19
   4.00781250       3.63507648E+19
   4.07812500       3.64589128E+19
   4.14843750       3.64911307E+19
   4.21875000       3.64506313E+19
   4.28906250       3.63394047E+19
   4.35937500       3.61583679E+19
   4.42968750       3.59073252E+19
   4.50000000       3.55855993E+19
   4.57031250       3.51940170E+19
   4.64062500       3.47385443E+19
   4.71093750       3.42340378E+19
   4.78125000       3.37060743E+19
   4.85156250       3.31890202E+19
   4.92187500       3.27207250E+19
   4.99218750       3.23351658E+19
   5.06250000       3.20555270E+19
   5.13281250       3.18892699E+19
   5.20312500       3.18265076E+19
   5.27343750       3.18416918E+19
   5.34375000       3.18981869E+19
   5.41406250       3.19543654E+19
   5.48437500       3.19697673E+19
   5.55468750       3.19096042E+19
   5.62500000       3.17469557E+19
   5.69531250       3.14631256E+19
   5.76562500       3.10476817E+19
   5.83593750       3.04989660E+19
   5.90625000       2.98249192E+19
   5.97656250       2.90428476E+19
   6.04687500       2.81772571E+19
   6.11718750       2.72556640E+19
   6.18750000       2.63039047E+19
   6.25781250       2.53426061E+19
   6.32812500       2.43860464E+19
   6.39843750       2.34429513E+19
   6.46875000       2.25178574E+19
   6.53906250       2.16118356E+19
   6.60937500       2.07222845E+19
   6.67968750       1.98426379E+19
   6.75000000       1.89627405E+19
   6.82031250       1.80705913E+19
   6.89062500       1.71552533E+19
   6.96093750       1.62102055E+19
   7.03125000       1.52359128E+19
   7.10156250       1.42408812E+19
   7.17187500       1.32409842E+19
   7.24218750       1.22576591E+19
   7.31250000       1.13155645E+19
   7.38281250       1.04404127E+19
   7.45312500       9.65707660E+18
   7.52343750       8.98798474E+18
   7.59375000       8.45129277E+18
   7.66406250       8.05866762E+18
   7.73437500       7.81275139E+18
   7.80468750       7.70499651E+18
   7.87500000       7.71461943E+18
   7.94531250       7.80952158E+18
   8.01562500       7.94955153E+18
   8.08593750       8.09185802E+18
   8.15625000       8.19727920E+18
   8.22656250       8.23629317E+18
   8.29687500       8.19320386E+18
   8.36718750       8.06768581E+18
   8.43750000       7.87365994E+18
   8.50781250       7.63591969E+18
   8.57812500       7.38535308E+18
   8.64843750       7.15357933E+18
   8.71875000       6.96784598E+18
   8.78906250       6.84701460E+18
   8.85937500       6.79921828E+18
   8.92968750       6.82128768E+18
   9.00000000       6.89946130E+18
   9.07031250       7.01076047E+18
   9.14062500       7.12481721E+18
   9.21093750       7.20635369E+18
   9.28125000       7.21871055E+18
   9.35156250       7.12845824E+18
   9.42187500       6.91060046E+18
   9.49218750       6.55307446E+18
   9.56250000       6.05911886E+18
   9.63281250       5.44658698E+18
   9.70312500       4.74448503E+18
   9.77343750       3.98807848E+18
   9.84375000       3.21426117E+18
   9.91406250       2.45850772E+18
   9.98437500       1.75382495E+18
   10.0546875       1.13138647E+18
   10.1250000       6.21983901E+17
   10.1953125       2.57367033E+17
   10.2656250       6.60559914E+16
   10.3359375       0.00000000    
   10.4062500       0.00000000    
   10.4765625       0.00000000    
   10.5468750       8.44402682E+16
   10.6171875       3.48048722E+17
   10.6875000       8.76659587E+17
   10.7578125       1.65841854E+18
   10.8281250       2.65471475E+18
   10.8984375       3.81721850E+18
   10.9687500       5.09115940E+18
   11.0390625       6.41857505E+18
   11.1093750       7.74194889E+18
   11.1796875       9.00841202E+18
   11.2500000       1.01745024E+19
   11.3203125       1.12104424E+19
   11.3906250       1.21027962E+19
   11.4609375       1.28542321E+19
   11.5312500       1.34803149E+19
   11.6015625       1.40039024E+19
   11.6718750       1.44488142E+19
   11.7421875       1.48342140E+19
   11.8125000       1.51710944E+19
   11.8828125       1.54613270E+19
   11.9531250       1.56993570E+19
   12.0234375       1.58756494E+19
   12.0937500       1.59808924E+19
   12.1640625       1.60096963E+19
   12.2343750       1.59630792E+19
   12.3046875       1.58492490E+19
   12.3750000       1.56829633E+19
   12.4453125       1.54838208E+19
   12.5156250       1.52741582E+19
   12.5859375       1.50769026E+19
   12.6562500       1.49138505E+19
   12.7265625       1.48044887E+19
   12.7968750       1.47655077E+19
   12.8671875       1.48105679E+19
   12.9375000       1.49498738E+19
   13.0078125       1.51889395E+19
   13.0781250       1.55267293E+19
   13.1484375       1.59535597E+19
   13.2187500       1.64498737E+19
   13.2890625       1.69868389E+19
   13.3593750       1.75294534E+19
   13.4296875       1.80415257E+19
   13.5000000       1.84911116E+19
   13.5703125       1.88544584E+19
   13.6406250       1.91174198E+19
   13.7109375       1.92742277E+19
   13.7812500       1.93248800E+19
   13.8515625       1.92724597E+19
   13.9218750       1.91217760E+19
   13.9921875       1.88795382E+19
   14.0625000       1.85556507E+19
   14.1328125       1.81645984E+19
   14.2031250       1.77259867E+19
   14.2734375       1.72635497E+19
   14.3437500       1.68026784E+19
   14.4140625       1.63670321E+19
   14.4843750       1.59753883E+19
   14.5546875       1.56395908E+19
   14.6250000       1.53639598E+19
   14.6953125       1.51458474E+19
   14.7656250       1.49767975E+19
   14.8359375       1.48438292E+19
   14.9062500       1.47306773E+19
   14.9765625       1.46190527E+19
   15.0468750       1.44901867E+19
   15.1171875       1.43267388E+19
   15.1875000       1.41150267E+19
   15.2578125       1.38472132E+19
   15.3281250       1.35231288E+19
   15.3984375       1.31510266E+19
   15.4687500       1.27466185E+19
   15.5390625       1.23302994E+19
   15.6093750       1.19230722E+19
   15.6796875       1.15422970E+19
   15.7500000       1.11983005E+19
   15.8203125       1.08926550E+19
   15.8906250       1.06184247E+19
   15.9609375       1.03621263E+19
   16.0312500       1.01066042E+19
   16.1015625       9.83401331E+18
   16.1718750       9.52819844E+18
   16.2421875       9.17637286E+18
   16.3125000       8.77016599E+18
   16.3828125       8.30638923E+18
   16.4531250       7.78744778E+18
   16.5234375       7.22118170E+18
   16.5937500       6.61972960E+18
   16.6640625       5.99759514E+18
   16.7343750       5.36954640E+18
   16.8046875       4.74926846E+18
   16.8750000       4.14905880E+18
   16.9453125       3.58033669E+18
   17.0156250       3.05419151E+18
   17.0859375       2.58136523E+18
   17.1562500       0.00000000    
   17.2265625       0.00000000    
   17.2968750       0.00000000    
   17.3671875       0.00000000    
   17.4375000       0.00000000    
   17.5078125       0.00000000    
   17.5781250       0.00000000    
   17.6484375       0.00000000    
   17.7187500       0.00000000    
   17.7890625       0.00000000    
   17.8593750       0.00000000    
   17.9296875       0.00000000    
   18.0000000       0.00000000    
   18.0703125       0.00000000    
   18.1406250       0.00000000    
   18.2109375       0.00000000    
   18.2812500       0.00000000    
   18.3515625       0.00000000    
   18.4218750       0.00000000    
   18.4921875       0.00000000    
   18.5625000       0.00000000    
   18.6328125       0.00000000    
   18.7031250       0.00000000    
   18.7734375       0.00000000    
   18.8437500       0.00000000    
   18.9140625       0.00000000    
   18.9843750       0.00000000    
   19.0546875       0.00000000    
   19.1250000       0.00000000    
   19.1953125       0.00000000    
   19.2656250       0.00000000    
   19.3359375       0.00000000    
   19.4062500       0.00000000    
   19.4765625       0.00000000    
   19.5468750       0.00000000    
   19.6171875       0.00000000    
   19.6875000       0.00000000    
   19.7578125       0.00000000    
   19.8281250       0.00000000    
   19.8984375       0.00000000    
   19.9687500       0.00000000    
   20.0390625       0.00000000    
   20.1093750       0.00000000    
   20.1796875       0.00000000    
   20.2500000       0.00000000    
   20.3203125       0.00000000    
   20.3906250       0.00000000    
   20.4609375       0.00000000    
   20.5312500       0.00000000    
   20.6015625       0.00000000    
   20.6718750       0.00000000    
   20.7421875       0.00000000    
   20.8125000       0.00000000    
   20.8828125       0.00000000    
   20.9531250       0.00000000    
   21.0234375       0.00000000    
   21.0937500       0.00000000    
   21.1640625       0.00000000    
   21.2343750       0.00000000    
   21.3046875       0.00000000    
   21.3750000       0.00000000    
   21.4453125       0.00000000    
