2005 09 26 01 55 37.0 -5.680 -76.400
121. 2.396E+20 7.520 351 39 -90 171 51 -90
  -1.12500000       0.00000000    
  -1.05468750       0.00000000    
 -0.984375000       0.00000000    
 -0.914062500       0.00000000    
 -0.843750000       0.00000000    
 -0.773437500       0.00000000    
 -0.703125000       0.00000000    
 -0.632812500       0.00000000    
 -0.562500000       0.00000000    
 -0.492187500       0.00000000    
 -0.421875000       0.00000000    
 -0.351562500       0.00000000    
 -0.281250000       0.00000000    
 -0.210937500       0.00000000    
 -0.140625000       0.00000000    
  -7.03125000E-02   0.00000000    
   0.00000000       0.00000000    
   7.03125000E-02   1.83773336E+18
  0.140625000       1.84205856E+18
  0.210937500       1.84704608E+18
  0.281250000       1.85184380E+18
  0.351562500       1.85636595E+18
  0.421875000       1.86139622E+18
  0.492187500       1.86817760E+18
  0.562500000       1.87794621E+18
  0.632812500       1.89133757E+18
  0.703125000       1.90816189E+18
  0.773437500       1.92734864E+18
  0.843750000       1.94734724E+18
  0.914062500       1.96661508E+18
  0.984375000       1.98421882E+18
   1.05468750       2.00004601E+18
   1.12500000       2.01478895E+18
   1.19531250       2.02951883E+18
   1.26562500       2.04533627E+18
   1.33593750       2.06301655E+18
   1.40625000       2.08312497E+18
   1.47656250       2.10627107E+18
   1.54687500       2.13358568E+18
   1.61718750       2.16676111E+18
   1.68750000       2.20782622E+18
   1.75781250       2.25850615E+18
   1.82812500       2.31983622E+18
   1.89843750       2.39202740E+18
   1.96875000       2.47502294E+18
   2.03906250       2.56930001E+18
   2.10937500       2.67678057E+18
   2.17968750       2.80110538E+18
   2.25000000       2.94733548E+18
   2.32031250       3.12090576E+18
   2.39062500       3.32652158E+18
   2.46093750       3.56711534E+18
   2.53125000       3.84372415E+18
   2.60156250       4.15614103E+18
   2.67187500       4.50453531E+18
   2.74218750       4.89087841E+18
   2.81250000       5.31980999E+18
   2.88281250       5.79804697E+18
   2.95312500       6.33289451E+18
   3.02343750       6.93002333E+18
   3.09375000       7.59180783E+18
   3.16406250       8.31647835E+18
   3.23437500       9.09858132E+18
   3.30468750       9.93000177E+18
   3.37500000       1.08015670E+19
   3.44531250       1.17043782E+19
   3.51562500       1.26309917E+19
   3.58593750       1.35756360E+19
   3.65625000       1.45339483E+19
   3.72656250       1.55020694E+19
   3.79687500       1.64760201E+19
   3.86718750       1.74510648E+19
   3.93750000       1.84216422E+19
   4.00781250       1.93812894E+19
   4.07812500       2.03231552E+19
   4.14843750       2.12405064E+19
   4.21875000       2.21275132E+19
   4.28906250       2.29796985E+19
   4.35937500       2.37942870E+19
   4.42968750       2.45699111E+19
   4.50000000       2.53066235E+19
   4.57031250       2.60060426E+19
   4.64062500       2.66722279E+19
   4.71093750       2.73122097E+19
   4.78125000       2.79361649E+19
   4.85156250       2.85564522E+19
   4.92187500       2.91863053E+19
   4.99218750       2.98378912E+19
   5.06250000       3.05207034E+19
   5.13281250       3.12402765E+19
   5.20312500       3.19982667E+19
   5.27343750       3.27934709E+19
   5.34375000       3.36236879E+19
   5.41406250       3.44871344E+19
   5.48437500       3.53829659E+19
   5.55468750       3.63100411E+19
   5.62500000       3.72648328E+19
   5.69531250       3.82390837E+19
   5.76562500       3.92186342E+19
   5.83593750       4.01831742E+19
   5.90625000       4.11073753E+19
   5.97656250       4.19625666E+19
   6.04687500       4.27194396E+19
   6.11718750       4.33509551E+19
   6.18750000       4.38354307E+19
   6.25781250       4.41589994E+19
   6.32812500       4.43175666E+19
   6.39843750       4.43175490E+19
   6.46875000       4.41754041E+19
   6.53906250       4.39156643E+19
   6.60937500       4.35678932E+19
   6.67968750       4.31627671E+19
   6.75000000       4.27283457E+19
   6.82031250       4.22869005E+19
   6.89062500       4.18536402E+19
   6.96093750       4.14367362E+19
   7.03125000       4.10386206E+19
   7.10156250       4.06577146E+19
   7.17187500       4.02906492E+19
   7.24218750       3.99344690E+19
   7.31250000       3.95885759E+19
   7.38281250       3.92559076E+19
   7.45312500       3.89431493E+19
   7.52343750       3.86600119E+19
   7.59375000       3.84174333E+19
   7.66406250       3.82253222E+19
   7.73437500       3.80899327E+19
   7.80468750       3.80113440E+19
   7.87500000       3.79812966E+19
   7.94531250       3.79820003E+19
   8.01562500       3.79866446E+19
   8.08593750       3.79615230E+19
   8.15625000       3.78698677E+19
   8.22656250       3.76763756E+19
   8.29687500       3.73519845E+19
   8.36718750       3.68777321E+19
   8.43750000       3.62469049E+19
   8.50781250       3.54650994E+19
   8.57812500       3.45488060E+19
   8.64843750       3.35232717E+19
   8.71875000       3.24203846E+19
   8.78906250       3.12767122E+19
   8.85937500       3.01314960E+19
   8.92968750       2.90240064E+19
   9.00000000       2.79899882E+19
   9.07031250       2.70572923E+19
   9.14062500       2.62419077E+19
   9.21093750       2.55454308E+19
   9.28125000       2.49549623E+19
   9.35156250       2.44454310E+19
   9.42187500       2.39839858E+19
   9.49218750       2.35356357E+19
   9.56250000       2.30686951E+19
   9.63281250       2.25591595E+19
   9.70312500       2.19931507E+19
   9.77343750       2.13674252E+19
   9.84375000       2.06879424E+19
   9.91406250       1.99671905E+19
   9.98437500       1.92212401E+19
   10.0546875       1.84671906E+19
   10.1250000       1.77213853E+19
   10.1953125       1.69979704E+19
   10.2656250       1.63076332E+19
   10.3359375       1.56564617E+19
   10.4062500       1.50452058E+19
   10.4765625       1.44695499E+19
   10.5468750       1.39216446E+19
   10.6171875       1.33927982E+19
   10.6875000       1.28764236E+19
   10.7578125       1.23702700E+19
   10.8281250       1.18770917E+19
   10.8984375       1.14037223E+19
   10.9687500       1.09589478E+19
   11.0390625       1.05511368E+19
   11.1093750       1.01864563E+19
   11.1796875       9.86817513E+18
   11.2500000       9.59679367E+18
   11.3203125       9.37041193E+18
   11.3906250       9.18460051E+18
   11.4609375       9.03155619E+18
   11.5312500       8.89874453E+18
   11.6015625       8.76814728E+18
   11.6718750       8.61725416E+18
   11.7421875       8.42250151E+18
   11.8125000       8.16425702E+18
   11.8828125       7.83168993E+18
   11.9531250       7.42551220E+18
   12.0234375       6.95770903E+18
   12.0937500       6.44838171E+18
   12.1640625       5.92111970E+18
   12.2343750       5.39853667E+18
   12.3046875       4.89927483E+18
   12.3750000       4.43661600E+18
   12.4453125       4.01833154E+18
   12.5156250       3.64705093E+18
   12.5859375       3.32087916E+18
   12.6562500       3.03408804E+18
   12.7265625       0.00000000    
   12.7968750       0.00000000    
   12.8671875       0.00000000    
   12.9375000       0.00000000    
   13.0078125       0.00000000    
   13.0781250       0.00000000    
   13.1484375       0.00000000    
   13.2187500       0.00000000    
   13.2890625       0.00000000    
   13.3593750       0.00000000    
   13.4296875       0.00000000    
   13.5000000       0.00000000    
   13.5703125       0.00000000    
   13.6406250       0.00000000    
   13.7109375       0.00000000    
   13.7812500       0.00000000    
   13.8515625       0.00000000    
   13.9218750       0.00000000    
   13.9921875       0.00000000    
   14.0625000       0.00000000    
   14.1328125       0.00000000    
   14.2031250       0.00000000    
   14.2734375       0.00000000    
   14.3437500       0.00000000    
   14.4140625       0.00000000    
   14.4843750       0.00000000    
   14.5546875       0.00000000    
   14.6250000       0.00000000    
   14.6953125       0.00000000    
   14.7656250       0.00000000    
   14.8359375       0.00000000    
   14.9062500       0.00000000    
   14.9765625       0.00000000    
   15.0468750       0.00000000    
   15.1171875       0.00000000    
   15.1875000       0.00000000    
   15.2578125       0.00000000    
   15.3281250       0.00000000    
   15.3984375       0.00000000    
   15.4687500       0.00000000    
   15.5390625       0.00000000    
   15.6093750       0.00000000    
   15.6796875       0.00000000    
   15.7500000       0.00000000    
   15.8203125       0.00000000    
   15.8906250       0.00000000    
   15.9609375       0.00000000    
   16.0312500       0.00000000    
   16.1015625       0.00000000    
   16.1718750       0.00000000    
   16.2421875       0.00000000    
   16.3125000       0.00000000    
   16.3828125       0.00000000    
   16.4531250       0.00000000    
   16.5234375       0.00000000    
   16.5937500       0.00000000    
   16.6640625       0.00000000    
   16.7343750       0.00000000    
   16.8046875       0.00000000    
   16.8750000       0.00000000    
   16.9453125       0.00000000    
   17.0156250       0.00000000    
   17.0859375       0.00000000    
   17.1562500       0.00000000    
   17.2265625       0.00000000    
   17.2968750       0.00000000    
   17.3671875       0.00000000    
   17.4375000       0.00000000    
   17.5078125       0.00000000    
   17.5781250       0.00000000    
   17.6484375       0.00000000    
   17.7187500       0.00000000    
   17.7890625       0.00000000    
